-0.000000 -0.000000 0.000000 -0.000000 0.000000 0.000000 -0.000000
-0.006870 0.024227 -0.369277 0.129367 0.624062 0.184228 -0.090614
-0.004167 0.052864 -0.738086 0.292864 1.249933 0.368974 -0.165546
0.006155 0.084544 -1.108722 0.469271 1.875790 0.548273 -0.232974
0.020228 0.118748 -1.481299 0.649989 2.502003 0.722885 -0.296740
0.034398 0.155076 -1.855811 0.831985 3.129102 0.893649 -0.358502
0.045880 0.193173 -2.232283 1.014638 3.757627 1.061253 -0.418944
0.052816 0.232703 -2.610792 1.198333 4.388099 1.226252 -0.478310
0.054119 0.273335 -2.991465 1.383856 5.021014 1.389099 -0.536656
0.049273 0.314746 -3.374461 1.572126 5.656846 1.550172 -0.593958
0.038149 0.356610 -3.759967 1.764073 6.296054 1.709799 -0.650162
0.020847 0.398606 -4.148186 1.960576 6.939088 1.868274 -0.705219
-0.002425 0.440418 -4.539324 2.162395 7.586390 2.025875 -0.759106
-0.031438 0.481743 -4.933589 2.370051 8.238402 2.182883 -0.811876
-0.065954 0.522299 -5.331197 2.583580 8.895555 2.339577 -0.863751
-0.105486 0.561834 -5.728225 2.801410 9.551871 2.494953 -0.914157
-0.148312 0.600061 -6.125020 3.024357 10.207721 2.649099 -0.962982
-0.192660 0.636687 -6.521935 3.253250 10.863470 2.802094 -1.010090
-0.237163 0.671447 -6.919297 3.488565 11.519494 2.954052 -1.055469
-0.280760 0.704090 -7.317410 3.730632 12.176181 3.105107 -1.099154
-0.322611 0.734378 -7.716557 3.979731 12.833924 3.255404 -1.141194
-0.362031 0.762086 -8.117009 4.236119 13.493122 3.405093 -1.181642
-0.398457 0.786996 -8.519031 4.500044 14.154181 3.554326 -1.220546
-0.431417 0.808898 -8.922877 4.771746 14.817506 3.703255 -1.257957
-0.460515 0.827590 -9.328799 5.051441 15.483509 3.852036 -1.293929
-0.485424 0.842881 -9.737038 5.339294 16.152606 4.000830 -1.328529
-0.505867 0.854594 -10.147827 5.635351 16.825218 4.149820 -1.361863
-0.521574 0.862586 -10.561365 5.939360 17.501761 4.299262 -1.394103
-0.531768 0.866832 -10.973838 6.250070 18.176227 4.447781 -1.424487
-0.535922 0.867214 -11.385559 6.567353 18.849014 4.595483 -1.453195
-0.533733 0.863613 -11.796806 6.891247 19.520531 4.742480 -1.480328
-0.525022 0.855907 -12.207845 7.221869 20.191187 4.888880 -1.505957
-0.509688 0.843977 -12.618940 7.559366 20.861393 5.034792 -1.530139
-0.487679 0.827701 -13.030346 7.903903 21.531561 5.180324 -1.552924
-0.458971 0.806959 -13.442317 8.255654 22.202105 5.325582 -1.574358
-0.423561 0.781630 -13.855104 8.614799 22.873437 5.470673 -1.594485
-0.381457 0.751593 -14.268958 8.981518 23.545972 5.615706 -1.613351
-0.332669 0.716725 -14.684128 9.355984 24.220128 5.760786 -1.631001
-0.277199 0.676905 -15.100864 9.738356 24.896321 5.906025 -1.647488
-0.215029 0.632013 -15.519414 10.128746 25.574973 6.051538 -1.662882
-0.146085 0.581938 -15.940028 10.527168 26.256506 6.197458 -1.677285
-0.070176 0.526597 -16.362939 10.933407 26.941350 6.343975 -1.690861
0.013228 0.466223 -16.784367 11.346055 27.623544 6.489611 -1.702950
0.104444 0.400799 -17.204569 11.764677 28.303516 6.634566 -1.713802
0.203898 0.330316 -17.623865 12.188713 28.981713 6.779042 -1.723778
0.312449 0.254935 -18.042415 12.616364 29.658539 6.923112 -1.732698
0.431063 0.174904 -18.460343 13.044848 30.334315 7.066240 -1.739227
0.559856 0.090230 -18.877870 13.473998 31.009518 7.208899 -1.744133
0.698835 0.000890 -19.295211 13.903792 31.684583 7.351270 -1.747584
0.847968 -0.093144 -19.712578 14.334243 32.359937 7.493477 -1.749628
1.007173 -0.191898 -20.130172 14.765360 33.036006 7.635647 -1.750299
1.176289 -0.295378 -20.548118 15.197129 33.713224 7.777957 -1.749669
1.355167 -0.403550 -20.966428 15.629501 34.392014 7.920630 -1.747816
1.543871 -0.516527 -21.385632 16.062580 35.072792 8.063588 -1.744676
1.742369 -0.634356 -21.805950 16.496395 35.755971 8.206910 -1.740184
1.950448 -0.756701 -22.223774 16.930682 36.435726 8.349302 -1.734344
2.167927 -0.883556 -22.639305 17.365457 37.112481 8.490883 -1.727137
2.394597 -1.014920 -23.052794 17.800729 37.786659 8.631741 -1.718604
2.630224 -1.150789 -23.464499 18.236505 38.458682 8.771965 -1.708791
2.874550 -1.291159 -23.874676 18.672793 39.128970 8.911644 -1.697745
3.127297 -1.436019 -24.283586 19.109600 39.797943 9.050865 -1.685511
3.388171 -1.585359 -24.691497 19.546936 40.466022 9.189713 -1.672136
3.656856 -1.739163 -25.098682 19.984808 41.133625 9.328272 -1.657667
3.933032 -1.897416 -25.505428 20.423226 41.801172 9.466621 -1.642154
4.216372 -2.060101 -25.912036 20.862198 42.469082 9.604838 -1.625652
4.506571 -2.227202 -26.318827 21.301731 43.137778 9.743002 -1.608237
4.803378 -2.398698 -26.726107 21.741818 43.807696 9.881245 -1.590022
5.106610 -2.574500 -27.133994 22.182445 44.479285 10.019810 -1.571027
5.415907 -2.754136 -27.539059 22.623370 45.146839 10.157265 -1.551223
5.731180 -2.937544 -27.941302 23.064596 45.810777 10.293777 -1.530501
6.052386 -3.124685 -28.340867 23.506112 46.471525 10.429479 -1.508887
6.379482 -3.315521 -28.737937 23.947903 47.129503 10.564492 -1.486434
6.712408 -3.510012 -29.132713 24.389954 47.785133 10.698937 -1.463204
7.051080 -3.708115 -29.525410 24.832252 48.438832 10.832928 -1.439260
7.395390 -3.909786 -29.916253 25.274782 49.091020 10.966576 -1.414666
7.745203 -4.114973 -30.305473 25.717531 49.742113 11.099990 -1.389489
8.100361 -4.323623 -30.693308 26.160489 50.392528 11.233281 -1.363791
8.460681 -4.535678 -31.079998 26.603643 51.042684 11.366554 -1.337635
8.825955 -4.751074 -31.465784 27.046982 51.692996 11.499920 -1.311076
9.195947 -4.969739 -31.850896 27.490497 52.343885 11.633484 -1.284163
9.570380 -5.191578 -32.235393 27.934161 52.995749 11.767357 -1.256876
9.948963 -5.416492 -32.619441 28.378005 53.649023 11.901725 -1.229126
10.331078 -5.643862 -33.000163 28.821756 54.298228 12.035222 -1.201225
10.716363 -5.873542 -33.377638 29.265422 54.943774 12.167999 -1.173073
11.104484 -6.105427 -33.752139 29.709008 55.586078 12.300154 -1.144700
11.495122 -6.339425 -34.123968 30.152513 56.225553 12.431779 -1.116156
11.887965 -6.575447 -34.493431 30.595940 56.862612 12.562962 -1.087490
12.282714 -6.813407 -34.860833 31.039291 57.497664 12.693791 -1.058752
12.679081 -7.053221 -35.226481 31.482567 58.131118 12.824357 -1.029988
13.076790 -7.294809 -35.590678 31.925773 58.763380 12.954749 -1.001242
13.475578 -7.538094 -35.953728 32.368913 59.394858 13.085055 -0.972558
13.875194 -7.782999 -36.315929 32.811990 60.025959 13.215366 -0.943972
14.275397 -8.029449 -36.677567 33.255009 60.657087 13.345778 -0.915513
14.675944 -8.277353 -37.038855 33.697980 61.288652 13.476397 -0.887171
15.076554 -8.526553 -37.399728 34.140919 61.921041 13.607373 -0.858753
15.476604 -8.776425 -37.757715 34.583564 62.549015 13.737384 -0.830688
15.875808 -9.026803 -38.112786 35.025931 63.172960 13.866578 -0.802808
16.273943 -9.277593 -38.465169 35.468028 63.793281 13.995061 -0.775107
16.670811 -9.528717 -38.815148 35.909862 64.410375 14.122925 -0.747609
17.066231 -9.780111 -39.163025 36.351442 65.024640 14.250259 -0.720343
17.460040 -10.031714 -39.509100 36.792776 65.636471 14.377148 -0.693340
17.852087 -10.283470 -39.853672 37.233873 66.246261 14.503679 -0.666627
18.242235 -10.535328 -40.197040 37.674744 66.854400 14.629939 -0.640231
18.630361 -10.787243 -40.539497 38.115397 67.461281 14.756014 -0.614177
19.016352 -11.039169 -40.881327 38.555843 68.067291 14.881993 -0.588482
19.400101 -11.291057 -41.222783 38.996092 68.672820 15.007970 -0.563151
19.781492 -11.542840 -41.564023 39.436158 69.278254 15.134050 -0.538142
20.160348 -11.794365 -41.904894 39.876061 69.883947 15.260356 -0.513225
20.536132 -12.045082 -42.243366 40.315558 70.484944 15.385639 -0.488939
20.908660 -12.294844 -42.579321 40.754669 71.081600 15.510025 -0.465078
21.277830 -12.543586 -42.912927 41.193404 71.674295 15.633619 -0.441606
21.643569 -12.791272 -43.244433 41.631776 72.263409 15.756514 -0.418526
22.005821 -13.037877 -43.574112 42.069795 72.849319 15.878795 -0.395851
22.364546 -13.283386 -43.902236 42.507476 73.432400 16.000550 -0.373596
22.719713 -13.527788 -44.229079 42.944829 74.013025 16.121862 -0.351774
23.071307 -13.771076 -44.554905 43.381868 74.591565 16.242817 -0.330397
23.419320 -14.013246 -44.879972 43.818604 75.168388 16.363501 -0.309474
23.763752 -14.254295 -45.204517 44.255048 75.743863 16.484006 -0.289006
24.104608 -14.494216 -45.528742 44.691211 76.318354 16.604427 -0.268981
24.441879 -14.732983 -45.852771 45.127096 76.892219 16.724863 -0.249361
24.775533 -14.970542 -46.176604 45.562706 77.465798 16.845389 -0.230058
25.105524 -15.206827 -46.500202 45.998087 78.039434 16.966099 -0.210878
25.431394 -15.441412 -46.821988 46.433022 78.608492 17.085843 -0.192446
25.753035 -15.674194 -47.141777 46.867534 79.173290 17.204718 -0.174543
26.070429 -15.905152 -47.459673 47.301638 79.734182 17.322819 -0.157106
26.383593 -16.134302 -47.775881 47.735350 80.291525 17.440234 -0.140122
26.692564 -16.361673 -48.090632 48.168687 80.845672 17.557045 -0.123588
26.997392 -16.587300 -48.404168 48.601663 81.396975 17.673332 -0.107505
27.298136 -16.811226 -48.716730 49.034296 81.945782 17.789174 -0.091878
27.594863 -17.033495 -49.028551 49.466603 82.492443 17.904650 -0.076705
27.887645 -17.254152 -49.339859 49.898599 83.037303 18.019838 -0.061986
28.176556 -17.473242 -49.650853 50.330302 83.580706 18.134820 -0.047707
28.461660 -17.690794 -49.961686 50.761726 84.122991 18.249682 -0.033837
28.742988 -17.906807 -50.272383 51.192886 84.664490 18.364511 -0.020291
29.020478 -18.121197 -50.582674 51.623805 85.205490 18.479370 -0.006833
29.293731 -18.333633 -50.891297 52.054282 85.741699 18.593247 0.005885
29.562675 -18.544041 -51.198010 52.484336 86.273404 18.706213 0.018081
29.827334 -18.752429 -51.502851 52.913981 86.800932 18.818361 0.029834
30.087768 -18.958840 -51.805959 53.343230 87.324612 18.929780 0.041175
30.344057 -19.163327 -52.107506 53.772091 87.844775 19.040571 0.052120
30.596291 -19.365943 -52.407660 54.200562 88.361754 19.150865 0.062678
30.844577 -19.566712 -52.706563 54.628601 88.875888 19.260904 0.072853
31.089077 -19.765588 -53.004336 55.056043 89.387547 19.371270 0.082603
31.330253 -19.962342 -53.301432 55.481669 89.896939 19.480815 0.092019
31.568311 -20.156859 -53.598002 55.904978 90.404393 19.589742 0.101102
31.803415 -20.349054 -53.894142 56.325636 90.910235 19.698242 0.109881
32.035661 -20.538832 -54.189824 56.743391 91.414776 19.806482 0.118438
32.265051 -20.726030 -54.484769 57.158009 91.918283 19.914609 0.126975
32.491319 -20.910288 -54.778080 57.568875 92.416801 20.021377 0.134847
32.714429 -21.091484 -55.069517 57.975850 92.910597 20.126916 0.142241
32.934405 -21.269608 -55.359074 58.378895 93.399971 20.231348 0.149235
33.151298 -21.444711 -55.646856 58.778040 93.885230 20.334783 0.155864
33.365164 -21.616873 -55.933012 59.173358 94.366678 20.437320 0.162146
33.576068 -21.786197 -56.217709 59.564954 94.844618 20.539051 0.168092
33.784075 -21.952792 -56.501122 59.952947 95.319353 20.640067 0.173708
33.989255 -22.116773 -56.783423 60.337462 95.791179 20.740453 0.179004
34.191680 -22.278251 -57.064777 60.718619 96.260394 20.840296 0.183990
34.391424 -22.437330 -57.345334 61.096526 96.727291 20.939682 0.188682
34.588559 -22.594095 -57.625214 61.471268 97.192159 21.038701 0.193107
34.783147 -22.748606 -57.904483 61.842894 97.655281 21.137443 0.197314
34.975215 -22.900870 -58.183097 62.211407 98.116930 21.236001 0.201394
35.164716 -23.050809 -58.460799 62.576746 98.577337 21.334451 0.205531
35.351380 -23.198194 -58.736927 62.938504 99.032947 21.431718 0.209059
35.535155 -23.342951 -59.011249 63.296622 99.483989 21.527884 0.212152
35.716057 -23.485095 -59.283736 63.651097 99.930733 21.623043 0.214892
35.894141 -23.624685 -59.554459 64.001972 100.373450 21.717282 0.217322
36.069475 -23.761807 -59.823531 64.349319 100.812415 21.810688 0.219469
36.242135 -23.896559 -60.091086 64.693228 101.247899 21.903341 0.221352
36.412202 -24.029047 -60.357265 65.033796 101.680175 21.995322 0.222985
36.579759 -24.159371 -60.622202 65.371119 102.109509 22.086708 0.224385
36.744887 -24.287628 -60.886018 65.705284 102.536167 22.177578 0.225573
36.907665 -24.413897 -61.148811 66.036357 102.960410 22.268009 0.226581
37.068153 -24.538231 -61.410622 66.364378 103.382492 22.358079 0.227460
37.226376 -24.660642 -61.671401 66.689346 103.802656 22.447861 0.228296
37.382286 -24.781068 -61.930917 67.011207 104.221107 22.537410 0.229251
37.535641 -24.899343 -62.188672 67.329638 104.634695 22.625828 0.229680
37.686385 -25.015412 -62.444452 67.644588 105.043625 22.713173 0.229738
37.834536 -25.129287 -62.698217 67.956052 105.448134 22.799520 0.229505
37.980146 -25.241024 -62.950014 68.264063 105.848463 22.884944 0.229028
38.123285 -25.350696 -63.199931 68.568679 106.244858 22.969518 0.228335
38.264034 -25.458391 -63.448078 68.869973 106.637561 23.053315 0.227450
38.402473 -25.564199 -63.694569 69.168025 107.026814 23.136402 0.226389
38.538688 -25.668211 -63.939517 69.462915 107.412855 23.218849 0.225173
38.672759 -25.770509 -64.183022 69.754715 107.795921 23.300723 0.223825
38.804761 -25.871161 -64.425158 70.043481 108.176243 23.382089 0.222376
38.934751 -25.970213 -64.665958 70.329244 108.554044 23.463013 0.220876
39.062751 -26.067675 -64.905370 70.612003 108.929540 23.543551 0.219402
39.188710 -26.163502 -65.143195 70.891714 109.302911 23.623741 0.218095
39.312416 -26.257573 -65.379060 71.168130 109.671417 23.702847 0.216353
39.433815 -26.349847 -65.612778 71.441208 110.035238 23.780911 0.214314
39.552920 -26.440334 -65.844304 71.710945 110.394580 23.857990 0.212048
39.669780 -26.529081 -66.073672 71.977371 110.749657 23.934146 0.209601
39.784460 -26.616151 -66.300951 72.240537 111.100681 24.009440 0.207003
39.897037 -26.701617 -66.526233 72.500508 111.447867 24.083931 0.204274
40.007589 -26.785560 -66.749617 72.757359 111.791426 24.157677 0.201433
40.116198 -26.868058 -66.971200 73.011164 112.131568 24.230736 0.198495
40.222945 -26.949186 -67.191079 73.261998 112.468499 24.303165 0.195478
40.327906 -27.029014 -67.409334 73.509923 112.802424 24.375018 0.192406
40.431149 -27.107595 -67.626027 73.754991 113.133541 24.446350 0.189306
40.532725 -27.184967 -67.841179 73.997228 113.462044 24.517210 0.186224
40.632651 -27.261136 -68.054743 74.236636 113.788116 24.587642 0.183225
40.730881 -27.336065 -68.266556 74.473181 114.111912 24.657670 0.180427
40.827233 -27.409670 -68.476341 74.706679 114.431110 24.726709 0.177295
40.921657 -27.481915 -68.683939 74.937094 114.745863 24.794785 0.173943
41.014163 -27.552807 -68.889309 75.164424 115.056346 24.861944 0.170433
41.104793 -27.622377 -69.092469 75.388691 115.362741 24.928232 0.166808
41.193608 -27.690671 -69.293474 75.609931 115.665229 24.993699 0.163096
41.280673 -27.757742 -69.492395 75.828196 115.963993 25.058395 0.159317
41.366062 -27.823648 -69.689306 76.043539 116.259212 25.122368 0.155492
41.449843 -27.888443 -69.884284 76.256017 116.551064 25.185665 0.151637
41.532086 -27.952178 -70.077395 76.465677 116.839724 25.248332 0.147775
41.612849 -28.014894 -70.268690 76.672560 117.125363 25.310414 0.143931
41.692176 -28.076616 -70.458185 76.876690 117.408146 25.371951 0.140143
41.770080 -28.137350 -70.645845 77.078067 117.688230 25.432977 0.136467
41.846520 -28.197066 -70.831541 77.276668 117.965748 25.493508 0.132997
41.921348 -28.255705 -71.015074 77.472359 118.238801 25.553092 0.129279
41.994522 -28.313239 -71.196318 77.665117 118.507518 25.611747 0.125406
42.066047 -28.369672 -71.375237 77.854941 118.772049 25.669506 0.121430
42.135960 -28.425024 -71.551849 78.041850 119.032546 25.726408 0.117386
42.204311 -28.479331 -71.726197 78.225878 119.289164 25.782491 0.113300
42.271157 -28.532631 -71.898338 78.407067 119.542055 25.837796 0.109190
42.336559 -28.584967 -72.068335 78.585463 119.791371 25.892360 0.105071
42.400578 -28.636379 -72.236252 78.761114 120.037262 25.946224 0.100960
42.463269 -28.686904 -72.402144 78.934064 120.279873 25.999424 0.096874
42.524684 -28.736573 -72.566053 79.104347 120.519348 26.051994 0.092835
42.584857 -28.785406 -72.728000 79.271988 120.755824 26.103967 0.088873
42.643802 -28.833404 -72.887959 79.436994 120.989434 26.155369 0.085030
42.701485 -28.880549 -73.045837 79.599352 121.220290 26.206211 0.081378
42.757793 -28.926800 -73.201500 79.758977 121.446918 26.256160 0.077556
42.812692 -28.972138 -73.354856 79.915856 121.669427 26.305228 0.073635
42.866189 -29.016565 -73.505879 80.069995 121.887943 26.353441 0.069654
42.918311 -29.060096 -73.654587 80.221415 122.102589 26.400826 0.065642
42.969100 -29.102757 -73.801016 80.370149 122.313492 26.447415 0.061618
43.018604 -29.144576 -73.945216 80.516238 122.520778 26.493238 0.057596
43.066872 -29.185585 -74.087241 80.659726 122.724571 26.538327 0.053587
43.113956 -29.225816 -74.227146 80.800660 122.924994 26.582710 0.049603
43.159905 -29.265300 -74.364986 80.939084 123.122166 26.626418 0.045654
43.204764 -29.304065 -74.500808 81.075040 123.316206 26.669478 0.041752
43.248574 -29.342130 -74.634650 81.208565 123.507227 26.711917 0.037913
43.291365 -29.379512 -74.766532 81.339683 123.695341 26.753759 0.034157
43.333147 -29.416212 -74.896445 81.468410 123.880651 26.795023 0.030516
43.373899 -29.452219 -75.024330 81.594744 124.063250 26.835718 0.027039
43.413544 -29.487508 -75.150106 81.718641 124.242094 26.875619 0.023463
43.452057 -29.522066 -75.273713 81.840098 124.417272 26.914735 0.019836
43.489445 -29.555894 -75.395140 81.959127 124.588881 26.953083 0.016190
43.525731 -29.589002 -75.514404 82.075749 124.757019 26.990686 0.012542
43.560946 -29.621405 -75.631534 82.189994 124.921786 27.027565 0.008908
43.595126 -29.653121 -75.746571 82.301896 125.083280 27.063744 0.005297
43.628309 -29.684170 -75.859557 82.411492 125.241596 27.099246 0.001718
43.660532 -29.714573 -75.970535 82.518820 125.396831 27.134092 -0.001820
43.691831 -29.744348 -76.079545 82.623915 125.549075 27.168305 -0.005310
43.722237 -29.773510 -76.186622 82.726812 125.698421 27.201905 -0.008740
43.751775 -29.802070 -76.291790 82.827538 125.844955 27.234909 -0.012099
43.780458 -29.830035 -76.395055 82.926115 125.988760 27.267334 -0.015367
43.808281 -29.857400 -76.496395 83.022556 126.129911 27.299189 -0.018515
43.835202 -29.884156 -76.595776 83.116850 126.267801 27.330347 -0.021704
43.861214 -29.910298 -76.693174 83.209010 126.402502 27.360816 -0.024902
43.886326 -29.935832 -76.788594 83.299055 126.534090 27.390612 -0.028095
43.910557 -29.960764 -76.882055 83.387011 126.662641 27.419749 -0.031269
43.933932 -29.985108 -76.973587 83.472911 126.788233 27.448244 -0.034417
43.956477 -30.008876 -77.063225 83.556787 126.910940 27.476114 -0.037532
43.978221 -30.032084 -77.151004 83.638676 127.030836 27.503375 -0.040611
43.999192 -30.054747 -77.236962 83.718615 127.147994 27.530045 -0.043650
44.019416 -30.076879 -77.321134 83.796640 127.262484 27.556138 -0.046644
44.038920 -30.098494 -77.403554 83.872788 127.374376 27.581670 -0.049591
44.057726 -30.119605 -77.484254 83.947094 127.483736 27.606654 -0.052484
44.075852 -30.140222 -77.563256 84.019590 127.590630 27.631105 -0.055318
44.093310 -30.160352 -77.640576 84.090304 127.695119 27.655032 -0.058084
44.110099 -30.180000 -77.716224 84.159259 127.797035 27.678402 -0.060833
44.126230 -30.199173 -77.790212 84.226482 127.896437 27.701225 -0.063558
44.141718 -30.217879 -77.862563 84.292005 127.993384 27.723513 -0.066252
44.156581 -30.236129 -77.933304 84.355860 128.087934 27.745276 -0.068912
44.170838 -30.253934 -78.002463 84.418080 128.180144 27.766529 -0.071534
44.184511 -30.271305 -78.070070 84.478700 128.270070 27.787282 -0.074118
44.197619 -30.288253 -78.136158 84.537755 128.357768 27.807547 -0.076663
44.210182 -30.304790 -78.200758 84.595279 128.443291 27.827336 -0.079167
44.222219 -30.320928 -78.263899 84.651307 128.526691 27.846660 -0.081630
44.233751 -30.336677 -78.325613 84.705874 128.608020 27.865530 -0.084052
44.244794 -30.352050 -78.385929 84.759014 128.687328 27.883957 -0.086433
44.255368 -30.367055 -78.444877 84.810761 128.764662 27.901951 -0.088773
44.265489 -30.381705 -78.502487 84.861149 128.840072 27.919521 -0.091071
44.275175 -30.396008 -78.558785 84.910209 128.913603 27.936678 -0.093328
44.284441 -30.409975 -78.613800 84.957975 128.985300 27.953432 -0.095544
44.293303 -30.423614 -78.667560 85.004478 129.055208 27.969791 -0.097719
44.301777 -30.436935 -78.720091 85.049748 129.123370 27.985765 -0.099854
44.309876 -30.449947 -78.771418 85.093816 129.189827 28.001362 -0.101949
44.317616 -30.462657 -78.821568 85.136711 129.254622 28.016591 -0.104004
44.325009 -30.475074 -78.870565 85.178462 129.317792 28.031461 -0.106019
44.332069 -30.487205 -78.918434 85.219098 129.379379 28.045979 -0.107995
44.338808 -30.499058 -78.965200 85.258645 129.439419 28.060154 -0.109933
44.345239 -30.510640 -79.010884 85.297132 129.497950 28.073993 -0.111832
44.351373 -30.521958 -79.055511 85.334584 129.555007 28.087504 -0.113693
44.357222 -30.533018 -79.099103 85.371027 129.610626 28.100694 -0.115517
44.362796 -30.543827 -79.141682 85.406486 129.664842 28.113571 -0.117304
44.368106 -30.554390 -79.183269 85.440986 129.717687 28.126141 -0.119054
44.373163 -30.564714 -79.223885 85.474550 129.769195 28.138412 -0.120769
44.377976 -30.574803 -79.263552 85.507201 129.819397 28.150390 -0.122447
44.382554 -30.584665 -79.302289 85.538964 129.868324 28.162081 -0.124091
44.386907 -30.594303 -79.340116 85.569858 129.916007 28.173493 -0.125700
44.391042 -30.603722 -79.377053 85.599908 129.962475 28.184630 -0.127275
44.394970 -30.612929 -79.413118 85.629132 130.007756 28.195500 -0.128817
44.398696 -30.621926 -79.448330 85.657552 130.051878 28.206108 -0.130326
44.402230 -30.630719 -79.482707 85.685188 130.094870 28.216460 -0.131802
44.405579 -30.639312 -79.516267 85.712060 130.136757 28.226561 -0.133246
44.408749 -30.647709 -79.549027 85.738186 130.177566 28.236418 -0.134659
44.411748 -30.655914 -79.581004 85.763585 130.217321 28.246034 -0.136041
44.414582 -30.663931 -79.612215 85.788276 130.256047 28.255417 -0.137392
44.417258 -30.671764 -79.642676 85.812275 130.293769 28.264570 -0.138714
44.419781 -30.679416 -79.672402 85.835600 130.330509 28.273498 -0.140006
44.422157 -30.686890 -79.701410 85.858267 130.366291 28.282207 -0.141270
44.424393 -30.694191 -79.729714 85.880294 130.401136 28.290702 -0.142505
44.426492 -30.701321 -79.757330 85.901695 130.435066 28.298986 -0.143712
44.428461 -30.708283 -79.784271 85.922487 130.468102 28.307064 -0.144892
44.430304 -30.715080 -79.810553 85.942683 130.500264 28.314941 -0.146046
44.432027 -30.721716 -79.836188 85.962300 130.531573 28.322621 -0.147173
44.433632 -30.728192 -79.861191 85.981351 130.562048 28.330108 -0.148275
44.435126 -30.734513 -79.885574 85.999849 130.591708 28.337406 -0.149351
44.436511 -30.740680 -79.909351 86.017809 130.620571 28.344520 -0.150402
44.437792 -30.746696 -79.932534 86.035243 130.648654 28.351452 -0.151430
44.438972 -30.752563 -79.955136 86.052165 130.675976 28.358207 -0.152434
44.440056 -30.758284 -79.977168 86.068587 130.702554 28.364788 -0.153414
44.441046 -30.763860 -79.998642 86.084520 130.728403 28.371200 -0.154372
44.441947 -30.769296 -80.019570 86.099976 130.753541 28.377444 -0.155307
44.442760 -30.774591 -80.039963 86.114968 130.777981 28.383526 -0.156220
44.443489 -30.779749 -80.059832 86.129505 130.801741 28.389448 -0.157113
44.444137 -30.784772 -80.079188 86.143599 130.824833 28.395213 -0.157984
44.444706 -30.789660 -80.098040 86.157260 130.847274 28.400824 -0.158834
44.445200 -30.794418 -80.116399 86.170499 130.869076 28.406285 -0.159665
44.445620 -30.799045 -80.134275 86.183324 130.890253 28.411598 -0.160476
44.445969 -30.803544 -80.151678 86.195747 130.910819 28.416767 -0.161268
44.446250 -30.807917 -80.168617 86.207775 130.930785 28.421794 -0.162041
44.446463 -30.812165 -80.185100 86.219418 130.950165 28.426682 -0.162796
44.446612 -30.816290 -80.201138 86.230685 130.968971 28.431433 -0.163533
44.446698 -30.820293 -80.216738 86.241584 130.987214 28.436050 -0.164253
44.446723 -30.824176 -80.231910 86.252124 131.004905 28.440536 -0.164955
44.446688 -30.827941 -80.246660 86.262312 131.022056 28.444893 -0.165641
44.446596 -30.831588 -80.260998 86.272156 131.038677 28.449123 -0.166310
44.446447 -30.835119 -80.274931 86.281663 131.054779 28.453229 -0.166963
44.446244 -30.838535 -80.288467 86.290841 131.070371 28.457212 -0.167600
44.445988 -30.841839 -80.301612 86.299697 131.085463 28.461076 -0.168223
44.445679 -30.845030 -80.314375 86.308238 131.100064 28.464822 -0.168830
44.445319 -30.848110 -80.326762 86.316469 131.114185 28.468452 -0.169423
44.444910 -30.851080 -80.338779 86.324397 131.127832 28.471968 -0.170001
44.444451 -30.853941 -80.350433 86.332029 131.141016 28.475372 -0.170566
44.443945 -30.856695 -80.361732 86.339371 131.153743 28.478666 -0.171117
44.443392 -30.859342 -80.372679 86.346427 131.166023 28.481851 -0.171654
44.442793 -30.861883 -80.383282 86.353203 131.177862 28.484930 -0.172179
44.442149 -30.864319 -80.393547 86.359706 131.189268 28.487904 -0.172691
44.441460 -30.866652 -80.403478 86.365938 131.200248 28.490774 -0.173190
44.440727 -30.868881 -80.413082 86.371907 131.210808 28.493543 -0.173678
44.439951 -30.871008 -80.422363 86.377616 131.220957 28.496211 -0.174153
44.439132 -30.873034 -80.431327 86.383069 131.230698 28.498780 -0.174617
44.438271 -30.874959 -80.439977 86.388271 131.240040 28.501252 -0.175070
44.437368 -30.876784 -80.448320 86.393227 131.248987 28.503628 -0.175512
44.436423 -30.878510 -80.456358 86.397940 131.257545 28.505908 -0.175942
44.435438 -30.880137 -80.464098 86.402413 131.265720 28.508095 -0.176363
44.434412 -30.881666 -80.471542 86.406651 131.273516 28.510189 -0.176772
44.433345 -30.883097 -80.478695 86.410657 131.280938 28.512192 -0.177172
44.432238 -30.884432 -80.485560 86.414433 131.287991 28.514105 -0.177562
44.431091 -30.885670 -80.492141 86.417984 131.294680 28.515928 -0.177942
44.429903 -30.886813 -80.498442 86.421312 131.301008 28.517662 -0.178313
44.428676 -30.887859 -80.504466 86.424420 131.306979 28.519309 -0.178674
44.427408 -30.888811 -80.510216 86.427310 131.312597 28.520870 -0.179026
44.426101 -30.889668 -80.515694 86.429985 131.317866 28.522344 -0.179370
44.424753 -30.890431 -80.520905 86.432448 131.322788 28.523734 -0.179704
44.423365 -30.891100 -80.525850 86.434699 131.327367 28.525039 -0.180031
44.421937 -30.891675 -80.530531 86.436742 131.331606 28.526261 -0.180348
44.420469 -30.892157 -80.534952 86.438577 131.335507 28.527400 -0.180658
44.418959 -30.892545 -80.539115 86.440208 131.339073 28.528456 -0.180959
44.417409 -30.892841 -80.543021 86.441634 131.342306 28.529430 -0.181253
44.415818 -30.893044 -80.546673 86.442858 131.345207 28.530323 -0.181539
44.414184 -30.893154 -80.550071 86.443881 131.347779 28.531135 -0.181817
44.412509 -30.893171 -80.553218 86.444704 131.350023 28.531866 -0.182087
44.410792 -30.893096 -80.556116 86.445327 131.351941 28.532517 -0.182350
44.409031 -30.892929 -80.558765 86.445752 131.353534 28.533088 -0.182606
44.407228 -30.892669 -80.561167 86.445979 131.354802 28.533580 -0.182855
44.405380 -30.892316 -80.563322 86.446009 131.355746 28.533992 -0.183097
44.403489 -30.891871 -80.565232 86.445841 131.356368 28.534325 -0.183332
44.401552 -30.891334 -80.566897 86.445477 131.356666 28.534578 -0.183559
44.399569 -30.890704 -80.568318 86.444916 131.356643 28.534753 -0.183781
44.397540 -30.889981 -80.569495 86.444158 131.356296 28.534849 -0.183995
44.395465 -30.889165 -80.570428 86.443203 131.355627 28.534865 -0.184203
44.393341 -30.888256 -80.571118 86.442050 131.354635 28.534803 -0.184404
44.391169 -30.887254 -80.571565 86.440699 131.353319 28.534661 -0.184599
44.388947 -30.886158 -80.571768 86.439150 131.351678 28.534440 -0.184787
44.386676 -30.884968 -80.571727 86.437401 131.349711 28.534140 -0.184969
44.384353 -30.883684 -80.571442 86.435452 131.347417 28.533759 -0.185145
44.381977 -30.882306 -80.570912 86.433301 131.344794 28.533299 -0.185314
44.379549 -30.880833 -80.570136 86.430947 131.341841 28.532759 -0.185477
44.377067 -30.879264 -80.569113 86.428389 131.338556 28.532137 -0.185634
44.374529 -30.877600 -80.567843 86.425625 131.334937 28.531435 -0.185785
44.371934 -30.875839 -80.566325 86.422654 131.330981 28.530651 -0.185929
44.369283 -30.873982 -80.564556 86.419473 131.326687 28.529786 -0.186068
44.366572 -30.872028 -80.562535 86.416081 131.322050 28.528837 -0.186200
44.363801 -30.869976 -80.560261 86.412476 131.317069 28.527805 -0.186326
44.360968 -30.867825 -80.557732 86.408655 131.311740 28.526690 -0.186446
44.358073 -30.865576 -80.554946 86.404615 131.306060 28.525490 -0.186560
44.355113 -30.863228 -80.551902 86.400355 131.300025 28.524205 -0.186668
44.352088 -30.860779 -80.548595 86.395870 131.293631 28.522834 -0.186769
44.348995 -30.858229 -80.545026 86.391160 131.286875 28.521375 -0.186864
44.345833 -30.855578 -80.541190 86.386219 131.279752 28.519830 -0.186954
44.342601 -30.852824 -80.537085 86.381046 131.272257 28.518195 -0.187036
44.339296 -30.849967 -80.532708 86.375636 131.264386 28.516471 -0.187113
44.335917 -30.847006 -80.528057 86.369986 131.256135 28.514656 -0.187183
44.332461 -30.843941 -80.523127 86.364093 131.247497 28.512749 -0.187247
44.328928 -30.840769 -80.517917 86.357951 131.238467 28.510750 -0.187305
44.325315 -30.837492 -80.512422 86.351558 131.229040 28.508656 -0.187356
44.321620 -30.834106 -80.506638 86.344908 131.219210 28.506467 -0.187400
44.317840 -30.830612 -80.500562 86.337998 131.208971 28.504182 -0.187438
44.313974 -30.827009 -80.494190 86.330823 131.198315 28.501799 -0.187469
44.310019 -30.823295 -80.487517 86.323377 131.187237 28.499316 -0.187494
44.305973 -30.819470 -80.480539 86.315655 131.175729 28.496732 -0.187511
44.301834 -30.815532 -80.473253 86.307654 131.163785 28.494047 -0.187522
44.297598 -30.811480 -80.465652 86.299366 131.151396 28.491257 -0.187525
44.293264 -30.807313 -80.457733 86.290786 131.138555 28.488362 -0.187522
44.288828 -30.803030 -80.449490 86.281909 131.125255 28.485360 -0.187511
44.284287 -30.798630 -80.440917 86.272728 131.111485 28.482249 -0.187493
44.279639 -30.794111 -80.432010 86.263237 131.097239 28.479027 -0.187468
44.274881 -30.789472 -80.422764 86.253430 131.082507 28.475693 -0.187435
44.270009 -30.784712 -80.413171 86.243299 131.067279 28.472244 -0.187395
44.265021 -30.779829 -80.403226 86.232838 131.051547 28.468679 -0.187346
44.259912 -30.774822 -80.392924 86.222040 131.035300 28.464996 -0.187290
44.254680 -30.769690 -80.382257 86.210897 131.018529 28.461191 -0.187226
44.249321 -30.764431 -80.371219 86.199402 131.001222 28.457265 -0.187153
44.243831 -30.759043 -80.359803 86.187546 130.983369 28.453213 -0.187072
44.238206 -30.753526 -80.348002 86.175321 130.964958 28.449033 -0.186983
44.232442 -30.747877 -80.335810 86.162720 130.945979 28.444724 -0.186885
44.226535 -30.742095 -80.323218 86.149732 130.926419 28.440283 -0.186779
44.220481 -30.736178 -80.310219 86.136350 130.906266 28.435708 -0.186663
44.214276 -30.730125 -80.296805 86.122564 130.885508 28.430995 -0.186539
44.207914 -30.723933 -80.282969 86.108365 130.864131 28.426142 -0.186405
44.201392 -30.717602 -80.268701 86.093742 130.842122 28.421146 -0.186262
44.194704 -30.711128 -80.253993 86.078686 130.819468 28.416005 -0.186109
44.187845 -30.704511 -80.238837 86.063186 130.796154 28.410715 -0.185947
44.180810 -30.697749 -80.223223 86.047232 130.772165 28.405274 -0.185775
44.173594 -30.690839 -80.207142 86.030813 130.747487 28.399678 -0.185592
44.166191 -30.683779 -80.190585 86.013916 130.722104 28.393925 -0.185400
44.158595 -30.676568 -80.173542 85.996531 130.696001 28.388011 -0.185196
44.150800 -30.669204 -80.156003 85.978646 130.669161 28.381932 -0.184983
44.142801 -30.661683 -80.137958 85.960248 130.641567 28.375686 -0.184758
44.134590 -30.654005 -80.119395 85.941324 130.613202 28.369269 -0.184522
44.126161 -30.646166 -80.100305 85.921862 130.584049 28.362677 -0.184276
44.117508 -30.638165 -80.080676 85.901849 130.554088 28.355906 -0.184017
44.108623 -30.629999 -80.060497 85.881269 130.523303 28.348954 -0.183747
44.099499 -30.621665 -80.039756 85.860110 130.491672 28.341815 -0.183466
44.090129 -30.613162 -80.018441 85.838356 130.459177 28.334485 -0.183172
44.080504 -30.604487 -79.996540 85.815994 130.425798 28.326962 -0.182866
44.070617 -30.595636 -79.974040 85.793006 130.391513 28.319240 -0.182548
44.060459 -30.586608 -79.950929 85.769379 130.356301 28.311315 -0.182217
44.050023 -30.577400 -79.927194 85.745094 130.320140 28.303183 -0.181874
44.039298 -30.568008 -79.902820 85.720137 130.283008 28.294840 -0.181517
44.028276 -30.558430 -79.877794 85.694489 130.244882 28.286279 -0.181147
44.016947 -30.548663 -79.852101 85.668134 130.205738 28.277498 -0.180764
44.005301 -30.538705 -79.825729 85.641053 130.165550 28.268490 -0.180367
43.993329 -30.528550 -79.798660 85.613228 130.124296 28.259251 -0.179957
43.981020 -30.518197 -79.770881 85.584640 130.081948 28.249776 -0.179532
43.968364 -30.507643 -79.742376 85.555270 130.038480 28.240059 -0.179094
43.955348 -30.496883 -79.713128 85.525097 129.993866 28.230095 -0.178641
43.941962 -30.485914 -79.683121 85.494101 129.948077 28.219879 -0.178173
43.928194 -30.474732 -79.652340 85.462262 129.901085 28.209404 -0.177691
43.914031 -30.463334 -79.620766 85.429557 129.852861 28.198665 -0.177194
43.899461 -30.451716 -79.588382 85.395965 129.803375 28.187656 -0.176682
43.884471 -30.439874 -79.555170 85.361462 129.752596 28.176370 -0.176155
43.869047 -30.427803 -79.521112 85.326027 129.700493 28.164802 -0.175613
43.853176 -30.415500 -79.486189 85.289634 129.647033 28.152945 -0.175055
43.836843 -30.402960 -79.450382 85.252260 129.592183 28.140792 -0.174482
43.820033 -30.390178 -79.413671 85.213880 129.535908 28.128336 -0.173893
43.802732 -30.377149 -79.376037 85.174468 129.478175 28.115571 -0.173288
43.784923 -30.363869 -79.337457 85.133997 129.418946 28.102490 -0.172668
43.766590 -30.350333 -79.297913 85.092441 129.358186 28.089084 -0.172031
43.747716 -30.336535 -79.257381 85.049773 129.295856 28.075347 -0.171378
43.728285 -30.322470 -79.215839 85.005963 129.231918 28.061270 -0.170710
43.708279 -30.308132 -79.173267 84.960984 129.166332 28.046847 -0.170025
43.687678 -30.293515 -79.129639 84.914804 129.099058 28.032068 -0.169324
43.666465 -30.278613 -79.084933 84.867395 129.030053 28.016925 -0.168606
43.644620 -30.263420 -79.039124 84.818724 128.959275 28.001411 -0.167873
43.622123 -30.247929 -78.992187 84.768761 128.886680 27.985515 -0.167123
43.598953 -30.232133 -78.944098 84.717471 128.812223 27.969230 -0.166358
43.575090 -30.216025 -78.894830 84.664823 128.735858 27.952546 -0.165576
43.550511 -30.199598 -78.844357 84.610781 128.657537 27.935453 -0.164778
43.525193 -30.182844 -78.792651 84.555311 128.577212 27.917941 -0.163964
43.499114 -30.165755 -78.739685 84.498377 128.494833 27.900002 -0.163135
43.472251 -30.148322 -78.685430 84.439942 128.410348 27.881624 -0.162289
43.444577 -30.130536 -78.629857 84.379968 128.323707 27.862797 -0.161429
43.416070 -30.112390 -78.572936 84.318417 128.234854 27.843511 -0.160553
43.386701 -30.093872 -78.514637 84.255250 128.143735 27.823754 -0.159662
43.356445 -30.074973 -78.454928 84.190427 128.050294 27.803514 -0.158757
43.325275 -30.055683 -78.393777 84.123906 127.954472 27.782781 -0.157837
43.293163 -30.035990 -78.331152 84.055645 127.856210 27.761542 -0.156903
43.260079 -30.015884 -78.267018 83.985601 127.755447 27.739785 -0.155956
43.225994 -29.995352 -78.201342 83.913731 127.652121 27.717498 -0.154994
43.190878 -29.974383 -78.134087 83.839988 127.546168 27.694667 -0.154021
43.154700 -29.952963 -78.065219 83.764328 127.437523 27.671279 -0.153034
43.117427 -29.931079 -77.994698 83.686702 127.326117 27.647321 -0.152036
43.079027 -29.908717 -77.922489 83.607063 127.211882 27.622778 -0.151026
43.039467 -29.885862 -77.848551 83.525361 127.094747 27.597636 -0.150006
42.998711 -29.862499 -77.772845 83.441547 126.974640 27.571880 -0.148975
42.956725 -29.838611 -77.695330 83.355569 126.851486 27.545495 -0.147935
42.913472 -29.814182 -77.615963 83.267374 126.725209 27.518466 -0.146887
42.868916 -29.789194 -77.534702 83.176908 126.595732 27.490775 -0.145830
42.823018 -29.763628 -77.451503 83.084118 126.462972 27.462407 -0.144766
42.775741 -29.737466 -77.366320 82.988946 126.326850 27.433345 -0.143696
42.727043 -29.710687 -77.279107 82.891336 126.187279 27.403571 -0.142621
42.676886 -29.683271 -77.189815 82.791229 126.044175 27.373066 -0.141541
42.625227 -29.655194 -77.098397 82.688565 125.897447 27.341814 -0.140458
42.572025 -29.626434 -77.004801 82.583285 125.747006 27.309794 -0.139372
42.517236 -29.596968 -76.908976 82.475325 125.592759 27.276986 -0.138286
42.460817 -29.566769 -76.810869 82.364621 125.434608 27.243372 -0.137199
42.402723 -29.535811 -76.710425 82.251110 125.272458 27.208929 -0.136114
42.342907 -29.504066 -76.607589 82.134726 125.106207 27.173637 -0.135031
42.281325 -29.471507 -76.502302 82.015400 124.935752 27.137474 -0.133953
42.217928 -29.438102 -76.394506 81.893063 124.760987 27.100416 -0.132879
42.152669 -29.403820 -76.284140 81.767647 124.581806 27.062442 -0.131812
42.085498 -29.368628 -76.171142 81.639078 124.398095 27.023526 -0.130754
42.016366 -29.332492 -76.055446 81.507285 124.209742 26.983644 -0.129705
41.945223 -29.295375 -75.936988 81.372192 124.016630 26.942771 -0.128668
41.872018 -29.257240 -75.815698 81.233724 123.818639 26.900880 -0.127643
41.796698 -29.218047 -75.691507 81.091802 123.615646 26.857945 -0.126634
41.719212 -29.177756 -75.564343 80.946350 123.407526 26.813937 -0.125641
41.639507 -29.136323 -75.434131 80.797285 123.194149 26.768828 -0.124666
41.557528 -29.093704 -75.300796 80.644526 122.975382 26.722589 -0.123712
41.473222 -29.049852 -75.164258 80.487990 122.751091 26.675189 -0.122780
41.386534 -29.004718 -75.024437 80.327592 122.521136 26.626596 -0.121872
41.297410 -28.958252 -74.881248 80.163245 122.285374 26.576779 -0.120989
41.205794 -28.910400 -74.734607 79.994861 122.043658 26.525703 -0.120135
41.111630 -28.861106 -74.584424 79.822351 121.795839 26.473335 -0.119311
41.014862 -28.810315 -74.430608 79.645625 121.541763 26.419639 -0.118519
40.915435 -28.757965 -74.273065 79.464589 121.281271 26.364579 -0.117761
40.813292 -28.703995 -74.111697 79.279150 121.014202 26.308116 -0.117040
40.708377 -28.648340 -73.946405 79.089215 120.740389 26.250212 -0.116358
40.600634 -28.590933 -73.777086 78.894685 120.459662 26.190826 -0.115717
40.490008 -28.531705 -73.603633 78.695466 120.171847 26.129916 -0.115120
40.376443 -28.470583 -73.425936 78.491459 119.876765 26.067440 -0.114568
40.259883 -28.407495 -73.243883 78.282568 119.574231 26.003353 -0.114066
40.140273 -28.342363 -73.057357 78.068695 119.264058 25.937608 -0.113615
40.017560 -28.275111 -72.866239 77.849744 118.946052 25.870158 -0.113220
39.891690 -28.205659 -72.670406 77.625621 118.620016 25.800953 -0.112883
39.762611 -28.133927 -72.469733 77.396236 118.285747 25.729939 -0.112611
39.630270 -28.059836 -72.264091 77.161504 117.943037 25.657064 -0.112407
39.494619 -27.983307 -72.053352 76.921347 117.591675 25.582269 -0.112281
39.355610 -27.904266 -71.837388 76.675697 117.231443 25.505496 -0.112242
39.213200 -27.822643 -71.616074 76.424505 116.862121 25.426682 -0.112304
39.067354 -27.738380 -71.389300 76.167739 116.483482 25.345760 -0.112489
38.918051 -27.651433 -71.156974 75.905398 116.095301 25.262663 -0.112829
38.765291 -27.561786 -70.919051 75.637519 115.697348 25.177322 -0.113374
38.609120 -27.469458 -70.675567 75.364190 115.289402 25.089670 -0.114207
38.449667 -27.374532 -70.426712 75.085563 114.871248 24.999652 -0.115467
38.287209 -27.277185 -70.172949 74.801869 114.442734 24.907254 -0.117405
38.122337 -27.177700 -69.915005 74.513678 114.009589 24.813886 -0.118722
37.955322 -27.076266 -69.653365 74.221228 113.571654 24.719544 -0.119680
37.786275 -26.972980 -69.388236 73.924677 113.128704 24.624174 -0.120426
37.615222 -26.867875 -69.119662 73.624119 112.680490 24.527706 -0.121053
37.442147 -26.760942 -68.847594 73.319599 112.226749 24.430060 -0.121620
37.267009 -26.652146 -68.571932 73.011128 111.767208 24.331154 -0.122165
37.089760 -26.541433 -68.292546 72.698695 111.301590 24.230901 -0.122719
36.910350 -26.428742 -68.009292 72.382279 110.829608 24.129215 -0.123306
36.728732 -26.314013 -67.722028 72.061864 110.350974 24.026006 -0.123952
36.544871 -26.197194 -67.430625 71.737446 109.865396 23.921182 -0.124691
36.358749 -26.078257 -67.134994 71.409053 109.372584 23.814649 -0.125569
36.170390 -25.957208 -66.835124 71.076756 108.872248 23.706315 -0.126665
35.979890 -25.834123 -66.531159 70.740689 108.364114 23.596090 -0.128115
35.787487 -25.709183 -66.223537 70.401067 107.847962 23.483920 -0.130180
35.593749 -25.582719 -65.913079 70.058515 107.329501 23.371338 -0.131625
35.398903 -25.454925 -65.600253 69.713252 106.808513 23.258303 -0.132726
35.203028 -25.325891 -65.285230 69.365410 106.284714 23.144730 -0.133628
35.006126 -25.195637 -64.968014 69.015054 105.757800 23.030526 -0.134418
34.808163 -25.064138 -64.648516 68.662199 105.227453 22.915591 -0.135149
34.609091 -24.931342 -64.326601 68.306830 104.693351 22.799825 -0.135853
34.408854 -24.797185 -64.002104 67.948912 104.155163 22.683127 -0.136556
34.207400 -24.661597 -63.674858 67.588405 103.612558 22.565394 -0.137280
34.004685 -24.524517 -63.344702 67.225283 103.065200 22.446521 -0.138050
33.800680 -24.385903 -63.011510 66.859545 102.512755 22.326398 -0.138906
33.595389 -24.245753 -62.675233 66.491233 101.954891 22.204913 -0.139915
33.388877 -24.104133 -62.335975 66.120457 101.391288 22.081952 -0.141204
33.181341 -23.961231 -61.994148 65.747408 100.821681 21.957424 -0.143033
32.973314 -23.817433 -61.650709 65.372768 100.251750 21.832983 -0.144272
32.764978 -23.672944 -61.306110 64.996732 99.681236 21.708552 -0.145197
32.556378 -23.527842 -60.960489 64.619405 99.109813 21.584020 -0.145948
32.347497 -23.382134 -60.613816 64.240819 98.537141 21.459278 -0.146603
32.138287 -23.235782 -60.265969 63.860959 97.962871 21.334213 -0.147202
31.928693 -23.088719 -59.916783 63.479772 97.386646 21.208718 -0.147770
31.718658 -22.940867 -59.566067 63.097192 96.808108 21.082682 -0.148322
31.508128 -22.792143 -59.213624 62.713144 96.226896 20.955998 -0.148870
31.297055 -22.642472 -58.859265 62.327569 95.642646 20.828552 -0.149431
31.085406 -22.491799 -58.502832 61.940433 95.054996 20.700228 -0.150029
30.873167 -22.340108 -58.144236 61.551749 94.463585 20.570900 -0.150720
30.660379 -22.187458 -57.783543 61.161598 93.868061 20.440433 -0.151612
30.447191 -22.034037 -57.421138 60.770154 93.268127 20.308701 -0.152962
30.234093 -21.880293 -57.058147 60.378154 92.669417 20.177467 -0.153775
30.021217 -21.726428 -56.695003 59.985774 92.071638 20.046615 -0.154327
29.808580 -21.572510 -56.331810 59.593092 91.474440 19.916015 -0.154744
29.596147 -21.418530 -55.968502 59.200111 90.877458 19.785543 -0.155090
29.383866 -21.264432 -55.604932 58.806780 90.280323 19.655082 -0.155393
29.171682 -21.110136 -55.240905 58.413015 89.682661 19.524520 -0.155667
28.959545 -20.955545 -54.876209 58.018707 89.084096 19.393748 -0.155917
28.747408 -20.800560 -54.510619 57.623738 88.484253 19.262661 -0.156144
28.535228 -20.645081 -54.143910 57.227997 87.882753 19.131148 -0.156347
28.322970 -20.489019 -53.775865 56.831384 87.279218 18.999098 -0.156531
28.110605 -20.332305 -53.406295 56.433833 86.673268 18.866391 -0.156705
27.898116 -20.174910 -53.035072 56.035329 86.064524 18.732894 -0.156905
27.685525 -20.016877 -52.662213 55.635928 85.452612 18.598456 -0.157219
27.472936 -19.858390 -52.288067 55.235793 84.837207 18.462909 -0.157885
27.260783 -19.699961 -51.913975 54.835722 84.223874 18.328111 -0.158094
27.049151 -19.541784 -51.540340 54.435880 83.612294 18.193901 -0.158109
26.838033 -19.383911 -51.167220 54.036326 83.002095 18.060128 -0.158035
26.627388 -19.226317 -50.794514 53.637046 82.392897 17.926658 -0.157917
26.417171 -19.068937 -50.422045 53.237971 81.784318 17.793369 -0.157770
26.207337 -18.911683 -50.049603 52.839001 81.175973 17.660147 -0.157596
25.997849 -18.754460 -49.676958 52.440018 80.567480 17.526883 -0.157393
25.788675 -18.597169 -49.303880 52.040903 79.958454 17.393466 -0.157155
25.579787 -18.439720 -48.930139 51.641547 79.348509 17.259785 -0.156877
25.371160 -18.282040 -48.555527 51.241868 78.737259 17.125719 -0.156558
25.162775 -18.124090 -48.179887 50.841836 78.124317 16.991134 -0.156217
24.954633 -17.965899 -47.803193 50.441493 77.509297 16.855867 -0.155916
24.746796 -17.807636 -47.425744 50.040996 76.891853 16.719717 -0.155867
24.539622 -17.649859 -47.049105 49.641189 76.277439 16.584580 -0.155464
24.333152 -17.492745 -46.673630 49.242232 75.665714 16.450256 -0.154946
24.127357 -17.336323 -46.299334 48.844167 75.056297 16.316582 -0.154392
23.922194 -17.180553 -45.926083 48.446963 74.448802 16.183421 -0.153828
23.717624 -17.025361 -45.553682 48.050535 73.842846 16.050653 -0.153256
23.513616 -16.870653 -45.181908 47.654769 73.238044 15.918168 -0.152672
23.310144 -16.716332 -44.810527 47.259533 72.634014 15.785858 -0.152066
23.107191 -16.562298 -44.439301 46.864694 72.030374 15.653620 -0.151427
22.904741 -16.408460 -44.067995 46.470130 71.426740 15.521346 -0.150742
22.702779 -16.254740 -43.696388 46.075746 70.822731 15.388922 -0.150003
22.501290 -16.101091 -43.324299 45.681494 70.217959 15.256215 -0.149210
22.300260 -15.947526 -42.951658 45.287404 69.612038 15.123062 -0.148399
22.099715 -15.794187 -42.578706 44.893626 69.004605 14.989238 -0.147745
21.899926 -15.641663 -42.207225 44.501039 68.400962 14.856622 -0.146858
21.700894 -15.490098 -41.837509 44.109794 67.800754 14.724984 -0.145938
21.502579 -15.339501 -41.469525 43.719921 67.203596 14.594156 -0.145037
21.304943 -15.189818 -41.103113 43.331374 66.609108 14.464006 -0.144162
21.107958 -15.040968 -40.738066 42.944056 66.016912 14.334420 -0.143306
20.911607 -14.892857 -40.374157 42.557838 65.426633 14.205294 -0.142458
20.715883 -14.745386 -40.011150 42.172579 64.837898 14.076530 -0.141605
20.520786 -14.598457 -39.648808 41.788129 64.250334 13.948032 -0.140732
20.326319 -14.451977 -39.286893 41.404342 63.663571 13.819703 -0.139825
20.132487 -14.305856 -38.925167 41.021085 63.077235 13.691445 -0.138867
19.939293 -14.160020 -38.563405 40.638252 62.490954 13.563153 -0.137841
19.746733 -14.014419 -38.201408 40.255782 61.904352 13.434704 -0.136733
19.554794 -13.869051 -37.839063 39.873693 61.317049 13.305942 -0.135550
19.363469 -13.724032 -37.476534 39.492132 60.728675 13.176626 -0.134418
19.172939 -13.579953 -37.115821 39.111998 60.144331 13.048563 -0.133173
18.983172 -13.436927 -36.757137 38.733440 59.563652 12.921504 -0.131964
18.794130 -13.294941 -36.400398 38.356477 58.986259 12.795286 -0.130809
18.605788 -13.153938 -36.045424 37.981054 58.411785 12.669785 -0.129700
18.418138 -13.013838 -35.691999 37.607068 57.839861 12.544896 -0.128621
18.231180 -12.874556 -35.339900 37.234394 57.270128 12.420521 -0.127554
18.044927 -12.736006 -34.988896 36.862894 56.702222 12.296568 -0.126484
17.859394 -12.598102 -34.638757 36.492426 56.135787 12.172947 -0.125393
17.674598 -12.460766 -34.289252 36.122863 55.570462 12.049565 -0.124261
17.490552 -12.323928 -33.940159 35.754094 55.005889 11.926324 -0.123068
17.307261 -12.187539 -33.591269 35.386054 54.441706 11.803113 -0.121790
17.124713 -12.051583 -33.242441 35.018750 53.877544 11.679789 -0.120412
16.942881 -11.916147 -32.893761 34.652323 53.313037 11.556112 -0.119009
16.761849 -11.781794 -32.547374 34.287670 52.753026 11.433760 -0.117606
16.581569 -11.648600 -32.203410 33.924930 52.197145 11.312484 -0.116297
16.402006 -11.516537 -31.861747 33.564114 51.645031 11.192133 -0.115076
16.223148 -11.385546 -31.522195 33.205160 51.096330 11.072596 -0.113923
16.044998 -11.255552 -31.184540 32.847964 50.550693 10.953776 -0.112817
15.867573 -11.126477 -30.848566 32.492399 50.007775 10.835585 -0.111740
15.690896 -10.998246 -30.514052 32.138331 49.467234 10.717937 -0.110674
15.514995 -10.870782 -30.180779 31.785625 48.928726 10.600750 -0.109601
15.339896 -10.744018 -29.848527 31.434153 48.391912 10.483938 -0.108501
15.165625 -10.617892 -29.517081 31.083807 47.856452 10.367414 -0.107352
14.992195 -10.492356 -29.186237 30.734516 47.322003 10.251078 -0.106123
14.819597 -10.367389 -28.855830 30.386280 46.788217 10.134804 -0.104785
14.647793 -10.243049 -28.525874 30.039231 46.254740 10.018370 -0.103365
14.476782 -10.119843 -28.198596 29.694241 45.726103 9.903284 -0.102038
14.306505 -9.997816 -27.874041 29.351443 45.201954 9.789315 -0.100846
14.136936 -9.876932 -27.552064 29.010838 44.681950 9.676329 -0.099764
13.968074 -9.757134 -27.232472 28.672360 44.165758 9.564227 -0.098766
13.799936 -9.638355 -26.915063 28.335906 43.653051 9.452925 -0.097829
13.632549 -9.520529 -26.599630 28.001354 43.143506 9.342341 -0.096935
13.465946 -9.403589 -26.285967 27.668574 42.636799 9.232400 -0.096067
13.300163 -9.287472 -25.973868 27.337433 42.132613 9.123026 -0.095208
13.135239 -9.172117 -25.663128 27.007801 41.630630 9.014144 -0.094339
12.971214 -9.057469 -25.353544 26.679558 41.130532 8.905679 -0.093443
12.808121 -8.943480 -25.044912 26.352598 40.632004 8.797554 -0.092496
12.645984 -8.830110 -24.737038 26.026851 40.134727 8.689682 -0.091466
12.484803 -8.717339 -24.429748 25.702310 39.638381 8.581957 -0.090313
12.324534 -8.605202 -24.122991 25.379098 39.142634 8.474187 -0.089021
12.165104 -8.494132 -23.819007 25.058048 38.651666 8.367683 -0.087879
12.006455 -8.384149 -23.517768 24.739281 38.165146 8.262243 -0.086880
11.848572 -8.275219 -23.219114 24.422795 37.682759 8.157757 -0.085989
11.691467 -8.167293 -22.922861 24.108522 37.204198 8.054138 -0.085175
11.535168 -8.060319 -22.628817 23.796365 36.729160 7.951311 -0.084416
11.379712 -7.954245 -22.336792 23.486213 36.257344 7.849205 -0.083693
11.225137 -7.849018 -22.046595 23.177945 35.788455 7.747751 -0.082987
11.071489 -7.744592 -21.758036 22.871446 35.322196 7.646881 -0.082283
10.918808 -7.640922 -21.470928 22.566602 34.858274 7.546526 -0.081561
10.767133 -7.537969 -21.185084 22.263316 34.396397 7.446617 -0.080797
10.616493 -7.435700 -20.900319 21.961518 33.936271 7.347080 -0.079963
10.466893 -7.334097 -20.616463 21.661198 33.477601 7.247823 -0.079013
10.318290 -7.233177 -20.333421 21.362465 33.020083 7.148692 -0.077905
10.170562 -7.133289 -20.053351 21.066092 32.567511 7.050798 -0.076983
10.023653 -7.034436 -19.776176 20.772188 32.119583 6.953978 -0.076211
9.877558 -6.936586 -19.501734 20.480744 31.676009 6.858137 -0.075547
9.732295 -6.839698 -19.229852 20.191696 31.236509 6.763203 -0.074961
9.587899 -6.743731 -18.960354 19.904952 30.800805 6.669108 -0.074433
9.444408 -6.648643 -18.693066 19.620408 30.368624 6.575790 -0.073944
9.301865 -6.554394 -18.427815 19.337957 29.939692 6.483186 -0.073478
9.160315 -6.460946 -18.164428 19.057491 29.513742 6.391237 -0.073018
9.019799 -6.368266 -17.902734 18.778908 29.090503 6.299881 -0.072547
8.880359 -6.276322 -17.642564 18.502117 28.669712 6.209058 -0.072044
8.742024 -6.185090 -17.383749 18.227052 28.251100 6.118702 -0.071481
8.604802 -6.094554 -17.126129 17.953699 27.834403 6.028739 -0.070814
8.468656 -6.004722 -16.869582 17.682155 27.419348 5.939047 -0.069984
8.333430 -5.915854 -16.616120 17.413116 27.009318 5.850552 -0.069354
8.199077 -5.827944 -16.365634 17.146678 26.604044 5.763125 -0.068870
8.065597 -5.740968 -16.117971 16.882831 26.203267 5.676690 -0.068488
7.933013 -5.654892 -15.872973 16.621512 25.806734 5.591184 -0.068183
7.801358 -5.569683 -15.630481 16.362637 25.414196 5.506548 -0.067935
7.670672 -5.485311 -15.390340 16.106113 25.025405 5.422727 -0.067726
7.540997 -5.401745 -15.152394 15.851841 24.640118 5.339668 -0.067543
7.412375 -5.318956 -14.916490 15.599723 24.258092 5.257318 -0.067371
7.284848 -5.236918 -14.682475 15.349663 23.879089 5.175623 -0.067197
7.158460 -5.155608 -14.450197 15.101568 23.502870 5.094534 -0.067004
7.033247 -5.075005 -14.219508 14.855358 23.129199 5.013995 -0.066774
6.909240 -4.995093 -13.990257 14.610972 22.757840 4.933954 -0.066481
6.786448 -4.915860 -13.762299 14.368395 22.388560 4.854348 -0.066086
6.664836 -4.837310 -13.535505 14.127711 22.021122 4.775089 -0.065524
6.544239 -4.759622 -13.311686 13.889529 21.658482 4.696928 -0.065145
6.424615 -4.682791 -13.090722 13.653933 21.300407 4.619771 -0.064889
6.305967 -4.606795 -12.872473 13.420911 20.946670 4.543556 -0.064716
6.188320 -4.531614 -12.656800 13.190408 20.597049 4.468230 -0.064601
6.071705 -4.457224 -12.443563 12.962347 20.251324 4.393744 -0.064527
5.956160 -4.383604 -12.232626 12.736646 19.909278 4.320050 -0.064479
5.841722 -4.310734 -12.023852 12.513221 19.570697 4.247103 -0.064444
5.728430 -4.238596 -11.817108 12.291987 19.235368 4.174856 -0.064410
5.616320 -4.167172 -11.612261 12.072862 18.903082 4.103265 -0.064362
5.505426 -4.096448 -11.409178 11.855774 18.573630 4.032285 -0.064285
5.395776 -4.026413 -11.207729 11.640668 18.246806 3.961868 -0.064155
5.287377 -3.957057 -11.007784 11.427527 17.922403 3.891966 -0.063937
5.180199 -3.888382 -10.809217 11.216420 17.600220 3.822511 -0.063571
5.074081 -3.820503 -10.613599 11.007862 17.282770 3.754107 -0.063372
4.968989 -3.753410 -10.420811 10.801922 16.969854 3.686682 -0.063281
4.864926 -3.687091 -10.230728 10.598587 16.661275 3.620188 -0.063262
4.761913 -3.621529 -10.043228 10.397805 16.356838 3.554581 -0.063296
4.659978 -3.556708 -9.858191 10.199510 16.056354 3.489818 -0.063365
4.559151 -3.492613 -9.675499 10.003630 15.759634 3.425859 -0.063459
4.459465 -3.429231 -9.495034 9.810090 15.466492 3.362665 -0.063566
4.360952 -3.366547 -9.316682 9.618816 15.176745 3.300198 -0.063676
4.263642 -3.304552 -9.140326 9.429738 14.890212 3.238418 -0.063775
4.167562 -3.243233 -8.965856 9.242789 14.606713 3.177289 -0.063851
4.072734 -3.182584 -8.793157 9.057922 14.326071 3.116771 -0.063886
3.979163 -3.122598 -8.622119 8.875118 14.048110 3.056823 -0.063849
3.886822 -3.063275 -8.452628 8.694430 13.772659 2.997400 -0.063687
3.795567 -3.004678 -8.285987 8.516274 13.501782 2.938967 -0.063668
3.705368 -2.946801 -8.122087 8.340706 13.235311 2.881475 -0.063741
3.616225 -2.889633 -7.960821 8.167708 12.973080 2.824885 -0.063875
3.528156 -2.833164 -7.802087 7.997237 12.714923 2.769160 -0.064053
3.441181 -2.777382 -7.645783 7.829233 12.460680 2.714266 -0.064264
3.355324 -2.722277 -7.491808 7.663634 12.210191 2.660169 -0.064496
3.270608 -2.667840 -7.340065 7.500375 11.963301 2.606837 -0.064742
3.187058 -2.614060 -7.190457 7.339391 11.719854 2.554238 -0.064991
3.104697 -2.560930 -7.042888 7.180619 11.479699 2.502340 -0.065237
3.023546 -2.508443 -6.897264 7.023998 11.242685 2.451112 -0.065470
2.943625 -2.456591 -6.753492 6.869474 11.008664 2.400523 -0.065679
2.864947 -2.405371 -6.611480 6.717001 10.777491 2.350543 -0.065850
2.787515 -2.354778 -6.471135 6.566561 10.549021 2.301140 -0.065959
2.711302 -2.304810 -6.332363 6.418192 10.323115 2.252282 -0.065963
2.636190 -2.255496 -6.196183 6.272210 10.101379 2.204312 -0.066076
2.562149 -2.206831 -6.062502 6.128654 9.883678 2.157199 -0.066255
2.489179 -2.158808 -5.931236 5.987506 9.669876 2.110911 -0.066478
2.417289 -2.111420 -5.802298 5.848729 9.459840 2.065420 -0.066731
2.346492 -2.064659 -5.675607 5.712271 9.253437 2.020697 -0.067005
2.276802 -2.018520 -5.551082 5.578081 9.050540 1.976718 -0.067291
2.208235 -1.972996 -5.428644 5.446103 8.851022 1.933454 -0.067583
2.140805 -1.928080 -5.308215 5.316285 8.654758 1.890882 -0.067875
2.074525 -1.883768 -5.189719 5.188575 8.461625 1.848976 -0.068159
2.009406 -1.840054 -5.073079 5.062925 8.271504 1.807711 -0.068427
1.945456 -1.796934 -4.958222 4.939296 8.084275 1.767063 -0.068670
1.882672 -1.754405 -4.845073 4.817666 7.899822 1.727007 -0.068869
1.821034 -1.712465 -4.733554 4.698054 7.718034 1.687519 -0.068993
1.760448 -1.671121 -4.624392 4.580678 7.540049 1.648836 -0.069197
1.700893 -1.630368 -4.517511 4.465557 7.365759 1.610934 -0.069450
1.642362 -1.590200 -4.412843 4.352673 7.195056 1.573789 -0.069736
1.584860 -1.550613 -4.310321 4.241990 7.027834 1.537379 -0.070043
1.528390 -1.511602 -4.209878 4.133466 6.863987 1.501682 -0.070367
1.472960 -1.473160 -4.111452 4.027056 6.703415 1.466679 -0.070700
1.418576 -1.435283 -4.014980 3.922714 6.546017 1.432347 -0.071039
1.365242 -1.397967 -3.920401 3.820397 6.391694 1.398668 -0.071379
1.312965 -1.361206 -3.827655 3.720060 6.240350 1.365621 -0.071715
1.261747 -1.324996 -3.736684 3.621662 6.091891 1.333188 -0.072043
1.211589 -1.289333 -3.647428 3.525168 5.946225 1.301350 -0.072355
1.162486 -1.254214 -3.559831 3.430553 5.803260 1.270087 -0.072640
1.114420 -1.219634 -3.473834 3.337816 5.662911 1.239384 -0.072879
1.067332 -1.185592 -3.389862 3.247075 5.525842 1.209373 -0.073166
1.021202 -1.152082 -3.307858 3.158332 5.391971 1.180038 -0.073481
0.976023 -1.119100 -3.227768 3.071563 5.261213 1.151361 -0.073814
0.931792 -1.086641 -3.149543 2.986737 5.133489 1.123326 -0.074160
0.888507 -1.054701 -3.073132 2.903817 5.008717 1.095916 -0.074513
0.846166 -1.023274 -2.998488 2.822767 4.886821 1.069116 -0.074871
0.804768 -0.992357 -2.925562 2.743548 4.767724 1.042910 -0.075230
0.764311 -0.961944 -2.854309 2.666124 4.651352 1.017283 -0.075589
0.724792 -0.932031 -2.784685 2.590458 4.537632 0.992221 -0.075944
0.686208 -0.902614 -2.716645 2.516513 4.426494 0.967708 -0.076294
0.648555 -0.873688 -2.650146 2.444256 4.317868 0.943731 -0.076635
0.611827 -0.845249 -2.585146 2.373653 4.211686 0.920277 -0.076965
0.576017 -0.817293 -2.521604 2.304676 4.107883 0.897331 -0.077279
0.541114 -0.789815 -2.459479 2.237306 4.006395 0.874881 -0.077570
0.507092 -0.762810 -2.398892 2.171561 3.907409 0.852964 -0.077869
0.473937 -0.736274 -2.339802 2.107422 3.810864 0.831568 -0.078168
0.441640 -0.710201 -2.282172 2.044863 3.716701 0.810680 -0.078465
0.410194 -0.684588 -2.225967 1.983855 3.624861 0.790288 -0.078755
0.379591 -0.659429 -2.171151 1.924367 3.535287 0.770381 -0.079038
0.349825 -0.634721 -2.117688 1.866370 3.447922 0.750948 -0.079312
0.320885 -0.610459 -2.065546 1.809832 3.362712 0.731977 -0.079576
0.292766 -0.586637 -2.014692 1.754724 3.279605 0.713457 -0.079829
0.265458 -0.563252 -1.965094 1.701017 3.198548 0.695378 -0.080069
0.238953 -0.540299 -1.916720 1.648682 3.119491 0.677730 -0.080296
0.213241 -0.517774 -1.869541 1.597690 3.042384 0.660502 -0.080509
0.188314 -0.495671 -1.823527 1.548014 2.967179 0.643685 -0.080706
0.164163 -0.473987 -1.778649 1.499626 2.893830 0.627269 -0.080888
0.140776 -0.452716 -1.734878 1.452499 2.822291 0.611245 -0.081054
0.118145 -0.431854 -1.692188 1.406606 2.752517 0.595603 -0.081202
0.096260 -0.411397 -1.650552 1.361922 2.684465 0.580335 -0.081333
0.075109 -0.391340 -1.609943 1.318421 2.618092 0.565432 -0.081445
0.054684 -0.371677 -1.570336 1.276077 2.553356 0.550886 -0.081540
0.034972 -0.352406 -1.531707 1.234867 2.490218 0.536687 -0.081615
0.015965 -0.333520 -1.494031 1.194764 2.428638 0.522829 -0.081671
-0.002351 -0.315016 -1.457284 1.155747 2.368578 0.509303 -0.081707
-0.019984 -0.296888 -1.421444 1.117790 2.310000 0.496101 -0.081724
-0.036947 -0.279133 -1.386488 1.080872 2.252868 0.483216 -0.081721
-0.053251 -0.261745 -1.352394 1.044969 2.197146 0.470640 -0.081697
-0.068906 -0.244719 -1.319141 1.010058 2.142799 0.458367 -0.081653
-0.083924 -0.228052 -1.286708 0.976120 2.089794 0.446389 -0.081589
-0.098316 -0.211738 -1.255076 0.943130 2.038096 0.434700 -0.081505
-0.112093 -0.195774 -1.224223 0.911070 1.987675 0.423292 -0.081400
-0.125267 -0.180153 -1.194131 0.879917 1.938499 0.412159 -0.081274
-0.137850 -0.164872 -1.164782 0.849651 1.890537 0.401295 -0.081129
-0.149852 -0.149926 -1.136156 0.820253 1.843758 0.390693 -0.080963
-0.161285 -0.135310 -1.108236 0.791702 1.798135 0.380348 -0.080776
-0.172160 -0.121021 -1.081004 0.763980 1.753638 0.370253 -0.080570
-0.182489 -0.107052 -1.054443 0.737067 1.710239 0.360402 -0.080344
-0.192283 -0.093400 -1.028538 0.710945 1.667912 0.350791 -0.080098
-0.201553 -0.080060 -1.003271 0.685595 1.626630 0.341412 -0.079833
-0.210310 -0.067027 -0.978627 0.661000 1.586368 0.332262 -0.079549
-0.218567 -0.054297 -0.954591 0.637141 1.547100 0.323334 -0.079245
-0.226333 -0.041866 -0.931147 0.614003 1.508801 0.314623 -0.078922
-0.233620 -0.029728 -0.908281 0.591566 1.471448 0.306125 -0.078581
-0.240439 -0.017879 -0.885978 0.569816 1.435018 0.297834 -0.078222
-0.246801 -0.006316 -0.864226 0.548736 1.399488 0.289746 -0.077845
-0.252717 0.004968 -0.843009 0.528309 1.364835 0.281855 -0.077450
-0.258197 0.015975 -0.822315 0.508520 1.331038 0.274157 -0.077038
-0.263253 0.026711 -0.802132 0.489353 1.298077 0.266648 -0.076609
-0.267894 0.037181 -0.782445 0.470793 1.265929 0.259323 -0.076164
-0.272132 0.047387 -0.763244 0.452826 1.234575 0.252178 -0.075702
-0.275977 0.057335 -0.744517 0.435436 1.203997 0.245209 -0.075224
-0.279439 0.067029 -0.726250 0.418610 1.174173 0.238411 -0.074731
-0.282529 0.076474 -0.708434 0.402334 1.145087 0.231780 -0.074223
-0.285256 0.085673 -0.691057 0.386593 1.116719 0.225313 -0.073700
-0.287630 0.094632 -0.674108 0.371375 1.089052 0.219006 -0.073163
-0.289662 0.103353 -0.657576 0.356665 1.062069 0.212855 -0.072612
-0.291361 0.111842 -0.641452 0.342451 1.035753 0.206856 -0.072047
-0.292737 0.120102 -0.625726 0.328721 1.010087 0.201006 -0.071469
-0.293799 0.128137 -0.610386 0.315462 0.985056 0.195301 -0.070878
-0.294557 0.135953 -0.595425 0.302661 0.960643 0.189738 -0.070276
-0.295020 0.143552 -0.580832 0.290308 0.936834 0.184314 -0.069661
-0.295197 0.150939 -0.566599 0.278389 0.913613 0.179024 -0.069035
-0.295097 0.158118 -0.552717 0.266894 0.890967 0.173866 -0.068398
-0.294729 0.165093 -0.539176 0.255811 0.868880 0.168838 -0.067750
-0.294102 0.171867 -0.525969 0.245129 0.847339 0.163935 -0.067092
-0.293224 0.178445 -0.513088 0.234838 0.826331 0.159154 -0.066424
-0.292105 0.184831 -0.500524 0.224928 0.805843 0.154494 -0.065747
-0.290751 0.191028 -0.488269 0.215386 0.785861 0.149951 -0.065061
-0.289172 0.197039 -0.476316 0.206205 0.766373 0.145521 -0.064366
-0.287375 0.202870 -0.464658 0.197373 0.747367 0.141204 -0.063663
-0.285369 0.208523 -0.453287 0.188880 0.728831 0.136995 -0.062953
-0.283161 0.214002 -0.442196 0.180719 0.710754 0.132893 -0.062235
-0.280758 0.219310 -0.431378 0.172878 0.693124 0.128894 -0.061510
-0.278169 0.224452 -0.420826 0.165350 0.675930 0.124996 -0.060778
-0.275401 0.229431 -0.410535 0.158125 0.659161 0.121197 -0.060041
-0.272461 0.234250 -0.400497 0.151194 0.642807 0.117495 -0.059298
-0.269357 0.238913 -0.390706 0.144549 0.626858 0.113886 -0.058549
-0.266094 0.243423 -0.381156 0.138182 0.611304 0.110370 -0.057795
-0.262680 0.247783 -0.371842 0.132085 0.596134 0.106943 -0.057037
-0.259122 0.251997 -0.362757 0.126249 0.581340 0.103604 -0.056275
-0.255426 0.256068 -0.353895 0.120667 0.566912 0.100350 -0.055509
-0.251598 0.260000 -0.345252 0.115331 0.552841 0.097179 -0.054739
-0.247646 0.263795 -0.336822 0.110233 0.539118 0.094090 -0.053966
-0.243574 0.267456 -0.328599 0.105368 0.525735 0.091079 -0.053190
-0.239390 0.270988 -0.320579 0.100727 0.512683 0.088147 -0.052412
-0.235099 0.274392 -0.312757 0.096303 0.499954 0.085289 -0.051631
-0.230706 0.277672 -0.305126 0.092090 0.487541 0.082506 -0.050849
-0.226218 0.280831 -0.297684 0.088081 0.475434 0.079794 -0.050065
-0.221639 0.283871 -0.290425 0.084270 0.463628 0.077152 -0.049281
-0.216976 0.286796 -0.283345 0.080650 0.452114 0.074579 -0.048495
-0.212234 0.289608 -0.276439 0.077216 0.440885 0.072072 -0.047709
-0.207417 0.292310 -0.269703 0.073960 0.429934 0.069631 -0.046923
-0.202530 0.294906 -0.263133 0.070878 0.419254 0.067253 -0.046136
-0.197579 0.297397 -0.256725 0.067964 0.408839 0.064937 -0.045350
-0.192569 0.299786 -0.250475 0.065211 0.398682 0.062681 -0.044565
-0.187503 0.302076 -0.244378 0.062616 0.388776 0.060484 -0.043781
-0.182386 0.304270 -0.238432 0.060171 0.379116 0.058345 -0.042997
-0.177224 0.306369 -0.232631 0.057873 0.369695 0.056261 -0.042216
-0.172019 0.308377 -0.226974 0.055715 0.360507 0.054233 -0.041436
-0.166776 0.310296 -0.221456 0.053694 0.351548 0.052257 -0.040658
-0.161500 0.312128 -0.216074 0.051804 0.342810 0.050334 -0.039882
-0.156193 0.313876 -0.210824 0.050041 0.334288 0.048461 -0.039108
-0.150861 0.315542 -0.205703 0.048400 0.325978 0.046638 -0.038337
-0.145506 0.317128 -0.200709 0.046876 0.317874 0.044863 -0.037569
-0.140133 0.318636 -0.195837 0.045466 0.309971 0.043135 -0.036805
-0.134744 0.320069 -0.191086 0.044165 0.302264 0.041452 -0.036043
-0.129344 0.321429 -0.186451 0.042969 0.294747 0.039814 -0.035285
-0.123935 0.322718 -0.181930 0.041874 0.287417 0.038220 -0.034531
-0.118520 0.323938 -0.177521 0.040876 0.280269 0.036669 -0.033780
-0.113103 0.325090 -0.173220 0.039972 0.273298 0.035158 -0.033034
-0.107687 0.326178 -0.169025 0.039157 0.266500 0.033688 -0.032292
-0.102274 0.327203 -0.164933 0.038429 0.259871 0.032257 -0.031555
-0.096868 0.328166 -0.160942 0.037783 0.253405 0.030865 -0.030822
-0.091470 0.329071 -0.157049 0.037216 0.247101 0.029510 -0.030093
-0.086085 0.329917 -0.153252 0.036725 0.240952 0.028191 -0.029370
-0.080713 0.330709 -0.149548 0.036307 0.234957 0.026908 -0.028652
-0.075358 0.331446 -0.145936 0.035959 0.229109 0.025659 -0.027939
-0.070021 0.332131 -0.142412 0.035678 0.223407 0.024444 -0.027231
-0.064706 0.332765 -0.138975 0.035460 0.217847 0.023262 -0.026529
-0.059414 0.333351 -0.135623 0.035303 0.212424 0.022112 -0.025832
-0.054148 0.333889 -0.132353 0.035204 0.207136 0.020993 -0.025141
-0.048908 0.334382 -0.129164 0.035161 0.201980 0.019904 -0.024456
-0.043698 0.334831 -0.126053 0.035170 0.196951 0.018845 -0.023777
-0.038519 0.335237 -0.123018 0.035230 0.192047 0.017815 -0.023104
-0.033373 0.335602 -0.120059 0.035338 0.187265 0.016813 -0.022437
-0.028261 0.335927 -0.117172 0.035491 0.182602 0.015838 -0.021776
-0.023186 0.336214 -0.114356 0.035688 0.178054 0.014889 -0.021122
-0.018148 0.336464 -0.111610 0.035925 0.173620 0.013967 -0.020474
-0.013149 0.336678 -0.108931 0.036202 0.169295 0.013070 -0.019832
-0.008190 0.336858 -0.106318 0.036515 0.165078 0.012198 -0.019197
-0.003274 0.337005 -0.103769 0.036863 0.160966 0.011350 -0.018568
0.001600 0.337121 -0.101283 0.037244 0.156956 0.010524 -0.017947
0.006429 0.337206 -0.098858 0.037656 0.153045 0.009722 -0.017332
0.011213 0.337262 -0.096493 0.038097 0.149232 0.008942 -0.016723
0.015951 0.337289 -0.094186 0.038565 0.145514 0.008184 -0.016122
0.020641 0.337290 -0.091936 0.039060 0.141888 0.007446 -0.015527
0.025283 0.337264 -0.089742 0.039578 0.138352 0.006729 -0.014939
0.029875 0.337214 -0.087601 0.040118 0.134904 0.006032 -0.014359
0.034418 0.337140 -0.085513 0.040680 0.131542 0.005354 -0.013785
0.038909 0.337043 -0.083477 0.041261 0.128263 0.004695 -0.013218
0.043350 0.336925 -0.081490 0.041860 0.125066 0.004054 -0.012658
0.047738 0.336786 -0.079553 0.042475 0.121949 0.003431 -0.012105
0.052073 0.336627 -0.077663 0.043106 0.118909 0.002826 -0.011559
0.056355 0.336449 -0.075820 0.043752 0.115945 0.002238 -0.011021
0.060583 0.336253 -0.074022 0.044410 0.113054 0.001666 -0.010489
0.064757 0.336040 -0.072269 0.045079 0.110236 0.001110 -0.009964
0.068876 0.335811 -0.070558 0.045760 0.107488 0.000570 -0.009447
0.072940 0.335567 -0.068890 0.046449 0.104808 0.000045 -0.008936
0.076949 0.335307 -0.067263 0.047148 0.102195 -0.000466 -0.008432
0.080902 0.335035 -0.065676 0.047854 0.099648 -0.000961 -0.007936
0.084800 0.334749 -0.064129 0.048566 0.097163 -0.001443 -0.007446
0.088641 0.334450 -0.062619 0.049284 0.094741 -0.001912 -0.006964
0.092426 0.334141 -0.061147 0.050007 0.092379 -0.002367 -0.006488
0.096155 0.333820 -0.059711 0.050734 0.090076 -0.002809 -0.006019
0.099828 0.333489 -0.058310 0.051464 0.087831 -0.003238 -0.005558
0.103444 0.333149 -0.056944 0.052196 0.085641 -0.003656 -0.005103
0.107004 0.332800 -0.055612 0.052931 0.083507 -0.004061 -0.004655
0.110507 0.332443 -0.054312 0.053666 0.081425 -0.004455 -0.004213
0.113954 0.332078 -0.053045 0.054401 0.079396 -0.004838 -0.003779
0.117346 0.331706 -0.051809 0.055137 0.077418 -0.005210 -0.003351
0.120681 0.331328 -0.050604 0.055871 0.075489 -0.005571 -0.002930
0.123961 0.330944 -0.049428 0.056605 0.073608 -0.005922 -0.002515
0.127184 0.330555 -0.048282 0.057336 0.071774 -0.006263 -0.002107
0.130353 0.330162 -0.047164 0.058066 0.069986 -0.006595 -0.001706
0.133467 0.329764 -0.046073 0.058792 0.068243 -0.006916 -0.001311
0.136525 0.329362 -0.045010 0.059515 0.066544 -0.007229 -0.000922
0.139530 0.328957 -0.043973 0.060235 0.064888 -0.007533 -0.000540
0.142480 0.328550 -0.042962 0.060951 0.063273 -0.007828 -0.000164
0.145377 0.328140 -0.041976 0.061662 0.061698 -0.008114 0.000206
0.148220 0.327729 -0.041014 0.062369 0.060163 -0.008392 0.000569
0.151010 0.327316 -0.040076 0.063071 0.058667 -0.008663 0.000927
0.153748 0.326902 -0.039162 0.063768 0.057209 -0.008925 0.001278
0.156434 0.326488 -0.038270 0.064460 0.055787 -0.009180 0.001624
0.159068 0.326074 -0.037400 0.065145 0.054401 -0.009428 0.001964
0.161652 0.325661 -0.036552 0.065826 0.053050 -0.009669 0.002298
0.164184 0.325248 -0.035726 0.066500 0.051733 -0.009902 0.002626
0.166668 0.324836 -0.034920 0.067168 0.050449 -0.010130 0.002948
0.169101 0.324426 -0.034134 0.067830 0.049198 -0.010350 0.003265
0.171486 0.324018 -0.033367 0.068485 0.047979 -0.010564 0.003577
0.173823 0.323612 -0.032620 0.069134 0.046790 -0.010773 0.003883
0.176112 0.323209 -0.031892 0.069777 0.045632 -0.010975 0.004184
0.178354 0.322809 -0.031182 0.070412 0.044503 -0.011171 0.004480
0.180550 0.322412 -0.030489 0.071042 0.043403 -0.011362 0.004771
0.182701 0.322019 -0.029814 0.071665 0.042331 -0.011548 0.005056
0.184806 0.321629 -0.029157 0.072281 0.041286 -0.011728 0.005337
0.186868 0.321244 -0.028515 0.072890 0.040268 -0.011903 0.005613
0.188885 0.320864 -0.027890 0.073493 0.039276 -0.012074 0.005884
0.190860 0.320488 -0.027281 0.074090 0.038309 -0.012239 0.006150
0.192793 0.320118 -0.026687 0.074680 0.037367 -0.012400 0.006412
0.194684 0.319753 -0.026108 0.075263 0.036450 -0.012557 0.006670
0.196535 0.319394 -0.025544 0.075841 0.035556 -0.012709 0.006923
0.198345 0.319041 -0.024994 0.076412 0.034685 -0.012857 0.007171
0.200117 0.318694 -0.024458 0.076977 0.033837 -0.013000 0.007416
0.201850 0.318354 -0.023936 0.077536 0.033010 -0.013140 0.007657
0.203545 0.318021 -0.023428 0.078090 0.032205 -0.013276 0.007893
0.205204 0.317695 -0.022932 0.078637 0.031421 -0.013409 0.008126
0.206826 0.317377 -0.022449 0.079180 0.030658 -0.013538 0.008355
0.208413 0.317066 -0.021979 0.079717 0.029914 -0.013663 0.008580
0.209966 0.316763 -0.021521 0.080249 0.029191 -0.013785 0.008802
0.211484 0.316469 -0.021074 0.080776 0.028486 -0.013904 0.009020
0.212970 0.316183 -0.020640 0.081298 0.027799 -0.014020 0.009235
0.214423 0.315906 -0.020216 0.081816 0.027131 -0.014133 0.009447
0.215845 0.315638 -0.019804 0.082329 0.026481 -0.014243 0.009656
0.217237 0.315379 -0.019402 0.082839 0.025848 -0.014350 0.009861
0.218598 0.315130 -0.019012 0.083345 0.025232 -0.014455 0.010064
0.219931 0.314891 -0.018631 0.083847 0.024633 -0.014557 0.010264
0.221235 0.314661 -0.018261 0.084346 0.024050 -0.014656 0.010461
0.222512 0.314442 -0.017900 0.084841 0.023482 -0.014754 0.010656
0.223761 0.314234 -0.017549 0.085334 0.022930 -0.014849 0.010848
0.224985 0.314037 -0.017208 0.085825 0.022393 -0.014941 0.011038
0.226184 0.313850 -0.016876 0.086313 0.021871 -0.015032 0.011225
0.227358 0.313676 -0.016552 0.086800 0.021364 -0.015121 0.011410
0.228509 0.313512 -0.016238 0.087284 0.020870 -0.015208 0.011594
0.229636 0.313361 -0.015932 0.087768 0.020391 -0.015293 0.011775
0.230741 0.313222 -0.015635 0.088250 0.019924 -0.015376 0.011954
0.231825 0.313096 -0.015346 0.088731 0.019471 -0.015458 0.012132
0.232888 0.312982 -0.015065 0.089212 0.019031 -0.015538 0.012308
0.233930 0.312881 -0.014792 0.089693 0.018604 -0.015617 0.012483
0.234953 0.312794 -0.014527 0.090174 0.018189 -0.015694 0.012656
0.235958 0.312721 -0.014269 0.090655 0.017786 -0.015770 0.012828
0.236944 0.312661 -0.014019 0.091137 0.017395 -0.015844 0.012998
0.237913 0.312615 -0.013776 0.091620 0.017016 -0.015918 0.013168
0.238864 0.312584 -0.013540 0.092104 0.016648 -0.015990 0.013337
0.239800 0.312568 -0.013312 0.092590 0.016291 -0.016061 0.013504
0.240719 0.312567 -0.013090 0.093078 0.015946 -0.016132 0.013671
0.241624 0.312582 -0.012874 0.093568 0.015611 -0.016201 0.013837
0.242514 0.312612 -0.012665 0.094061 0.015286 -0.016270 0.014003
0.243389 0.312659 -0.012463 0.094557 0.014972 -0.016338 0.014168
0.244251 0.312721 -0.012267 0.095055 0.014667 -0.016405 0.014333
0.245100 0.312801 -0.012077 0.095557 0.014373 -0.016472 0.014497
0.245936 0.312898 -0.011894 0.096063 0.014089 -0.016538 0.014662
0.246760 0.313012 -0.011716 0.096573 0.013814 -0.016603 0.014826
0.247571 0.313144 -0.011544 0.097087 0.013548 -0.016668 0.014990
0.248371 0.313294 -0.011377 0.097605 0.013291 -0.016733 0.015154
0.249159 0.313463 -0.011217 0.098129 0.013044 -0.016798 0.015319
0.249936 0.313651 -0.011062 0.098657 0.012806 -0.016862 0.015484
0.250703 0.313858 -0.010912 0.099191 0.012576 -0.016926 0.015649
0.251458 0.314085 -0.010768 0.099731 0.012355 -0.016990 0.015814
0.252203 0.314332 -0.010629 0.100276 0.012142 -0.017054 0.015980
0.252937 0.314599 -0.010495 0.100827 0.011938 -0.017118 0.016147
0.253661 0.314887 -0.010366 0.101384 0.011741 -0.017182 0.016315
0.254374 0.315197 -0.010242 0.101948 0.011553 -0.017247 0.016483
0.255077 0.315529 -0.010123 0.102519 0.011373 -0.017311 0.016652
0.255769 0.315883 -0.010009 0.103096 0.011201 -0.017376 0.016822
0.256450 0.316259 -0.009900 0.103681 0.011036 -0.017441 0.016993
0.257120 0.316659 -0.009795 0.104273 0.010879 -0.017506 0.017165
0.257779 0.317082 -0.009695 0.104872 0.010730 -0.017572 0.017339
0.258426 0.317530 -0.009599 0.105478 0.010588 -0.017638 0.017513
0.259060 0.318002 -0.009508 0.106092 0.010453 -0.017705 0.017689
0.259682 0.318499 -0.009421 0.106714 0.010326 -0.017773 0.017866
0.260290 0.319022 -0.009339 0.107344 0.010205 -0.017841 0.018045
0.260884 0.319572 -0.009261 0.107981 0.010092 -0.017910 0.018225
0.261463 0.320148 -0.009187 0.108627 0.009986 -0.017979 0.018407
0.262026 0.320751 -0.009117 0.109281 0.009887 -0.018050 0.018590
0.262571 0.321383 -0.009052 0.109943 0.009795 -0.018121 0.018775
0.263097 0.322042 -0.008990 0.110613 0.009710 -0.018193 0.018962
0.263602 0.322731 -0.008932 0.111291 0.009632 -0.018267 0.019151
0.264084 0.323450 -0.008878 0.111978 0.009560 -0.018341 0.019342
0.264541 0.324199 -0.008828 0.112673 0.009496 -0.018417 0.019534
0.264968 0.324979 -0.008781 0.113376 0.009438 -0.018493 0.019729
0.265360 0.325792 -0.008738 0.114088 0.009387 -0.018571 0.019926
0.265713 0.326636 -0.008698 0.114807 0.009343 -0.018651 0.020125
0.266019 0.327514 -0.008660 0.115533 0.009306 -0.018731 0.020326
0.266268 0.328426 -0.008626 0.116262 0.009276 -0.018813 0.020528
0.266448 0.329373 -0.008593 0.116989 0.009253 -0.018896 0.020729
0.266546 0.330356 -0.008563 0.117697 0.009238 -0.018980 0.020923
0.266550 0.331375 -0.008537 0.118348 0.009229 -0.019065 0.021096
0.266457 0.332432 -0.008517 0.118853 0.009225 -0.019152 0.021215
0.266299 0.333526 -0.008519 0.118980 0.009220 -0.019246 0.021264
0.265997 0.334660 -0.008526 0.118937 0.009211 -0.019345 0.021263
