0.000000 -0.000000 0.000000 0.000000 0.000000 -0.000000 0.000000
0.010246 -0.025104 0.368743 -0.132804 -0.624524 0.183559 0.089218
0.010430 -0.054689 0.737545 -0.297782 -1.250517 0.368806 0.162704
0.001816 -0.087254 1.108294 -0.473873 -1.876448 0.548537 0.229208
-0.011678 -0.122288 1.481015 -0.653083 -2.502743 0.723431 0.292576
-0.026179 -0.159400 1.855663 -0.832901 -3.129957 0.894343 0.354353
-0.038674 -0.198235 2.232248 -1.013068 -3.758636 1.061977 0.415098
-0.047105 -0.238456 2.610842 -1.194202 -4.389305 1.226901 0.474964
-0.050222 -0.279730 2.991570 -1.377224 -5.022456 1.389580 0.533938
-0.047376 -0.321730 3.374595 -1.563123 -5.658562 1.550402 0.591949
-0.038326 -0.364130 3.760106 -1.752862 -6.298076 1.709701 0.648917
-0.023077 -0.406609 4.148307 -1.947332 -6.941445 1.867781 0.704768
-0.001751 -0.448850 4.539408 -2.147299 -7.589107 2.024926 0.759465
0.025498 -0.490552 4.933618 -2.353303 -8.241502 2.181425 0.813049
0.058498 -0.531437 5.331148 -2.565414 -8.899063 2.337562 0.865734
0.096789 -0.571258 5.728085 -2.782066 -9.555799 2.492360 0.916918
0.138662 -0.609730 6.124779 -3.004026 -10.212079 2.645905 0.966484
0.182310 -0.646570 6.521593 -3.232035 -10.868263 2.798279 1.014312
0.226329 -0.681520 6.918857 -3.466494 -11.524725 2.949595 1.060412
0.269623 -0.714338 7.316875 -3.707689 -12.181851 3.099994 1.104831
0.311327 -0.744799 7.715931 -3.955874 -12.840034 3.249623 1.147628
0.350741 -0.772682 8.116299 -4.211293 -13.499673 3.398636 1.188859
0.387289 -0.797778 8.518242 -4.474189 -14.161172 3.547186 1.228576
0.420487 -0.819883 8.922016 -4.744798 -14.824937 3.695428 1.266829
0.449933 -0.838802 9.327872 -5.023334 -15.491377 3.843519 1.303672
0.475292 -0.854346 9.736056 -5.309966 -16.160909 3.991624 1.339172
0.496288 -0.866345 10.146801 -5.604749 -16.833951 4.139923 1.373432
0.512676 -0.874656 10.560328 -5.907481 -17.510919 4.288633 1.406619
0.523656 -0.879265 10.972778 -6.216918 -18.185799 4.436478 1.437906
0.528724 -0.880051 11.384482 -6.532969 -18.858992 4.583521 1.467482
0.527560 -0.876896 11.795723 -6.855663 -19.530905 4.729869 1.495458
0.519970 -0.869683 12.206767 -7.185103 -20.201948 4.875633 1.521910
0.505838 -0.858293 12.617877 -7.521427 -20.872532 5.020920 1.546903
0.485100 -0.842607 13.029310 -7.864797 -21.543069 5.165841 1.570490
0.457724 -0.822503 13.441319 -8.215386 -22.213972 5.310502 1.592718
0.423698 -0.797862 13.854155 -8.573373 -22.885655 5.455012 1.613636
0.383023 -0.768559 14.268069 -8.938941 -23.558533 5.599478 1.633286
0.335704 -0.734472 14.683309 -9.312265 -24.233023 5.744009 1.651719
0.281738 -0.695476 15.100124 -9.693507 -24.909542 5.888716 1.668987
0.221102 -0.651449 15.518762 -10.082781 -25.588512 6.033715 1.685161
0.153717 -0.602280 15.939470 -10.480108 -26.270357 6.179144 1.700347
0.079388 -0.547880 16.362480 -10.885287 -26.955504 6.325196 1.714709
-0.002406 -0.488478 16.784017 -11.296919 -27.637989 6.470384 1.727550
-0.091982 -0.424052 17.204330 -11.714592 -28.318240 6.614912 1.739123
-0.189752 -0.354588 17.623697 -12.137794 -28.996699 6.759005 1.749752
-0.296283 -0.280146 18.042383 -12.565304 -29.673805 6.902844 1.759683
-0.412875 -0.201054 18.460489 -12.993681 -30.349828 7.045643 1.767029
-0.539680 -0.117332 18.878212 -13.422735 -31.025256 7.187958 1.772667
-0.676711 -0.028956 19.295758 -13.852445 -31.700528 7.329987 1.776787
-0.823931 0.064101 19.713337 -14.282821 -32.376069 7.471857 1.779434
-0.981255 0.161863 20.131146 -14.713876 -33.052306 7.613699 1.780640
-1.148526 0.264325 20.549281 -15.145589 -33.729671 7.755717 1.780467
-1.325591 0.371499 20.967811 -15.577919 -34.408586 7.898084 1.778994
-1.512516 0.483490 21.387238 -16.010964 -35.089468 8.040748 1.776175
-1.709270 0.600343 21.807779 -16.444753 -35.772729 8.183793 1.771943
-1.915635 0.721722 22.225828 -16.879019 -36.452548 8.325920 1.766314
-2.131431 0.847620 22.641586 -17.313778 -37.129347 8.467251 1.759264
-2.356450 0.978036 23.055304 -17.749040 -37.803548 8.607874 1.750833
-2.590460 1.112967 23.467235 -18.184812 -38.475573 8.747874 1.741069
-2.833206 1.252408 23.877638 -18.621103 -39.145845 8.887341 1.730019
-3.084413 1.396350 24.286773 -19.057920 -39.814784 9.026358 1.717731
-3.343786 1.544781 24.694907 -19.495273 -40.482809 9.165011 1.704252
-3.611017 1.697686 25.102314 -19.933170 -41.150342 9.303380 1.689631
-3.885787 1.855046 25.509283 -20.371622 -41.817801 9.441543 1.673922
-4.167775 2.016841 25.916119 -20.810637 -42.485609 9.579573 1.657190
-4.456682 2.183048 26.323149 -21.250220 -43.154188 9.717554 1.639522
-4.752264 2.353629 26.730677 -21.690358 -43.823981 9.855637 1.621056
-5.054327 2.528556 27.138787 -22.131045 -44.495424 9.994054 1.601758
-5.362501 2.707343 27.544047 -22.572033 -45.162822 10.131372 1.581625
-5.676690 2.889916 27.946465 -23.013325 -45.826589 10.267761 1.560533
-5.996849 3.076231 28.346187 -23.454910 -46.487148 10.403352 1.538504
-6.322934 3.266249 28.743399 -23.896774 -47.144923 10.538267 1.515592
-6.654889 3.459929 29.138303 -24.338901 -47.800332 10.672624 1.491860
-6.992632 3.657229 29.531115 -24.781278 -48.453795 10.806538 1.467373
-7.336058 3.858105 29.922056 -25.223890 -49.105731 10.940120 1.442198
-7.685036 4.062510 30.311357 -25.666723 -49.756558 11.073482 1.416402
-8.039410 4.270392 30.699249 -26.109766 -50.406694 11.206732 1.390047
-8.399003 4.481700 31.085964 -26.553007 -51.056557 11.339983 1.363194
-8.763610 4.696373 31.471719 -26.996432 -51.706564 11.473351 1.335892
-9.132995 4.914337 31.856674 -27.440024 -52.357124 11.606942 1.308165
-9.506899 5.135514 32.241089 -27.883781 -53.008654 11.740832 1.280048
-9.885031 5.359797 32.625064 -28.327726 -53.661574 11.875215 1.251426
-10.266773 5.586576 33.005713 -28.771580 -54.310417 12.008721 1.222644
-10.651762 5.815706 33.383106 -29.215355 -54.955591 12.141508 1.193585
-11.039667 6.047088 33.757507 -29.659051 -55.597512 12.273677 1.164279
-11.430171 6.280631 34.129214 -30.102670 -56.236595 12.405320 1.134777
-11.822965 6.516249 34.498530 -30.546213 -56.873252 12.536525 1.105131
-12.217749 6.753858 34.865759 -30.989682 -57.507894 12.667381 1.075392
-12.614237 6.993377 35.231205 -31.433080 -58.140930 12.797978 1.045610
-13.012155 7.234726 35.595170 -31.876410 -58.772769 12.928404 1.015830
-13.411239 7.477831 35.957956 -32.319675 -59.403818 13.058750 0.986097
-13.811239 7.722616 36.319861 -32.762880 -60.034485 13.189104 0.956451
-14.211914 7.969005 36.681166 -33.206030 -60.665176 13.319563 0.926921
-14.613021 8.216910 37.042084 -33.649132 -61.296297 13.450234 0.897493
-15.014272 8.466169 37.402549 -34.092205 -61.928228 13.581274 0.867958
-15.415039 8.716161 37.760102 -34.534986 -62.555751 13.711344 0.838790
-15.815031 8.966719 38.114713 -34.977488 -63.179245 13.840599 0.809806
-16.214021 9.217747 38.466607 -35.419721 -63.799111 13.969146 0.780999
-16.611812 9.469169 38.816069 -35.861692 -64.415751 14.097076 0.752392
-17.008222 9.720919 39.163399 -36.303409 -65.029560 14.224478 0.724018
-17.403085 9.972938 39.508896 -36.744881 -65.640936 14.351440 0.695907
-17.796251 10.225170 39.852861 -37.186116 -66.250270 14.478046 0.668090
-18.187581 10.477564 40.195591 -37.627124 -66.857956 14.604383 0.640594
-18.576951 10.730075 40.537379 -38.067916 -67.464384 14.730538 0.613445
-18.964247 10.982656 40.878507 -38.508501 -68.069944 14.856599 0.586663
-19.349361 11.235260 41.219227 -38.948889 -68.675024 14.982660 0.560250
-19.732175 11.487815 41.559697 -39.389094 -69.280009 15.108830 0.534158
-20.112505 11.740169 41.899759 -39.829137 -69.885244 15.235233 0.508141
-20.489806 11.991774 42.237405 -40.268773 -70.485798 15.360609 0.482789
-20.863891 12.242478 42.572516 -40.708022 -71.082016 15.485088 0.457881
-21.234654 12.492217 42.905257 -41.146894 -71.674280 15.608775 0.433376
-21.602019 12.740954 43.235878 -41.585402 -72.262966 15.731763 0.409278
-21.965933 12.988663 43.564651 -42.023558 -72.848454 15.854139 0.385598
-22.326351 13.235329 43.891850 -42.461374 -73.431117 15.975988 0.362352
-22.683246 13.480940 44.217749 -42.898862 -74.011329 16.097393 0.339556
-23.036600 13.725489 44.542618 -43.336037 -74.589461 16.218439 0.317222
-23.386407 13.968973 44.866720 -43.772911 -75.165883 16.339210 0.295361
-23.732671 14.211391 45.190306 -44.209496 -75.740962 16.459790 0.273979
-24.075400 14.452738 45.513606 -44.645804 -76.315063 16.580270 0.253071
-24.414602 14.693000 45.836801 -45.081847 -76.888547 16.700740 0.232614
-24.750253 14.932126 46.159938 -45.517632 -77.461769 16.821305 0.212520
-25.082203 15.169952 46.482638 -45.953167 -78.035017 16.942058 0.192486
-25.410007 15.406064 46.803406 -46.388240 -78.603699 17.061875 0.173209
-25.733566 15.640370 47.122128 -46.822881 -79.168132 17.180844 0.154474
-26.052869 15.872856 47.438939 -47.257110 -79.728670 17.299050 0.136227
-26.367935 16.103537 47.754054 -47.690943 -80.285666 17.416578 0.118453
-26.678804 16.332443 48.067711 -48.124397 -80.839475 17.533507 0.101153
-26.985525 16.559611 48.380154 -48.557489 -81.390449 17.649915 0.084329
-27.288159 16.785080 48.691623 -48.990236 -81.938936 17.765880 0.067983
-27.586773 17.008896 49.002354 -49.422656 -82.485285 17.881480 0.052115
-27.881439 17.231103 49.312571 -49.854764 -83.029841 17.996795 0.036723
-28.172231 17.451745 49.622473 -50.286577 -83.572948 18.111905 0.021793
-28.459212 17.670849 49.932209 -50.718109 -84.114943 18.226897 0.007288
-28.742412 17.888412 50.241802 -51.149378 -84.656154 18.341858 -0.006885
-29.021763 18.104348 50.550985 -51.580404 -85.196862 18.456850 -0.020974
-29.296864 18.318330 50.858514 -52.010986 -85.732799 18.570860 -0.034275
-29.567641 18.530280 51.164151 -52.441145 -86.264245 18.683958 -0.047021
-29.834112 18.740204 51.467930 -52.870894 -86.791525 18.796236 -0.059296
-30.096341 18.948143 51.769990 -53.300245 -87.314965 18.907786 -0.071135
-30.354408 19.154151 52.070503 -53.729209 -87.834895 19.018707 -0.082555
-30.608407 19.358277 52.369642 -54.157783 -88.351646 19.129130 -0.093567
-30.858450 19.560554 52.667565 -54.585932 -88.865555 19.239288 -0.104173
-31.104699 19.760951 52.964421 -55.013518 -89.376977 19.349705 -0.114341
-31.347439 19.959332 53.260496 -55.439636 -89.886165 19.459597 -0.124159
-31.587004 20.155520 53.556060 -55.863557 -90.393426 19.568821 -0.133623
-31.823589 20.349398 53.851214 -56.284898 -90.899082 19.677585 -0.142763
-32.057299 20.540853 54.145920 -56.703383 -91.403440 19.786069 -0.151672
-32.288134 20.729709 54.439897 -57.118765 -91.906757 19.894424 -0.160569
-32.515829 20.915605 54.732262 -57.530424 -92.405111 20.001393 -0.168751
-32.740343 21.098416 55.022774 -57.938217 -92.898760 20.107108 -0.176419
-32.961700 21.278127 55.311428 -58.342101 -93.388001 20.211694 -0.183658
-33.179949 21.454786 55.598325 -58.742100 -93.873139 20.315266 -0.190507
-33.395150 21.628472 55.883613 -59.138285 -94.354476 20.417924 -0.196987
-33.607366 21.799285 56.167459 -59.530756 -94.832315 20.519764 -0.203110
-33.816663 21.967335 56.450036 -59.919630 -95.306957 20.620877 -0.208884
-34.023112 22.132734 56.731515 -60.305027 -95.778700 20.721352 -0.214319
-34.226785 22.295594 57.012060 -60.687066 -96.247838 20.821277 -0.219427
-34.427757 22.456017 57.291819 -61.065850 -96.714664 20.920741 -0.224227
-34.626101 22.614088 57.570912 -61.441463 -97.179467 21.019834 -0.228748
-34.821876 22.769865 57.849403 -61.813953 -97.642526 21.118650 -0.233044
-35.015110 22.923354 58.127245 -62.183321 -98.104111 21.217280 -0.237213
-35.205751 23.074477 58.404187 -62.549509 -98.564447 21.315800 -0.241450
-35.393529 23.223009 58.679584 -62.912114 -99.020007 21.413127 -0.245033
-35.578385 23.368880 58.953205 -63.271078 -99.471018 21.509343 -0.248146
-35.760337 23.512100 59.225022 -63.626400 -99.917744 21.604541 -0.250877
-35.939438 23.652729 59.495104 -63.978122 -100.360455 21.698812 -0.253274
-36.115757 23.790852 59.763563 -64.326312 -100.799423 21.792243 -0.255368
-36.289372 23.926566 60.030530 -64.671060 -101.234920 21.884916 -0.257177
-36.460363 24.059975 60.296145 -65.012460 -101.667215 21.976914 -0.258720
-36.628814 24.191180 60.560540 -65.350607 -102.096576 22.068315 -0.260015
-36.794809 24.320277 60.823834 -65.685585 -102.523266 22.159200 -0.261087
-36.958425 24.447344 61.086122 -66.017459 -102.947545 22.249646 -0.261969
-37.119723 24.572434 61.347445 -66.346268 -103.369663 22.339733 -0.262718
-37.278728 24.695556 61.607750 -66.672010 -103.789861 22.429534 -0.263426
-37.435386 24.816651 61.866812 -66.994634 -104.208340 22.519101 -0.264266
-37.589457 24.935557 62.124145 -67.313823 -104.621976 22.607534 -0.264539
-37.740883 25.052222 62.379540 -67.629527 -105.030970 22.694889 -0.264409
-37.889680 25.166657 62.632955 -67.941741 -105.435554 22.781243 -0.263963
-38.035900 25.278915 62.884434 -68.250499 -105.835970 22.866671 -0.263251
-38.179615 25.389072 63.134066 -68.555855 -106.232460 22.951246 -0.262306
-38.320905 25.497213 63.381958 -68.857883 -106.625266 23.035043 -0.261152
-38.459853 25.603429 63.628221 -69.156660 -107.014628 23.118131 -0.259810
-38.596545 25.707809 63.872965 -69.452265 -107.400783 23.200580 -0.258302
-38.731062 25.810436 64.116289 -69.744767 -107.783966 23.282457 -0.256654
-38.863481 25.911378 64.358265 -70.034221 -108.164407 23.363831 -0.254900
-38.993857 26.010680 64.598923 -70.320657 -108.542327 23.444765 -0.253095
-39.122213 26.108352 64.838211 -70.604075 -108.917938 23.525316 -0.251321
-39.248495 26.204349 65.075933 -70.884434 -109.291417 23.605519 -0.249726
-39.372492 26.298559 65.311727 -71.161490 -109.660049 23.684641 -0.247664
-39.494148 26.390939 65.545410 -71.435203 -110.024008 23.762720 -0.245277
-39.613477 26.481502 65.776937 -71.705571 -110.383501 23.839814 -0.242643
-39.730527 26.570292 66.006338 -71.972624 -110.738736 23.915985 -0.239811
-39.845365 26.657374 66.233683 -72.236410 -111.089926 23.991295 -0.236814
-39.958066 26.742821 66.459059 -72.496994 -111.437282 24.065803 -0.233674
-40.068713 26.826713 66.682564 -72.754448 -111.781017 24.139569 -0.230412
-40.177388 26.909129 66.904293 -73.008848 -112.121338 24.212650 -0.227046
-40.284171 26.990144 67.124338 -73.260263 -112.458451 24.285105 -0.223597
-40.389143 27.069827 67.342781 -73.508757 -112.792559 24.356988 -0.220088
-40.492370 27.148233 67.559678 -73.754378 -113.123859 24.428354 -0.216553
-40.593904 27.225399 67.775050 -73.997154 -113.452542 24.499252 -0.213039
-40.693763 27.301331 67.988851 -74.237086 -113.778790 24.569726 -0.209618
-40.791896 27.375995 68.200916 -74.474142 -114.102753 24.639797 -0.206413
-40.888127 27.449312 68.410981 -74.708142 -114.422132 24.708883 -0.202848
-40.982402 27.521246 68.618890 -74.939055 -114.737076 24.777011 -0.199043
-41.074733 27.591806 68.824599 -75.166877 -115.047758 24.844223 -0.195066
-41.165161 27.661023 69.028126 -75.391630 -115.354358 24.910566 -0.190962
-41.253747 27.728942 69.229523 -75.613351 -115.657056 24.976092 -0.186763
-41.340559 27.795618 69.428859 -75.832088 -115.956033 25.040849 -0.182492
-41.425670 27.861106 69.626205 -76.047894 -116.251467 25.104886 -0.178169
-41.509152 27.925464 69.821637 -76.260824 -116.543535 25.168252 -0.173816
-41.591073 27.988740 70.015217 -76.470925 -116.832411 25.230991 -0.169456
-41.671493 28.050976 70.206994 -76.678236 -117.118264 25.293149 -0.165117
-41.750456 28.112199 70.396984 -76.882780 -117.401258 25.354766 -0.160841
-41.827976 28.172412 70.585150 -77.084559 -117.681547 25.415874 -0.156688
-41.904011 28.231590 70.771365 -77.283550 -117.959262 25.476488 -0.152755
-41.978415 28.289676 70.955437 -77.479625 -118.232522 25.536160 -0.148557
-42.051143 28.346645 71.137243 -77.672762 -118.501453 25.594908 -0.144189
-42.122204 28.402501 71.316747 -77.862960 -118.766204 25.652763 -0.139710
-42.191632 28.457265 71.493964 -78.050239 -119.026926 25.709763 -0.135156
-42.259478 28.510972 71.668936 -78.234631 -119.283770 25.765948 -0.130555
-42.325802 28.563661 71.841717 -78.416177 -119.536890 25.821356 -0.125927
-42.390665 28.615375 72.012370 -78.594923 -119.786435 25.876029 -0.121291
-42.454128 28.666154 72.180953 -78.770916 -120.032553 25.930003 -0.116663
-42.516248 28.716035 72.347522 -78.944197 -120.275391 25.983316 -0.112065
-42.577077 28.765049 72.512117 -79.114801 -120.515090 26.036003 -0.107518
-42.636652 28.813216 72.674756 -79.282752 -120.751787 26.088095 -0.103056
-42.694982 28.860539 72.835413 -79.448057 -120.985612 26.139618 -0.098724
-42.752037 28.907000 72.993998 -79.610705 -121.216674 26.190581 -0.094598
-42.807705 28.952562 73.150380 -79.770614 -121.443516 26.240656 -0.090291
-42.861951 28.997208 73.304470 -79.927774 -121.666245 26.289854 -0.085875
-42.914781 29.040940 73.456243 -80.082190 -121.884982 26.338199 -0.081396
-42.966224 29.083773 73.605713 -80.233884 -122.099852 26.385720 -0.076881
-43.016322 29.125734 73.752916 -80.382888 -122.310981 26.432446 -0.072353
-43.065124 29.166850 73.897900 -80.529241 -122.518493 26.478409 -0.067827
-43.112680 29.207155 74.040718 -80.672988 -122.722511 26.523639 -0.063317
-43.159041 29.246680 74.181422 -80.814173 -122.923158 26.568166 -0.058833
-43.204260 29.285457 74.320066 -80.952842 -123.120553 26.612020 -0.054389
-43.248381 29.323511 74.456695 -81.089035 -123.314812 26.655229 -0.049998
-43.291446 29.360866 74.591346 -81.222787 -123.506050 26.697818 -0.045676
-43.333485 29.397535 74.724038 -81.354125 -123.694375 26.739812 -0.041447
-43.374508 29.433522 74.854761 -81.483061 -123.879892 26.781229 -0.037343
-43.414495 29.468817 74.983458 -81.609598 -124.062692 26.822075 -0.033416
-43.453369 29.503396 75.110050 -81.733693 -124.241739 26.862132 -0.029385
-43.491106 29.537249 75.234480 -81.855344 -124.417123 26.901406 -0.025301
-43.527713 29.570376 75.356737 -81.974564 -124.588939 26.939915 -0.021194
-43.563213 29.602787 75.476835 -82.091374 -124.757285 26.977680 -0.017087
-43.597637 29.634497 75.594804 -82.205804 -124.922259 27.014723 -0.012995
-43.631022 29.665526 75.710683 -82.317886 -125.083958 27.051066 -0.008929
-43.663406 29.695893 75.824512 -82.427658 -125.242479 27.086734 -0.004899
-43.694828 29.725618 75.936333 -82.535155 -125.397916 27.121747 -0.000914
-43.725323 29.754719 76.046187 -82.640415 -125.550361 27.156127 0.003016
-43.754923 29.783213 76.154104 -82.743470 -125.699903 27.189895 0.006881
-43.783654 29.811110 76.260111 -82.844348 -125.846630 27.223069 0.010666
-43.811529 29.838416 76.364211 -82.943071 -125.990624 27.255663 0.014353
-43.838542 29.865128 76.466383 -83.039652 -126.131959 27.287685 0.017909
-43.864653 29.891239 76.566596 -83.134083 -126.270034 27.319013 0.021505
-43.889854 29.916744 76.664827 -83.226376 -126.404920 27.349654 0.025112
-43.914156 29.941648 76.761080 -83.316552 -126.536693 27.379622 0.028711
-43.937577 29.965959 76.855373 -83.404637 -126.665429 27.408932 0.032289
-43.960141 29.989690 76.947737 -83.490662 -126.791203 27.437600 0.035838
-43.981878 30.012855 77.038204 -83.574660 -126.914092 27.465643 0.039351
-44.002814 30.035467 77.126810 -83.656668 -127.034168 27.493078 0.042824
-44.022979 30.057542 77.213591 -83.736722 -127.151503 27.519921 0.046250
-44.042399 30.079095 77.298583 -83.814858 -127.266168 27.546188 0.049628
-44.061101 30.100140 77.381818 -83.891113 -127.378233 27.571893 0.052951
-44.079108 30.120690 77.463327 -83.965522 -127.487763 27.597051 0.056216
-44.096439 30.140753 77.543133 -84.038115 -127.594824 27.621675 0.059416
-44.113105 30.160339 77.621251 -84.108924 -127.699475 27.645774 0.062539
-44.129106 30.179453 77.697692 -84.177969 -127.801554 27.669316 0.065643
-44.144452 30.198101 77.772469 -84.245280 -127.901116 27.692311 0.068719
-44.159160 30.216292 77.845604 -84.310888 -127.998222 27.714770 0.071759
-44.173248 30.234038 77.917122 -84.374824 -128.092929 27.736706 0.074761
-44.186735 30.251348 77.987053 -84.437122 -128.185294 27.758130 0.077722
-44.199642 30.268234 78.055427 -84.497816 -128.275373 27.779053 0.080639
-44.211989 30.284707 78.122274 -84.556942 -128.363222 27.799488 0.083511
-44.223798 30.300780 78.187626 -84.614534 -128.448893 27.819447 0.086338
-44.235087 30.316463 78.251513 -84.670626 -128.532439 27.838939 0.089119
-44.245876 30.331768 78.313965 -84.725255 -128.613911 27.857977 0.091854
-44.256184 30.346707 78.375012 -84.778452 -128.693360 27.876571 0.094542
-44.266028 30.361288 78.434682 -84.830253 -128.770833 27.894731 0.097184
-44.275427 30.375524 78.493006 -84.880691 -128.846379 27.912466 0.099779
-44.284397 30.389424 78.550011 -84.929799 -128.920044 27.929788 0.102327
-44.292956 30.402997 78.605724 -84.977608 -128.991873 27.946705 0.104830
-44.301117 30.416253 78.660173 -85.024151 -129.061910 27.963226 0.107286
-44.308898 30.429201 78.713384 -85.069457 -129.130198 27.979361 0.109696
-44.316313 30.441850 78.765384 -85.113558 -129.196780 27.995119 0.112061
-44.323375 30.454207 78.816196 -85.156483 -129.261695 28.010507 0.114381
-44.330099 30.466281 78.865848 -85.198261 -129.324985 28.025535 0.116656
-44.336498 30.478080 78.914362 -85.238920 -129.386689 28.040209 0.118887
-44.342585 30.489609 78.961763 -85.278487 -129.446843 28.054540 0.121074
-44.348372 30.500878 79.008074 -85.316991 -129.505486 28.068533 0.123217
-44.353870 30.511892 79.053318 -85.354456 -129.562653 28.082197 0.125318
-44.359092 30.522658 79.097517 -85.390910 -129.618380 28.095539 0.127376
-44.364049 30.533182 79.140694 -85.426376 -129.672700 28.108566 0.129392
-44.368750 30.543470 79.182871 -85.460880 -129.725648 28.121285 0.131367
-44.373206 30.553527 79.224067 -85.494446 -129.777256 28.133704 0.133301
-44.377427 30.563360 79.264304 -85.527097 -129.827557 28.145827 0.135194
-44.381422 30.572973 79.303603 -85.558855 -129.876580 28.157664 0.137048
-44.385200 30.582372 79.341982 -85.589744 -129.924356 28.169218 0.138862
-44.388771 30.591561 79.379461 -85.619784 -129.970915 28.180497 0.140638
-44.392142 30.600546 79.416059 -85.648997 -130.016286 28.191507 0.142376
-44.395321 30.609329 79.451795 -85.677403 -130.060496 28.202254 0.144076
-44.398316 30.617917 79.486687 -85.705023 -130.103573 28.212743 0.145740
-44.401135 30.626312 79.520752 -85.731876 -130.145544 28.222979 0.147367
-44.403784 30.634520 79.554009 -85.757982 -130.186434 28.232970 0.148958
-44.406271 30.642543 79.586473 -85.783358 -130.226268 28.242719 0.150514
-44.408602 30.650386 79.618162 -85.808024 -130.265072 28.252232 0.152036
-44.410783 30.658051 79.649092 -85.831996 -130.302869 28.261514 0.153524
-44.412820 30.665543 79.679279 -85.855293 -130.339683 28.270570 0.154978
-44.414720 30.672865 79.708739 -85.877930 -130.375536 28.279405 0.156400
-44.416486 30.680019 79.737486 -85.899925 -130.410451 28.288023 0.157790
-44.418126 30.687010 79.765536 -85.921292 -130.444449 28.296430 0.159147
-44.419644 30.693839 79.792904 -85.942049 -130.477552 28.304629 0.160474
-44.421044 30.700509 79.819603 -85.962209 -130.509779 28.312626 0.161771
-44.422332 30.707024 79.845647 -85.981787 -130.541151 28.320423 0.163038
-44.423511 30.713386 79.871050 -86.000799 -130.571688 28.328026 0.164275
-44.424586 30.719597 79.895826 -86.019257 -130.601407 28.335438 0.165484
-44.425562 30.725661 79.919988 -86.037175 -130.630328 28.342664 0.166665
-44.426441 30.731578 79.943547 -86.054567 -130.658469 28.349707 0.167818
-44.427228 30.737352 79.966517 -86.071445 -130.685846 28.356572 0.168945
-44.427926 30.742985 79.988910 -86.087822 -130.712477 28.363261 0.170044
-44.428539 30.748478 80.010737 -86.103709 -130.738379 28.369778 0.171118
-44.429069 30.753835 80.032010 -86.119120 -130.763567 28.376127 0.172167
-44.429520 30.759056 80.052741 -86.134064 -130.788057 28.382311 0.173191
-44.429894 30.764143 80.072940 -86.148554 -130.811865 28.388333 0.174191
-44.430195 30.769100 80.092618 -86.162600 -130.835004 28.394197 0.175166
-44.430425 30.773927 80.111786 -86.176213 -130.857490 28.399906 0.176119
-44.430586 30.778625 80.130454 -86.189402 -130.879337 28.405463 0.177049
-44.430681 30.783198 80.148632 -86.202179 -130.900557 28.410870 0.177956
-44.430713 30.787645 80.166330 -86.214551 -130.921164 28.416131 0.178842
-44.430682 30.791970 80.183556 -86.226530 -130.941172 28.421249 0.179707
-44.430592 30.796172 80.200321 -86.238123 -130.960591 28.426225 0.180551
-44.430444 30.800255 80.216633 -86.249340 -130.979435 28.431064 0.181374
-44.430240 30.804218 80.232502 -86.260189 -130.997716 28.435767 0.182178
-44.429981 30.808064 80.247935 -86.270678 -131.015443 28.440337 0.182962
-44.429670 30.811794 80.262941 -86.280816 -131.032629 28.444776 0.183727
-44.429307 30.815409 80.277528 -86.290610 -131.049285 28.449087 0.184473
-44.428895 30.818910 80.291705 -86.300068 -131.065419 28.453272 0.185202
-44.428434 30.822298 80.305478 -86.309197 -131.081044 28.457333 0.185913
-44.427926 30.825574 80.318854 -86.318003 -131.096167 28.461273 0.186606
-44.427372 30.828740 80.331843 -86.326495 -131.110799 28.465093 0.187283
-44.426773 30.831797 80.344449 -86.334678 -131.124949 28.468796 0.187943
-44.426131 30.834745 80.356681 -86.342558 -131.138625 28.472383 0.188587
-44.425445 30.837586 80.368544 -86.350142 -131.151837 28.475857 0.189215
-44.424717 30.840320 80.380045 -86.357437 -131.164591 28.479219 0.189828
-44.423949 30.842949 80.391191 -86.364446 -131.176897 28.482471 0.190426
-44.423139 30.845473 80.401987 -86.371177 -131.188762 28.485614 0.191009
-44.422290 30.847892 80.412439 -86.377634 -131.200192 28.488652 0.191578
-44.421402 30.850209 80.422553 -86.383822 -131.211196 28.491584 0.192133
-44.420475 30.852422 80.432335 -86.389746 -131.221781 28.494413 0.192674
-44.419510 30.854535 80.441789 -86.395412 -131.231951 28.497140 0.193202
-44.418507 30.856546 80.450920 -86.400823 -131.241715 28.499766 0.193717
-44.417468 30.858456 80.459734 -86.405984 -131.251078 28.502294 0.194219
-44.416391 30.860267 80.468235 -86.410899 -131.260046 28.504724 0.194709
-44.415278 30.861979 80.476428 -86.415571 -131.268624 28.507057 0.195186
-44.414128 30.863591 80.484317 -86.420006 -131.276818 28.509295 0.195652
-44.412943 30.865106 80.491907 -86.424206 -131.284633 28.511439 0.196106
-44.411722 30.866523 80.499200 -86.428174 -131.292074 28.513490 0.196549
-44.410465 30.867843 80.506202 -86.431915 -131.299145 28.515450 0.196980
-44.409172 30.869066 80.512916 -86.435431 -131.305851 28.517318 0.197401
-44.407843 30.870193 80.519345 -86.438725 -131.312195 28.519097 0.197811
-44.406479 30.871223 80.525494 -86.441800 -131.318183 28.520786 0.198211
-44.405079 30.872158 80.531364 -86.444658 -131.323817 28.522388 0.198600
-44.403643 30.872998 80.536959 -86.447302 -131.329101 28.523902 0.198980
-44.402172 30.873743 80.542282 -86.449734 -131.334038 28.525330 0.199350
-44.400664 30.874393 80.547336 -86.451957 -131.338632 28.526673 0.199710
-44.399120 30.874949 80.552122 -86.453972 -131.342885 28.527930 0.200061
-44.397539 30.875410 80.556645 -86.455781 -131.346799 28.529103 0.200403
-44.395921 30.875777 80.560905 -86.457386 -131.350378 28.530192 0.200736
-44.394267 30.876050 80.564906 -86.458788 -131.353623 28.531198 0.201060
-44.392574 30.876230 80.568648 -86.459989 -131.356537 28.532121 0.201375
-44.390844 30.876316 80.572134 -86.460990 -131.359121 28.532961 0.201682
-44.389076 30.876308 80.575365 -86.461792 -131.361377 28.533720 0.201980
-44.387268 30.876206 80.578343 -86.462395 -131.363306 28.534398 0.202271
-44.385422 30.876011 80.581070 -86.462802 -131.364909 28.534994 0.202553
-44.383535 30.875723 80.583545 -86.463011 -131.366187 28.535509 0.202827
-44.381608 30.875341 80.585771 -86.463025 -131.367142 28.535943 0.203093
-44.379640 30.874865 80.587749 -86.462842 -131.367773 28.536297 0.203352
-44.377630 30.874295 80.589478 -86.462464 -131.368081 28.536571 0.203603
-44.375578 30.873632 80.590960 -86.461890 -131.368066 28.536764 0.203847
-44.373483 30.872875 80.592195 -86.461120 -131.367729 28.536877 0.204083
-44.371343 30.872023 80.593184 -86.460155 -131.367068 28.536909 0.204312
-44.369159 30.871078 80.593926 -86.458992 -131.366084 28.536861 0.204533
-44.366930 30.870037 80.594422 -86.457633 -131.364775 28.536733 0.204748
-44.364654 30.868902 80.594671 -86.456077 -131.363142 28.536525 0.204955
-44.362331 30.867672 80.594674 -86.454321 -131.361182 28.536235 0.205155
-44.359960 30.866347 80.594429 -86.452367 -131.358895 28.535865 0.205348
-44.357539 30.864926 80.593936 -86.450212 -131.356278 28.535414 0.205534
-44.355068 30.863409 80.593195 -86.447855 -131.353332 28.534881 0.205714
-44.352546 30.861796 80.592204 -86.445294 -131.350053 28.534266 0.205886
-44.349971 30.860086 80.590963 -86.442529 -131.346439 28.533569 0.206052
-44.347342 30.858279 80.589470 -86.439558 -131.342488 28.532789 0.206211
-44.344659 30.856375 80.587724 -86.436377 -131.338198 28.531926 0.206363
-44.341919 30.854372 80.585724 -86.432987 -131.333567 28.530980 0.206508
-44.339122 30.852271 80.583468 -86.429384 -131.328590 28.529949 0.206646
-44.336266 30.850070 80.580954 -86.425565 -131.323265 28.528833 0.206778
-44.333349 30.847770 80.578181 -86.421530 -131.317588 28.527632 0.206903
-44.330371 30.845370 80.575145 -86.417274 -131.311556 28.526344 0.207021
-44.327329 30.842869 80.571846 -86.412795 -131.305166 28.524969 0.207132
-44.324223 30.840267 80.568280 -86.408091 -131.298412 28.523506 0.207236
-44.321050 30.837562 80.564446 -86.403157 -131.291291 28.521954 0.207333
-44.317809 30.834755 80.560339 -86.397991 -131.283799 28.520313 0.207424
-44.314498 30.831844 80.555959 -86.392589 -131.275930 28.518581 0.207507
-44.311115 30.828829 80.551300 -86.386947 -131.267680 28.516757 0.207584
-44.307658 30.825709 80.546361 -86.381062 -131.259043 28.514840 0.207653
-44.304126 30.822483 80.541139 -86.374930 -131.250014 28.512830 0.207715
-44.300516 30.819151 80.535628 -86.368546 -131.240587 28.510725 0.207770
-44.296827 30.815711 80.529827 -86.361907 -131.230757 28.508523 0.207818
-44.293055 30.812163 80.523730 -86.355006 -131.220517 28.506223 0.207858
-44.289199 30.808506 80.517334 -86.347841 -131.209860 28.503825 0.207891
-44.285257 30.804738 80.510636 -86.340406 -131.198781 28.501327 0.207916
-44.281226 30.800860 80.503630 -86.332695 -131.187272 28.498726 0.207934
-44.277104 30.796869 80.496311 -86.324704 -131.175325 28.496023 0.207944
-44.272887 30.792765 80.488676 -86.316426 -131.162934 28.493215 0.207946
-44.268575 30.788547 80.480720 -86.307857 -131.150091 28.490301 0.207940
-44.264162 30.784214 80.472437 -86.298990 -131.136786 28.487278 0.207926
-44.259648 30.779765 80.463821 -86.289819 -131.123013 28.484146 0.207904
-44.255028 30.775198 80.454869 -86.280338 -131.108763 28.480902 0.207873
-44.250301 30.770513 80.445574 -86.270540 -131.094026 28.477545 0.207834
-44.245461 30.765707 80.435929 -86.260419 -131.078793 28.474073 0.207786
-44.240508 30.760781 80.425931 -86.249966 -131.063055 28.470483 0.207730
-44.235436 30.755733 80.415571 -86.239176 -131.046802 28.466775 0.207665
-44.230243 30.750560 80.404844 -86.228040 -131.030024 28.462945 0.207590
-44.224925 30.745264 80.393743 -86.216551 -131.012710 28.458991 0.207507
-44.219478 30.739840 80.382261 -86.204700 -130.994849 28.454912 0.207414
-44.213898 30.734290 80.370391 -86.192480 -130.976430 28.450705 0.207311
-44.208182 30.728610 80.358127 -86.179882 -130.957442 28.446367 0.207199
-44.202325 30.722800 80.345460 -86.166897 -130.937873 28.441897 0.207077
-44.196323 30.716857 80.332383 -86.153517 -130.917710 28.437291 0.206945
-44.190171 30.710782 80.318889 -86.139730 -130.896940 28.432548 0.206802
-44.183865 30.704571 80.304968 -86.125530 -130.875552 28.427664 0.206650
-44.177401 30.698223 80.290613 -86.110904 -130.853531 28.422636 0.206486
-44.170773 30.691737 80.275815 -86.095843 -130.830864 28.417463 0.206312
-44.163976 30.685112 80.260566 -86.080337 -130.807537 28.412141 0.206126
-44.157005 30.678344 80.244855 -86.064375 -130.783534 28.406666 0.205929
-44.149854 30.671433 80.228675 -86.047945 -130.758841 28.401037 0.205721
-44.142519 30.664377 80.212016 -86.031037 -130.733443 28.395250 0.205502
-44.134993 30.657174 80.194867 -86.013637 -130.707323 28.389302 0.205270
-44.127270 30.649821 80.177219 -85.995736 -130.680466 28.383189 0.205026
-44.119345 30.642318 80.159061 -85.977319 -130.652854 28.376908 0.204770
-44.111209 30.634661 80.140383 -85.958374 -130.624470 28.370456 0.204501
-44.102858 30.626850 80.121175 -85.938888 -130.595297 28.363828 0.204220
-44.094285 30.618881 80.101424 -85.918848 -130.565317 28.357022 0.203925
-44.085481 30.610753 80.081120 -85.898239 -130.534510 28.350034 0.203618
-44.076440 30.602463 80.060251 -85.877047 -130.502857 28.342859 0.203296
-44.067155 30.594010 80.038804 -85.855258 -130.470339 28.335494 0.202962
-44.057617 30.585390 80.016769 -85.832856 -130.436936 28.327935 0.202613
-44.047818 30.576602 79.994131 -85.809827 -130.402626 28.320177 0.202250
-44.037751 30.567642 79.970879 -85.786153 -130.367388 28.312217 0.201873
-44.027405 30.558509 79.946999 -85.761820 -130.331201 28.304049 0.201481
-44.016774 30.549200 79.922478 -85.736809 -130.294041 28.295670 0.201075
-44.005847 30.539712 79.897301 -85.711105 -130.255886 28.287074 0.200653
-43.994614 30.530042 79.871455 -85.684689 -130.216711 28.278258 0.200216
-43.983067 30.520187 79.844925 -85.657543 -130.176493 28.269216 0.199764
-43.971195 30.510145 79.817697 -85.629649 -130.135206 28.259943 0.199296
-43.958987 30.499912 79.789755 -85.600987 -130.092825 28.250434 0.198812
-43.946432 30.489485 79.761083 -85.571538 -130.049323 28.240684 0.198312
-43.933520 30.478862 79.731666 -85.541282 -130.004674 28.230687 0.197795
-43.920239 30.468037 79.701487 -85.510198 -129.958848 28.220439 0.197262
-43.906577 30.457009 79.670530 -85.478265 -129.911819 28.209932 0.196713
-43.892522 30.445774 79.638778 -85.445462 -129.863556 28.199163 0.196146
-43.878060 30.434327 79.606213 -85.411767 -129.814030 28.188124 0.195562
-43.863179 30.422666 79.572817 -85.377155 -129.763210 28.176809 0.194961
-43.847866 30.410785 79.538572 -85.341606 -129.711064 28.165213 0.194343
-43.832106 30.398681 79.503460 -85.305093 -129.657561 28.153329 0.193707
-43.815884 30.386350 79.467461 -85.267593 -129.602665 28.141150 0.193053
-43.799187 30.373787 79.430555 -85.229080 -129.546345 28.128669 0.192382
-43.781999 30.360988 79.392723 -85.189530 -129.488564 28.115881 0.191692
-43.764303 30.347947 79.353944 -85.148915 -129.429286 28.102777 0.190985
-43.746084 30.334660 79.314197 -85.107208 -129.368476 28.089351 0.190259
-43.727325 30.321122 79.273461 -85.064382 -129.306095 28.075594 0.189515
-43.708009 30.307327 79.231713 -85.020408 -129.242104 28.061500 0.188753
-43.688117 30.293270 79.188932 -84.975257 -129.176464 28.047060 0.187972
-43.667631 30.278945 79.145094 -84.928900 -129.109134 28.032267 0.187173
-43.646532 30.264346 79.100175 -84.881305 -129.040073 28.017112 0.186356
-43.624801 30.249467 79.054152 -84.832442 -128.969237 28.001587 0.185520
-43.602417 30.234301 79.007000 -84.782279 -128.896583 27.985683 0.184666
-43.579361 30.218841 78.958693 -84.730782 -128.822065 27.969391 0.183793
-43.555609 30.203081 78.909207 -84.677919 -128.745638 27.952702 0.182902
-43.531141 30.187012 78.858514 -84.623655 -128.667253 27.935607 0.181994
-43.505934 30.170627 78.806587 -84.567955 -128.586863 27.918096 0.181067
-43.479965 30.153919 78.753399 -84.510782 -128.504418 27.900159 0.180122
-43.453209 30.136878 78.698922 -84.452101 -128.419867 27.881787 0.179160
-43.425641 30.119496 78.643126 -84.391873 -128.333156 27.862968 0.178180
-43.397238 30.101763 78.585982 -84.330060 -128.244233 27.843692 0.177184
-43.367972 30.083671 78.527459 -84.266622 -128.153043 27.823949 0.176170
-43.337817 30.065208 78.467527 -84.201520 -128.059529 27.803726 0.175140
-43.306745 30.046366 78.406153 -84.134711 -127.963633 27.783012 0.174094
-43.274728 30.027132 78.343305 -84.066155 -127.865296 27.761796 0.173031
-43.241737 30.007495 78.278950 -83.995807 -127.764457 27.740066 0.171954
-43.207742 29.987444 78.213052 -83.923624 -127.661054 27.717808 0.170861
-43.172713 29.966965 78.145578 -83.849560 -127.555022 27.695009 0.169755
-43.136618 29.946046 78.076491 -83.773570 -127.446296 27.671658 0.168634
-43.099424 29.924673 78.005754 -83.695606 -127.334809 27.647739 0.167500
-43.061100 29.902832 77.933330 -83.615620 -127.220492 27.623240 0.166353
-43.021611 29.880507 77.859179 -83.533563 -127.103274 27.598146 0.165195
-42.980922 29.857684 77.783263 -83.449385 -126.983083 27.572441 0.164026
-42.938999 29.834345 77.705540 -83.363034 -126.859844 27.546112 0.162846
-42.895803 29.810474 77.625969 -83.274459 -126.733482 27.519141 0.161657
-42.851299 29.786052 77.544508 -83.183605 -126.603917 27.491514 0.160459
-42.805448 29.761060 77.461111 -83.090417 -126.471071 27.463214 0.159253
-42.758211 29.735480 77.375734 -82.994840 -126.334860 27.434224 0.158041
-42.709548 29.709290 77.288332 -82.896817 -126.195200 27.404526 0.156823
-42.659419 29.682470 77.198856 -82.796289 -126.052006 27.374103 0.155601
-42.607782 29.654995 77.107258 -82.693197 -125.905189 27.342935 0.154376
-42.554594 29.626843 77.013487 -82.587480 -125.754657 27.311005 0.153149
-42.499812 29.597990 76.917494 -82.479077 -125.600318 27.278292 0.151921
-42.443391 29.568408 76.819224 -82.367923 -125.442077 27.244776 0.150694
-42.385288 29.538072 76.718624 -82.253955 -125.279835 27.210437 0.149469
-42.325455 29.506952 76.615638 -82.137107 -125.113492 27.175253 0.148248
-42.263846 29.475020 76.510209 -82.017311 -124.942946 27.139203 0.147031
-42.200413 29.442245 76.402278 -81.894499 -124.768090 27.102263 0.145822
-42.135108 29.408593 76.291785 -81.768601 -124.588817 27.064411 0.144621
-42.067882 29.374032 76.178667 -81.639545 -124.405016 27.025622 0.143431
-41.998684 29.338526 76.062861 -81.507260 -124.216573 26.985871 0.142252
-41.927464 29.302038 75.944301 -81.371671 -124.023371 26.945134 0.141087
-41.854171 29.264530 75.822920 -81.232703 -123.825290 26.903384 0.139939
-41.778751 29.225961 75.698647 -81.090278 -123.622209 26.860594 0.138808
-41.701154 29.186289 75.571411 -80.944318 -123.414001 26.816736 0.137696
-41.621324 29.145470 75.441138 -80.794744 -123.200537 26.771781 0.136607
-41.539208 29.103459 75.307753 -80.641475 -122.981686 26.725699 0.135542
-41.454751 29.060208 75.171176 -80.484426 -122.757310 26.678461 0.134503
-41.367899 29.015666 75.031329 -80.323514 -122.527273 26.630034 0.133493
-41.278596 28.969781 74.888126 -80.158654 -122.291430 26.580386 0.132514
-41.186786 28.922500 74.741484 -79.989758 -122.049635 26.529483 0.131568
-41.092412 28.873767 74.591313 -79.816736 -121.801739 26.477292 0.130657
-40.995420 28.823521 74.437523 -79.639501 -121.547588 26.423776 0.129785
-40.895751 28.771702 74.280020 -79.457958 -121.287024 26.368897 0.128953
-40.793349 28.718247 74.118707 -79.272017 -121.019885 26.312619 0.128164
-40.688159 28.663090 73.953486 -79.081583 -120.746005 26.254902 0.127421
-40.580122 28.606162 73.784253 -78.886562 -120.465215 26.195705 0.126727
-40.469183 28.547393 73.610902 -78.686856 -120.177339 26.134987 0.126084
-40.355285 28.486709 73.433325 -78.482371 -119.882199 26.072703 0.125495
-40.238373 28.424035 73.251409 -78.273010 -119.579611 26.008808 0.124964
-40.118391 28.359294 73.065039 -78.058677 -119.269389 25.943256 0.124494
-39.995284 28.292408 72.874096 -77.839278 -118.951338 25.875999 0.124090
-39.868998 28.223295 72.678458 -77.614719 -118.625261 25.806985 0.123755
-39.739479 28.151874 72.478000 -77.384911 -118.290957 25.736162 0.123495
-39.606677 28.078067 72.272596 -77.149772 -117.948219 25.663475 0.123317
-39.470539 28.001793 72.062118 -76.909225 -117.596834 25.588866 0.123230
-39.331020 27.922977 71.846439 -76.663205 -117.236587 25.512274 0.123245
-39.188074 27.841551 71.625438 -76.411663 -116.867257 25.433637 0.123379
-39.041668 27.757457 71.399004 -76.154570 -116.488622 25.352887 0.123654
-38.891778 27.670653 71.167048 -75.891927 -116.100455 25.269956 0.124108
-38.738408 27.581122 70.929527 -75.623772 -115.702531 25.184774 0.124794
-38.581606 27.488887 70.686478 -75.350194 -115.294631 25.097275 0.125803
-38.421502 27.394029 70.438089 -75.071343 -114.876548 25.007405 0.127281
-38.258381 27.296724 70.184812 -74.787445 -114.448133 24.915155 0.129492
-38.092833 27.197243 69.927353 -74.499054 -114.015063 24.821924 0.131039
-37.925134 27.095774 69.666186 -74.206404 -113.577186 24.727713 0.132196
-37.755400 26.992413 69.401517 -73.909651 -113.134283 24.632470 0.133122
-37.583658 26.887196 69.133391 -73.608891 -112.686108 24.536126 0.133915
-37.409894 26.780117 68.861764 -73.304171 -112.232401 24.438601 0.134640
-37.234066 26.671141 68.586537 -72.995505 -111.772894 24.339811 0.135341
-37.056126 26.560218 68.307585 -72.682885 -111.307309 24.239670 0.136052
-36.876022 26.447290 68.024767 -72.366293 -110.835362 24.138088 0.136802
-36.693708 26.332296 67.737944 -72.045716 -110.356768 24.034975 0.137618
-36.509146 26.215189 67.446991 -71.721154 -109.871236 23.930239 0.138539
-36.322321 26.095941 67.151822 -71.392636 -109.378479 23.823784 0.139618
-36.133255 25.974563 66.852429 -71.060235 -108.878213 23.715515 0.140939
-35.942048 25.851129 66.548955 -70.724084 -108.370166 23.605346 0.142648
-35.748944 25.725821 66.241830 -70.384392 -107.854127 23.493225 0.145018
-35.554510 25.598958 65.931853 -70.041774 -107.335754 23.380683 0.146722
-35.358981 25.470733 65.619484 -69.696442 -106.814836 23.267683 0.148047
-35.162437 25.341237 65.304893 -69.348529 -106.291094 23.154143 0.149151
-34.964883 25.210492 64.988089 -68.998101 -105.764228 23.039968 0.150128
-34.766283 25.078477 64.668986 -68.645177 -105.233926 22.925059 0.151035
-34.566588 24.945142 64.347452 -68.289743 -104.699864 22.809314 0.151911
-34.365741 24.810425 64.023327 -67.931767 -104.161717 22.692629 0.152784
-34.163690 24.674258 63.696447 -67.571215 -103.619154 22.574901 0.153680
-33.960387 24.536583 63.366656 -67.208061 -103.071842 22.456023 0.154628
-33.755804 24.397359 63.033832 -66.842307 -102.519449 22.335882 0.155673
-33.549943 24.256587 62.697927 -66.473998 -101.961646 22.214366 0.156888
-33.342874 24.114336 62.359049 -66.103240 -101.398120 22.091360 0.158411
-33.134796 23.970792 62.017602 -65.730222 -100.828614 21.966776 0.160516
-32.926245 23.826332 61.674519 -65.355616 -100.258757 21.842275 0.161980
-32.717410 23.681157 61.330247 -64.979611 -99.688298 21.717782 0.163096
-32.508338 23.535350 60.984927 -64.602313 -99.116919 21.593191 0.164016
-32.299009 23.388921 60.638529 -64.223756 -98.544284 21.468388 0.164822
-32.089378 23.241831 60.290938 -63.843925 -97.970044 21.343260 0.165562
-31.879385 23.094019 59.941991 -63.462773 -97.393847 21.217697 0.166265
-31.668972 22.945407 59.591502 -63.080234 -96.815335 21.091589 0.166948
-31.458084 22.795913 59.239277 -62.696237 -96.234148 20.964824 0.167625
-31.246670 22.645465 58.885133 -62.310724 -95.649926 20.837288 0.168317
-31.034695 22.494009 58.528912 -61.923665 -95.062307 20.708862 0.169053
-30.822145 22.341534 58.170531 -61.535073 -94.470935 20.579417 0.169892
-30.609061 22.188098 57.810057 -61.145028 -93.875462 20.448818 0.170954
-30.395598 22.033891 57.447871 -60.753700 -93.275601 20.316938 0.172511
-30.182248 21.879349 57.085074 -60.361819 -92.676937 20.185560 0.173481
-29.969152 21.724675 56.722096 -59.969556 -92.079188 20.054570 0.174159
-29.756324 21.569941 56.359042 -59.576987 -91.482010 19.923836 0.174681
-29.543729 21.415138 55.995851 -59.184119 -90.885040 19.793233 0.175116
-29.331316 21.260213 55.632378 -58.790902 -90.287913 19.662642 0.175499
-29.119026 21.105088 55.268434 -58.397253 -89.690255 19.531948 0.175845
-28.906806 20.949666 54.903807 -58.003066 -89.091693 19.401042 0.176161
-28.694607 20.793849 54.538278 -57.608226 -88.491850 19.269815 0.176450
-28.482385 20.637537 54.171623 -57.212621 -87.890351 19.138157 0.176714
-28.270101 20.480643 53.803629 -56.816157 -87.286817 19.005952 0.176956
-28.057724 20.323099 53.434109 -56.418767 -86.680870 18.873079 0.177191
-27.845237 20.164877 53.062939 -56.020436 -86.072134 18.739401 0.177458
-27.632660 20.006025 52.690139 -55.621222 -85.460240 18.604765 0.177854
-27.420105 19.846725 52.316052 -55.221280 -84.844871 18.469003 0.178633
-27.208008 19.687481 51.942000 -54.821406 -84.231551 18.334000 0.178910
-26.996460 19.528487 51.568379 -54.421760 -83.619970 18.199596 0.178965
-26.785455 19.369799 51.195253 -54.022400 -83.009761 18.065636 0.178914
-26.574950 19.211394 50.822522 -53.623312 -82.400548 17.931985 0.178808
-26.364897 19.053207 50.450015 -53.224430 -81.791950 17.798517 0.178664
-26.155250 18.895154 50.077522 -52.825656 -81.183585 17.665117 0.178487
-25.945969 18.737137 49.704819 -52.426873 -80.575069 17.531672 0.178275
-25.737019 18.579060 49.331677 -52.027964 -79.966019 17.398072 0.178024
-25.528370 18.420833 48.957868 -51.628821 -79.356050 17.264202 0.177730
-25.319995 18.262383 48.583188 -51.229364 -78.744776 17.129938 0.177394
-25.111872 18.103674 48.207482 -50.829563 -78.131813 16.995143 0.177036
-24.904003 17.944736 47.830728 -50.429461 -77.516780 16.859651 0.176729
-24.696453 17.785741 47.453222 -50.029207 -76.899337 16.723257 0.176698
-24.489587 17.627238 47.076507 -49.629647 -76.284904 16.587893 0.176275
-24.283449 17.469405 46.700936 -49.230932 -75.673151 16.453359 0.175714
-24.078010 17.312275 46.326527 -48.833107 -75.063698 16.319484 0.175106
-23.873227 17.155810 45.953150 -48.436140 -74.456164 16.186131 0.174479
-23.669057 16.999934 45.580612 -48.039948 -73.850166 16.053175 0.173840
-23.465466 16.844557 45.208694 -47.644416 -73.245321 15.920505 0.173183
-23.262427 16.689579 44.837162 -47.249417 -72.641247 15.788011 0.172500
-23.059919 16.534902 44.465782 -46.854817 -72.037562 15.655589 0.171779
-22.857925 16.380433 44.094319 -46.460497 -71.433883 15.523127 0.171009
-22.656428 16.226097 43.722556 -46.066362 -70.829827 15.390510 0.170181
-22.455410 16.071847 43.350312 -45.672365 -70.225010 15.257602 0.169298
-22.254857 15.917696 42.977523 -45.278535 -69.619049 15.124234 0.168402
-22.054796 15.763792 42.604428 -44.885016 -69.011589 14.990176 0.167683
-21.855509 15.610713 42.232788 -44.492689 -68.407902 14.857349 0.166699
-21.656997 15.458609 41.862898 -44.101699 -67.807643 14.725519 0.165669
-21.459221 15.307487 41.494728 -43.712077 -67.210431 14.594511 0.164651
-21.262140 15.157297 41.128120 -43.323775 -66.615886 14.464190 0.163656
-21.065724 15.007957 40.762871 -42.936698 -66.023633 14.334440 0.162677
-20.869954 14.859373 40.398753 -42.550720 -65.433297 14.205155 0.161703
-20.674822 14.711446 40.035535 -42.165698 -64.844503 14.076234 0.160722
-20.480324 14.564078 39.672979 -41.781485 -64.256880 13.947581 0.159718
-20.286462 14.417172 39.310848 -41.397937 -63.670056 13.819099 0.158676
-20.093241 14.270641 38.948907 -41.014920 -63.083660 13.690687 0.157579
-19.900660 14.124411 38.586930 -40.632330 -62.497317 13.562236 0.156409
-19.708713 13.978431 38.224720 -40.250108 -61.910655 13.433624 0.155153
-19.517387 13.832700 37.862169 -39.868270 -61.323293 13.304686 0.153823
-19.326678 13.687337 37.499440 -39.486957 -60.734870 13.175176 0.152557
-19.136772 13.542929 37.138516 -39.107072 -60.150465 13.046945 0.151156
-18.947642 13.399589 36.779609 -38.728757 -59.569720 12.919735 0.149784
-18.759248 13.257307 36.422640 -38.352031 -58.992262 12.793379 0.148464
-18.571564 13.116025 36.067430 -37.976840 -58.417720 12.667748 0.147190
-18.384577 12.975665 35.713768 -37.603081 -57.845730 12.542735 0.145945
-18.198288 12.836141 35.361427 -37.230631 -57.275929 12.418241 0.144712
-18.012708 12.697364 35.010181 -36.859352 -56.707956 12.294174 0.143473
-17.827849 12.559250 34.659798 -36.489105 -56.141453 12.170440 0.142212
-17.643727 12.421720 34.310051 -36.119761 -55.576060 12.046946 0.140907
-17.460354 12.284703 33.960716 -35.751214 -55.011418 11.923593 0.139535
-17.277733 12.148150 33.611588 -35.383397 -54.447166 11.800266 0.138074
-17.095850 12.012047 33.262526 -35.016317 -53.882937 11.676818 0.136512
-16.914680 11.876482 32.913619 -34.650110 -53.318370 11.553000 0.134932
-16.734315 11.742015 32.566997 -34.285676 -52.758289 11.430533 0.133339
-16.554709 11.608723 32.222791 -33.923148 -52.202338 11.309158 0.131840
-16.375824 11.476580 31.880881 -33.562537 -51.650154 11.188720 0.130432
-16.197647 11.345525 31.541079 -33.203781 -51.101383 11.069103 0.129094
-16.020180 11.215485 31.203174 -32.846776 -50.555678 10.950210 0.127806
-15.843438 11.086382 30.866949 -32.491398 -50.012692 10.831950 0.126548
-15.667443 10.958136 30.532183 -32.137514 -49.472083 10.714238 0.125301
-15.492220 10.830674 30.198660 -31.784988 -48.933508 10.596989 0.124047
-15.317797 10.703925 29.866159 -31.433695 -48.396626 10.480118 0.122764
-15.144195 10.577828 29.534466 -31.083527 -47.861098 10.363535 0.121428
-14.971428 10.452335 29.203377 -30.734415 -47.326581 10.247139 0.120008
-14.799485 10.327426 28.872730 -30.386357 -46.792727 10.130799 0.118476
-14.628328 10.203158 28.542542 -30.039480 -46.259187 10.014286 0.116865
-14.457965 10.080039 28.215024 -29.694662 -45.730482 9.899144 0.115343
-14.288338 9.958112 27.890227 -29.352026 -45.206265 9.785132 0.113961
-14.119418 9.837344 27.568005 -29.011576 -44.686195 9.672113 0.112696
-13.951203 9.717677 27.248168 -28.673245 -44.169939 9.559985 0.111519
-13.783709 9.599043 26.930514 -28.336930 -43.657168 9.448661 0.110409
-13.616962 9.481376 26.614837 -28.002512 -43.147560 9.338061 0.109344
-13.450993 9.364608 26.300930 -27.669860 -42.640793 9.228107 0.108307
-13.285838 9.248674 25.988590 -27.338844 -42.136546 9.118723 0.107280
-13.121537 9.133514 25.677610 -27.009335 -41.634502 9.009834 0.106244
-12.958126 9.019072 25.367787 -26.681213 -41.134343 8.901365 0.105178
-12.795639 8.905299 25.058920 -26.354374 -40.635754 8.793235 0.104058
-12.634098 8.792155 24.750814 -26.028748 -40.138416 8.685359 0.102851
-12.473502 8.679621 24.443296 -25.704329 -39.642008 8.577625 0.101516
-12.313808 8.567732 24.136318 -25.381233 -39.146202 8.469835 0.100040
-12.154950 8.456919 23.832110 -25.060298 -38.655172 8.363331 0.098717
-11.996868 8.347205 23.530645 -24.741638 -38.168592 8.257901 0.097545
-11.839549 8.238554 23.231766 -24.425251 -37.686147 8.153430 0.096487
-11.683001 8.130917 22.935287 -24.111070 -37.207529 8.049832 0.095513
-11.527253 8.024243 22.641020 -23.798998 -36.732435 7.947030 0.094598
-11.372339 7.918477 22.348772 -23.488926 -36.260565 7.844952 0.093722
-11.218299 7.813568 22.058355 -23.180734 -35.791622 7.743528 0.092866
-11.065175 7.709467 21.769579 -22.874307 -35.325311 7.642690 0.092012
-10.913010 7.606130 21.482256 -22.569535 -34.861336 7.542370 0.091140
-10.761840 7.503516 21.196199 -22.266319 -34.399405 7.442497 0.090225
-10.611694 7.401594 20.911226 -21.964591 -33.939226 7.342996 0.089235
-10.462574 7.300345 20.627165 -21.664341 -33.480502 7.243773 0.088125
-10.314440 7.199786 20.343924 -21.365673 -33.022931 7.144666 0.086853
-10.167173 7.100266 20.063654 -21.069362 -32.570306 7.046813 0.085774
-10.020720 7.001786 19.786279 -20.775512 -32.122326 6.950038 0.084855
-9.875073 6.904316 19.511638 -20.484114 -31.678704 6.854249 0.084051
-9.730251 6.807815 19.239558 -20.195105 -31.239156 6.759368 0.083334
-9.586285 6.712241 18.969864 -19.908393 -30.803407 6.665330 0.082679
-9.443214 6.617551 18.702383 -19.623876 -30.371180 6.572070 0.082068
-9.301082 6.523704 18.436941 -19.341447 -29.942205 6.479527 0.081482
-9.159930 6.430663 18.173366 -19.061000 -29.516211 6.387639 0.080905
-9.019803 6.338393 17.911486 -18.782433 -29.092929 6.296347 0.080317
-8.880739 6.246862 17.651134 -18.505657 -28.672094 6.205587 0.079696
-8.742767 6.156047 17.392140 -18.230607 -28.253440 6.115295 0.079012
-8.605895 6.065931 17.134345 -17.957269 -27.836698 6.025395 0.078220
-8.470084 5.976522 16.877629 -17.685734 -27.421599 5.935759 0.077261
-8.335186 5.888079 16.623997 -17.416702 -27.011526 5.847331 0.076511
-8.201153 5.800597 16.373342 -17.150262 -26.606212 5.759974 0.075917
-8.067984 5.714051 16.125511 -16.886405 -26.205397 5.673611 0.075435
-7.935700 5.628406 15.880347 -16.625068 -25.808827 5.588178 0.075036
-7.804334 5.543632 15.637693 -16.366170 -25.416253 5.503617 0.074700
-7.673927 5.459694 15.397391 -16.109617 -25.027428 5.419873 0.074408
-7.544518 5.376563 15.159287 -15.855311 -24.642108 5.336890 0.074146
-7.416151 5.294210 14.923227 -15.603155 -24.260050 5.254616 0.073897
-7.288869 5.212608 14.689058 -15.353055 -23.881014 5.173000 0.073647
-7.162713 5.131733 14.456631 -15.104919 -23.504762 5.091987 0.073379
-7.037720 5.051564 14.225794 -14.858667 -23.131059 5.011527 0.073072
-6.913919 4.972085 13.996400 -14.614239 -22.759668 4.931564 0.072700
-6.791320 4.893285 13.768302 -14.371620 -22.390354 4.852035 0.072220
-6.669887 4.815166 13.541373 -14.130891 -22.022881 4.772849 0.071568
-6.549459 4.737909 13.317420 -13.892661 -21.660209 4.694766 0.071109
-6.429996 4.661505 13.096322 -13.657010 -21.302104 4.617688 0.070781
-6.311499 4.585935 12.877942 -13.423926 -20.948338 4.541553 0.070545
-6.193992 4.511177 12.662139 -13.193354 -20.598689 4.466307 0.070373
-6.077507 4.437208 12.448775 -12.965220 -20.252937 4.391900 0.070246
-5.962080 4.364007 12.237712 -12.739442 -19.910866 4.318286 0.070150
-5.847748 4.291552 12.028816 -12.515935 -19.572259 4.245417 0.070070
-5.734550 4.219825 11.821952 -12.294616 -19.236906 4.173249 0.069991
-5.622524 4.148810 11.616986 -12.075406 -18.904596 4.101737 0.069899
-5.511702 4.078490 11.413789 -11.858231 -18.575119 4.030834 0.069777
-5.402110 4.008854 11.212228 -11.643038 -18.248270 3.960495 0.069601
-5.293757 3.939894 11.012175 -11.429810 -17.923843 3.890668 0.069333
-5.186611 3.871612 10.813504 -11.218613 -17.601632 3.821288 0.068911
-5.080517 3.804118 10.617783 -11.009961 -17.284158 3.752958 0.068666
-4.975439 3.737408 10.424892 -10.803922 -16.971220 3.685609 0.068537
-4.871381 3.671465 10.234708 -10.600480 -16.662619 3.619189 0.068488
-4.768362 3.606273 10.047109 -10.399586 -16.358162 3.553654 0.068497
-4.666410 3.541818 9.861975 -10.201174 -16.057659 3.488962 0.068546
-4.565557 3.478083 9.679187 -10.005173 -15.760920 3.425073 0.068624
-4.465834 3.415054 9.498629 -9.811508 -15.467761 3.361948 0.068717
-4.367273 3.352718 9.320185 -9.620107 -15.177997 3.299549 0.068814
-4.269903 3.291063 9.143741 -9.430898 -14.891446 3.237836 0.068902
-4.173754 3.230079 8.969184 -9.243819 -14.607930 3.176772 0.068967
-4.078844 3.169757 8.796401 -9.058821 -14.327271 3.116318 0.068988
-3.985180 3.110092 8.625282 -8.875885 -14.049292 3.056434 0.068935
-3.892734 3.051084 8.455714 -8.695063 -13.773822 2.997072 0.068752
-3.801366 2.992794 8.288995 -8.516770 -13.502928 2.938700 0.068722
-3.711045 2.935216 8.125018 -8.341058 -13.236442 2.881267 0.068790
-3.621773 2.878340 7.963678 -8.167912 -12.974196 2.824734 0.068927
-3.533564 2.822155 7.804870 -7.997286 -12.716026 2.769063 0.069112
-3.446441 2.766649 7.648493 -7.829123 -12.461771 2.714222 0.069334
-3.360426 2.711813 7.494447 -7.663361 -12.211271 2.660176 0.069580
-3.275543 2.657635 7.342635 -7.499936 -11.964369 2.606892 0.069842
-3.191817 2.604107 7.192959 -7.338784 -11.720912 2.554340 0.070111
-3.109271 2.551221 7.045324 -7.179842 -11.480746 2.502487 0.070376
-3.027926 2.498970 6.899635 -7.023049 -11.243722 2.451303 0.070629
-2.947802 2.447346 6.755801 -6.868352 -11.009691 2.400757 0.070857
-2.868913 2.396345 6.613728 -6.715707 -10.778508 2.350818 0.071046
-2.791259 2.345962 6.473326 -6.565096 -10.550027 2.301454 0.071170
-2.714816 2.296197 6.334498 -6.416553 -10.324108 2.252634 0.071185
-2.639466 2.247077 6.198262 -6.270395 -10.102362 2.204700 0.071316
-2.565181 2.198597 6.064527 -6.126657 -9.884652 2.157620 0.071519
-2.491961 2.150749 5.933207 -5.985325 -9.670842 2.111363 0.071770
-2.419813 2.103528 5.804216 -5.846359 -9.460798 2.065900 0.072055
-2.348751 2.056926 5.677473 -5.709709 -9.254388 2.021204 0.072362
-2.278790 2.010935 5.552897 -5.575324 -9.051485 1.977248 0.072685
-2.209944 1.965551 5.430409 -5.443149 -8.851960 1.934007 0.073015
-2.142229 1.920766 5.309932 -5.313133 -8.655690 1.891454 0.073346
-2.075657 1.876576 5.191388 -5.185223 -8.462552 1.849566 0.073670
-2.010241 1.832976 5.074703 -5.059373 -8.272425 1.808317 0.073978
-1.945986 1.789961 4.959801 -4.935544 -8.085190 1.767683 0.074259
-1.882890 1.747528 4.846608 -4.813714 -7.900732 1.727639 0.074495
-1.820934 1.705675 4.735049 -4.693901 -7.718936 1.688164 0.074652
-1.760026 1.664409 4.625845 -4.576322 -7.540946 1.649489 0.074896
-1.700144 1.623724 4.518924 -4.460995 -7.366652 1.611592 0.075192
-1.641282 1.583617 4.414215 -4.347901 -7.195945 1.574451 0.075524
-1.583443 1.544081 4.311653 -4.237006 -7.028719 1.538042 0.075880
-1.526633 1.505111 4.211171 -4.128268 -6.864870 1.502344 0.076255
-1.470858 1.466703 4.112707 -4.021642 -6.704296 1.467336 0.076641
-1.416125 1.428851 4.016197 -3.917083 -6.546895 1.432999 0.077034
-1.362439 1.391550 3.921581 -3.814548 -6.392570 1.399311 0.077429
-1.309805 1.354796 3.828799 -3.713992 -6.241225 1.366254 0.077821
-1.258227 1.318585 3.737792 -3.615375 -6.092765 1.333809 0.078203
-1.207705 1.282914 3.648502 -3.518663 -5.947097 1.301957 0.078570
-1.158235 1.247777 3.560872 -3.423829 -5.804131 1.270679 0.078908
-1.109798 1.213173 3.474843 -3.330874 -5.663779 1.239960 0.079199
-1.062337 1.179097 3.390838 -3.239914 -5.526709 1.209929 0.079541
-1.015833 1.145545 3.308801 -3.150950 -5.392837 1.180572 0.079913
-0.970278 1.112514 3.228680 -3.063959 -5.262079 1.151872 0.080306
-0.925669 1.079997 3.150424 -2.978910 -5.134355 1.123811 0.080711
-0.882004 1.047992 3.073982 -2.895767 -5.009584 1.096373 0.081126
-0.839283 1.016492 2.999306 -2.814493 -4.887689 1.069543 0.081546
-0.797503 0.985495 2.926351 -2.735050 -4.768593 1.043305 0.081968
-0.756663 0.954995 2.855069 -2.657402 -4.652222 1.017644 0.082390
-0.716761 0.924988 2.785415 -2.581513 -4.538503 0.992546 0.082808
-0.677793 0.895470 2.717346 -2.507346 -4.427367 0.967997 0.083221
-0.639756 0.866436 2.650819 -2.434868 -4.318742 0.943981 0.083624
-0.602644 0.837883 2.585792 -2.364045 -4.212562 0.920487 0.084016
-0.566451 0.809806 2.522223 -2.294850 -4.108761 0.897500 0.084391
-0.531165 0.782202 2.460071 -2.227263 -4.007274 0.875008 0.084741
-0.496760 0.755064 2.399457 -2.161303 -3.908289 0.853047 0.085100
-0.463223 0.728389 2.340341 -2.096950 -3.811747 0.831606 0.085459
-0.430547 0.702172 2.282686 -2.034178 -3.717586 0.810671 0.085815
-0.398724 0.676409 2.226456 -1.972959 -3.625747 0.790232 0.086164
-0.367745 0.651095 2.171614 -1.913263 -3.536175 0.770276 0.086506
-0.337604 0.626226 2.118127 -1.855058 -3.448812 0.750793 0.086838
-0.308293 0.601799 2.065961 -1.798316 -3.363605 0.731771 0.087158
-0.279804 0.577807 2.015083 -1.743005 -3.280499 0.713199 0.087466
-0.252129 0.554248 1.965462 -1.689099 -3.199444 0.695067 0.087761
-0.225261 0.531116 1.917065 -1.636567 -3.120389 0.677365 0.088041
-0.199188 0.508408 1.869864 -1.585381 -3.043284 0.660083 0.088306
-0.173904 0.486118 1.823827 -1.535514 -2.968081 0.643211 0.088554
-0.149399 0.464244 1.778927 -1.486938 -2.894734 0.626740 0.088784
-0.125663 0.442779 1.735136 -1.439626 -2.823197 0.610660 0.088997
-0.102686 0.421720 1.692425 -1.393553 -2.753424 0.594961 0.089191
-0.080459 0.401062 1.650768 -1.348691 -2.685373 0.579637 0.089365
-0.058971 0.380801 1.610139 -1.305016 -2.619001 0.564676 0.089520
-0.038213 0.360933 1.570512 -1.262503 -2.554267 0.550072 0.089654
-0.018173 0.341453 1.531863 -1.221127 -2.491130 0.535816 0.089768
0.001158 0.322356 1.494168 -1.180863 -2.429551 0.521900 0.089860
0.019791 0.303639 1.457403 -1.141688 -2.369491 0.508316 0.089930
0.037738 0.285296 1.421545 -1.103578 -2.310914 0.495056 0.089979
0.055008 0.267324 1.386571 -1.066510 -2.253782 0.482113 0.090005
0.071614 0.249718 1.352460 -1.030463 -2.198060 0.469480 0.090010
0.087565 0.232473 1.319190 -0.995413 -2.143713 0.457149 0.089991
0.102873 0.215584 1.286741 -0.961338 -2.090707 0.445113 0.089951
0.117550 0.199049 1.255092 -0.928218 -2.039009 0.433366 0.089887
0.131605 0.182861 1.224224 -0.896032 -1.988588 0.421901 0.089801
0.145052 0.167017 1.194117 -0.864757 -1.939410 0.410711 0.089692
0.157900 0.151512 1.164753 -0.834375 -1.891447 0.399790 0.089561
0.170161 0.136341 1.136112 -0.804865 -1.844667 0.389132 0.089407
0.181847 0.121501 1.108178 -0.776207 -1.799042 0.378731 0.089231
0.192968 0.106987 1.080933 -0.748382 -1.754543 0.368580 0.089032
0.203537 0.092793 1.054359 -0.721372 -1.711143 0.358674 0.088811
0.213563 0.078917 1.028441 -0.695158 -1.668814 0.349008 0.088569
0.223059 0.065353 1.003162 -0.669721 -1.627529 0.339575 0.088304
0.232035 0.052096 0.978506 -0.645043 -1.587264 0.330371 0.088018
0.240503 0.039144 0.954457 -0.621107 -1.547993 0.321390 0.087710
0.248473 0.026490 0.931002 -0.597896 -1.509692 0.312627 0.087382
0.255958 0.014131 0.908125 -0.575392 -1.472336 0.304077 0.087033
0.262967 0.002063 0.885812 -0.553579 -1.435903 0.295734 0.086663
0.269512 -0.009720 0.864049 -0.532441 -1.400369 0.287595 0.086273
0.275603 -0.021220 0.842823 -0.511961 -1.365713 0.279654 0.085864
0.281252 -0.032444 0.822120 -0.492124 -1.331912 0.271907 0.085435
0.286468 -0.043394 0.801927 -0.472915 -1.298946 0.264349 0.084987
0.291263 -0.054076 0.782232 -0.454317 -1.266794 0.256976 0.084520
0.295647 -0.064494 0.763023 -0.436317 -1.235436 0.249784 0.084035
0.299631 -0.074651 0.744287 -0.418899 -1.204853 0.242768 0.083532
0.303224 -0.084552 0.726013 -0.402049 -1.175024 0.235924 0.083012
0.306437 -0.094202 0.708190 -0.385754 -1.145933 0.229249 0.082474
0.309280 -0.103604 0.690805 -0.369999 -1.117560 0.222738 0.081920
0.311764 -0.112763 0.673850 -0.354771 -1.089888 0.216387 0.081350
0.313897 -0.121683 0.657312 -0.340057 -1.062900 0.210193 0.080764
0.315690 -0.130367 0.641182 -0.325843 -1.036578 0.204153 0.080162
0.317153 -0.138821 0.625450 -0.312118 -1.010906 0.198261 0.079546
0.318294 -0.147047 0.610105 -0.298867 -0.985869 0.192516 0.078915
0.319124 -0.155051 0.595139 -0.286080 -0.961450 0.186914 0.078270
0.319652 -0.162835 0.580541 -0.273744 -0.937635 0.181450 0.077611
0.319886 -0.170405 0.566304 -0.261848 -0.914408 0.176123 0.076940
0.319837 -0.177764 0.552417 -0.250379 -0.891755 0.170929 0.076255
0.319512 -0.184915 0.538873 -0.239327 -0.869662 0.165864 0.075559
0.318921 -0.191864 0.525662 -0.228680 -0.848114 0.160925 0.074851
0.318072 -0.198613 0.512778 -0.218428 -0.827100 0.156111 0.074131
0.316974 -0.205166 0.500210 -0.208561 -0.806604 0.151417 0.073401
0.315635 -0.211527 0.487953 -0.199066 -0.786615 0.146841 0.072660
0.314064 -0.217700 0.475998 -0.189936 -0.767120 0.142380 0.071909
0.312268 -0.223689 0.464337 -0.181159 -0.748107 0.138031 0.071149
0.310256 -0.229497 0.452964 -0.172725 -0.729564 0.133792 0.070380
0.308036 -0.235128 0.441871 -0.164626 -0.711480 0.129660 0.069602
0.305614 -0.240585 0.431052 -0.156852 -0.693842 0.125633 0.068816
0.303000 -0.245873 0.420499 -0.149393 -0.676641 0.121707 0.068022
0.300200 -0.250993 0.410206 -0.142241 -0.659865 0.117882 0.067221
0.297221 -0.255951 0.400168 -0.135387 -0.643503 0.114153 0.066414
0.294072 -0.260749 0.390376 -0.128822 -0.627546 0.110519 0.065599
0.290758 -0.265391 0.380826 -0.122538 -0.611984 0.106978 0.064779
0.287287 -0.269879 0.371512 -0.116527 -0.596807 0.103528 0.063953
0.283666 -0.274219 0.362426 -0.110781 -0.582004 0.100166 0.063122
0.279900 -0.278411 0.353565 -0.105292 -0.567568 0.096890 0.062286
0.275998 -0.282461 0.344923 -0.100052 -0.553489 0.093698 0.061446
0.271965 -0.286371 0.336493 -0.095053 -0.539759 0.090588 0.060602
0.267807 -0.290144 0.328271 -0.090289 -0.526368 0.087558 0.059754
0.263530 -0.293783 0.320252 -0.085753 -0.513308 0.084606 0.058903
0.259141 -0.297291 0.312430 -0.081436 -0.500571 0.081730 0.058049
0.254646 -0.300672 0.304802 -0.077333 -0.488149 0.078929 0.057193
0.250049 -0.303928 0.297361 -0.073436 -0.476035 0.076201 0.056335
0.245358 -0.307062 0.290104 -0.069740 -0.464220 0.073543 0.055475
0.240576 -0.310078 0.283025 -0.066237 -0.452698 0.070954 0.054613
0.235710 -0.312977 0.276121 -0.062922 -0.441461 0.068433 0.053751
0.230764 -0.315764 0.269387 -0.059789 -0.430502 0.065978 0.052887
0.225745 -0.318439 0.262820 -0.056831 -0.419814 0.063586 0.052024
0.220656 -0.321007 0.256414 -0.054042 -0.409390 0.061258 0.051160
0.215503 -0.323470 0.250166 -0.051418 -0.399225 0.058990 0.050296
0.210290 -0.325831 0.244072 -0.048953 -0.389311 0.056782 0.049433
0.205022 -0.328091 0.238128 -0.046640 -0.379643 0.054632 0.048571
0.199704 -0.330254 0.232330 -0.044476 -0.370214 0.052539 0.047710
0.194339 -0.332323 0.226676 -0.042454 -0.361018 0.050501 0.046851
0.188933 -0.334299 0.221161 -0.040570 -0.352050 0.048517 0.045993
0.183489 -0.336185 0.215782 -0.038819 -0.343304 0.046586 0.045137
0.178011 -0.337984 0.210535 -0.037196 -0.334775 0.044705 0.044284
0.172503 -0.339697 0.205418 -0.035697 -0.326457 0.042875 0.043433
0.166970 -0.341328 0.200427 -0.034317 -0.318345 0.041094 0.042585
0.161414 -0.342878 0.195559 -0.033052 -0.310434 0.039360 0.041740
0.155839 -0.344350 0.190810 -0.031896 -0.302718 0.037672 0.040898
0.150250 -0.345745 0.186179 -0.030848 -0.295194 0.036030 0.040059
0.144648 -0.347066 0.181662 -0.029901 -0.287856 0.034432 0.039224
0.139038 -0.348316 0.177257 -0.029053 -0.280700 0.032876 0.038394
0.133423 -0.349495 0.172959 -0.028299 -0.273722 0.031363 0.037567
0.127806 -0.350607 0.168768 -0.027635 -0.266916 0.029890 0.036745
0.122189 -0.351652 0.164680 -0.027059 -0.260279 0.028457 0.035927
0.116576 -0.352634 0.160693 -0.026566 -0.253806 0.027063 0.035114
0.110969 -0.353554 0.156804 -0.026153 -0.247494 0.025707 0.034306
0.105372 -0.354413 0.153011 -0.025817 -0.241338 0.024388 0.033503
0.099786 -0.355214 0.149312 -0.025554 -0.235334 0.023104 0.032705
0.094214 -0.355959 0.145703 -0.025362 -0.229480 0.021856 0.031913
0.088659 -0.356649 0.142184 -0.025237 -0.223771 0.020642 0.031126
0.083123 -0.357285 0.138751 -0.025176 -0.218203 0.019460 0.030345
0.077609 -0.357871 0.135403 -0.025176 -0.212773 0.018312 0.029570
0.072118 -0.358407 0.132137 -0.025235 -0.207478 0.017194 0.028801
0.066652 -0.358894 0.128952 -0.025350 -0.202314 0.016108 0.028037
0.061214 -0.359335 0.125846 -0.025517 -0.197278 0.015052 0.027281
0.055805 -0.359732 0.122816 -0.025736 -0.192368 0.014024 0.026530
0.050428 -0.360084 0.119860 -0.026002 -0.187579 0.013025 0.025786
0.045084 -0.360395 0.116978 -0.026314 -0.182908 0.012054 0.025049
0.039774 -0.360666 0.114166 -0.026669 -0.178354 0.011110 0.024319
0.034501 -0.360897 0.111424 -0.027066 -0.173913 0.010192 0.023595
0.029266 -0.361091 0.108749 -0.027501 -0.169582 0.009300 0.022878
0.024070 -0.361248 0.106141 -0.027973 -0.165358 0.008432 0.022168
0.018915 -0.361371 0.103596 -0.028480 -0.161239 0.007589 0.021465
0.013803 -0.361459 0.101115 -0.029019 -0.157223 0.006770 0.020770
0.008733 -0.361516 0.098694 -0.029589 -0.153306 0.005973 0.020081
0.003708 -0.361541 0.096334 -0.030188 -0.149487 0.005199 0.019400
-0.001271 -0.361536 0.094031 -0.030815 -0.145762 0.004447 0.018726
-0.006203 -0.361503 0.091785 -0.031466 -0.142130 0.003716 0.018059
-0.011087 -0.361442 0.089595 -0.032141 -0.138588 0.003005 0.017400
-0.015923 -0.361354 0.087459 -0.032839 -0.135134 0.002315 0.016749
-0.020709 -0.361241 0.085375 -0.033556 -0.131766 0.001644 0.016104
-0.025444 -0.361104 0.083343 -0.034293 -0.128482 0.000993 0.015468
-0.030128 -0.360944 0.081360 -0.035047 -0.125279 0.000360 0.014839
-0.034761 -0.360761 0.079427 -0.035818 -0.122156 -0.000255 0.014217
-0.039340 -0.360557 0.077542 -0.036603 -0.119111 -0.000852 0.013603
-0.043866 -0.360333 0.075703 -0.037402 -0.116141 -0.001433 0.012997
-0.048338 -0.360090 0.073909 -0.038213 -0.113245 -0.001996 0.012399
-0.052756 -0.359828 0.072160 -0.039035 -0.110422 -0.002544 0.011808
-0.057119 -0.359549 0.070453 -0.039867 -0.107668 -0.003075 0.011224
-0.061427 -0.359253 0.068789 -0.040708 -0.104983 -0.003592 0.010649
-0.065679 -0.358942 0.067166 -0.041557 -0.102365 -0.004093 0.010081
-0.069875 -0.358616 0.065584 -0.042412 -0.099812 -0.004580 0.009520
-0.074015 -0.358275 0.064040 -0.043273 -0.097323 -0.005053 0.008968
-0.078099 -0.357922 0.062534 -0.044139 -0.094896 -0.005512 0.008422
-0.082125 -0.357556 0.061066 -0.045009 -0.092529 -0.005957 0.007885
-0.086095 -0.357178 0.059634 -0.045882 -0.090222 -0.006390 0.007355
-0.090008 -0.356789 0.058237 -0.046758 -0.087972 -0.006810 0.006832
-0.093864 -0.356390 0.056875 -0.047635 -0.085778 -0.007218 0.006317
-0.097663 -0.355982 0.055546 -0.048513 -0.083638 -0.007614 0.005810
-0.101404 -0.355564 0.054251 -0.049391 -0.081553 -0.007999 0.005310
-0.105089 -0.355139 0.052987 -0.050268 -0.079519 -0.008372 0.004817
-0.108717 -0.354706 0.051755 -0.051144 -0.077536 -0.008734 0.004332
-0.112287 -0.354266 0.050553 -0.052019 -0.075603 -0.009085 0.003854
-0.115801 -0.353820 0.049381 -0.052891 -0.073718 -0.009427 0.003383
-0.119259 -0.353368 0.048238 -0.053760 -0.071880 -0.009758 0.002920
-0.122660 -0.352911 0.047124 -0.054626 -0.070088 -0.010079 0.002463
-0.126005 -0.352449 0.046037 -0.055489 -0.068342 -0.010391 0.002014
-0.129294 -0.351984 0.044977 -0.056347 -0.066639 -0.010694 0.001572
-0.132527 -0.351515 0.043943 -0.057200 -0.064978 -0.010987 0.001136
-0.135706 -0.351043 0.042935 -0.058049 -0.063359 -0.011273 0.000708
-0.138829 -0.350569 0.041952 -0.058892 -0.061781 -0.011549 0.000287
-0.141898 -0.350093 0.040994 -0.059729 -0.060243 -0.011818 -0.000128
-0.144912 -0.349616 0.040059 -0.060561 -0.058743 -0.012078 -0.000536
-0.147873 -0.349138 0.039148 -0.061386 -0.057281 -0.012331 -0.000938
-0.150780 -0.348660 0.038259 -0.062205 -0.055856 -0.012577 -0.001333
-0.153634 -0.348181 0.037393 -0.063017 -0.054466 -0.012815 -0.001721
-0.156437 -0.347703 0.036548 -0.063822 -0.053112 -0.013046 -0.002103
-0.159187 -0.347226 0.035725 -0.064620 -0.051792 -0.013270 -0.002479
-0.161885 -0.346751 0.034922 -0.065411 -0.050505 -0.013488 -0.002848
-0.164533 -0.346277 0.034139 -0.066195 -0.049251 -0.013699 -0.003211
-0.167131 -0.345806 0.033375 -0.066971 -0.048029 -0.013904 -0.003569
-0.169679 -0.345337 0.032631 -0.067739 -0.046837 -0.014103 -0.003920
-0.172178 -0.344871 0.031905 -0.068500 -0.045676 -0.014296 -0.004265
-0.174628 -0.344409 0.031198 -0.069253 -0.044544 -0.014484 -0.004605
-0.177030 -0.343951 0.030509 -0.069999 -0.043441 -0.014666 -0.004939
-0.179385 -0.343496 0.029837 -0.070736 -0.042366 -0.014843 -0.005267
-0.181694 -0.343047 0.029181 -0.071466 -0.041319 -0.015015 -0.005590
-0.183956 -0.342602 0.028543 -0.072188 -0.040298 -0.015181 -0.005908
-0.186174 -0.342162 0.027920 -0.072903 -0.039303 -0.015343 -0.006220
-0.188346 -0.341728 0.027314 -0.073609 -0.038334 -0.015501 -0.006527
-0.190475 -0.341301 0.026722 -0.074309 -0.037390 -0.015654 -0.006829
-0.192561 -0.340879 0.026146 -0.075000 -0.036469 -0.015802 -0.007126
-0.194604 -0.340464 0.025584 -0.075685 -0.035573 -0.015946 -0.007418
-0.196606 -0.340056 0.025037 -0.076362 -0.034700 -0.016087 -0.007705
-0.198566 -0.339656 0.024504 -0.077032 -0.033849 -0.016223 -0.007987
-0.200486 -0.339263 0.023984 -0.077694 -0.033020 -0.016356 -0.008265
-0.202367 -0.338878 0.023478 -0.078350 -0.032213 -0.016485 -0.008539
-0.204209 -0.338501 0.022985 -0.078999 -0.031427 -0.016611 -0.008808
-0.206013 -0.338133 0.022504 -0.079642 -0.030662 -0.016733 -0.009073
-0.207780 -0.337774 0.022036 -0.080278 -0.029916 -0.016852 -0.009334
-0.209510 -0.337424 0.021580 -0.080908 -0.029190 -0.016968 -0.009591
-0.211205 -0.337084 0.021136 -0.081532 -0.028483 -0.017081 -0.009844
-0.212865 -0.336754 0.020704 -0.082150 -0.027795 -0.017191 -0.010093
-0.214490 -0.336433 0.020283 -0.082762 -0.027125 -0.017298 -0.010338
-0.216083 -0.336124 0.019873 -0.083369 -0.026472 -0.017403 -0.010580
-0.217642 -0.335825 0.019473 -0.083971 -0.025838 -0.017505 -0.010818
-0.219170 -0.335537 0.019085 -0.084568 -0.025220 -0.017605 -0.011054
-0.220667 -0.335260 0.018706 -0.085161 -0.024618 -0.017702 -0.011285
-0.222133 -0.334995 0.018338 -0.085749 -0.024033 -0.017797 -0.011514
-0.223570 -0.334742 0.017980 -0.086333 -0.023464 -0.017891 -0.011740
-0.224979 -0.334502 0.017631 -0.086913 -0.022910 -0.017982 -0.011963
-0.226359 -0.334274 0.017292 -0.087490 -0.022372 -0.018071 -0.012183
-0.227712 -0.334059 0.016961 -0.088063 -0.021848 -0.018159 -0.012400
-0.229038 -0.333857 0.016640 -0.088633 -0.021339 -0.018244 -0.012615
-0.230339 -0.333669 0.016328 -0.089201 -0.020843 -0.018328 -0.012828
-0.231614 -0.333494 0.016024 -0.089766 -0.020362 -0.018411 -0.013038
-0.232865 -0.333334 0.015729 -0.090329 -0.019894 -0.018492 -0.013246
-0.234093 -0.333188 0.015442 -0.090890 -0.019440 -0.018572 -0.013452
-0.235298 -0.333057 0.015163 -0.091450 -0.018998 -0.018651 -0.013656
-0.236480 -0.332941 0.014892 -0.092008 -0.018569 -0.018728 -0.013858
-0.237641 -0.332841 0.014629 -0.092566 -0.018153 -0.018805 -0.014059
-0.238781 -0.332756 0.014373 -0.093123 -0.017748 -0.018880 -0.014258
-0.239900 -0.332687 0.014125 -0.093680 -0.017356 -0.018954 -0.014455
-0.241000 -0.332635 0.013884 -0.094236 -0.016975 -0.019028 -0.014651
-0.242081 -0.332599 0.013650 -0.094793 -0.016605 -0.019101 -0.014846
-0.243143 -0.332581 0.013423 -0.095351 -0.016247 -0.019173 -0.015040
-0.244188 -0.332580 0.013203 -0.095910 -0.015900 -0.019245 -0.015232
-0.245215 -0.332596 0.012989 -0.096470 -0.015563 -0.019316 -0.015424
-0.246225 -0.332631 0.012782 -0.097031 -0.015237 -0.019386 -0.015614
-0.247218 -0.332684 0.012582 -0.097594 -0.014921 -0.019457 -0.015804
-0.248196 -0.332756 0.012388 -0.098160 -0.014616 -0.019526 -0.015994
-0.249159 -0.332847 0.012200 -0.098727 -0.014320 -0.019596 -0.016182
-0.250106 -0.332958 0.012018 -0.099298 -0.014034 -0.019666 -0.016371
-0.251038 -0.333088 0.011842 -0.099871 -0.013757 -0.019735 -0.016559
-0.251957 -0.333239 0.011672 -0.100448 -0.013490 -0.019804 -0.016747
-0.252861 -0.333410 0.011508 -0.101028 -0.013232 -0.019874 -0.016935
-0.253751 -0.333603 0.011349 -0.101612 -0.012984 -0.019943 -0.017122
-0.254628 -0.333816 0.011196 -0.102200 -0.012744 -0.020013 -0.017310
-0.255492 -0.334051 0.011048 -0.102793 -0.012512 -0.020083 -0.017498
-0.256342 -0.334309 0.010906 -0.103390 -0.012290 -0.020153 -0.017686
-0.257180 -0.334589 0.010768 -0.103991 -0.012076 -0.020224 -0.017875
-0.258004 -0.334891 0.010636 -0.104598 -0.011870 -0.020295 -0.018063
-0.258816 -0.335217 0.010509 -0.105210 -0.011672 -0.020367 -0.018253
-0.259614 -0.335567 0.010388 -0.105827 -0.011482 -0.020439 -0.018443
-0.260399 -0.335941 0.010271 -0.106449 -0.011301 -0.020511 -0.018633
-0.261172 -0.336339 0.010158 -0.107078 -0.011127 -0.020585 -0.018825
-0.261930 -0.336762 0.010051 -0.107712 -0.010961 -0.020659 -0.019017
-0.262676 -0.337210 0.009948 -0.108352 -0.010802 -0.020734 -0.019210
-0.263407 -0.337684 0.009850 -0.108998 -0.010651 -0.020810 -0.019403
-0.264123 -0.338184 0.009757 -0.109650 -0.010508 -0.020886 -0.019598
-0.264825 -0.338711 0.009668 -0.110308 -0.010372 -0.020964 -0.019794
-0.265511 -0.339264 0.009583 -0.110973 -0.010243 -0.021043 -0.019991
-0.266181 -0.339844 0.009503 -0.111644 -0.010121 -0.021122 -0.020189
-0.266834 -0.340453 0.009427 -0.112321 -0.010006 -0.021203 -0.020388
-0.267469 -0.341089 0.009355 -0.113004 -0.009899 -0.021285 -0.020588
-0.268084 -0.341754 0.009288 -0.113694 -0.009798 -0.021368 -0.020790
-0.268679 -0.342448 0.009225 -0.114390 -0.009705 -0.021453 -0.020993
-0.269252 -0.343171 0.009165 -0.115092 -0.009618 -0.021539 -0.021197
-0.269801 -0.343924 0.009110 -0.115800 -0.009538 -0.021626 -0.021403
-0.270323 -0.344707 0.009058 -0.116515 -0.009465 -0.021714 -0.021610
-0.270816 -0.345520 0.009011 -0.117236 -0.009398 -0.021804 -0.021819
-0.271276 -0.346365 0.008967 -0.117963 -0.009339 -0.021895 -0.022029
-0.271697 -0.347240 0.008926 -0.118697 -0.009286 -0.021988 -0.022242
-0.272074 -0.348148 0.008888 -0.119437 -0.009241 -0.022083 -0.022457
-0.272398 -0.349087 0.008853 -0.120184 -0.009202 -0.022179 -0.022673
-0.272660 -0.350059 0.008820 -0.120935 -0.009171 -0.022276 -0.022891
-0.272848 -0.351064 0.008790 -0.121686 -0.009147 -0.022375 -0.023109
-0.272947 -0.352102 0.008761 -0.122421 -0.009130 -0.022475 -0.023321
-0.272948 -0.353174 0.008736 -0.123103 -0.009121 -0.022577 -0.023511
-0.272852 -0.354280 0.008715 -0.123639 -0.009117 -0.022681 -0.023643
-0.272708 -0.355420 0.008717 -0.123781 -0.009112 -0.022787 -0.023699
-0.272426 -0.356597 0.008724 -0.123747 -0.009104 -0.022898 -0.023700
