-0.000000 0.000000 -0.000000
0.004275 -0.052353 -0.002456
0.012747 -0.145042 -0.006057
0.021758 -0.261494 -0.010327
0.029683 -0.385797 -0.014985
0.036082 -0.506765 -0.019888
0.041013 -0.618658 -0.024934
0.044649 -0.718940 -0.030045
0.047168 -0.806899 -0.035160
0.048728 -0.882818 -0.040231
0.049467 -0.947487 -0.045223
0.049498 -1.001917 -0.050109
0.048917 -1.047188 -0.054867
0.047808 -1.084356 -0.059483
0.046278 -1.114421 -0.063954
0.044415 -1.138334 -0.068277
0.042309 -1.157001 -0.072456
0.040058 -1.171324 -0.076507
0.037556 -1.181903 -0.080356
0.034848 -1.189097 -0.084021
0.031975 -1.193323 -0.087514
0.028971 -1.195001 -0.090842
0.025867 -1.194524 -0.094010
0.022689 -1.192243 -0.097022
0.019459 -1.188466 -0.099883
0.016198 -1.183456 -0.102594
0.012923 -1.177443 -0.105158
0.009649 -1.170622 -0.107577
0.006388 -1.163169 -0.109850
0.003152 -1.155226 -0.111979
-0.000049 -1.146906 -0.113966
-0.003207 -1.138304 -0.115815
-0.006314 -1.129497 -0.117529
-0.009365 -1.120547 -0.119112
-0.012355 -1.111509 -0.120565
-0.015280 -1.102425 -0.121893
-0.018136 -1.093330 -0.123099
-0.020920 -1.084253 -0.124185
-0.023631 -1.075217 -0.125156
-0.026266 -1.066243 -0.126013
-0.028822 -1.057348 -0.126759
-0.031299 -1.048551 -0.127398
-0.033697 -1.039877 -0.127928
-0.036014 -1.031338 -0.128353
-0.038250 -1.022941 -0.128674
-0.040407 -1.014690 -0.128893
-0.042485 -1.006584 -0.129012
-0.044468 -0.998627 -0.129037
-0.046357 -0.990836 -0.128973
-0.048160 -0.983207 -0.128820
-0.049881 -0.975738 -0.128582
-0.051520 -0.968422 -0.128259
-0.053080 -0.961255 -0.127856
-0.054561 -0.954236 -0.127375
-0.055964 -0.947364 -0.126819
-0.057291 -0.940654 -0.126190
-0.058543 -0.934107 -0.125490
-0.059720 -0.927718 -0.124724
-0.060824 -0.921484 -0.123894
-0.061856 -0.915398 -0.123003
-0.062819 -0.909453 -0.122055
-0.063714 -0.903644 -0.121053
-0.064543 -0.897964 -0.120000
-0.065308 -0.892407 -0.118899
-0.066011 -0.886966 -0.117752
-0.066652 -0.881636 -0.116563
-0.067234 -0.876414 -0.115334
-0.067757 -0.871300 -0.114066
-0.068223 -0.866306 -0.112763
-0.068634 -0.861434 -0.111425
-0.068990 -0.856679 -0.110056
-0.069294 -0.852038 -0.108657
-0.069548 -0.847503 -0.107231
-0.069752 -0.843069 -0.105780
-0.069908 -0.838730 -0.104306
-0.070020 -0.834480 -0.102811
-0.070087 -0.830313 -0.101298
-0.070113 -0.826223 -0.099768
-0.070098 -0.822205 -0.098222
-0.070044 -0.818255 -0.096663
-0.069952 -0.814369 -0.095092
-0.069824 -0.810549 -0.093510
-0.069660 -0.806808 -0.091918
-0.069462 -0.803147 -0.090319
-0.069231 -0.799564 -0.088712
-0.068969 -0.796055 -0.087100
-0.068677 -0.792615 -0.085484
-0.068355 -0.789239 -0.083865
-0.068006 -0.785922 -0.082244
-0.067632 -0.782658 -0.080623
-0.067232 -0.779444 -0.079003
-0.066810 -0.776275 -0.077384
-0.066365 -0.773146 -0.075768
-0.065898 -0.770057 -0.074156
-0.065411 -0.767009 -0.072548
-0.064905 -0.764015 -0.070946
-0.064380 -0.761079 -0.069349
-0.063837 -0.758197 -0.067758
-0.063277 -0.755367 -0.066175
-0.062702 -0.752585 -0.064600
-0.062112 -0.749847 -0.063034
-0.061508 -0.747147 -0.061477
-0.060891 -0.744483 -0.059930
-0.060263 -0.741849 -0.058394
-0.059624 -0.739243 -0.056870
-0.058974 -0.736661 -0.055357
-0.058315 -0.734102 -0.053857
-0.057647 -0.731568 -0.052369
-0.056971 -0.729074 -0.050894
-0.056287 -0.726621 -0.049432
-0.055597 -0.724209 -0.047984
-0.054899 -0.721836 -0.046550
-0.054196 -0.719496 -0.045131
-0.053488 -0.717188 -0.043726
-0.052775 -0.714907 -0.042336
-0.052059 -0.712649 -0.040962
-0.051339 -0.710411 -0.039603
-0.050618 -0.708189 -0.038261
-0.049894 -0.705980 -0.036934
-0.049169 -0.703781 -0.035623
-0.048443 -0.701593 -0.034329
-0.047716 -0.699417 -0.033052
-0.046989 -0.697268 -0.031791
-0.046262 -0.695149 -0.030546
-0.045536 -0.693058 -0.029319
-0.044810 -0.690995 -0.028108
-0.044085 -0.688955 -0.026915
-0.043362 -0.686935 -0.025738
-0.042641 -0.684933 -0.024579
-0.041922 -0.682944 -0.023437
-0.041206 -0.680967 -0.022312
-0.040493 -0.678998 -0.021204
-0.039784 -0.677034 -0.020113
-0.039078 -0.675076 -0.019040
-0.038376 -0.673127 -0.017984
-0.037678 -0.671200 -0.016945
-0.036985 -0.669300 -0.015924
-0.036296 -0.667424 -0.014919
-0.035611 -0.665572 -0.013931
-0.034931 -0.663741 -0.012961
-0.034256 -0.661928 -0.012007
-0.033586 -0.660129 -0.011070
-0.032922 -0.658342 -0.010150
-0.032264 -0.656564 -0.009247
-0.031611 -0.654793 -0.008360
-0.030965 -0.653026 -0.007490
-0.030325 -0.651263 -0.006636
-0.029691 -0.649508 -0.005798
-0.029064 -0.647774 -0.004977
-0.028443 -0.646065 -0.004172
-0.027828 -0.644381 -0.003382
-0.027220 -0.642719 -0.002609
-0.026619 -0.641077 -0.001851
-0.026025 -0.639452 -0.001108
-0.025437 -0.637843 -0.000381
-0.024856 -0.636244 0.000331
-0.024283 -0.634655 0.001027
-0.023717 -0.633071 0.001709
-0.023159 -0.631492 0.002376
-0.022608 -0.629914 0.003028
-0.022065 -0.628338 0.003666
-0.021528 -0.626768 0.004290
-0.021000 -0.625217 0.004899
-0.020478 -0.623688 0.005495
-0.019965 -0.622181 0.006077
-0.019458 -0.620695 0.006645
-0.018959 -0.619227 0.007199
-0.018468 -0.617774 0.007740
-0.017984 -0.616335 0.008268
-0.017508 -0.614905 0.008783
-0.017039 -0.613483 0.009286
-0.016578 -0.612067 0.009775
-0.016125 -0.610654 0.010253
-0.015679 -0.609245 0.010718
-0.015241 -0.607843 0.011171
-0.014810 -0.606461 0.011612
-0.014387 -0.605104 0.012041
-0.013971 -0.603770 0.012459
-0.013562 -0.602459 0.012865
-0.013161 -0.601168 0.013260
-0.012767 -0.599894 0.013644
-0.012381 -0.598635 0.014018
-0.012002 -0.597388 0.014380
-0.011630 -0.596151 0.014732
-0.011265 -0.594921 0.015074
-0.010908 -0.593697 0.015406
-0.010558 -0.592479 0.015728
-0.010215 -0.591271 0.016040
-0.009879 -0.590085 0.016342
-0.009550 -0.588924 0.016635
-0.009228 -0.587790 0.016918
-0.008913 -0.586679 0.017193
-0.008604 -0.585591 0.017458
-0.008302 -0.584522 0.017715
-0.008007 -0.583470 0.017963
-0.007719 -0.582431 0.018202
-0.007437 -0.581405 0.018433
-0.007162 -0.580387 0.018657
-0.006893 -0.579376 0.018872
-0.006631 -0.578370 0.019080
-0.006376 -0.577369 0.019280
-0.006126 -0.576377 0.019472
-0.005883 -0.575406 0.019657
-0.005646 -0.574460 0.019835
-0.005415 -0.573539 0.020006
-0.005191 -0.572641 0.020170
-0.004972 -0.571764 0.020328
-0.004759 -0.570906 0.020478
-0.004551 -0.570064 0.020623
-0.004350 -0.569234 0.020761
-0.004154 -0.568416 0.020893
-0.003964 -0.567606 0.021019
-0.003780 -0.566804 0.021139
-0.003601 -0.566008 0.021254
-0.003427 -0.565224 0.021363
-0.003259 -0.564462 0.021466
-0.003096 -0.563727 0.021565
-0.002938 -0.563018 0.021658
-0.002785 -0.562334 0.021746
-0.002637 -0.561673 0.021829
-0.002495 -0.561033 0.021907
-0.002357 -0.560409 0.021981
-0.002223 -0.559801 0.022050
-0.002095 -0.559205 0.022115
-0.001972 -0.558620 0.022175
-0.001853 -0.558043 0.022232
-0.001738 -0.557475 0.022284
-0.001628 -0.556919 0.022333
-0.001522 -0.556388 0.022377
-0.001421 -0.555884 0.022418
-0.001324 -0.555408 0.022455
-0.001231 -0.554957 0.022489
-0.001142 -0.554531 0.022519
-0.001057 -0.554126 0.022546
-0.000975 -0.553740 0.022570
-0.000898 -0.553369 0.022591
-0.000825 -0.553012 0.022608
-0.000756 -0.552665 0.022623
-0.000690 -0.552327 0.022635
-0.000628 -0.551996 0.022645
-0.000569 -0.551671 0.022652
-0.000514 -0.551357 0.022656
-0.000462 -0.551065 0.022659
-0.000414 -0.550799 0.022658
-0.000369 -0.550558 0.022656
-0.000327 -0.550341 0.022651
-0.000289 -0.550145 0.022644
-0.000253 -0.549968 0.022635
-0.000220 -0.549808 0.022624
-0.000191 -0.549661 0.022612
-0.000164 -0.549526 0.022597
-0.000140 -0.549399 0.022581
-0.000119 -0.549280 0.022564
-0.000101 -0.549168 0.022545
-0.000085 -0.549067 0.022524
-0.000072 -0.548988 0.022503
-0.000061 -0.548934 0.022479
-0.000053 -0.548907 0.022455
-0.000048 -0.548903 0.022429
-0.000044 -0.548921 0.022402
-0.000043 -0.548957 0.022374
-0.000044 -0.549011 0.022345
-0.000048 -0.549077 0.022314
-0.000053 -0.549155 0.022283
-0.000061 -0.549242 0.022252
-0.000070 -0.549336 0.022219
-0.000082 -0.549437 0.022186
-0.000095 -0.549549 0.022152
-0.000110 -0.549682 0.022118
-0.000127 -0.549841 0.022083
-0.000146 -0.550024 0.022047
-0.000167 -0.550231 0.022010
-0.000189 -0.550459 0.021974
-0.000212 -0.550705 0.021936
-0.000238 -0.550967 0.021899
-0.000264 -0.551241 0.021861
-0.000292 -0.551525 0.021822
-0.000322 -0.551817 0.021784
-0.000353 -0.552114 0.021746
-0.000386 -0.552414 0.021707
-0.000420 -0.552717 0.021668
-0.000454 -0.553026 0.021630
-0.000490 -0.553354 0.021591
-0.000528 -0.553702 0.021552
-0.000566 -0.554071 0.021513
-0.000606 -0.554459 0.021475
-0.000646 -0.554863 0.021436
-0.000688 -0.555281 0.021397
-0.000730 -0.555711 0.021358
-0.000774 -0.556149 0.021320
-0.000818 -0.556592 0.021282
-0.000863 -0.557039 0.021244
-0.000909 -0.557487 0.021206
-0.000956 -0.557936 0.021169
-0.001003 -0.558390 0.021132
-0.001051 -0.558860 0.021095
-0.001100 -0.559349 0.021059
-0.001149 -0.559856 0.021023
-0.001199 -0.560380 0.020987
-0.001250 -0.560918 0.020951
-0.001301 -0.561468 0.020916
-0.001352 -0.562026 0.020881
-0.001404 -0.562590 0.020847
-0.001456 -0.563157 0.020813
-0.001509 -0.563725 0.020780
-0.001562 -0.564291 0.020747
-0.001616 -0.564856 0.020715
-0.001669 -0.565423 0.020683
-0.001723 -0.566001 0.020652
-0.001777 -0.566595 0.020621
-0.001832 -0.567205 0.020591
-0.001886 -0.567827 0.020561
-0.001941 -0.568460 0.020531
-0.001996 -0.569100 0.020502
-0.002050 -0.569745 0.020474
-0.002105 -0.570391 0.020446
-0.002160 -0.571036 0.020418
-0.002215 -0.571676 0.020392
-0.002271 -0.572309 0.020366
-0.002326 -0.572933 0.020340
-0.002381 -0.573547 0.020316
-0.002435 -0.574154 0.020292
-0.002490 -0.574765 0.020268
-0.002545 -0.575383 0.020245
-0.002600 -0.576007 0.020222
-0.002654 -0.576636 0.020200
-0.002709 -0.577266 0.020178
-0.002763 -0.577895 0.020157
-0.002817 -0.578520 0.020136
-0.002871 -0.579138 0.020116
-0.002926 -0.579748 0.020096
-0.002981 -0.580347 0.020077
-0.003037 -0.580936 0.020059
-0.003095 -0.581517 0.020041
-0.003154 -0.582096 0.020024
-0.003210 -0.582683 0.020008
-0.003265 -0.583279 0.019992
-0.003318 -0.583882 0.019977
-0.003372 -0.584489 0.019963
-0.003424 -0.585097 0.019949
-0.003476 -0.585704 0.019936
-0.003528 -0.586307 0.019924
-0.003580 -0.586904 0.019913
-0.003631 -0.587492 0.019903
-0.003682 -0.588071 0.019894
-0.003733 -0.588638 0.019885
-0.003783 -0.589195 0.019877
-0.003833 -0.589745 0.019870
-0.003883 -0.590300 0.019864
-0.003932 -0.590864 0.019858
-0.003981 -0.591437 0.019853
-0.004030 -0.592018 0.019849
-0.004078 -0.592605 0.019845
-0.004126 -0.593196 0.019841
-0.004173 -0.593788 0.019839
-0.004220 -0.594380 0.019837
-0.004267 -0.594968 0.019836
-0.004313 -0.595551 0.019835
-0.004359 -0.596126 0.019835
-0.004404 -0.596692 0.019836
-0.004449 -0.597249 0.019838
-0.004493 -0.597802 0.019840
-0.004537 -0.598361 0.019843
-0.004581 -0.598930 0.019846
-0.004624 -0.599509 0.019850
-0.004666 -0.600097 0.019854
-0.004708 -0.600693 0.019859
-0.004750 -0.601292 0.019864
-0.004791 -0.601894 0.019870
-0.004831 -0.602495 0.019876
-0.004871 -0.603092 0.019883
-0.004911 -0.603685 0.019890
-0.004950 -0.604270 0.019899
-0.004989 -0.604849 0.019907
-0.005026 -0.605426 0.019916
-0.005064 -0.606010 0.019926
-0.005101 -0.606607 0.019936
-0.005137 -0.607215 0.019946
-0.005173 -0.607834 0.019957
-0.005208 -0.608461 0.019968
-0.005243 -0.609095 0.019980
-0.005277 -0.609731 0.019991
-0.005311 -0.610368 0.020004
-0.005344 -0.611002 0.020016
-0.005377 -0.611632 0.020030
-0.005409 -0.612256 0.020043
-0.005441 -0.612874 0.020057
-0.005471 -0.613490 0.020072
-0.005502 -0.614114 0.020086
-0.005532 -0.614751 0.020101
-0.005561 -0.615400 0.020117
-0.005590 -0.616061 0.020132
-0.005618 -0.616729 0.020147
-0.005646 -0.617404 0.020163
-0.005673 -0.618081 0.020179
-0.005699 -0.618759 0.020196
-0.005725 -0.619434 0.020212
-0.005751 -0.620103 0.020229
-0.005776 -0.620765 0.020247
-0.005801 -0.621417 0.020265
-0.005825 -0.622059 0.020283
-0.005848 -0.622696 0.020301
-0.005871 -0.623338 0.020319
-0.005893 -0.623990 0.020338
-0.005915 -0.624649 0.020357
-0.005937 -0.625317 0.020376
-0.005957 -0.625989 0.020395
-0.005978 -0.626664 0.020414
-0.005998 -0.627338 0.020433
-0.006017 -0.628008 0.020452
-0.006036 -0.628672 0.020472
-0.006054 -0.629327 0.020492
-0.006072 -0.629972 0.020512
-0.006090 -0.630607 0.020532
-0.006106 -0.631235 0.020553
-0.006122 -0.631868 0.020573
-0.006138 -0.632509 0.020594
-0.006154 -0.633159 0.020614
-0.006169 -0.633815 0.020634
-0.006183 -0.634476 0.020655
-0.006197 -0.635138 0.020675
-0.006210 -0.635799 0.020696
-0.006223 -0.636456 0.020716
-0.006236 -0.637105 0.020737
-0.006248 -0.637745 0.020757
-0.006259 -0.638374 0.020778
-0.006270 -0.638991 0.020799
-0.006281 -0.639602 0.020820
-0.006291 -0.640216 0.020841
-0.006301 -0.640837 0.020861
-0.006310 -0.641466 0.020882
-0.006319 -0.642101 0.020902
-0.006327 -0.642740 0.020922
-0.006335 -0.643379 0.020942
-0.006342 -0.644015 0.020962
-0.006349 -0.644646 0.020982
-0.006356 -0.645269 0.021002
-0.006362 -0.645879 0.021022
-0.006368 -0.646476 0.021042
-0.006374 -0.647057 0.021063
-0.006379 -0.647623 0.021083
-0.006383 -0.648177 0.021102
-0.006388 -0.648730 0.021122
-0.006392 -0.649287 0.021142
-0.006395 -0.649847 0.021161
-0.006399 -0.650408 0.021181
-0.006402 -0.650969 0.021200
-0.006404 -0.651527 0.021219
-0.006406 -0.652077 0.021237
-0.006408 -0.652618 0.021256
-0.006410 -0.653146 0.021274
-0.006411 -0.653659 0.021293
-0.006412 -0.654156 0.021311
-0.006412 -0.654636 0.021329
-0.006412 -0.655103 0.021347
-0.006412 -0.655569 0.021365
-0.006411 -0.656037 0.021383
-0.006411 -0.656508 0.021400
-0.006410 -0.656981 0.021417
-0.006408 -0.657452 0.021434
-0.006407 -0.657919 0.021450
-0.006405 -0.658379 0.021467
-0.006402 -0.658828 0.021483
-0.006400 -0.659263 0.021498
-0.006397 -0.659683 0.021514
-0.006394 -0.660085 0.021530
-0.006390 -0.660470 0.021545
-0.006386 -0.660842 0.021560
-0.006382 -0.661212 0.021575
-0.006378 -0.661584 0.021589
-0.006373 -0.661958 0.021603
-0.006369 -0.662332 0.021617
-0.006364 -0.662705 0.021630
-0.006358 -0.663073 0.021643
-0.006353 -0.663433 0.021656
-0.006347 -0.663781 0.021668
-0.006341 -0.664115 0.021681
-0.006335 -0.664430 0.021692
-0.006329 -0.664726 0.021704
-0.006322 -0.664999 0.021716
-0.006315 -0.665251 0.021727
-0.006308 -0.665485 0.021738
-0.006301 -0.665713 0.021749
-0.006294 -0.665939 0.021760
-0.006286 -0.666163 0.021770
-0.006279 -0.666384 0.021780
-0.006271 -0.666599 0.021789
-0.006263 -0.666805 0.021798
-0.006255 -0.666998 0.021806
-0.006247 -0.667177 0.021815
-0.006239 -0.667336 0.021823
-0.006230 -0.667475 0.021831
-0.006221 -0.667591 0.021838
-0.006213 -0.667685 0.021845
-0.006203 -0.667761 0.021852
-0.006194 -0.667830 0.021859
-0.006185 -0.667897 0.021865
-0.006176 -0.667962 0.021871
-0.006166 -0.668024 0.021876
-0.006157 -0.668080 0.021881
-0.006147 -0.668127 0.021886
-0.006137 -0.668162 0.021890
-0.006127 -0.668181 0.021894
-0.006118 -0.668182 0.021897
-0.006108 -0.668161 0.021900
-0.006097 -0.668117 0.021903
-0.006087 -0.668050 0.021906
-0.006076 -0.667966 0.021908
-0.006066 -0.667875 0.021910
-0.006055 -0.667781 0.021911
-0.006045 -0.667686 0.021912
-0.006034 -0.667588 0.021912
-0.006023 -0.667484 0.021912
-0.006012 -0.667371 0.021912
-0.006001 -0.667245 0.021911
-0.005991 -0.667103 0.021909
-0.005980 -0.666942 0.021908
-0.005969 -0.666757 0.021906
-0.005958 -0.666547 0.021904
-0.005947 -0.666309 0.021901
-0.005936 -0.666045 0.021898
-0.005924 -0.665759 0.021895
-0.005913 -0.665463 0.021892
-0.005902 -0.665160 0.021888
-0.005891 -0.664852 0.021883
-0.005880 -0.664536 0.021878
-0.005869 -0.664211 0.021873
-0.005858 -0.663874 0.021867
-0.005847 -0.663519 0.021861
-0.005836 -0.663145 0.021855
-0.005825 -0.662748 0.021848
-0.005814 -0.662325 0.021841
-0.005803 -0.661875 0.021834
-0.005792 -0.661398 0.021826
-0.005781 -0.660899 0.021818
-0.005770 -0.660389 0.021809
-0.005759 -0.659875 0.021800
-0.005748 -0.659355 0.021791
-0.005737 -0.658829 0.021781
-0.005726 -0.658294 0.021770
-0.005715 -0.657746 0.021759
-0.005705 -0.657183 0.021748
-0.005694 -0.656600 0.021737
-0.005683 -0.655995 0.021725
-0.005673 -0.655364 0.021712
-0.005662 -0.654706 0.021700
-0.005652 -0.654021 0.021687
-0.005641 -0.653315 0.021673
-0.005630 -0.652600 0.021659
-0.005620 -0.651879 0.021645
-0.005610 -0.651155 0.021630
-0.005599 -0.650424 0.021615
-0.005589 -0.649686 0.021599
-0.005579 -0.648935 0.021582
-0.005569 -0.648169 0.021566
-0.005559 -0.647383 0.021548
-0.005549 -0.646574 0.021531
-0.005540 -0.645738 0.021513
-0.005530 -0.644872 0.021495
-0.005521 -0.643975 0.021477
-0.005511 -0.643048 0.021458
-0.005501 -0.642095 0.021439
-0.005492 -0.641129 0.021420
-0.005483 -0.640154 0.021400
-0.005474 -0.639172 0.021380
-0.005465 -0.638180 0.021359
-0.005456 -0.637176 0.021338
-0.005448 -0.636156 0.021316
-0.005439 -0.635117 0.021294
-0.005431 -0.634055 0.021272
-0.005422 -0.632966 0.021249
-0.005414 -0.631848 0.021226
-0.005406 -0.630700 0.021203
-0.005398 -0.629521 0.021179
-0.005390 -0.628318 0.021155
-0.005382 -0.627102 0.021131
-0.005375 -0.625878 0.021106
-0.005367 -0.624648 0.021081
-0.005360 -0.623409 0.021055
-0.005353 -0.622160 0.021029
-0.005346 -0.620896 0.021002
-0.005339 -0.619614 0.020975
-0.005332 -0.618310 0.020948
-0.005326 -0.616980 0.020920
-0.005319 -0.615621 0.020892
-0.005313 -0.614233 0.020863
-0.005306 -0.612815 0.020835
-0.005300 -0.611374 0.020805
-0.005294 -0.609920 0.020776
-0.005288 -0.608461 0.020746
-0.005282 -0.606996 0.020715
-0.005277 -0.605525 0.020684
-0.005272 -0.604043 0.020653
-0.005266 -0.602548 0.020621
-0.005262 -0.601035 0.020589
-0.005257 -0.599501 0.020556
-0.005252 -0.597940 0.020523
-0.005248 -0.596350 0.020490
-0.005243 -0.594727 0.020456
-0.005239 -0.593069 0.020423
-0.005235 -0.591379 0.020388
-0.005231 -0.589660 0.020354
-0.005227 -0.587926 0.020319
-0.005223 -0.586182 0.020284
-0.005220 -0.584428 0.020249
-0.005217 -0.582664 0.020213
-0.005214 -0.580887 0.020176
-0.005212 -0.579093 0.020140
-0.005209 -0.577277 0.020102
-0.005207 -0.575436 0.020065
-0.005205 -0.573565 0.020027
-0.005203 -0.571663 0.019989
-0.005201 -0.569727 0.019951
-0.005199 -0.567759 0.019913
-0.005197 -0.565763 0.019874
-0.005196 -0.563754 0.019834
-0.005194 -0.561736 0.019795
-0.005194 -0.559710 0.019755
-0.005193 -0.557676 0.019714
-0.005192 -0.555630 0.019673
-0.005192 -0.553568 0.019632
-0.005192 -0.551486 0.019590
-0.005192 -0.549381 0.019548
-0.005193 -0.547247 0.019506
-0.005193 -0.545083 0.019464
-0.005194 -0.542886 0.019421
-0.005194 -0.540657 0.019378
-0.005195 -0.538403 0.019334
-0.005196 -0.536137 0.019290
-0.005197 -0.533863 0.019246
-0.005199 -0.531584 0.019201
-0.005201 -0.529298 0.019156
-0.005203 -0.527001 0.019110
-0.005205 -0.524691 0.019065
-0.005208 -0.522361 0.019018
-0.005211 -0.520007 0.018972
-0.005214 -0.517626 0.018925
-0.005217 -0.515213 0.018878
-0.005220 -0.512765 0.018831
-0.005223 -0.510279 0.018783
-0.005227 -0.507758 0.018736
-0.005230 -0.505207 0.018688
-0.005234 -0.502640 0.018639
-0.005239 -0.500062 0.018591
-0.005243 -0.497475 0.018542
-0.005248 -0.494878 0.018493
-0.005253 -0.492266 0.018443
-0.005258 -0.489636 0.018393
-0.005264 -0.486984 0.018343
-0.005270 -0.484305 0.018293
-0.005276 -0.481596 0.018242
-0.005282 -0.478852 0.018192
-0.005288 -0.476073 0.018141
-0.005294 -0.473259 0.018089
-0.005300 -0.470417 0.018038
-0.005307 -0.467560 0.017986
-0.005314 -0.464696 0.017934
-0.005321 -0.461824 0.017882
-0.005329 -0.458944 0.017829
-0.005337 -0.456052 0.017776
-0.005345 -0.453144 0.017723
-0.005353 -0.450216 0.017669
-0.005362 -0.447263 0.017615
-0.005371 -0.444281 0.017561
-0.005380 -0.441267 0.017507
-0.005388 -0.438219 0.017453
-0.005398 -0.435139 0.017398
-0.005407 -0.432031 0.017343
-0.005416 -0.428912 0.017288
-0.005426 -0.425788 0.017232
-0.005436 -0.422659 0.017177
-0.005447 -0.419524 0.017121
-0.005458 -0.416380 0.017065
-0.005469 -0.413222 0.017008
-0.005480 -0.410046 0.016951
-0.005491 -0.406846 0.016895
-0.005503 -0.403618 0.016838
-0.005515 -0.400359 0.016780
-0.005527 -0.397063 0.016723
-0.005539 -0.393730 0.016666
-0.005551 -0.390360 0.016609
-0.005563 -0.386961 0.016551
-0.005575 -0.383547 0.016493
-0.005588 -0.380125 0.016436
-0.005601 -0.376696 0.016378
-0.005615 -0.373259 0.016320
-0.005628 -0.369810 0.016262
-0.005642 -0.366345 0.016203
-0.005657 -0.362859 0.016145
-0.005671 -0.359348 0.016087
-0.005685 -0.355808 0.016028
-0.005700 -0.352234 0.015970
-0.005714 -0.348627 0.015911
-0.005729 -0.344986 0.015852
-0.005744 -0.341318 0.015794
-0.005759 -0.337640 0.015735
-0.005774 -0.333958 0.015676
-0.005790 -0.330274 0.015617
-0.005806 -0.326585 0.015558
-0.005822 -0.322889 0.015499
-0.005838 -0.319182 0.015440
-0.005855 -0.315458 0.015381
-0.005872 -0.311713 0.015322
-0.005888 -0.307944 0.015263
-0.005905 -0.304146 0.015204
-0.005922 -0.300318 0.015145
-0.005939 -0.296461 0.015086
-0.005956 -0.292583 0.015027
-0.005973 -0.288699 0.014968
-0.005991 -0.284818 0.014909
-0.006009 -0.280939 0.014851
-0.006027 -0.277062 0.014792
-0.006045 -0.273184 0.014733
-0.006064 -0.269299 0.014674
-0.006083 -0.265404 0.014616
-0.006101 -0.261493 0.014557
-0.006120 -0.257562 0.014499
-0.006139 -0.253607 0.014441
-0.006158 -0.249625 0.014383
-0.006177 -0.245613 0.014326
-0.006195 -0.241574 0.014269
-0.006214 -0.237514 0.014212
-0.006233 -0.233451 0.014155
-0.006252 -0.229392 0.014098
-0.006271 -0.225339 0.014042
-0.006291 -0.221291 0.013986
-0.006310 -0.217243 0.013931
-0.006330 -0.213193 0.013875
-0.006350 -0.209136 0.013820
-0.006369 -0.205067 0.013765
-0.006389 -0.200983 0.013711
-0.006408 -0.196882 0.013657
-0.006428 -0.192760 0.013604
-0.006447 -0.188620 0.013551
-0.006466 -0.184470 0.013498
-0.006486 -0.180327 0.013445
-0.006505 -0.176201 0.013394
-0.006524 -0.172092 0.013342
-0.006544 -0.167999 0.013291
-0.006563 -0.163919 0.013240
-0.006583 -0.159849 0.013190
-0.006602 -0.155785 0.013141
-0.006622 -0.151722 0.013091
-0.006641 -0.147658 0.013043
-0.006660 -0.143589 0.012995
-0.006678 -0.139514 0.012947
-0.006697 -0.135435 0.012900
-0.006715 -0.131360 0.012854
-0.006733 -0.127308 0.012808
-0.006751 -0.123289 0.012763
-0.006769 -0.119302 0.012718
-0.006787 -0.115349 0.012674
-0.006805 -0.111425 0.012631
-0.006823 -0.107528 0.012588
-0.006840 -0.103654 0.012546
-0.006858 -0.099799 0.012505
-0.006875 -0.095960 0.012464
-0.006891 -0.092134 0.012425
-0.006907 -0.088317 0.012386
-0.006923 -0.084510 0.012348
-0.006938 -0.080715 0.012310
-0.006953 -0.076940 0.012274
-0.006967 -0.073205 0.012238
-0.006981 -0.069521 0.012203
-0.006995 -0.065888 0.012169
-0.007009 -0.062307 0.012136
-0.007022 -0.058776 0.012104
-0.007035 -0.055291 0.012072
-0.007047 -0.051850 0.012042
-0.007059 -0.048451 0.012012
-0.007070 -0.045090 0.011983
-0.007080 -0.041767 0.011955
-0.007090 -0.038480 0.011928
-0.007100 -0.035232 0.011901
-0.007108 -0.032034 0.011876
-0.007117 -0.028906 0.011851
-0.007124 -0.025858 0.011827
-0.007132 -0.022892 0.011804
-0.007139 -0.020010 0.011782
-0.007145 -0.017209 0.011760
-0.007151 -0.014487 0.011740
-0.007156 -0.011843 0.011720
-0.007161 -0.009273 0.011700
-0.007165 -0.006776 0.011682
-0.007168 -0.004350 0.011664
-0.007171 -0.001997 0.011647
-0.007172 0.000282 0.011630
-0.007174 0.002477 0.011614
-0.007175 0.004564 0.011599
-0.007175 0.006535 0.011584
-0.007175 0.008387 0.011569
-0.007175 0.010119 0.011556
-0.007175 0.011732 0.011542
-0.007174 0.013230 0.011529
-0.007173 0.014614 0.011516
-0.007171 0.015887 0.011504
-0.007169 0.017052 0.011492
-0.007167 0.018111 0.011481
-0.007164 0.019068 0.011470
-0.007161 0.019924 0.011460
-0.007157 0.020684 0.011450
-0.007152 0.021350 0.011441
-0.007148 0.021925 0.011432
-0.007142 0.022412 0.011425
-0.007136 0.022813 0.011417
-0.007130 0.023131 0.011411
-0.007123 0.023370 0.011405
-0.007116 0.023532 0.011400
-0.007107 0.023619 0.011395
-0.007099 0.023635 0.011392
-0.007090 0.023582 0.011389
-0.007080 0.023463 0.011387
-0.007070 0.023280 0.011386
-0.007059 0.023036 0.011385
-0.007048 0.022733 0.011385
-0.007036 0.022374 0.011386
-0.007024 0.021961 0.011388
-0.007012 0.021496 0.011391
-0.006998 0.020983 0.011394
-0.006985 0.020422 0.011399
-0.006971 0.019816 0.011404
-0.006957 0.019168 0.011410
-0.006942 0.018479 0.011416
-0.006927 0.017751 0.011423
-0.006911 0.016986 0.011432
-0.006895 0.016187 0.011440
-0.006879 0.015354 0.011450
-0.006862 0.014491 0.011460
-0.006846 0.013598 0.011471
-0.006828 0.012677 0.011483
-0.006811 0.011730 0.011495
-0.006793 0.010759 0.011508
-0.006776 0.009764 0.011522
-0.006757 0.008749 0.011536
-0.006739 0.007713 0.011551
-0.006721 0.006658 0.011567
-0.006702 0.005586 0.011583
-0.006683 0.004498 0.011600
-0.006664 0.003396 0.011617
-0.006645 0.002280 0.011635
-0.006625 0.001152 0.011653
-0.006606 0.000012 0.011672
-0.006586 -0.001138 0.011692
-0.006567 -0.002296 0.011712
-0.006547 -0.003463 0.011732
-0.006527 -0.004636 0.011753
-0.006508 -0.005816 0.011774
-0.006488 -0.007001 0.011796
-0.006468 -0.008190 0.011818
-0.006448 -0.009383 0.011840
-0.006428 -0.010578 0.011863
-0.006408 -0.011775 0.011886
-0.006388 -0.012973 0.011910
-0.006368 -0.014172 0.011934
-0.006349 -0.015371 0.011958
-0.006329 -0.016568 0.011982
-0.006309 -0.017764 0.012007
-0.006289 -0.018958 0.012032
-0.006270 -0.020149 0.012057
-0.006250 -0.021337 0.012082
-0.006231 -0.022521 0.012108
-0.006212 -0.023701 0.012134
-0.006192 -0.024876 0.012160
-0.006173 -0.026046 0.012186
-0.006154 -0.027211 0.012212
-0.006135 -0.028369 0.012239
-0.006116 -0.029521 0.012266
-0.006098 -0.030666 0.012292
-0.006079 -0.031804 0.012319
-0.006061 -0.032935 0.012346
-0.006043 -0.034057 0.012374
-0.006025 -0.035172 0.012401
-0.006007 -0.036279 0.012428
-0.005989 -0.037377 0.012455
-0.005971 -0.038466 0.012483
-0.005954 -0.039546 0.012510
-0.005937 -0.040617 0.012537
-0.005919 -0.041678 0.012565
-0.005903 -0.042730 0.012592
-0.005886 -0.043772 0.012620
-0.005869 -0.044804 0.012647
-0.005853 -0.045826 0.012674
-0.005837 -0.046838 0.012702
-0.005821 -0.047839 0.012729
-0.005805 -0.048830 0.012756
-0.005790 -0.049811 0.012784
-0.005774 -0.050780 0.012811
-0.005759 -0.051739 0.012838
-0.005744 -0.052688 0.012865
-0.005729 -0.053625 0.012892
-0.005715 -0.054552 0.012919
-0.005700 -0.055467 0.012946
-0.005686 -0.056372 0.012972
-0.005672 -0.057266 0.012999
-0.005659 -0.058148 0.013025
-0.005645 -0.059020 0.013051
-0.005632 -0.059881 0.013078
-0.005619 -0.060730 0.013104
-0.005606 -0.061569 0.013130
-0.005593 -0.062396 0.013155
-0.005581 -0.063213 0.013181
-0.005568 -0.064018 0.013207
-0.005556 -0.064813 0.013232
-0.005545 -0.065597 0.013257
-0.005533 -0.066369 0.013282
-0.005522 -0.067131 0.013307
-0.005510 -0.067883 0.013332
-0.005499 -0.068623 0.013356
-0.005489 -0.069353 0.013381
-0.005478 -0.070072 0.013405
-0.005468 -0.070781 0.013429
-0.005458 -0.071479 0.013453
-0.005448 -0.072167 0.013476
-0.005438 -0.072845 0.013500
-0.005428 -0.073512 0.013523
-0.005419 -0.074169 0.013546
-0.005410 -0.074816 0.013569
-0.005401 -0.075453 0.013592
-0.005392 -0.076080 0.013614
-0.005384 -0.076697 0.013637
-0.005375 -0.077305 0.013659
-0.005367 -0.077902 0.013681
-0.005359 -0.078490 0.013703
-0.005351 -0.079069 0.013724
-0.005344 -0.079638 0.013745
-0.005336 -0.080198 0.013766
-0.005329 -0.080749 0.013787
-0.005322 -0.081291 0.013808
-0.005315 -0.081823 0.013829
-0.005308 -0.082347 0.013849
-0.005302 -0.082862 0.013869
-0.005295 -0.083368 0.013889
-0.005289 -0.083866 0.013909
-0.005283 -0.084355 0.013928
-0.005277 -0.084835 0.013947
-0.005271 -0.085308 0.013966
-0.005266 -0.085772 0.013985
-0.005261 -0.086228 0.014004
-0.005255 -0.086676 0.014022
-0.005250 -0.087116 0.014041
-0.005245 -0.087548 0.014059
-0.005241 -0.087973 0.014076
-0.005236 -0.088390 0.014094
-0.005232 -0.088799 0.014112
-0.005227 -0.089201 0.014129
-0.005223 -0.089596 0.014146
-0.005219 -0.089984 0.014163
-0.005215 -0.090364 0.014179
-0.005211 -0.090738 0.014196
-0.005208 -0.091104 0.014212
-0.005204 -0.091464 0.014228
-0.005201 -0.091817 0.014244
-0.005198 -0.092164 0.014259
-0.005195 -0.092504 0.014275
-0.005192 -0.092837 0.014290
-0.005189 -0.093165 0.014305
-0.005186 -0.093486 0.014320
-0.005183 -0.093801 0.014334
-0.005181 -0.094110 0.014349
-0.005179 -0.094413 0.014363
-0.005176 -0.094710 0.014377
-0.005174 -0.095002 0.014391
-0.005172 -0.095287 0.014405
-0.005170 -0.095568 0.014419
-0.005168 -0.095842 0.014432
-0.005166 -0.096112 0.014445
-0.005165 -0.096376 0.014458
-0.005163 -0.096635 0.014471
-0.005162 -0.096888 0.014484
-0.005160 -0.097137 0.014496
-0.005159 -0.097381 0.014508
-0.005158 -0.097620 0.014520
-0.005157 -0.097854 0.014532
-0.005156 -0.098083 0.014544
-0.005155 -0.098308 0.014556
-0.005154 -0.098528 0.014567
-0.005153 -0.098744 0.014579
-0.005153 -0.098955 0.014590
-0.005152 -0.099162 0.014601
-0.005152 -0.099365 0.014611
-0.005151 -0.099563 0.014622
-0.005151 -0.099758 0.014633
-0.005150 -0.099948 0.014643
-0.005150 -0.100134 0.014653
-0.005150 -0.100317 0.014663
-0.005150 -0.100496 0.014673
-0.005150 -0.100671 0.014683
-0.005150 -0.100842 0.014692
-0.005150 -0.101010 0.014702
-0.005150 -0.101174 0.014711
-0.005150 -0.101335 0.014720
-0.005150 -0.101492 0.014729
-0.005151 -0.101646 0.014738
-0.005151 -0.101796 0.014747
-0.005151 -0.101944 0.014755
-0.005152 -0.102088 0.014764
-0.005152 -0.102229 0.014772
-0.005153 -0.102367 0.014780
-0.005153 -0.102502 0.014789
-0.005154 -0.102634 0.014796
-0.005155 -0.102763 0.014804
-0.005155 -0.102890 0.014812
-0.005156 -0.103014 0.014820
-0.005157 -0.103134 0.014827
-0.005158 -0.103253 0.014834
-0.005159 -0.103368 0.014842
-0.005160 -0.103482 0.014849
-0.005160 -0.103592 0.014856
-0.005161 -0.103700 0.014862
-0.005162 -0.103806 0.014869
-0.005163 -0.103909 0.014876
-0.005165 -0.104010 0.014882
-0.005166 -0.104109 0.014889
-0.005167 -0.104206 0.014895
-0.005168 -0.104300 0.014901
-0.005169 -0.104392 0.014907
-0.005170 -0.104482 0.014913
-0.005171 -0.104570 0.014919
-0.005173 -0.104656 0.014925
-0.005174 -0.104740 0.014931
-0.005175 -0.104822 0.014936
-0.005176 -0.104903 0.014942
-0.005178 -0.104981 0.014947
-0.005179 -0.105058 0.014952
-0.005180 -0.105132 0.014958
-0.005182 -0.105205 0.014963
-0.005183 -0.105277 0.014968
-0.005184 -0.105347 0.014973
-0.005186 -0.105415 0.014978
-0.005187 -0.105481 0.014982
-0.005189 -0.105546 0.014987
-0.005190 -0.105609 0.014992
-0.005191 -0.105671 0.014996
-0.005193 -0.105731 0.015001
-0.005194 -0.105790 0.015005
-0.005196 -0.105848 0.015009
-0.005197 -0.105904 0.015013
-0.005199 -0.105959 0.015018
-0.005200 -0.106012 0.015022
-0.005202 -0.106065 0.015026
-0.005203 -0.106116 0.015029
-0.005205 -0.106165 0.015033
-0.005206 -0.106214 0.015037
-0.005208 -0.106261 0.015041
-0.005209 -0.106307 0.015044
-0.005211 -0.106352 0.015048
-0.005212 -0.106396 0.015051
-0.005214 -0.106439 0.015055
-0.005215 -0.106481 0.015058
-0.005217 -0.106522 0.015061
-0.005218 -0.106561 0.015065
-0.005220 -0.106600 0.015068
-0.005221 -0.106638 0.015071
-0.005223 -0.106675 0.015074
-0.005224 -0.106711 0.015077
-0.005226 -0.106746 0.015080
-0.005227 -0.106780 0.015083
-0.005229 -0.106813 0.015086
-0.005230 -0.106845 0.015088
-0.005232 -0.106877 0.015091
-0.005233 -0.106908 0.015094
-0.005235 -0.106938 0.015096
-0.005236 -0.106967 0.015099
-0.005238 -0.106995 0.015101
-0.005239 -0.107023 0.015104
-0.005241 -0.107050 0.015106
-0.005242 -0.107076 0.015109
-0.005243 -0.107102 0.015111
-0.005245 -0.107127 0.015113
-0.005246 -0.107151 0.015115
-0.005248 -0.107175 0.015118
-0.005249 -0.107198 0.015120
-0.005250 -0.107220 0.015122
-0.005252 -0.107242 0.015124
-0.005253 -0.107264 0.015126
-0.005255 -0.107284 0.015128
-0.005256 -0.107304 0.015130
-0.005257 -0.107324 0.015132
-0.005259 -0.107343 0.015133
-0.005260 -0.107362 0.015135
-0.005261 -0.107380 0.015137
-0.005263 -0.107397 0.015139
-0.005264 -0.107414 0.015140
-0.005265 -0.107431 0.015142
-0.005267 -0.107447 0.015144
-0.005268 -0.107463 0.015145
-0.005269 -0.107478 0.015147
-0.005270 -0.107493 0.015148
-0.005272 -0.107507 0.015150
-0.005273 -0.107521 0.015151
-0.005274 -0.107535 0.015153
-0.005275 -0.107548 0.015154
-0.005277 -0.107561 0.015155
-0.005278 -0.107573 0.015157
-0.005279 -0.107585 0.015158
-0.005280 -0.107597 0.015159
-0.005281 -0.107608 0.015160
-0.005282 -0.107619 0.015162
-0.005284 -0.107630 0.015163
-0.005285 -0.107641 0.015164
-0.005286 -0.107651 0.015165
-0.005287 -0.107661 0.015166
-0.005288 -0.107670 0.015167
-0.005289 -0.107679 0.015168
-0.005290 -0.107688 0.015169
-0.005291 -0.107697 0.015171
-0.005292 -0.107705 0.015171
-0.005293 -0.107714 0.015172
-0.005294 -0.107721 0.015173
-0.005295 -0.107729 0.015174
-0.005296 -0.107737 0.015175
-0.005297 -0.107744 0.015176
-0.005298 -0.107751 0.015177
-0.005299 -0.107757 0.015178
-0.005300 -0.107764 0.015179
-0.005301 -0.107770 0.015179
-0.005302 -0.107776 0.015180
-0.005303 -0.107782 0.015181
-0.005304 -0.107788 0.015182
-0.005305 -0.107793 0.015182
-0.005306 -0.107799 0.015183
-0.005306 -0.107804 0.015184
-0.005307 -0.107809 0.015185
-0.005308 -0.107814 0.015185
-0.005309 -0.107818 0.015186
-0.005310 -0.107823 0.015186
-0.005311 -0.107827 0.015187
-0.005311 -0.107831 0.015188
-0.005312 -0.107835 0.015188
-0.005313 -0.107839 0.015189
-0.005314 -0.107842 0.015189
-0.005314 -0.107846 0.015190
-0.005315 -0.107849 0.015190
-0.005316 -0.107853 0.015191
-0.005317 -0.107856 0.015191
-0.005317 -0.107859 0.015192
-0.005318 -0.107862 0.015192
-0.005319 -0.107864 0.015193
-0.005319 -0.107867 0.015193
-0.005320 -0.107870 0.015194
-0.005321 -0.107872 0.015194
-0.005321 -0.107874 0.015195
-0.005322 -0.107876 0.015195
-0.005322 -0.107879 0.015195
-0.005323 -0.107880 0.015196
-0.005324 -0.107882 0.015196
-0.005324 -0.107884 0.015197
-0.005325 -0.107886 0.015197
-0.005325 -0.107887 0.015197
-0.005326 -0.107889 0.015198
-0.005326 -0.107890 0.015198
-0.005327 -0.107892 0.015198
-0.005327 -0.107893 0.015198
-0.005328 -0.107894 0.015199
-0.005328 -0.107895 0.015199
-0.005329 -0.107896 0.015199
-0.005329 -0.107897 0.015200
-0.005330 -0.107898 0.015200
-0.005330 -0.107899 0.015200
-0.005331 -0.107899 0.015200
-0.005331 -0.107900 0.015201
-0.005331 -0.107901 0.015201
-0.005332 -0.107901 0.015201
-0.005332 -0.107901 0.015201
-0.005333 -0.107902 0.015201
-0.005333 -0.107902 0.015202
-0.005333 -0.107902 0.015202
-0.005334 -0.107903 0.015202
-0.005334 -0.107903 0.015202
-0.005334 -0.107903 0.015202
-0.005335 -0.107903 0.015203
-0.005335 -0.107903 0.015203
-0.005335 -0.107903 0.015203
-0.005336 -0.107902 0.015203
-0.005336 -0.107902 0.015203
-0.005336 -0.107902 0.015203
-0.005336 -0.107902 0.015203
-0.005337 -0.107901 0.015204
-0.005337 -0.107901 0.015204
-0.005337 -0.107900 0.015204
-0.005337 -0.107900 0.015204
-0.005337 -0.107899 0.015204
-0.005338 -0.107899 0.015204
-0.005338 -0.107898 0.015204
-0.005338 -0.107897 0.015204
-0.005338 -0.107896 0.015204
-0.005338 -0.107896 0.015204
-0.005338 -0.107895 0.015204
-0.005339 -0.107894 0.015205
-0.005339 -0.107893 0.015205
-0.005339 -0.107892 0.015205
-0.005339 -0.107891 0.015205
-0.005339 -0.107890 0.015205
-0.005339 -0.107889 0.015205
-0.005339 -0.107887 0.015205
-0.005339 -0.107886 0.015205
-0.005339 -0.107885 0.015205
-0.005339 -0.107884 0.015205
-0.005339 -0.107882 0.015205
-0.005339 -0.107881 0.015205
-0.005339 -0.107879 0.015205
-0.005339 -0.107878 0.015205
-0.005339 -0.107876 0.015205
-0.005339 -0.107875 0.015205
-0.005339 -0.107873 0.015205
-0.005339 -0.107872 0.015205
-0.005339 -0.107870 0.015205
-0.005339 -0.107868 0.015205
-0.005339 -0.107866 0.015205
-0.005339 -0.107865 0.015205
-0.005339 -0.107863 0.015205
-0.005339 -0.107861 0.015205
-0.005339 -0.107859 0.015205
-0.005339 -0.107857 0.015204
-0.005338 -0.107855 0.015204
-0.005338 -0.107853 0.015204
-0.005338 -0.107850 0.015204
-0.005338 -0.107848 0.015204
-0.005338 -0.107846 0.015204
-0.005338 -0.107844 0.015204
-0.005338 -0.107841 0.015204
-0.005337 -0.107839 0.015204
-0.005337 -0.107836 0.015204
-0.005337 -0.107834 0.015204
-0.005337 -0.107831 0.015203
-0.005336 -0.107829 0.015203
-0.005336 -0.107826 0.015203
-0.005336 -0.107823 0.015203
-0.005336 -0.107820 0.015203
-0.005335 -0.107818 0.015203
-0.005335 -0.107815 0.015203
-0.005335 -0.107812 0.015202
-0.005334 -0.107809 0.015202
-0.005334 -0.107805 0.015202
-0.005334 -0.107802 0.015202
-0.005333 -0.107799 0.015202
-0.005333 -0.107796 0.015202
-0.005333 -0.107792 0.015201
-0.005332 -0.107789 0.015201
-0.005332 -0.107785 0.015201
-0.005332 -0.107782 0.015201
-0.005331 -0.107778 0.015200
-0.005331 -0.107774 0.015200
-0.005330 -0.107770 0.015200
-0.005330 -0.107766 0.015200
-0.005329 -0.107762 0.015199
-0.005329 -0.107758 0.015199
-0.005329 -0.107754 0.015199
-0.005328 -0.107750 0.015199
-0.005328 -0.107745 0.015198
-0.005327 -0.107741 0.015198
-0.005327 -0.107736 0.015198
-0.005326 -0.107732 0.015197
-0.005325 -0.107727 0.015197
-0.005325 -0.107722 0.015197
-0.005324 -0.107717 0.015196
-0.005324 -0.107712 0.015196
-0.005323 -0.107707 0.015195
-0.005323 -0.107702 0.015195
-0.005322 -0.107696 0.015195
-0.005321 -0.107691 0.015194
-0.005321 -0.107685 0.015194
-0.005320 -0.107679 0.015193
-0.005319 -0.107673 0.015193
-0.005319 -0.107667 0.015193
-0.005318 -0.107661 0.015192
-0.005317 -0.107655 0.015192
-0.005317 -0.107648 0.015191
-0.005316 -0.107642 0.015191
-0.005315 -0.107635 0.015190
-0.005315 -0.107628 0.015190
-0.005314 -0.107621 0.015189
-0.005313 -0.107614 0.015188
-0.005312 -0.107606 0.015188
-0.005312 -0.107599 0.015187
-0.005311 -0.107591 0.015187
-0.005310 -0.107583 0.015186
-0.005309 -0.107575 0.015185
-0.005308 -0.107567 0.015185
-0.005308 -0.107558 0.015184
-0.005307 -0.107550 0.015183
-0.005306 -0.107541 0.015183
-0.005305 -0.107532 0.015182
-0.005304 -0.107523 0.015181
-0.005303 -0.107513 0.015180
-0.005302 -0.107503 0.015180
-0.005301 -0.107494 0.015179
-0.005300 -0.107483 0.015178
-0.005299 -0.107473 0.015177
-0.005298 -0.107462 0.015176
-0.005298 -0.107451 0.015175
-0.005297 -0.107440 0.015175
-0.005296 -0.107429 0.015174
-0.005295 -0.107417 0.015173
-0.005294 -0.107405 0.015172
-0.005293 -0.107393 0.015171
-0.005291 -0.107381 0.015170
-0.005290 -0.107368 0.015169
-0.005289 -0.107355 0.015168
-0.005288 -0.107342 0.015167
-0.005287 -0.107328 0.015165
-0.005286 -0.107314 0.015164
-0.005285 -0.107299 0.015163
-0.005284 -0.107285 0.015162
-0.005283 -0.107270 0.015161
-0.005282 -0.107254 0.015159
-0.005280 -0.107239 0.015158
-0.005279 -0.107222 0.015157
-0.005278 -0.107206 0.015156
-0.005277 -0.107189 0.015154
-0.005276 -0.107172 0.015153
-0.005275 -0.107154 0.015151
-0.005273 -0.107136 0.015150
-0.005272 -0.107117 0.015149
-0.005271 -0.107098 0.015147
-0.005270 -0.107079 0.015145
-0.005268 -0.107059 0.015144
-0.005267 -0.107039 0.015142
-0.005266 -0.107018 0.015141
-0.005265 -0.106996 0.015139
-0.005263 -0.106975 0.015137
-0.005262 -0.106952 0.015136
-0.005261 -0.106929 0.015134
-0.005259 -0.106906 0.015132
-0.005258 -0.106882 0.015130
-0.005257 -0.106857 0.015128
-0.005255 -0.106832 0.015126
-0.005254 -0.106806 0.015124
-0.005252 -0.106780 0.015122
-0.005251 -0.106753 0.015120
-0.005250 -0.106726 0.015118
-0.005248 -0.106697 0.015116
-0.005247 -0.106668 0.015114
-0.005246 -0.106639 0.015111
-0.005244 -0.106608 0.015109
-0.005243 -0.106577 0.015107
-0.005241 -0.106546 0.015104
-0.005240 -0.106513 0.015102
-0.005238 -0.106480 0.015099
-0.005237 -0.106446 0.015097
-0.005235 -0.106411 0.015094
-0.005234 -0.106375 0.015092
-0.005233 -0.106339 0.015089
-0.005231 -0.106302 0.015086
-0.005230 -0.106263 0.015083
-0.005228 -0.106224 0.015081
-0.005227 -0.106184 0.015078
-0.005225 -0.106143 0.015075
-0.005224 -0.106101 0.015072
-0.005222 -0.106058 0.015068
-0.005221 -0.106015 0.015065
-0.005219 -0.105970 0.015062
-0.005218 -0.105924 0.015059
-0.005216 -0.105877 0.015056
-0.005215 -0.105828 0.015052
-0.005213 -0.105779 0.015049
-0.005212 -0.105729 0.015045
-0.005210 -0.105677 0.015041
-0.005209 -0.105625 0.015038
-0.005207 -0.105571 0.015034
-0.005206 -0.105516 0.015030
-0.005205 -0.105459 0.015026
-0.005203 -0.105401 0.015022
-0.005202 -0.105342 0.015018
-0.005200 -0.105282 0.015014
-0.005199 -0.105220 0.015010
-0.005197 -0.105157 0.015006
-0.005196 -0.105092 0.015002
-0.005194 -0.105026 0.014997
-0.005193 -0.104958 0.014993
-0.005192 -0.104889 0.014988
-0.005190 -0.104819 0.014983
-0.005189 -0.104746 0.014979
-0.005188 -0.104672 0.014974
-0.005186 -0.104597 0.014969
-0.005185 -0.104519 0.014964
-0.005184 -0.104440 0.014959
-0.005182 -0.104359 0.014954
-0.005181 -0.104277 0.014948
-0.005180 -0.104192 0.014943
-0.005178 -0.104106 0.014937
-0.005177 -0.104017 0.014932
-0.005176 -0.103927 0.014926
-0.005175 -0.103835 0.014920
-0.005174 -0.103740 0.014915
-0.005172 -0.103644 0.014909
-0.005171 -0.103545 0.014903
-0.005170 -0.103444 0.014896
-0.005169 -0.103341 0.014890
-0.005168 -0.103236 0.014884
-0.005167 -0.103128 0.014877
-0.005166 -0.103018 0.014871
-0.005165 -0.102906 0.014864
-0.005164 -0.102791 0.014857
-0.005163 -0.102674 0.014850
-0.005162 -0.102554 0.014843
-0.005162 -0.102432 0.014836
-0.005161 -0.102306 0.014829
-0.005160 -0.102179 0.014821
-0.005159 -0.102048 0.014814
-0.005159 -0.101915 0.014806
-0.005158 -0.101778 0.014798
-0.005157 -0.101639 0.014790
-0.005157 -0.101497 0.014782
-0.005156 -0.101352 0.014774
-0.005156 -0.101203 0.014766
-0.005156 -0.101052 0.014757
-0.005155 -0.100897 0.014749
-0.005155 -0.100739 0.014740
-0.005155 -0.100578 0.014731
-0.005154 -0.100413 0.014722
-0.005154 -0.100245 0.014713
-0.005154 -0.100073 0.014704
-0.005154 -0.099898 0.014694
-0.005154 -0.099719 0.014685
-0.005154 -0.099537 0.014675
-0.005154 -0.099350 0.014665
-0.005155 -0.099160 0.014655
-0.005155 -0.098966 0.014645
-0.005155 -0.098767 0.014635
-0.005156 -0.098565 0.014624
-0.005156 -0.098359 0.014614
-0.005157 -0.098148 0.014603
-0.005157 -0.097933 0.014592
-0.005158 -0.097713 0.014581
-0.005159 -0.097490 0.014570
-0.005160 -0.097261 0.014558
-0.005161 -0.097028 0.014547
-0.005162 -0.096791 0.014535
-0.005163 -0.096548 0.014523
-0.005164 -0.096301 0.014511
-0.005165 -0.096049 0.014499
-0.005167 -0.095792 0.014486
-0.005168 -0.095530 0.014474
-0.005170 -0.095262 0.014461
-0.005171 -0.094989 0.014448
-0.005173 -0.094711 0.014435
-0.005175 -0.094428 0.014422
-0.005177 -0.094139 0.014408
-0.005179 -0.093844 0.014394
-0.005181 -0.093544 0.014381
-0.005184 -0.093238 0.014366
-0.005186 -0.092925 0.014352
-0.005189 -0.092607 0.014338
-0.005191 -0.092283 0.014323
-0.005194 -0.091953 0.014308
-0.005197 -0.091616 0.014293
-0.005200 -0.091273 0.014278
-0.005203 -0.090924 0.014263
-0.005206 -0.090568 0.014247
-0.005210 -0.090206 0.014232
-0.005213 -0.089836 0.014216
-0.005217 -0.089460 0.014199
-0.005221 -0.089077 0.014183
-0.005224 -0.088687 0.014166
-0.005228 -0.088289 0.014150
-0.005233 -0.087885 0.014133
-0.005237 -0.087473 0.014116
-0.005241 -0.087053 0.014098
-0.005246 -0.086626 0.014081
-0.005251 -0.086192 0.014063
-0.005256 -0.085749 0.014045
-0.005261 -0.085299 0.014027
-0.005266 -0.084841 0.014008
-0.005272 -0.084375 0.013990
-0.005277 -0.083900 0.013971
-0.005283 -0.083417 0.013952
-0.005289 -0.082926 0.013933
-0.005295 -0.082427 0.013913
-0.005301 -0.081919 0.013894
-0.005307 -0.081402 0.013874
-0.005314 -0.080876 0.013854
-0.005321 -0.080342 0.013834
-0.005328 -0.079798 0.013813
-0.005335 -0.079246 0.013793
-0.005342 -0.078684 0.013772
-0.005349 -0.078113 0.013751
-0.005357 -0.077533 0.013729
-0.005365 -0.076943 0.013708
-0.005373 -0.076343 0.013686
-0.005381 -0.075734 0.013664
-0.005389 -0.075115 0.013642
-0.005398 -0.074487 0.013620
-0.005407 -0.073848 0.013598
-0.005416 -0.073199 0.013575
-0.005425 -0.072541 0.013552
-0.005434 -0.071872 0.013529
-0.005444 -0.071193 0.013506
-0.005454 -0.070503 0.013483
-0.005463 -0.069803 0.013459
-0.005474 -0.069093 0.013435
-0.005484 -0.068372 0.013411
-0.005495 -0.067640 0.013387
-0.005505 -0.066898 0.013363
-0.005516 -0.066145 0.013338
-0.005528 -0.065381 0.013314
-0.005539 -0.064607 0.013289
-0.005551 -0.063821 0.013264
-0.005562 -0.063024 0.013239
-0.005574 -0.062217 0.013213
-0.005587 -0.061398 0.013188
-0.005599 -0.060569 0.013162
-0.005612 -0.059728 0.013137
-0.005625 -0.058876 0.013111
-0.005638 -0.058013 0.013085
-0.005651 -0.057139 0.013059
-0.005665 -0.056254 0.013032
-0.005678 -0.055358 0.013006
-0.005692 -0.054450 0.012980
-0.005706 -0.053532 0.012953
-0.005721 -0.052602 0.012926
-0.005735 -0.051661 0.012899
-0.005750 -0.050709 0.012873
-0.005765 -0.049747 0.012846
-0.005780 -0.048773 0.012819
-0.005795 -0.047789 0.012791
-0.005811 -0.046794 0.012764
-0.005827 -0.045788 0.012737
-0.005843 -0.044771 0.012710
-0.005859 -0.043744 0.012682
-0.005875 -0.042707 0.012655
-0.005892 -0.041660 0.012628
-0.005908 -0.040602 0.012600
-0.005925 -0.039535 0.012573
-0.005942 -0.038457 0.012546
-0.005960 -0.037370 0.012518
-0.005977 -0.036274 0.012491
-0.005995 -0.035169 0.012464
-0.006012 -0.034054 0.012436
-0.006030 -0.032931 0.012409
-0.006048 -0.031799 0.012382
-0.006067 -0.030660 0.012355
-0.006085 -0.029512 0.012328
-0.006104 -0.028356 0.012301
-0.006122 -0.027194 0.012274
-0.006141 -0.026024 0.012248
-0.006160 -0.024848 0.012221
-0.006179 -0.023665 0.012195
-0.006198 -0.022477 0.012169
-0.006217 -0.021283 0.012143
-0.006237 -0.020085 0.012117
-0.006256 -0.018882 0.012091
-0.006276 -0.017675 0.012066
-0.006295 -0.016464 0.012040
-0.006315 -0.015250 0.012015
-0.006335 -0.014035 0.011991
-0.006355 -0.012817 0.011966
-0.006374 -0.011598 0.011942
-0.006394 -0.010379 0.011918
-0.006414 -0.009159 0.011895
-0.006434 -0.007941 0.011872
-0.006454 -0.006724 0.011849
-0.006474 -0.005510 0.011826
-0.006494 -0.004298 0.011804
-0.006514 -0.003091 0.011782
-0.006533 -0.001889 0.011761
-0.006553 -0.000692 0.011740
-0.006573 0.000498 0.011720
-0.006593 0.001680 0.011700
-0.006612 0.002854 0.011680
-0.006632 0.004018 0.011661
-0.006651 0.005171 0.011643
-0.006670 0.006312 0.011625
-0.006689 0.007440 0.011608
-0.006708 0.008554 0.011591
-0.006727 0.009653 0.011574
-0.006745 0.010734 0.011559
-0.006764 0.011797 0.011544
-0.006782 0.012841 0.011529
-0.006800 0.013863 0.011515
-0.006818 0.014863 0.011502
-0.006835 0.015839 0.011490
-0.006852 0.016790 0.011478
-0.006869 0.017713 0.011467
-0.006886 0.018607 0.011456
-0.006902 0.019471 0.011446
-0.006918 0.020302 0.011437
-0.006934 0.021099 0.011429
-0.006949 0.021860 0.011422
-0.006964 0.022583 0.011415
-0.006978 0.023265 0.011409
-0.006992 0.023906 0.011404
-0.007006 0.024502 0.011399
-0.007019 0.025052 0.011396
-0.007032 0.025553 0.011393
-0.007044 0.026004 0.011391
-0.007056 0.026401 0.011389
-0.007067 0.026743 0.011389
-0.007078 0.027027 0.011389
-0.007088 0.027250 0.011390
-0.007098 0.027411 0.011392
-0.007107 0.027506 0.011395
-0.007116 0.027533 0.011398
-0.007124 0.027489 0.011402
-0.007132 0.027372 0.011407
-0.007139 0.027179 0.011412
-0.007145 0.026907 0.011419
-0.007151 0.026554 0.011426
-0.007157 0.026116 0.011433
-0.007162 0.025590 0.011441
-0.007166 0.024975 0.011450
-0.007170 0.024266 0.011460
-0.007174 0.023462 0.011470
-0.007177 0.022559 0.011480
-0.007179 0.021555 0.011491
-0.007181 0.020446 0.011503
-0.007183 0.019230 0.011515
-0.007184 0.017904 0.011527
-0.007185 0.016466 0.011540
-0.007186 0.014913 0.011553
-0.007186 0.013244 0.011567
-0.007186 0.011456 0.011581
-0.007186 0.009549 0.011596
-0.007185 0.007528 0.011611
-0.007184 0.005401 0.011627
-0.007182 0.003191 0.011643
-0.007180 0.000907 0.011660
-0.007177 -0.001447 0.011678
-0.007173 -0.003871 0.011696
-0.007168 -0.006367 0.011716
-0.007163 -0.008936 0.011736
-0.007157 -0.011581 0.011756
-0.007151 -0.014304 0.011778
-0.007144 -0.017107 0.011800
-0.007137 -0.019991 0.011823
-0.007129 -0.022956 0.011847
-0.007121 -0.026001 0.011871
-0.007112 -0.029114 0.011897
-0.007103 -0.032275 0.011923
-0.007093 -0.035474 0.011950
-0.007082 -0.038709 0.011979
-0.007071 -0.041980 0.012008
-0.007059 -0.045288 0.012038
-0.007047 -0.048636 0.012068
-0.007034 -0.052028 0.012100
-0.007020 -0.055466 0.012132
-0.007006 -0.058952 0.012166
-0.006992 -0.062491 0.012200
-0.006978 -0.066084 0.012234
-0.006963 -0.069731 0.012270
-0.006949 -0.073430 0.012306
-0.006933 -0.077174 0.012343
-0.006918 -0.080940 0.012381
-0.006902 -0.084720 0.012420
-0.006886 -0.088513 0.012459
-0.006869 -0.092318 0.012499
-0.006852 -0.096139 0.012540
-0.006834 -0.099978 0.012581
-0.006817 -0.103839 0.012623
-0.006799 -0.107725 0.012666
-0.006781 -0.111639 0.012710
-0.006763 -0.115584 0.012754
-0.006744 -0.119562 0.012799
-0.006726 -0.123569 0.012844
-0.006708 -0.127598 0.012890
-0.006689 -0.131629 0.012937
-0.006670 -0.135654 0.012984
-0.006651 -0.139671 0.013032
-0.006632 -0.143682 0.013080
-0.006612 -0.147689 0.013129
-0.006592 -0.151696 0.013179
-0.006573 -0.155706 0.013229
-0.006553 -0.159724 0.013279
-0.006533 -0.163752 0.013330
-0.006513 -0.167795 0.013382
-0.006493 -0.171854 0.013434
-0.006473 -0.175925 0.013486
-0.006454 -0.180003 0.013539
-0.006434 -0.184069 0.013592
-0.006414 -0.188114 0.013646
-0.006394 -0.192137 0.013700
-0.006374 -0.196141 0.013755
-0.006353 -0.200127 0.013810
-0.006333 -0.204100 0.013866
-0.006313 -0.208064 0.013921
-0.006292 -0.212024 0.013977
-0.006272 -0.215985 0.014034
-0.006252 -0.219949 0.014090
-0.006232 -0.223921 0.014147
-0.006213 -0.227902 0.014204
-0.006193 -0.231891 0.014261
-0.006174 -0.235879 0.014318
-0.006154 -0.239851 0.014376
-0.006135 -0.243798 0.014433
-0.006116 -0.247719 0.014491
-0.006097 -0.251616 0.014549
-0.006077 -0.255492 0.014608
-0.006058 -0.259351 0.014666
-0.006039 -0.263197 0.014725
-0.006020 -0.267035 0.014783
-0.006001 -0.270870 0.014842
-0.005982 -0.274703 0.014901
-0.005964 -0.278538 0.014959
-0.005946 -0.282372 0.015018
-0.005928 -0.286199 0.015077
-0.005910 -0.290002 0.015136
-0.005893 -0.293773 0.015196
-0.005875 -0.297512 0.015255
-0.005857 -0.301220 0.015314
-0.005840 -0.304900 0.015373
-0.005822 -0.308557 0.015433
-0.005805 -0.312196 0.015492
-0.005788 -0.315820 0.015552
-0.005771 -0.319434 0.015611
-0.005754 -0.323042 0.015670
-0.005738 -0.326644 0.015730
-0.005721 -0.330240 0.015789
-0.005706 -0.333823 0.015848
-0.005690 -0.337377 0.015908
-0.005674 -0.340895 0.015967
-0.005658 -0.344377 0.016026
-0.005643 -0.347823 0.016086
-0.005627 -0.351237 0.016145
-0.005612 -0.354624 0.016204
-0.005597 -0.357988 0.016263
-0.005582 -0.361334 0.016322
-0.005567 -0.364668 0.016381
-0.005552 -0.367992 0.016440
-0.005538 -0.371311 0.016498
-0.005524 -0.374627 0.016557
-0.005511 -0.377938 0.016615
-0.005498 -0.381237 0.016673
-0.005484 -0.384509 0.016731
-0.005471 -0.387749 0.016789
-0.005458 -0.390954 0.016846
-0.005445 -0.394127 0.016903
-0.005433 -0.397270 0.016961
-0.005420 -0.400388 0.017018
-0.005408 -0.403485 0.017075
-0.005396 -0.406567 0.017131
-0.005384 -0.409636 0.017188
-0.005372 -0.412697 0.017244
-0.005361 -0.415751 0.017300
-0.005350 -0.418797 0.017356
-0.005339 -0.421828 0.017412
-0.005329 -0.424830 0.017467
-0.005318 -0.427796 0.017522
-0.005308 -0.430726 0.017577
-0.005297 -0.433621 0.017632
-0.005287 -0.436484 0.017687
-0.005277 -0.439319 0.017741
-0.005268 -0.442131 0.017796
-0.005258 -0.444924 0.017850
-0.005249 -0.447702 0.017904
-0.005240 -0.450469 0.017957
-0.005231 -0.453227 0.018010
-0.005223 -0.455973 0.018064
-0.005215 -0.458702 0.018116
-0.005207 -0.461400 0.018169
-0.005199 -0.464061 0.018222
-0.005191 -0.466683 0.018274
-0.005184 -0.469269 0.018326
-0.005176 -0.471821 0.018378
-0.005169 -0.474343 0.018430
-0.005162 -0.476841 0.018481
-0.005155 -0.479320 0.018532
-0.005148 -0.481782 0.018583
-0.005142 -0.484233 0.018634
-0.005135 -0.486676 0.018684
-0.005130 -0.489113 0.018734
-0.005124 -0.491542 0.018783
-0.005119 -0.493957 0.018833
-0.005114 -0.496345 0.018882
-0.005109 -0.498700 0.018930
-0.005104 -0.501020 0.018979
-0.005099 -0.503308 0.019027
-0.005094 -0.505567 0.019074
-0.005090 -0.507799 0.019122
-0.005086 -0.510011 0.019169
-0.005082 -0.512205 0.019216
-0.005078 -0.514386 0.019263
-0.005074 -0.516557 0.019309
-0.005071 -0.518719 0.019355
-0.005068 -0.520872 0.019400
-0.005065 -0.523009 0.019446
-0.005063 -0.525117 0.019491
-0.005060 -0.527190 0.019535
-0.005058 -0.529228 0.019580
-0.005055 -0.531232 0.019624
-0.005053 -0.533204 0.019668
-0.005051 -0.535150 0.019712
-0.005050 -0.537072 0.019755
-0.005048 -0.538975 0.019798
-0.005047 -0.540863 0.019841
-0.005046 -0.542739 0.019883
-0.005045 -0.544605 0.019925
-0.005045 -0.546458 0.019967
-0.005044 -0.548295 0.020008
-0.005044 -0.550101 0.020049
-0.005044 -0.551872 0.020090
-0.005044 -0.553605 0.020131
-0.005045 -0.555304 0.020171
-0.005045 -0.556971 0.020211
-0.005046 -0.558609 0.020251
-0.005046 -0.560223 0.020291
-0.005047 -0.561818 0.020330
-0.005049 -0.563397 0.020369
-0.005050 -0.564964 0.020408
-0.005052 -0.566523 0.020446
-0.005053 -0.568075 0.020483
-0.005056 -0.569618 0.020520
-0.005058 -0.571148 0.020557
-0.005061 -0.572651 0.020594
-0.005063 -0.574123 0.020630
-0.005066 -0.575563 0.020666
-0.005069 -0.576971 0.020702
-0.005072 -0.578351 0.020737
-0.005075 -0.579706 0.020772
-0.005078 -0.581041 0.020807
-0.005081 -0.582359 0.020841
-0.005085 -0.583664 0.020875
-0.005089 -0.584958 0.020908
-0.005093 -0.586244 0.020941
-0.005098 -0.587520 0.020974
-0.005102 -0.588780 0.021006
-0.005107 -0.590014 0.021038
-0.005112 -0.591214 0.021070
-0.005117 -0.592381 0.021101
-0.005122 -0.593515 0.021133
-0.005127 -0.594620 0.021163
-0.005132 -0.595699 0.021194
-0.005138 -0.596756 0.021224
-0.005144 -0.597794 0.021254
-0.005150 -0.598818 0.021284
-0.005156 -0.599830 0.021313
-0.005162 -0.600832 0.021342
-0.005169 -0.601822 0.021370
-0.005176 -0.602795 0.021398
-0.005183 -0.603740 0.021426
-0.005190 -0.604652 0.021453
-0.005197 -0.605528 0.021480
-0.005205 -0.606372 0.021507
-0.005212 -0.607186 0.021534
-0.005220 -0.607973 0.021560
-0.005228 -0.608737 0.021586
-0.005236 -0.609482 0.021612
-0.005244 -0.610213 0.021637
-0.005252 -0.610932 0.021662
-0.005261 -0.611642 0.021687
-0.005270 -0.612346 0.021710
-0.005279 -0.613041 0.021734
-0.005288 -0.613723 0.021757
-0.005297 -0.614380 0.021780
-0.005306 -0.615008 0.021802
-0.005316 -0.615605 0.021824
-0.005325 -0.616172 0.021846
-0.005335 -0.616713 0.021868
-0.005345 -0.617231 0.021889
-0.005355 -0.617730 0.021909
-0.005365 -0.618212 0.021930
-0.005375 -0.618682 0.021950
-0.005386 -0.619142 0.021969
-0.005396 -0.619594 0.021988
-0.005407 -0.620036 0.022007
-0.005418 -0.620465 0.022025
-0.005430 -0.620867 0.022043
-0.005441 -0.621238 0.022061
-0.005452 -0.621578 0.022078
-0.005464 -0.621888 0.022095
-0.005475 -0.622171 0.022112
-0.005487 -0.622429 0.022129
-0.005499 -0.622667 0.022145
-0.005511 -0.622887 0.022160
-0.005523 -0.623094 0.022176
-0.005535 -0.623290 0.022191
-0.005548 -0.623476 0.022205
-0.005561 -0.623652 0.022219
-0.005574 -0.623813 0.022233
-0.005587 -0.623947 0.022246
-0.005600 -0.624049 0.022259
-0.005613 -0.624120 0.022272
-0.005626 -0.624160 0.022285
-0.005640 -0.624172 0.022297
-0.005653 -0.624160 0.022309
-0.005667 -0.624127 0.022321
-0.005681 -0.624076 0.022332
-0.005695 -0.624011 0.022343
-0.005709 -0.623936 0.022353
-0.005723 -0.623853 0.022363
-0.005738 -0.623764 0.022373
-0.005752 -0.623667 0.022382
-0.005767 -0.623559 0.022390
-0.005782 -0.623428 0.022398
-0.005797 -0.623269 0.022406
-0.005812 -0.623082 0.022414
-0.005826 -0.622868 0.022421
-0.005842 -0.622629 0.022428
-0.005857 -0.622369 0.022435
-0.005872 -0.622092 0.022441
-0.005887 -0.621800 0.022447
-0.005903 -0.621497 0.022452
-0.005918 -0.621185 0.022457
-0.005934 -0.620866 0.022462
-0.005950 -0.620539 0.022466
-0.005966 -0.620199 0.022470
-0.005982 -0.619836 0.022473
-0.005998 -0.619445 0.022476
-0.006014 -0.619025 0.022479
-0.006031 -0.618577 0.022481
-0.006047 -0.618104 0.022483
-0.006064 -0.617610 0.022485
-0.006080 -0.617098 0.022487
-0.006097 -0.616570 0.022488
-0.006113 -0.616030 0.022489
-0.006130 -0.615480 0.022489
-0.006147 -0.614923 0.022489
-0.006164 -0.614357 0.022488
-0.006182 -0.613778 0.022487
-0.006199 -0.613174 0.022486
-0.006216 -0.612543 0.022484
-0.006234 -0.611882 0.022482
-0.006251 -0.611194 0.022480
-0.006269 -0.610481 0.022478
-0.006287 -0.609746 0.022475
-0.006304 -0.608992 0.022472
-0.006322 -0.608224 0.022469
-0.006340 -0.607443 0.022465
-0.006358 -0.606654 0.022461
-0.006376 -0.605858 0.022456
-0.006394 -0.605057 0.022451
-0.006412 -0.604251 0.022446
-0.006430 -0.603436 0.022440
-0.006449 -0.602600 0.022433
-0.006467 -0.601738 0.022427
-0.006485 -0.600852 0.022420
-0.006503 -0.599942 0.022412
-0.006521 -0.599010 0.022405
-0.006540 -0.598060 0.022397
-0.006558 -0.597094 0.022389
-0.006577 -0.596116 0.022380
-0.006595 -0.595129 0.022371
-0.006614 -0.594136 0.022362
-0.006632 -0.593137 0.022352
-0.006651 -0.592132 0.022342
-0.006670 -0.591118 0.022331
-0.006688 -0.590082 0.022320
-0.006707 -0.589022 0.022309
-0.006726 -0.587935 0.022297
-0.006744 -0.586825 0.022285
-0.006763 -0.585693 0.022273
-0.006782 -0.584543 0.022261
-0.006801 -0.583377 0.022248
-0.006820 -0.582198 0.022235
-0.006838 -0.581010 0.022222
-0.006857 -0.579814 0.022208
-0.006876 -0.578613 0.022193
-0.006895 -0.577406 0.022179
-0.006914 -0.576188 0.022164
-0.006933 -0.574950 0.022148
-0.006952 -0.573686 0.022133
-0.006971 -0.572397 0.022117
-0.006990 -0.571085 0.022101
-0.007009 -0.569750 0.022084
-0.007028 -0.568397 0.022068
-0.007048 -0.567029 0.022051
-0.007067 -0.565648 0.022034
-0.007086 -0.564258 0.022016
-0.007105 -0.562862 0.021998
-0.007124 -0.561461 0.021980
-0.007142 -0.560058 0.021961
-0.007161 -0.558653 0.021941
-0.007181 -0.557240 0.021922
-0.007200 -0.555810 0.021902
-0.007218 -0.554358 0.021881
-0.007237 -0.552885 0.021861
-0.007256 -0.551391 0.021840
-0.007275 -0.549879 0.021819
-0.007293 -0.548351 0.021798
-0.007312 -0.546812 0.021776
-0.007331 -0.545263 0.021754
-0.007349 -0.543708 0.021732
-0.007368 -0.542148 0.021709
-0.007386 -0.540586 0.021686
-0.007405 -0.539021 0.021662
-0.007423 -0.537450 0.021638
-0.007442 -0.535860 0.021614
-0.007460 -0.534249 0.021590
-0.007479 -0.532616 0.021565
-0.007497 -0.530963 0.021540
-0.007515 -0.529291 0.021515
-0.007533 -0.527605 0.021490
-0.007551 -0.525906 0.021464
-0.007569 -0.524198 0.021438
-0.007587 -0.522482 0.021412
-0.007605 -0.520763 0.021385
-0.007623 -0.519040 0.021358
-0.007641 -0.517315 0.021331
-0.007659 -0.515583 0.021303
-0.007677 -0.513833 0.021275
-0.007695 -0.512061 0.021247
-0.007712 -0.510268 0.021218
-0.007730 -0.508455 0.021189
-0.007748 -0.506624 0.021161
-0.007765 -0.504779 0.021132
-0.007783 -0.502920 0.021102
-0.007800 -0.501053 0.021073
-0.007817 -0.499180 0.021043
-0.007834 -0.497302 0.021012
-0.007851 -0.495424 0.020981
-0.007868 -0.493546 0.020950
-0.007885 -0.491667 0.020918
-0.007902 -0.489786 0.020886
-0.007919 -0.487890 0.020854
-0.007936 -0.485975 0.020822
-0.007952 -0.484043 0.020789
-0.007969 -0.482093 0.020756
-0.007985 -0.480130 0.020723
-0.008001 -0.478154 0.020690
-0.008017 -0.476169 0.020656
-0.008033 -0.474178 0.020622
-0.008049 -0.472184 0.020588
-0.008065 -0.470188 0.020553
-0.008081 -0.468192 0.020518
-0.008096 -0.466196 0.020482
-0.008112 -0.464197 0.020447
-0.008128 -0.462184 0.020410
-0.008143 -0.460152 0.020374
-0.008158 -0.458102 0.020338
-0.008173 -0.456035 0.020301
-0.008188 -0.453953 0.020264
-0.008203 -0.451860 0.020227
-0.008218 -0.449758 0.020189
-0.008233 -0.447649 0.020151
-0.008247 -0.445536 0.020113
-0.008262 -0.443422 0.020075
-0.008276 -0.441308 0.020036
-0.008290 -0.439193 0.019996
-0.008305 -0.437076 0.019957
-0.008319 -0.434943 0.019917
-0.008333 -0.432793 0.019877
-0.008347 -0.430624 0.019836
-0.008360 -0.428438 0.019796
-0.008374 -0.426239 0.019755
-0.008388 -0.424027 0.019714
-0.008401 -0.421806 0.019672
-0.008415 -0.419579 0.019631
-0.008428 -0.417349 0.019589
-0.008441 -0.415118 0.019546
-0.008454 -0.412888 0.019503
-0.008467 -0.410661 0.019460
-0.008479 -0.408436 0.019416
-0.008492 -0.406211 0.019372
-0.008505 -0.403975 0.019327
-0.008517 -0.401723 0.019283
-0.008529 -0.399456 0.019238
-0.008541 -0.397176 0.019192
-0.008553 -0.394884 0.019147
-0.008565 -0.392583 0.019101
-0.008576 -0.390276 0.019055
-0.008588 -0.387965 0.019008
-0.008599 -0.385653 0.018961
-0.008611 -0.383342 0.018913
-0.008622 -0.381034 0.018865
-0.008633 -0.378729 0.018817
-0.008644 -0.376423 0.018768
-0.008655 -0.374104 0.018718
-0.008665 -0.371771 0.018669
-0.008676 -0.369422 0.018619
-0.008686 -0.367059 0.018569
-0.008697 -0.364685 0.018518
-0.008707 -0.362301 0.018467
-0.008717 -0.359910 0.018416
-0.008727 -0.357516 0.018364
-0.008737 -0.355120 0.018312
-0.008746 -0.352725 0.018259
-0.008756 -0.350332 0.018206
-0.008765 -0.347942 0.018152
-0.008775 -0.345550 0.018098
-0.008784 -0.343146 0.018043
-0.008793 -0.340727 0.017988
-0.008802 -0.338292 0.017932
-0.008811 -0.335842 0.017877
-0.008820 -0.333381 0.017820
-0.008829 -0.330910 0.017764
-0.008838 -0.328433 0.017706
-0.008847 -0.325951 0.017649
-0.008855 -0.323468 0.017591
-0.008863 -0.320985 0.017532
-0.008871 -0.318507 0.017472
-0.008879 -0.316032 0.017412
-0.008887 -0.313563 0.017351
-0.008895 -0.311095 0.017290
-0.008903 -0.308617 0.017228
-0.008911 -0.306127 0.017165
-0.008918 -0.303623 0.017102
-0.008925 -0.301107 0.017039
-0.008932 -0.298582 0.016975
-0.008940 -0.296049 0.016910
-0.008947 -0.293512 0.016845
-0.008953 -0.290974 0.016779
-0.008960 -0.288436 0.016713
-0.008967 -0.285900 0.016645
-0.008973 -0.283369 0.016577
-0.008980 -0.280842 0.016508
-0.008986 -0.278316 0.016439
-0.008993 -0.275780 0.016369
-0.008999 -0.273230 0.016298
-0.009005 -0.270666 0.016226
-0.009011 -0.268090 0.016154
-0.009017 -0.265504 0.016081
-0.009023 -0.262910 0.016008
-0.009028 -0.260310 0.015934
-0.009034 -0.257708 0.015859
-0.009040 -0.255106 0.015783
-0.009045 -0.252506 0.015706
-0.009050 -0.249910 0.015628
-0.009056 -0.247317 0.015550
-0.009061 -0.244725 0.015470
-0.009066 -0.242121 0.015390
-0.009071 -0.239503 0.015309
-0.009076 -0.236870 0.015227
-0.009081 -0.234225 0.015145
-0.009086 -0.231568 0.015061
-0.009091 -0.228903 0.014977
-0.009096 -0.226233 0.014892
-0.009101 -0.223559 0.014806
-0.009106 -0.220885 0.014718
-0.009110 -0.218212 0.014630
-0.009115 -0.215544 0.014541
-0.009119 -0.212882 0.014450
-0.009123 -0.210225 0.014359
-0.009128 -0.207571 0.014266
-0.009132 -0.204908 0.014173
-0.009136 -0.202232 0.014078
-0.009140 -0.199544 0.013982
-0.009144 -0.196845 0.013886
-0.009148 -0.194137 0.013788
-0.009152 -0.191422 0.013689
-0.009155 -0.188704 0.013589
-0.009159 -0.185985 0.013488
-0.009163 -0.183267 0.013386
-0.009166 -0.180552 0.013282
-0.009170 -0.177843 0.013177
-0.009173 -0.175138 0.013071
-0.009177 -0.172435 0.012963
-0.009180 -0.169722 0.012855
-0.009183 -0.166995 0.012745
-0.009187 -0.164256 0.012634
-0.009190 -0.161504 0.012521
-0.009193 -0.158743 0.012408
-0.009196 -0.155975 0.012293
-0.009199 -0.153201 0.012176
-0.009203 -0.150426 0.012059
-0.009206 -0.147651 0.011940
-0.009208 -0.144879 0.011819
-0.009211 -0.142111 0.011697
-0.009214 -0.139347 0.011573
-0.009217 -0.136584 0.011448
-0.009220 -0.133810 0.011322
-0.009223 -0.131022 0.011194
-0.009226 -0.128220 0.011064
-0.009228 -0.125405 0.010934
-0.009231 -0.122580 0.010801
-0.009234 -0.119746 0.010668
-0.009237 -0.116908 0.010532
-0.009240 -0.114066 0.010395
-0.009242 -0.111225 0.010257
-0.009245 -0.108386 0.010117
-0.009247 -0.105552 0.009975
-0.009249 -0.102724 0.009831
-0.009252 -0.099902 0.009685
-0.009254 -0.097084 0.009538
-0.009256 -0.094256 0.009389
-0.009259 -0.091417 0.009239
-0.009261 -0.088566 0.009086
-0.009263 -0.085704 0.008933
-0.009265 -0.082834 0.008777
-0.009267 -0.079958 0.008620
-0.009269 -0.077079 0.008460
-0.009271 -0.074199 0.008299
-0.009272 -0.071321 0.008136
-0.009274 -0.068448 0.007972
-0.009276 -0.065580 0.007805
-0.009277 -0.062718 0.007636
-0.009279 -0.059859 0.007466
-0.009281 -0.056991 0.007293
-0.009282 -0.054110 0.007119
-0.009283 -0.051216 0.006943
-0.009285 -0.048311 0.006765
-0.009286 -0.045398 0.006585
-0.009287 -0.042478 0.006403
-0.009288 -0.039554 0.006219
-0.009290 -0.036630 0.006034
-0.009291 -0.033707 0.005846
-0.009291 -0.030789 0.005656
-0.009292 -0.027876 0.005464
-0.009293 -0.024968 0.005270
-0.009294 -0.022063 0.005074
-0.009294 -0.019149 0.004876
-0.009295 -0.016222 0.004676
-0.009295 -0.013282 0.004474
-0.009295 -0.010331 0.004270
-0.009296 -0.007371 0.004064
-0.009296 -0.004404 0.003856
-0.009296 -0.001434 0.003646
-0.009296 0.001536 0.003434
-0.009296 0.004504 0.003219
-0.009296 0.007468 0.003003
-0.009295 0.010424 0.002785
-0.009295 0.013372 0.002564
-0.009294 0.016310 0.002341
-0.009293 0.019243 0.002116
-0.009292 0.022182 0.001889
-0.009291 0.025131 0.001660
-0.009289 0.028089 0.001428
-0.009288 0.031055 0.001195
-0.009286 0.034027 0.000960
-0.009284 0.037001 0.000723
-0.009282 0.039975 0.000483
-0.009280 0.042946 0.000242
-0.009277 0.045911 -0.000002
-0.009274 0.048869 -0.000248
-0.009271 0.051816 -0.000495
-0.009268 0.054754 -0.000745
-0.009265 0.057684 -0.000997
-0.009261 0.060620 -0.001251
-0.009257 0.063565 -0.001507
-0.009253 0.066518 -0.001765
-0.009249 0.069477 -0.002025
-0.009245 0.072441 -0.002287
-0.009240 0.075407 -0.002550
-0.009235 0.078371 -0.002816
-0.009230 0.081330 -0.003083
-0.009224 0.084282 -0.003353
-0.009218 0.087225 -0.003624
-0.009212 0.090156 -0.003898
-0.009205 0.093075 -0.004173
-0.009199 0.095985 -0.004450
-0.009192 0.098899 -0.004729
-0.009184 0.101820 -0.005009
-0.009177 0.104747 -0.005291
-0.009169 0.107679 -0.005575
-0.009161 0.110613 -0.005860
-0.009152 0.113545 -0.006147
-0.009143 0.116474 -0.006436
-0.009134 0.119396 -0.006726
-0.009125 0.122308 -0.007018
-0.009114 0.125207 -0.007311
-0.009104 0.128091 -0.007606
-0.009093 0.130957 -0.007902
-0.009081 0.133804 -0.008200
-0.009070 0.136637 -0.008499
-0.009058 0.139467 -0.008799
-0.009045 0.142298 -0.009101
-0.009032 0.145128 -0.009404
-0.009018 0.147957 -0.009707
-0.009004 0.150782 -0.010012
-0.008990 0.153598 -0.010318
-0.008975 0.156404 -0.010625
-0.008960 0.159197 -0.010933
-0.008944 0.161972 -0.011241
-0.008927 0.164727 -0.011551
-0.008910 0.167461 -0.011861
-0.008893 0.170172 -0.012172
-0.008875 0.172864 -0.012484
-0.008857 0.175549 -0.012796
-0.008838 0.178231 -0.013108
-0.008818 0.180907 -0.013421
-0.008799 0.183578 -0.013734
-0.008778 0.186239 -0.014048
-0.008757 0.188887 -0.014361
-0.008736 0.191520 -0.014675
-0.008714 0.194134 -0.014988
-0.008692 0.196726 -0.015301
-0.008668 0.199292 -0.015614
-0.008645 0.201831 -0.015927
-0.008620 0.204341 -0.016240
-0.008596 0.206827 -0.016552
-0.008571 0.209299 -0.016863
-0.008545 0.211762 -0.017174
-0.008518 0.214215 -0.017484
-0.008491 0.216655 -0.017792
-0.008464 0.219079 -0.018100
-0.008436 0.221483 -0.018406
-0.008408 0.223866 -0.018711
-0.008379 0.226222 -0.019015
-0.008349 0.228549 -0.019317
-0.008319 0.230843 -0.019617
-0.008288 0.233101 -0.019915
-0.008257 0.235320 -0.020212
-0.008225 0.237500 -0.020506
-0.008192 0.239644 -0.020799
-0.008159 0.241763 -0.021088
-0.008126 0.243861 -0.021375
-0.008091 0.245937 -0.021659
-0.008057 0.247989 -0.021941
-0.008022 0.250013 -0.022218
-0.007986 0.252006 -0.022493
-0.007950 0.253963 -0.022764
-0.007914 0.255882 -0.023031
-0.007877 0.257760 -0.023294
-0.007839 0.259591 -0.023554
-0.007801 0.261375 -0.023808
-0.007762 0.263110 -0.024059
-0.007724 0.264798 -0.024304
-0.007685 0.266452 -0.024544
-0.007645 0.268076 -0.024779
-0.007605 0.269667 -0.025008
-0.007565 0.271223 -0.025231
-0.007524 0.272741 -0.025448
-0.007484 0.274218 -0.025658
-0.007443 0.275648 -0.025861
-0.007401 0.277029 -0.026058
-0.007360 0.278357 -0.026247
-0.007318 0.279627 -0.026428
-0.007276 0.280838 -0.026601
-0.007234 0.281988 -0.026765
-0.007192 0.283080 -0.026920
-0.007150 0.284126 -0.027066
-0.007108 0.285128 -0.027202
-0.007066 0.286086 -0.027328
-0.007024 0.286997 -0.027443
-0.006982 0.287856 -0.027547
-0.006940 0.288660 -0.027639
-0.006899 0.289406 -0.027719
-0.006857 0.290088 -0.027786
-0.006816 0.290703 -0.027840
-0.006775 0.291246 -0.027880
-0.006735 0.291715 -0.027905
-0.006694 0.292105 -0.027915
-0.006654 0.292416 -0.027909
-0.006615 0.292650 -0.027887
-0.006576 0.292819 -0.027847
-0.006538 0.292925 -0.027789
-0.006500 0.292968 -0.027711
-0.006463 0.292944 -0.027614
-0.006427 0.292849 -0.027496
-0.006391 0.292679 -0.027356
-0.006357 0.292430 -0.027193
-0.006323 0.292097 -0.027007
-0.006291 0.291676 -0.026795
-0.006259 0.291164 -0.026557
-0.006229 0.290557 -0.026292
-0.006200 0.289853 -0.025999
-0.006172 0.289054 -0.025675
-0.006145 0.288174 -0.025320
-0.006120 0.287214 -0.024932
-0.006097 0.286172 -0.024509
-0.006075 0.285046 -0.024050
-0.006055 0.283831 -0.023553
-0.006037 0.282523 -0.023016
-0.006021 0.281117 -0.022438
-0.006006 0.279610 -0.021816
-0.005994 0.277996 -0.021148
-0.005983 0.276272 -0.020431
-0.005975 0.274434 -0.019664
-0.005970 0.272480 -0.018845
-0.005967 0.270413 -0.017969
-0.005966 0.268246 -0.017035
-0.005968 0.265980 -0.016039
-0.005972 0.263614 -0.014978
-0.005980 0.261144 -0.013850
-0.005991 0.258566 -0.012650
-0.006005 0.255877 -0.011374
-0.006022 0.253072 -0.010020
-0.006042 0.250146 -0.008583
-0.006065 0.247095 -0.007059
-0.006092 0.243916 -0.005443
-0.006123 0.240604 -0.003730
-0.006157 0.237156 -0.001915
-0.006194 0.233571 0.000006
-0.006236 0.229851 0.002040
-0.006282 0.226011 0.004193
-0.006331 0.222052 0.006471
-0.006385 0.217975 0.008881
-0.006443 0.213775 0.011430
-0.006505 0.209451 0.014125
-0.006572 0.205000 0.016974
-0.006643 0.200417 0.019985
-0.006718 0.195700 0.023168
-0.006798 0.190847 0.026531
-0.006881 0.185855 0.030084
-0.006969 0.180723 0.033838
-0.007061 0.175451 0.037804
-0.007158 0.170045 0.041992
-0.007258 0.164521 0.046416
-0.007362 0.158884 0.051089
-0.007470 0.153135 0.056024
-0.007580 0.147277 0.061235
-0.007694 0.141308 0.066737
-0.007811 0.135231 0.072547
-0.007930 0.129046 0.078681
-0.008050 0.122754 0.085155
-0.008172 0.116359 0.091988
-0.008295 0.109864 0.099198
-0.008419 0.103273 0.106803
-0.008543 0.096595 0.114821
-0.008669 0.089842 0.123269
-0.008794 0.083037 0.132162
-0.008922 0.076196 0.141511
-0.009052 0.069331 0.151322
-0.009186 0.062453 0.161591
-0.009329 0.055577 0.172302
-0.009482 0.048716 0.183417
-0.009652 0.041887 0.194865
-0.009843 0.035111 0.206532
-0.010061 0.028410 0.218233
-0.010310 0.021810 0.229683
-0.010590 0.015338 0.240450
-0.010894 0.009026 0.249888
-0.011205 0.002905 0.257036
-0.011512 -0.003006 0.260473
-0.011734 -0.008090 0.257006
