-0.000000
-0.002319
-0.003445
-0.003800
-0.003861
-0.003764
-0.003577
-0.003323
-0.003026
-0.002713
-0.002404
-0.002107
-0.001828
-0.001570
-0.001328
-0.001104
-0.000891
-0.000679
-0.000497
-0.000334
-0.000185
-0.000051
0.000066
0.000169
0.000255
0.000327
0.000385
0.000434
0.000474
0.000507
0.000533
0.000556
0.000573
0.000582
0.000585
0.000580
0.000567
0.000547
0.000519
0.000483
0.000439
0.000393
0.000343
0.000292
0.000241
0.000191
0.000140
0.000088
0.000034
-0.000022
-0.000082
-0.000146
-0.000215
-0.000288
-0.000361
-0.000437
-0.000511
-0.000583
-0.000653
-0.000723
-0.000794
-0.000866
-0.000942
-0.001019
-0.001098
-0.001177
-0.001257
-0.001334
-0.001410
-0.001481
-0.001546
-0.001607
-0.001665
-0.001721
-0.001775
-0.001829
-0.001885
-0.001941
-0.002001
-0.002065
-0.002132
-0.002198
-0.002264
-0.002327
-0.002385
-0.002439
-0.002491
-0.002542
-0.002593
-0.002644
-0.002697
-0.002752
-0.002811
-0.002874
-0.002936
-0.002998
-0.003055
-0.003108
-0.003158
-0.003205
-0.003250
-0.003295
-0.003341
-0.003388
-0.003437
-0.003491
-0.003547
-0.003602
-0.003657
-0.003708
-0.003754
-0.003796
-0.003835
-0.003873
-0.003909
-0.003945
-0.003983
-0.004022
-0.004063
-0.004109
-0.004157
-0.004206
-0.004253
-0.004297
-0.004336
-0.004372
-0.004405
-0.004436
-0.004467
-0.004498
-0.004531
-0.004567
-0.004605
-0.004647
-0.004688
-0.004728
-0.004764
-0.004796
-0.004824
-0.004849
-0.004873
-0.004896
-0.004920
-0.004945
-0.004972
-0.005002
-0.005035
-0.005068
-0.005099
-0.005127
-0.005149
-0.005168
-0.005184
-0.005198
-0.005211
-0.005224
-0.005238
-0.005254
-0.005272
-0.005293
-0.005317
-0.005341
-0.005365
-0.005384
-0.005399
-0.005411
-0.005420
-0.005428
-0.005436
-0.005444
-0.005453
-0.005465
-0.005479
-0.005497
-0.005514
-0.005531
-0.005544
-0.005552
-0.005558
-0.005561
-0.005563
-0.005564
-0.005566
-0.005569
-0.005575
-0.005584
-0.005595
-0.005606
-0.005617
-0.005624
-0.005627
-0.005627
-0.005624
-0.005620
-0.005616
-0.005611
-0.005608
-0.005607
-0.005608
-0.005613
-0.005621
-0.005629
-0.005637
-0.005642
-0.005644
-0.005643
-0.005641
-0.005637
-0.005634
-0.005632
-0.005632
-0.005634
-0.005640
-0.005649
-0.005659
-0.005668
-0.005675
-0.005679
-0.005680
-0.005681
-0.005681
-0.005681
-0.005682
-0.005686
-0.005692
-0.005702
-0.005715
-0.005730
-0.005744
-0.005756
-0.005765
-0.005772
-0.005778
-0.005784
-0.005790
-0.005797
-0.005806
-0.005818
-0.005833
-0.005851
-0.005874
-0.005898
-0.005922
-0.005945
-0.005965
-0.005984
-0.006002
-0.006020
-0.006039
-0.006060
-0.006083
-0.006108
-0.006137
-0.006170
-0.006203
-0.006236
-0.006267
-0.006295
-0.006320
-0.006344
-0.006367
-0.006389
-0.006410
-0.006431
-0.006451
-0.006472
-0.006493
-0.006515
-0.006537
-0.006560
-0.006583
-0.006606
-0.006631
-0.006656
-0.006681
-0.006708
-0.006735
-0.006762
-0.006791
-0.006820
-0.006850
-0.006880
-0.006911
-0.006943
-0.006975
-0.007008
-0.007041
-0.007075
-0.007110
-0.007145
-0.007180
-0.007216
-0.007252
-0.007289
-0.007326
-0.007363
-0.007401
-0.007439
-0.007477
-0.007516
-0.007554
-0.007593
-0.007633
-0.007672
-0.007711
-0.007751
-0.007790
-0.007830
-0.007870
-0.007910
-0.007950
-0.007990
-0.008030
-0.008070
-0.008110
-0.008150
-0.008190
-0.008230
-0.008270
-0.008310
-0.008350
-0.008389
-0.008428
-0.008466
-0.008503
-0.008540
-0.008577
-0.008613
-0.008650
-0.008687
-0.008724
-0.008760
-0.008796
-0.008831
-0.008866
-0.008900
-0.008934
-0.008967
-0.009000
-0.009033
-0.009064
-0.009096
-0.009127
-0.009157
-0.009187
-0.009216
-0.009245
-0.009274
-0.009302
-0.009329
-0.009356
-0.009382
-0.009408
-0.009434
-0.009458
-0.009483
-0.009506
-0.009530
-0.009552
-0.009575
-0.009596
-0.009617
-0.009638
-0.009658
-0.009677
-0.009696
-0.009714
-0.009732
-0.009749
-0.009766
-0.009782
-0.009797
-0.009812
-0.009826
-0.009840
-0.009853
-0.009866
-0.009878
-0.009889
-0.009900
-0.009910
-0.009920
-0.009929
-0.009938
-0.009946
-0.009953
-0.009960
-0.009966
-0.009971
-0.009976
-0.009981
-0.009984
-0.009988
-0.009990
-0.009992
-0.009994
-0.009995
-0.009995
-0.009994
-0.009994
-0.009992
-0.009990
-0.009987
-0.009984
-0.009980
-0.009975
-0.009970
-0.009965
-0.009958
-0.009952
-0.009944
-0.009936
-0.009927
-0.009918
-0.009908
-0.009898
-0.009887
-0.009875
-0.009863
-0.009850
-0.009837
-0.009823
-0.009809
-0.009794
-0.009778
-0.009762
-0.009745
-0.009727
-0.009709
-0.009691
-0.009672
-0.009652
-0.009632
-0.009611
-0.009589
-0.009567
-0.009545
-0.009522
-0.009498
-0.009474
-0.009449
-0.009424
-0.009398
-0.009371
-0.009344
-0.009317
-0.009289
-0.009260
-0.009231
-0.009202
-0.009171
-0.009141
-0.009110
-0.009078
-0.009046
-0.009013
-0.008980
-0.008947
-0.008913
-0.008878
-0.008843
-0.008808
-0.008772
-0.008736
-0.008699
-0.008662
-0.008624
-0.008587
-0.008548
-0.008510
-0.008471
-0.008431
-0.008392
-0.008352
-0.008311
-0.008271
-0.008230
-0.008189
-0.008147
-0.008106
-0.008064
-0.008022
-0.007980
-0.007937
-0.007895
-0.007852
-0.007809
-0.007766
-0.007723
-0.007680
-0.007637
-0.007594
-0.007551
-0.007507
-0.007464
-0.007421
-0.007378
-0.007336
-0.007293
-0.007251
-0.007208
-0.007166
-0.007124
-0.007083
-0.007041
-0.007000
-0.006960
-0.006919
-0.006880
-0.006840
-0.006801
-0.006763
-0.006725
-0.006687
-0.006650
-0.006614
-0.006578
-0.006543
-0.006508
-0.006475
-0.006441
-0.006409
-0.006377
-0.006346
-0.006316
-0.006287
-0.006258
-0.006230
-0.006203
-0.006176
-0.006151
-0.006126
-0.006101
-0.006078
-0.006055
-0.006032
-0.006010
-0.005987
-0.005965
-0.005943
-0.005921
-0.005897
-0.005873
-0.005847
-0.005819
-0.005788
-0.005755
-0.005722
-0.005690
-0.005662
-0.005637
-0.005616
-0.005597
-0.005580
-0.005564
-0.005549
-0.005534
-0.005518
-0.005500
-0.005481
-0.005459
-0.005438
-0.005418
-0.005402
-0.005389
-0.005380
-0.005373
-0.005368
-0.005363
-0.005359
-0.005354
-0.005347
-0.005339
-0.005327
-0.005316
-0.005307
-0.005301
-0.005298
-0.005299
-0.005302
-0.005307
-0.005312
-0.005317
-0.005321
-0.005323
-0.005322
-0.005319
-0.005316
-0.005314
-0.005315
-0.005320
-0.005328
-0.005339
-0.005351
-0.005363
-0.005376
-0.005388
-0.005398
-0.005405
-0.005409
-0.005410
-0.005410
-0.005411
-0.005415
-0.005422
-0.005432
-0.005444
-0.005457
-0.005469
-0.005481
-0.005491
-0.005498
-0.005502
-0.005502
-0.005502
-0.005502
-0.005505
-0.005511
-0.005520
-0.005531
-0.005543
-0.005554
-0.005564
-0.005573
-0.005578
-0.005580
-0.005578
-0.005576
-0.005573
-0.005575
-0.005579
-0.005586
-0.005596
-0.005606
-0.005616
-0.005626
-0.005634
-0.005639
-0.005642
-0.005640
-0.005634
-0.005627
-0.005620
-0.005616
-0.005616
-0.005618
-0.005621
-0.005625
-0.005629
-0.005631
-0.005632
-0.005628
-0.005621
-0.005610
-0.005598
-0.005586
-0.005577
-0.005572
-0.005569
-0.005568
-0.005567
-0.005566
-0.005564
-0.005560
-0.005552
-0.005541
-0.005525
-0.005509
-0.005493
-0.005480
-0.005472
-0.005466
-0.005462
-0.005459
-0.005456
-0.005452
-0.005447
-0.005440
-0.005428
-0.005413
-0.005393
-0.005373
-0.005352
-0.005335
-0.005322
-0.005311
-0.005302
-0.005293
-0.005285
-0.005275
-0.005263
-0.005247
-0.005228
-0.005205
-0.005181
-0.005157
-0.005136
-0.005120
-0.005106
-0.005095
-0.005084
-0.005073
-0.005060
-0.005046
-0.005029
-0.005007
-0.004982
-0.004957
-0.004932
-0.004910
-0.004893
-0.004879
-0.004867
-0.004856
-0.004845
-0.004835
-0.004822
-0.004807
-0.004789
-0.004767
-0.004741
-0.004714
-0.004687
-0.004664
-0.004645
-0.004628
-0.004614
-0.004600
-0.004586
-0.004571
-0.004555
-0.004534
-0.004510
-0.004482
-0.004454
-0.004426
-0.004401
-0.004381
-0.004363
-0.004347
-0.004332
-0.004317
-0.004300
-0.004282
-0.004261
-0.004235
-0.004206
-0.004176
-0.004146
-0.004121
-0.004098
-0.004079
-0.004062
-0.004046
-0.004030
-0.004013
-0.003994
-0.003973
-0.003948
-0.003919
-0.003885
-0.003851
-0.003816
-0.003784
-0.003756
-0.003730
-0.003705
-0.003680
-0.003655
-0.003628
-0.003598
-0.003565
-0.003527
-0.003484
-0.003442
-0.003398
-0.003357
-0.003319
-0.003283
-0.003248
-0.003213
-0.003177
-0.003140
-0.003099
-0.003056
-0.003007
-0.002955
-0.002902
-0.002849
-0.002799
-0.002753
-0.002709
-0.002668
-0.002629
-0.002591
-0.002553
-0.002516
-0.002479
-0.002443
-0.002405
-0.002368
-0.002330
-0.002292
-0.002253
-0.002213
-0.002173
-0.002132
-0.002091
-0.002048
-0.002006
-0.001962
-0.001919
-0.001874
-0.001829
-0.001784
-0.001738
-0.001692
-0.001646
-0.001599
-0.001552
-0.001504
-0.001457
-0.001409
-0.001362
-0.001314
-0.001266
-0.001218
-0.001171
-0.001123
-0.001076
-0.001028
-0.000981
-0.000934
-0.000888
-0.000842
-0.000796
-0.000750
-0.000705
-0.000660
-0.000616
-0.000572
-0.000529
-0.000486
-0.000444
-0.000402
-0.000361
-0.000320
-0.000280
-0.000241
-0.000202
-0.000164
-0.000126
-0.000089
-0.000053
-0.000018
0.000017
0.000051
0.000085
0.000118
0.000150
0.000181
0.000212
0.000242
0.000271
0.000299
0.000327
0.000354
0.000381
0.000406
0.000431
0.000456
0.000479
0.000502
0.000524
0.000546
0.000566
0.000586
0.000606
0.000624
0.000642
0.000660
0.000676
0.000692
0.000708
0.000723
0.000737
0.000750
0.000763
0.000775
0.000787
0.000798
0.000808
0.000818
0.000828
0.000836
0.000845
0.000852
0.000859
0.000866
0.000872
0.000877
0.000882
0.000887
0.000891
0.000894
0.000897
0.000900
0.000902
0.000904
0.000905
0.000906
0.000906
0.000906
0.000906
0.000905
0.000904
0.000902
0.000900
0.000898
0.000895
0.000892
0.000889
0.000885
0.000881
0.000877
0.000872
0.000867
0.000862
0.000856
0.000851
0.000845
0.000838
0.000831
0.000825
0.000817
0.000810
0.000802
0.000795
0.000786
0.000778
0.000770
0.000761
0.000752
0.000743
0.000734
0.000724
0.000714
0.000705
0.000695
0.000684
0.000674
0.000664
0.000653
0.000642
0.000631
0.000620
0.000609
0.000598
0.000586
0.000575
0.000563
0.000551
0.000539
0.000527
0.000515
0.000503
0.000491
0.000479
0.000466
0.000454
0.000441
0.000428
0.000416
0.000403
0.000390
0.000377
0.000364
0.000351
0.000338
0.000325
0.000312
0.000298
0.000285
0.000272
0.000258
0.000245
0.000232
0.000218
0.000205
0.000191
0.000178
0.000164
0.000151
0.000137
0.000123
0.000110
0.000096
0.000083
0.000069
0.000055
0.000042
0.000028
0.000014
0.000001
-0.000013
-0.000026
-0.000040
-0.000054
-0.000067
-0.000081
-0.000094
-0.000108
-0.000121
-0.000135
-0.000148
-0.000161
-0.000175
-0.000188
-0.000201
-0.000214
-0.000228
-0.000241
-0.000254
-0.000267
-0.000280
-0.000293
-0.000306
-0.000318
-0.000331
-0.000344
-0.000356
-0.000369
-0.000381
-0.000394
-0.000406
-0.000418
-0.000430
-0.000442
-0.000454
-0.000466
-0.000478
-0.000489
-0.000501
-0.000512
-0.000523
-0.000534
-0.000545
-0.000556
-0.000567
-0.000578
-0.000588
-0.000598
-0.000609
-0.000619
-0.000628
-0.000638
-0.000648
-0.000657
-0.000666
-0.000675
-0.000684
-0.000692
-0.000701
-0.000709
-0.000717
-0.000724
-0.000732
-0.000739
-0.000746
-0.000753
-0.000759
-0.000766
-0.000772
-0.000777
-0.000783
-0.000788
-0.000793
-0.000797
-0.000802
-0.000806
-0.000809
-0.000812
-0.000815
-0.000818
-0.000820
-0.000822
-0.000824
-0.000825
-0.000826
-0.000826
-0.000826
-0.000826
-0.000825
-0.000824
-0.000822
-0.000820
-0.000818
-0.000815
-0.000811
-0.000807
-0.000803
-0.000798
-0.000793
-0.000787
-0.000781
-0.000774
-0.000766
-0.000759
-0.000750
-0.000741
-0.000732
-0.000721
-0.000711
-0.000699
-0.000688
-0.000675
-0.000662
-0.000648
-0.000634
-0.000619
-0.000604
-0.000588
-0.000571
-0.000553
-0.000535
-0.000517
-0.000497
-0.000477
-0.000456
-0.000435
-0.000413
-0.000390
-0.000367
-0.000343
-0.000318
-0.000292
-0.000266
-0.000239
-0.000212
-0.000183
-0.000154
-0.000125
-0.000095
-0.000064
-0.000032
0.000000
0.000033
0.000067
0.000101
0.000136
0.000172
0.000208
0.000244
0.000282
0.000320
0.000358
0.000397
0.000437
0.000477
0.000518
0.000559
0.000600
0.000642
0.000685
0.000728
0.000771
0.000815
0.000858
0.000903
0.000947
0.000992
0.001037
0.001082
0.001127
0.001172
0.001218
0.001263
0.001308
0.001354
0.001399
0.001444
0.001489
0.001534
0.001578
0.001622
0.001666
0.001709
0.001752
0.001795
0.001837
0.001878
0.001919
0.001960
0.002000
0.002039
0.002077
0.002115
0.002152
0.002189
0.002225
0.002261
0.002296
0.002331
0.002366
0.002400
0.002435
0.002470
0.002506
0.002543
0.002581
0.002622
0.002666
0.002713
0.002764
0.002814
0.002864
0.002910
0.002951
0.002988
0.003023
0.003056
0.003089
0.003121
0.003154
0.003189
0.003228
0.003269
0.003309
0.003348
0.003383
0.003413
0.003439
0.003462
0.003483
0.003504
0.003524
0.003544
0.003567
0.003592
0.003620
0.003652
0.003683
0.003715
0.003742
0.003765
0.003784
0.003802
0.003818
0.003834
0.003851
0.003869
0.003890
0.003914
0.003943
0.003971
0.003999
0.004022
0.004042
0.004059
0.004073
0.004087
0.004100
0.004114
0.004130
0.004149
0.004171
0.004197
0.004223
0.004249
0.004271
0.004288
0.004303
0.004315
0.004325
0.004335
0.004346
0.004358
0.004372
0.004389
0.004410
0.004435
0.004460
0.004486
0.004507
0.004524
0.004539
0.004551
0.004563
0.004575
0.004587
0.004601
0.004618
0.004640
0.004664
0.004689
0.004714
0.004735
0.004751
0.004765
0.004776
0.004787
0.004797
0.004808
0.004821
0.004836
0.004855
0.004878
0.004901
0.004923
0.004941
0.004955
0.004966
0.004974
0.004980
0.004986
0.004993
0.005000
0.005009
0.005021
0.005037
0.005057
0.005077
0.005097
0.005112
0.005123
0.005132
0.005138
0.005143
0.005148
0.005153
0.005160
0.005170
0.005183
0.005199
0.005216
0.005232
0.005244
0.005252
0.005256
0.005259
0.005260
0.005260
0.005262
0.005264
0.005270
0.005278
0.005290
0.005302
0.005313
0.005320
0.005322
0.005321
0.005318
0.005313
0.005307
0.005301
0.005297
0.005294
0.005294
0.005297
0.005304
0.005311
0.005317
0.005319
0.005318
0.005313
0.005307
0.005299
0.005291
0.005283
0.005277
0.005274
0.005274
0.005277
0.005280
0.005283
0.005282
0.005276
0.005269
0.005259
0.005247
0.005236
0.005226
0.005217
0.005210
0.005207
0.005206
0.005207
0.005206
0.005201
0.005193
0.005182
0.005170
0.005155
0.005141
0.005127
0.005114
0.005103
0.005095
0.005091
0.005090
0.005090
0.005089
0.005085
0.005078
0.005069
0.005059
0.005048
0.005037
0.005027
0.005019
0.005014
0.005013
0.005015
0.005018
0.005021
0.005021
0.005018
0.005014
0.005008
0.005002
0.004996
0.004992
0.004990
0.004991
0.004995
0.005003
0.005013
0.005022
0.005029
0.005033
0.005036
0.005037
0.005039
0.005041
0.005044
0.005049
0.005057
0.005068
0.005083
0.005102
0.005123
0.005144
0.005163
0.005180
0.005196
0.005211
0.005226
0.005243
0.005261
0.005281
0.005304
0.005331
0.005361
0.005393
0.005424
0.005453
0.005479
0.005503
0.005526
0.005548
0.005569
0.005589
0.005610
0.005630
0.005651
0.005672
0.005694
0.005716
0.005739
0.005762
0.005787
0.005812
0.005837
0.005864
0.005891
0.005919
0.005948
0.005977
0.006007
0.006038
0.006070
0.006102
0.006135
0.006169
0.006203
0.006238
0.006273
0.006309
0.006345
0.006382
0.006419
0.006457
0.006495
0.006534
0.006573
0.006612
0.006652
0.006691
0.006731
0.006772
0.006812
0.006853
0.006894
0.006935
0.006976
0.007017
0.007058
0.007099
0.007140
0.007181
0.007223
0.007264
0.007305
0.007346
0.007386
0.007427
0.007468
0.007508
0.007548
0.007588
0.007628
0.007667
0.007707
0.007746
0.007784
0.007823
0.007861
0.007899
0.007936
0.007973
0.008010
0.008047
0.008083
0.008118
0.008154
0.008188
0.008223
0.008257
0.008291
0.008324
0.008356
0.008389
0.008420
0.008452
0.008483
0.008513
0.008543
0.008572
0.008601
0.008629
0.008657
0.008684
0.008711
0.008738
0.008763
0.008789
0.008813
0.008837
0.008861
0.008884
0.008906
0.008928
0.008950
0.008971
0.008991
0.009011
0.009030
0.009048
0.009066
0.009084
0.009101
0.009117
0.009133
0.009148
0.009162
0.009176
0.009190
0.009203
0.009215
0.009227
0.009238
0.009248
0.009258
0.009267
0.009276
0.009284
0.009292
0.009299
0.009305
0.009311
0.009316
0.009321
0.009325
0.009328
0.009331
0.009334
0.009335
0.009336
0.009337
0.009337
0.009336
0.009335
0.009333
0.009331
0.009328
0.009324
0.009320
0.009315
0.009309
0.009303
0.009297
0.009290
0.009282
0.009274
0.009265
0.009255
0.009245
0.009234
0.009223
0.009211
0.009199
0.009186
0.009172
0.009158
0.009143
0.009128
0.009112
0.009095
0.009078
0.009060
0.009042
0.009023
0.009004
0.008984
0.008963
0.008942
0.008920
0.008898
0.008875
0.008852
0.008828
0.008804
0.008778
0.008753
0.008727
0.008700
0.008673
0.008645
0.008617
0.008588
0.008559
0.008529
0.008498
0.008468
0.008436
0.008404
0.008372
0.008339
0.008306
0.008272
0.008238
0.008203
0.008168
0.008133
0.008097
0.008060
0.008023
0.007986
0.007949
0.007911
0.007872
0.007834
0.007794
0.007755
0.007715
0.007675
0.007635
0.007594
0.007554
0.007513
0.007471
0.007430
0.007388
0.007346
0.007304
0.007262
0.007219
0.007177
0.007134
0.007091
0.007049
0.007006
0.006963
0.006920
0.006878
0.006835
0.006792
0.006750
0.006708
0.006665
0.006623
0.006582
0.006540
0.006499
0.006458
0.006417
0.006376
0.006336
0.006297
0.006257
0.006218
0.006180
0.006142
0.006105
0.006068
0.006032
0.005996
0.005961
0.005926
0.005893
0.005859
0.005827
0.005795
0.005764
0.005734
0.005704
0.005676
0.005648
0.005620
0.005594
0.005568
0.005542
0.005518
0.005494
0.005470
0.005447
0.005424
0.005401
0.005378
0.005355
0.005331
0.005306
0.005279
0.005251
0.005220
0.005186
0.005153
0.005121
0.005092
0.005068
0.005046
0.005027
0.005009
0.004993
0.004977
0.004962
0.004945
0.004928
0.004908
0.004886
0.004864
0.004844
0.004827
0.004814
0.004805
0.004797
0.004792
0.004787
0.004782
0.004776
0.004769
0.004760
0.004749
0.004737
0.004727
0.004721
0.004718
0.004718
0.004721
0.004724
0.004729
0.004733
0.004737
0.004738
0.004737
0.004734
0.004730
0.004728
0.004729
0.004734
0.004741
0.004752
0.004763
0.004775
0.004787
0.004799
0.004809
0.004816
0.004820
0.004821
0.004821
0.004822
0.004827
0.004834
0.004845
0.004857
0.004870
0.004883
0.004895
0.004905
0.004913
0.004918
0.004919
0.004920
0.004921
0.004925
0.004933
0.004943
0.004955
0.004968
0.004981
0.004993
0.005003
0.005011
0.005015
0.005015
0.005015
0.005015
0.005019
0.005026
0.005036
0.005048
0.005061
0.005074
0.005087
0.005098
0.005107
0.005113
0.005115
0.005113
0.005110
0.005108
0.005109
0.005113
0.005119
0.005128
0.005137
0.005146
0.005153
0.005159
0.005162
0.005161
0.005156
0.005150
0.005144
0.005143
0.005144
0.005148
0.005154
0.005161
0.005168
0.005174
0.005178
0.005178
0.005175
0.005169
0.005161
0.005155
0.005152
0.005152
0.005156
0.005162
0.005169
0.005177
0.005184
0.005189
0.005193
0.005193
0.005189
0.005181
0.005173
0.005165
0.005161
0.005160
0.005162
0.005167
0.005172
0.005177
0.005181
0.005183
0.005182
0.005178
0.005170
0.005161
0.005153
0.005148
0.005148
0.005150
0.005155
0.005161
0.005166
0.005171
0.005174
0.005175
0.005171
0.005164
0.005156
0.005150
0.005147
0.005148
0.005152
0.005159
0.005167
0.005176
0.005184
0.005191
0.005195
0.005196
0.005194
0.005187
0.005179
0.005172
0.005168
0.005168
0.005170
0.005174
0.005179
0.005183
0.005186
0.005187
0.005184
0.005176
0.005164
0.005152
0.005139
0.005128
0.005121
0.005116
0.005111
0.005106
0.005100
0.005092
0.005080
0.005064
0.005042
0.005014
0.004985
0.004953
0.004922
0.004894
0.004865
0.004836
0.004804
0.004770
0.004731
0.004687
0.004637
0.004578
0.004511
0.004435
0.004353
0.004265
0.004174
0.004081
0.003983
0.003879
0.003767
0.003648
0.003518
0.003376
0.003221
0.003051
0.002865
0.002667
0.002456
0.002235
0.002003
0.001757
0.001498
0.001221
0.000926
0.000611
0.000273
-0.000090
-0.000479
-0.000896
-0.001337
-0.001805
-0.002296
-0.002810
-0.003350
-0.003914
-0.004503
-0.005115
-0.005744
-0.006382
-0.007016
-0.007625
-0.008185
-0.008661
-0.008522
-0.008528
