-0.000000 0.000000 -0.000000
0.000831 -0.053159 -0.002243
0.005849 -0.146778 -0.005722
0.012416 -0.264180 -0.009788
0.018768 -0.389386 -0.014164
0.024636 -0.511196 -0.018787
0.030054 -0.623883 -0.023593
0.035160 -0.724922 -0.028534
0.039910 -0.813608 -0.033526
0.044192 -0.890229 -0.038486
0.047959 -0.955579 -0.043360
0.051198 -1.010671 -0.048118
0.053917 -1.056580 -0.052742
0.056136 -1.094364 -0.057224
0.057888 -1.125025 -0.061565
0.059240 -1.149508 -0.065771
0.060228 -1.168707 -0.069857
0.060881 -1.183509 -0.073851
0.061223 -1.194556 -0.077575
0.061358 -1.202240 -0.081056
0.061279 -1.206955 -0.084327
0.060991 -1.209109 -0.087410
0.060502 -1.209090 -0.090322
0.059824 -1.207247 -0.093072
0.058968 -1.203887 -0.095669
0.057947 -1.199279 -0.098118
0.056773 -1.193649 -0.100422
0.055468 -1.187196 -0.102583
0.054086 -1.180092 -0.104600
0.052647 -1.172477 -0.106472
0.051153 -1.164469 -0.108201
0.049577 -1.156167 -0.109791
0.047923 -1.147649 -0.111243
0.046200 -1.138983 -0.112561
0.044416 -1.130222 -0.113747
0.042578 -1.121410 -0.114805
0.040691 -1.112585 -0.115737
0.038759 -1.103775 -0.116548
0.036784 -1.095005 -0.117241
0.034768 -1.086297 -0.117819
0.032710 -1.077668 -0.118285
0.030619 -1.069135 -0.118640
0.028540 -1.060719 -0.118884
0.026479 -1.052434 -0.119019
0.024436 -1.044286 -0.119047
0.022407 -1.036280 -0.118971
0.020391 -1.028418 -0.118796
0.018385 -1.020701 -0.118524
0.016387 -1.013129 -0.118160
0.014393 -1.005700 -0.117708
0.012402 -0.998413 -0.117170
0.010409 -0.991265 -0.116551
0.008408 -0.984255 -0.115853
0.006395 -0.977381 -0.115078
0.004374 -0.970645 -0.114228
0.002386 -0.964054 -0.113301
0.000434 -0.957611 -0.112299
-0.001487 -0.951312 -0.111223
-0.003383 -0.945153 -0.110074
-0.005261 -0.939131 -0.108855
-0.007127 -0.933240 -0.107567
-0.008987 -0.927474 -0.106209
-0.010848 -0.921827 -0.104781
-0.012705 -0.916296 -0.103285
-0.014530 -0.910883 -0.101733
-0.016332 -0.905581 -0.100123
-0.018121 -0.900388 -0.098452
-0.019897 -0.895302 -0.096719
-0.021614 -0.890331 -0.094923
-0.023270 -0.885474 -0.093062
-0.024872 -0.880728 -0.091138
-0.026429 -0.876088 -0.089152
-0.027945 -0.871548 -0.087106
-0.029427 -0.867105 -0.085001
-0.030879 -0.862751 -0.082840
-0.032305 -0.858482 -0.080627
-0.033711 -0.854292 -0.078362
-0.035100 -0.850176 -0.076050
-0.036479 -0.846129 -0.073692
-0.037853 -0.842148 -0.071290
-0.039229 -0.838229 -0.068844
-0.040604 -0.834373 -0.066353
-0.041929 -0.830589 -0.063821
-0.043202 -0.826877 -0.061247
-0.044428 -0.823235 -0.058632
-0.045614 -0.819659 -0.055977
-0.046765 -0.816144 -0.053284
-0.047887 -0.812688 -0.050555
-0.048985 -0.809284 -0.047793
-0.050062 -0.805928 -0.045000
-0.051125 -0.802617 -0.042179
-0.052179 -0.799346 -0.039330
-0.053231 -0.796112 -0.036456
-0.054286 -0.792913 -0.033557
-0.055341 -0.789750 -0.030632
-0.056349 -0.786633 -0.027684
-0.057308 -0.783563 -0.024713
-0.058222 -0.780537 -0.021719
-0.059099 -0.777554 -0.018703
-0.059945 -0.774610 -0.015667
-0.060763 -0.771700 -0.012612
-0.061560 -0.768822 -0.009542
-0.062340 -0.765971 -0.006458
-0.063107 -0.763143 -0.003362
-0.063868 -0.760336 -0.000256
-0.064629 -0.757547 0.002859
-0.065395 -0.754774 0.005983
-0.066163 -0.752020 0.009117
-0.066887 -0.749293 0.012257
-0.067564 -0.746596 0.015404
-0.068200 -0.743927 0.018559
-0.068800 -0.741285 0.021719
-0.069369 -0.738665 0.024884
-0.069914 -0.736066 0.028051
-0.070436 -0.733482 0.031219
-0.070942 -0.730912 0.034384
-0.071434 -0.728352 0.037545
-0.071918 -0.725798 0.040700
-0.072398 -0.723248 0.043847
-0.072881 -0.720700 0.046986
-0.073372 -0.718153 0.050116
-0.073866 -0.715610 0.053239
-0.074321 -0.713079 0.056350
-0.074733 -0.710563 0.059451
-0.075107 -0.708062 0.062542
-0.075450 -0.705573 0.065622
-0.075766 -0.703094 0.068690
-0.076062 -0.700622 0.071744
-0.076341 -0.698154 0.074783
-0.076608 -0.695687 0.077804
-0.076870 -0.693219 0.080806
-0.077131 -0.690747 0.083787
-0.077397 -0.688269 0.086747
-0.077673 -0.685785 0.089688
-0.077955 -0.683298 0.092608
-0.078202 -0.680816 0.095506
-0.078411 -0.678343 0.098381
-0.078586 -0.675877 0.101235
-0.078733 -0.673418 0.104067
-0.078857 -0.670963 0.106876
-0.078965 -0.668510 0.109661
-0.079061 -0.666055 0.112419
-0.079149 -0.663596 0.115150
-0.079235 -0.661131 0.117851
-0.079324 -0.658657 0.120522
-0.079421 -0.656174 0.123162
-0.079532 -0.653681 0.125773
-0.079653 -0.651179 0.128355
-0.079742 -0.648680 0.130905
-0.079797 -0.646185 0.133423
-0.079822 -0.643695 0.135911
-0.079823 -0.641207 0.138368
-0.079804 -0.638719 0.140793
-0.079771 -0.636230 0.143186
-0.079727 -0.633736 0.145543
-0.079678 -0.631236 0.147864
-0.079626 -0.628727 0.150147
-0.079578 -0.626206 0.152390
-0.079537 -0.623672 0.154592
-0.079510 -0.621124 0.156754
-0.079500 -0.618561 0.158876
-0.079503 -0.615985 0.160960
-0.079481 -0.613408 0.163001
-0.079430 -0.610830 0.165002
-0.079355 -0.608252 0.166963
-0.079260 -0.605673 0.168885
-0.079152 -0.603091 0.170767
-0.079036 -0.600503 0.172607
-0.078916 -0.597908 0.174406
-0.078798 -0.595303 0.176161
-0.078685 -0.592687 0.177872
-0.078584 -0.590057 0.179538
-0.078500 -0.587413 0.181160
-0.078436 -0.584753 0.182739
-0.078390 -0.582083 0.184276
-0.078324 -0.579409 0.185769
-0.078233 -0.576737 0.187218
-0.078124 -0.574064 0.188625
-0.078000 -0.571391 0.189991
-0.077867 -0.568715 0.191316
-0.077731 -0.566035 0.192599
-0.077595 -0.563349 0.193839
-0.077465 -0.560654 0.195035
-0.077346 -0.557949 0.196187
-0.077243 -0.555232 0.197295
-0.077160 -0.552502 0.198358
-0.077102 -0.549760 0.199380
-0.077064 -0.547008 0.200362
-0.077010 -0.544256 0.201301
-0.076938 -0.541506 0.202198
-0.076850 -0.538759 0.203055
-0.076751 -0.536013 0.203873
-0.076646 -0.533268 0.204653
-0.076541 -0.530520 0.205394
-0.076438 -0.527769 0.206095
-0.076343 -0.525013 0.206755
-0.076259 -0.522250 0.207374
-0.076190 -0.519478 0.207951
-0.076142 -0.516696 0.208486
-0.076119 -0.513903 0.208980
-0.076124 -0.511100 0.209437
-0.076154 -0.508289 0.209857
-0.076172 -0.505480 0.210238
-0.076177 -0.502676 0.210582
-0.076171 -0.499878 0.210892
-0.076160 -0.497083 0.211169
-0.076147 -0.494292 0.211414
-0.076138 -0.491503 0.211628
-0.076137 -0.488714 0.211809
-0.076149 -0.485924 0.211959
-0.076178 -0.483132 0.212077
-0.076230 -0.480335 0.212165
-0.076308 -0.477535 0.212224
-0.076415 -0.474731 0.212257
-0.076548 -0.471927 0.212267
-0.076672 -0.469131 0.212251
-0.076785 -0.466348 0.212212
-0.076890 -0.463577 0.212154
-0.076990 -0.460819 0.212078
-0.077091 -0.458071 0.211986
-0.077196 -0.455334 0.211878
-0.077311 -0.452606 0.211755
-0.077439 -0.449885 0.211618
-0.077585 -0.447170 0.211468
-0.077753 -0.444462 0.211305
-0.077947 -0.441758 0.211133
-0.078170 -0.439060 0.210954
-0.078417 -0.436372 0.210771
-0.078656 -0.433702 0.210584
-0.078882 -0.431055 0.210395
-0.079099 -0.428430 0.210208
-0.079309 -0.425829 0.210025
-0.079518 -0.423249 0.209848
-0.079729 -0.420690 0.209677
-0.079945 -0.418150 0.209515
-0.080170 -0.415630 0.209360
-0.080408 -0.413127 0.209215
-0.080662 -0.410642 0.209080
-0.080936 -0.408172 0.208958
-0.081233 -0.405719 0.208850
-0.081556 -0.403283 0.208761
-0.081899 -0.400868 0.208693
-0.082231 -0.398483 0.208647
-0.082549 -0.396132 0.208625
-0.082853 -0.393815 0.208632
-0.083147 -0.391533 0.208671
-0.083435 -0.389285 0.208743
-0.083721 -0.387070 0.208851
-0.084008 -0.384887 0.208996
-0.084300 -0.382736 0.209179
-0.084600 -0.380616 0.209402
-0.084912 -0.378527 0.209667
-0.085238 -0.376467 0.209977
-0.085580 -0.374439 0.210337
-0.085934 -0.372445 0.210748
-0.086266 -0.370496 0.211211
-0.086574 -0.368595 0.211729
-0.086857 -0.366742 0.212306
-0.087119 -0.364938 0.212945
-0.087361 -0.363181 0.213646
-0.087586 -0.361471 0.214411
-0.087796 -0.359808 0.215239
-0.087992 -0.358190 0.216131
-0.088175 -0.356615 0.217086
-0.088346 -0.355083 0.218102
-0.088506 -0.353594 0.219178
-0.088655 -0.352145 0.220314
-0.088793 -0.350736 0.221507
-0.088922 -0.349365 0.222756
-0.089040 -0.348032 0.224059
-0.089149 -0.346735 0.225415
-0.089249 -0.345474 0.226821
-0.089339 -0.344246 0.228277
-0.089420 -0.343052 0.229780
-0.089491 -0.341890 0.231328
-0.089554 -0.340759 0.232920
-0.089608 -0.339657 0.234554
-0.089654 -0.338585 0.236227
-0.089691 -0.337540 0.237939
-0.089719 -0.336521 0.239686
-0.089740 -0.335528 0.241469
-0.089752 -0.334559 0.243283
-0.089757 -0.333613 0.245129
-0.089754 -0.332690 0.247003
-0.089743 -0.331788 0.248904
-0.089725 -0.330905 0.250831
-0.089701 -0.330042 0.252782
-0.089669 -0.329197 0.254755
-0.089631 -0.328370 0.256748
-0.089586 -0.327558 0.258759
-0.089535 -0.326761 0.260788
-0.089478 -0.325978 0.262832
-0.089416 -0.325208 0.264891
-0.089348 -0.324451 0.266961
-0.089274 -0.323704 0.269042
-0.089196 -0.322968 0.271133
-0.089113 -0.322240 0.273232
-0.089025 -0.321521 0.275337
-0.088933 -0.320809 0.277448
-0.088836 -0.320104 0.279562
-0.088736 -0.319404 0.281679
-0.088632 -0.318709 0.283797
-0.088525 -0.318017 0.285916
-0.088415 -0.317327 0.288033
-0.088301 -0.316640 0.290148
-0.088186 -0.315953 0.292260
-0.088067 -0.315266 0.294367
-0.087947 -0.314578 0.296468
-0.087824 -0.313888 0.298563
-0.087700 -0.313195 0.300651
-0.087574 -0.312499 0.302729
-0.087448 -0.311797 0.304799
-0.087320 -0.311090 0.306858
-0.087191 -0.310377 0.308906
-0.087062 -0.309656 0.310942
-0.086933 -0.308927 0.312965
-0.086803 -0.308190 0.314975
-0.086674 -0.307442 0.316970
-0.086544 -0.306684 0.318950
-0.086414 -0.305916 0.320914
-0.086284 -0.305137 0.322863
-0.086152 -0.304348 0.324793
-0.086018 -0.303551 0.326706
-0.085879 -0.302747 0.328600
-0.085740 -0.301933 0.330475
-0.085601 -0.301108 0.332330
-0.085463 -0.300271 0.334164
-0.085328 -0.299424 0.335977
-0.085199 -0.298569 0.337768
-0.085074 -0.297704 0.339537
-0.084951 -0.296826 0.341283
-0.084830 -0.295936 0.343005
-0.084711 -0.295033 0.344704
-0.084592 -0.294116 0.346378
-0.084475 -0.293186 0.348028
-0.084360 -0.292243 0.349652
-0.084245 -0.291288 0.351252
-0.084132 -0.290321 0.352826
-0.084021 -0.289342 0.354375
-0.083910 -0.288352 0.355897
-0.083802 -0.287351 0.357393
-0.083695 -0.286340 0.358863
-0.083591 -0.285319 0.360306
-0.083488 -0.284288 0.361722
-0.083387 -0.283249 0.363111
-0.083289 -0.282200 0.364473
-0.083192 -0.281143 0.365807
-0.083098 -0.280078 0.367114
-0.083007 -0.279004 0.368393
-0.082917 -0.277924 0.369644
-0.082830 -0.276836 0.370868
-0.082746 -0.275741 0.372063
-0.082664 -0.274639 0.373229
-0.082585 -0.273531 0.374368
-0.082508 -0.272417 0.375478
-0.082434 -0.271296 0.376560
-0.082363 -0.270170 0.377613
-0.082294 -0.269038 0.378637
-0.082229 -0.267900 0.379633
-0.082165 -0.266757 0.380600
-0.082105 -0.265610 0.381538
-0.082047 -0.264457 0.382448
-0.081993 -0.263299 0.383329
-0.081941 -0.262137 0.384180
-0.081891 -0.260970 0.385003
-0.081845 -0.259799 0.385798
-0.081801 -0.258624 0.386563
-0.081761 -0.257444 0.387299
-0.081723 -0.256260 0.388007
-0.081688 -0.255073 0.388685
-0.081655 -0.253881 0.389335
-0.081626 -0.252686 0.389956
-0.081599 -0.251487 0.390548
-0.081575 -0.250284 0.391111
-0.081554 -0.249078 0.391646
-0.081536 -0.247868 0.392152
-0.081520 -0.246655 0.392629
-0.081508 -0.245438 0.393077
-0.081497 -0.244218 0.393496
-0.081490 -0.242995 0.393887
-0.081486 -0.241768 0.394250
-0.081484 -0.240538 0.394583
-0.081484 -0.239305 0.394889
-0.081488 -0.238069 0.395165
-0.081494 -0.236829 0.395413
-0.081502 -0.235586 0.395633
-0.081514 -0.234340 0.395824
-0.081527 -0.233091 0.395987
-0.081544 -0.231838 0.396122
-0.081563 -0.230583 0.396228
-0.081584 -0.229324 0.396306
-0.081608 -0.228062 0.396356
-0.081634 -0.226796 0.396377
-0.081662 -0.225527 0.396370
-0.081693 -0.224255 0.396335
-0.081727 -0.222980 0.396272
-0.081762 -0.221702 0.396181
-0.081800 -0.220419 0.396062
-0.081841 -0.219134 0.395914
-0.081883 -0.217845 0.395739
-0.081928 -0.216553 0.395535
-0.081974 -0.215257 0.395304
-0.082023 -0.213957 0.395045
-0.082074 -0.212654 0.394757
-0.082127 -0.211347 0.394442
-0.082182 -0.210036 0.394099
-0.082239 -0.208722 0.393728
-0.082298 -0.207403 0.393329
-0.082359 -0.206081 0.392902
-0.082422 -0.204755 0.392447
-0.082486 -0.203425 0.391965
-0.082553 -0.202090 0.391454
-0.082621 -0.200752 0.390916
-0.082691 -0.199409 0.390350
-0.082762 -0.198062 0.389756
-0.082835 -0.196710 0.389134
-0.082910 -0.195354 0.388485
-0.082986 -0.193993 0.387807
-0.083063 -0.192628 0.387102
-0.083143 -0.191258 0.386369
-0.083223 -0.189884 0.385609
-0.083305 -0.188504 0.384820
-0.083388 -0.187120 0.384004
-0.083472 -0.185730 0.383160
-0.083558 -0.184336 0.382289
-0.083645 -0.182936 0.381390
-0.083733 -0.181531 0.380463
-0.083822 -0.180121 0.379508
-0.083912 -0.178706 0.378526
-0.084002 -0.177285 0.377516
-0.084094 -0.175858 0.376478
-0.084187 -0.174426 0.375413
-0.084280 -0.172988 0.374320
-0.084374 -0.171544 0.373200
-0.084469 -0.170095 0.372052
-0.084564 -0.168639 0.370877
-0.084660 -0.167178 0.369674
-0.084756 -0.165710 0.368444
-0.084853 -0.164237 0.367187
-0.084950 -0.162757 0.365902
-0.085047 -0.161271 0.364591
-0.085144 -0.159778 0.363252
-0.085242 -0.158280 0.361886
-0.085339 -0.156774 0.360493
-0.085437 -0.155263 0.359074
-0.085534 -0.153744 0.357627
-0.085631 -0.152219 0.356154
-0.085728 -0.150688 0.354654
-0.085825 -0.149150 0.353128
-0.085921 -0.147605 0.351576
-0.086017 -0.146053 0.349998
-0.086112 -0.144495 0.348393
-0.086206 -0.142930 0.346763
-0.086300 -0.141358 0.345107
-0.086392 -0.139779 0.343426
-0.086484 -0.138193 0.341719
-0.086574 -0.136600 0.339988
-0.086664 -0.135001 0.338231
-0.086752 -0.133395 0.336450
-0.086838 -0.131781 0.334645
-0.086923 -0.130161 0.332816
-0.087007 -0.128535 0.330963
-0.087088 -0.126901 0.329086
-0.087168 -0.125261 0.327186
-0.087246 -0.123613 0.325264
-0.087322 -0.121960 0.323319
-0.087395 -0.120299 0.321352
-0.087466 -0.118632 0.319363
-0.087535 -0.116959 0.317353
-0.087601 -0.115279 0.315322
-0.087664 -0.113593 0.313271
-0.087724 -0.111901 0.311199
-0.087781 -0.110203 0.309109
-0.087835 -0.108498 0.306999
-0.087886 -0.106788 0.304871
-0.087933 -0.105072 0.302724
-0.087976 -0.103351 0.300561
-0.088016 -0.101624 0.298381
-0.088052 -0.099892 0.296185
-0.088083 -0.098154 0.293974
-0.088110 -0.096412 0.291747
-0.088133 -0.094665 0.289507
-0.088151 -0.092914 0.287254
-0.088164 -0.091158 0.284988
-0.088172 -0.089399 0.282710
-0.088175 -0.087635 0.280422
-0.088172 -0.085868 0.278123
-0.088164 -0.084098 0.275815
-0.088150 -0.082325 0.273499
-0.088131 -0.080549 0.271176
-0.088105 -0.078771 0.268847
-0.088072 -0.076991 0.266512
-0.088034 -0.075209 0.264173
-0.087988 -0.073425 0.261830
-0.087935 -0.071641 0.259486
-0.087876 -0.069856 0.257140
-0.087809 -0.068071 0.254795
-0.087734 -0.066286 0.252452
-0.087652 -0.064502 0.250110
-0.087561 -0.062719 0.247773
-0.087463 -0.060938 0.245441
-0.087356 -0.059158 0.243116
-0.087241 -0.057381 0.240798
-0.087116 -0.055607 0.238490
-0.086983 -0.053837 0.236193
-0.086841 -0.052070 0.233908
-0.086689 -0.050309 0.231636
-0.086527 -0.048552 0.229380
-0.086356 -0.046801 0.227141
-0.086175 -0.045057 0.224921
-0.085984 -0.043320 0.222720
-0.085782 -0.041590 0.220541
-0.085570 -0.039869 0.218386
-0.085347 -0.038157 0.216256
-0.085113 -0.036454 0.214153
-0.084869 -0.034762 0.212079
-0.084613 -0.033081 0.210036
-0.084345 -0.031411 0.208025
-0.084067 -0.029755 0.206048
-0.083777 -0.028111 0.204107
-0.083475 -0.026482 0.202204
-0.083161 -0.024867 0.200342
-0.082835 -0.023269 0.198521
-0.082497 -0.021686 0.196744
-0.082147 -0.020122 0.195013
-0.081785 -0.018575 0.193329
-0.081411 -0.017047 0.191696
-0.081025 -0.015539 0.190114
-0.080626 -0.014052 0.188585
-0.080214 -0.012586 0.187112
-0.079790 -0.011143 0.185697
-0.079354 -0.009723 0.184340
-0.078905 -0.008328 0.183045
-0.078443 -0.006957 0.181813
-0.077968 -0.005613 0.180646
-0.077479 -0.004295 0.179546
-0.076978 -0.003006 0.178513
-0.076462 -0.001744 0.177550
-0.075933 -0.000513 0.176659
-0.075388 0.000689 0.175839
-0.074827 0.001859 0.175092
-0.074248 0.002997 0.174419
-0.073651 0.004102 0.173820
-0.073032 0.005174 0.173293
-0.072389 0.006211 0.172838
-0.071721 0.007214 0.172453
-0.071026 0.008185 0.172133
-0.070309 0.009126 0.171876
-0.069602 0.010047 0.171682
-0.068909 0.010952 0.171547
-0.068230 0.011841 0.171468
-0.067561 0.012716 0.171442
-0.066900 0.013574 0.171468
-0.066244 0.014417 0.171544
-0.065590 0.015242 0.171669
-0.064934 0.016050 0.171843
-0.064273 0.016839 0.172065
-0.063605 0.017609 0.172333
-0.062926 0.018360 0.172645
-0.062232 0.019090 0.172999
-0.061522 0.019802 0.173391
-0.060800 0.020499 0.173817
-0.060098 0.021190 0.174279
-0.059420 0.021879 0.174772
-0.058764 0.022566 0.175293
-0.058127 0.023253 0.175839
-0.057505 0.023937 0.176408
-0.056894 0.024620 0.177000
-0.056291 0.025298 0.177613
-0.055692 0.025973 0.178246
-0.055092 0.026642 0.178899
-0.054488 0.027305 0.179569
-0.053876 0.027962 0.180254
-0.053253 0.028614 0.180951
-0.052624 0.029263 0.181656
-0.052020 0.029920 0.182370
-0.051445 0.030588 0.183091
-0.050898 0.031267 0.183814
-0.050374 0.031958 0.184539
-0.049870 0.032659 0.185263
-0.049380 0.033369 0.185985
-0.048902 0.034088 0.186707
-0.048430 0.034813 0.187426
-0.047961 0.035544 0.188142
-0.047490 0.036280 0.188855
-0.047013 0.037020 0.189562
-0.046527 0.037765 0.190260
-0.046036 0.038518 0.190948
-0.045573 0.039288 0.191625
-0.045142 0.040079 0.192291
-0.044741 0.040890 0.192941
-0.044365 0.041721 0.193575
-0.044010 0.042571 0.194193
-0.043673 0.043440 0.194793
-0.043349 0.044324 0.195377
-0.043034 0.045223 0.195945
-0.042725 0.046135 0.196497
-0.042418 0.047058 0.197035
-0.042107 0.047992 0.197556
-0.041790 0.048934 0.198060
-0.041461 0.049887 0.198545
-0.041126 0.050852 0.199008
-0.040819 0.051839 0.199452
-0.040542 0.052849 0.199874
-0.040295 0.053885 0.200273
-0.040071 0.054944 0.200646
-0.039866 0.056026 0.200994
-0.039676 0.057129 0.201317
-0.039496 0.058250 0.201616
-0.039322 0.059389 0.201892
-0.039149 0.060543 0.202144
-0.038973 0.061711 0.202372
-0.038787 0.062892 0.202576
-0.038590 0.064085 0.202754
-0.038383 0.065294 0.202903
-0.038203 0.066528 0.203026
-0.038054 0.067789 0.203122
-0.037931 0.069077 0.203188
-0.037831 0.070391 0.203223
-0.037747 0.071730 0.203228
-0.037676 0.073092 0.203204
-0.037614 0.074475 0.203151
-0.037555 0.075876 0.203071
-0.037494 0.077294 0.202963
-0.037428 0.078727 0.202829
-0.037350 0.080173 0.202667
-0.037257 0.081633 0.202477
-0.037152 0.083109 0.202256
-0.037073 0.084610 0.202008
-0.037022 0.086139 0.201730
-0.036997 0.087695 0.201421
-0.036993 0.089277 0.201081
-0.037004 0.090884 0.200710
-0.037028 0.092514 0.200310
-0.037058 0.094163 0.199882
-0.037093 0.095830 0.199427
-0.037128 0.097512 0.198947
-0.037158 0.099208 0.198444
-0.037179 0.100915 0.197917
-0.037185 0.102631 0.197366
-0.037173 0.104357 0.196791
-0.037147 0.106094 0.196190
-0.037144 0.107853 0.195565
-0.037168 0.109635 0.194916
-0.037215 0.111440 0.194239
-0.037280 0.113267 0.193537
-0.037359 0.115114 0.192808
-0.037446 0.116979 0.192055
-0.037537 0.118858 0.191279
-0.037628 0.120750 0.190480
-0.037713 0.122652 0.189661
-0.037788 0.124563 0.188822
-0.037848 0.126480 0.187962
-0.037887 0.128403 0.187081
-0.037910 0.130335 0.186177
-0.037956 0.132285 0.185253
-0.038027 0.134255 0.184307
-0.038121 0.136245 0.183338
-0.038232 0.138254 0.182346
-0.038354 0.140279 0.181332
-0.038482 0.142318 0.180298
-0.038614 0.144369 0.179243
-0.038743 0.146428 0.178171
-0.038867 0.148494 0.177082
-0.038978 0.150564 0.175977
-0.039073 0.152636 0.174857
-0.039145 0.154711 0.173719
-0.039200 0.156790 0.172563
-0.039277 0.158883 0.171392
-0.039381 0.160992 0.170203
-0.039506 0.163117 0.168996
-0.039648 0.165256 0.167771
-0.039802 0.167408 0.166529
-0.039963 0.169569 0.165271
-0.040129 0.171737 0.163999
-0.040295 0.173909 0.162716
-0.040458 0.176083 0.161421
-0.040613 0.178256 0.160118
-0.040757 0.180425 0.158806
-0.040882 0.182590 0.157486
-0.040986 0.184748 0.156157
-0.041071 0.186904 0.154818
-0.041180 0.189066 0.153470
-0.041315 0.191237 0.152113
-0.041472 0.193417 0.150745
-0.041646 0.195603 0.149367
-0.041831 0.197794 0.147979
-0.042023 0.199987 0.146582
-0.042218 0.202179 0.145179
-0.042412 0.204368 0.143770
-0.042600 0.206551 0.142357
-0.042777 0.208726 0.140940
-0.042937 0.210891 0.139519
-0.043075 0.213045 0.138095
-0.043195 0.215192 0.136665
-0.043339 0.217340 0.135231
-0.043511 0.219493 0.133791
-0.043705 0.221650 0.132345
-0.043916 0.223809 0.130892
-0.044138 0.225968 0.129435
-0.044368 0.228125 0.127973
-0.044600 0.230277 0.126509
-0.044832 0.232421 0.125043
-0.045058 0.234554 0.123577
-0.045273 0.236675 0.122111
-0.045472 0.238781 0.120645
-0.045649 0.240873 0.119180
-0.045808 0.242952 0.117713
-0.045992 0.245030 0.116246
-0.046205 0.247107 0.114777
-0.046441 0.249185 0.113305
-0.046695 0.251261 0.111832
-0.046962 0.253333 0.110357
-0.047238 0.255399 0.108882
-0.047519 0.257455 0.107408
-0.047803 0.259500 0.105936
-0.048086 0.261531 0.104469
-0.048363 0.263544 0.103006
-0.048630 0.265539 0.101549
-0.048881 0.267513 0.100098
-0.049112 0.269466 0.098652
-0.049324 0.271401 0.097210
-0.049563 0.273327 0.095773
-0.049831 0.275248 0.094338
-0.050122 0.277164 0.092906
-0.050432 0.279072 0.091476
-0.050754 0.280971 0.090048
-0.051085 0.282858 0.088625
-0.051419 0.284731 0.087207
-0.051754 0.286588 0.085795
-0.052084 0.288425 0.084390
-0.052404 0.290242 0.082992
-0.052708 0.292036 0.081602
-0.052991 0.293807 0.080219
-0.053255 0.295558 0.078841
-0.053544 0.297300 0.077468
-0.053861 0.299035 0.076100
-0.054201 0.300764 0.074735
-0.054556 0.302485 0.073374
-0.054922 0.304196 0.072016
-0.055294 0.305895 0.070663
-0.055667 0.307579 0.069316
-0.056038 0.309247 0.067976
-0.056402 0.310896 0.066643
-0.056754 0.312524 0.065318
-0.057087 0.314131 0.064000
-0.057395 0.315715 0.062690
-0.057680 0.317280 0.061385
-0.057989 0.318837 0.060086
-0.058322 0.320390 0.058790
-0.058674 0.321937 0.057499
-0.059038 0.323479 0.056210
-0.059410 0.325012 0.054926
-0.059784 0.326536 0.053646
-0.060158 0.328047 0.052371
-0.060528 0.329545 0.051103
-0.060889 0.331027 0.049842
-0.061237 0.332491 0.048589
-0.061567 0.333936 0.047343
-0.061872 0.335360 0.046106
-0.062148 0.336763 0.044875
-0.062394 0.338150 0.043651
-0.062657 0.339531 0.042432
-0.062937 0.340910 0.041216
-0.063228 0.342288 0.040004
-0.063524 0.343662 0.038794
-0.063818 0.345033 0.037588
-0.064106 0.346397 0.036385
-0.064383 0.347754 0.035187
-0.064643 0.349102 0.033993
-0.064883 0.350440 0.032805
-0.065095 0.351765 0.031622
-0.065273 0.353078 0.030445
-0.065411 0.354379 0.029272
-0.065509 0.355671 0.028102
-0.065611 0.356967 0.026934
-0.065720 0.358269 0.025767
-0.065827 0.359579 0.024601
-0.065925 0.360897 0.023434
-0.066009 0.362220 0.022268
-0.066074 0.363548 0.021103
-0.066114 0.364879 0.019939
-0.066124 0.366213 0.018776
-0.066099 0.367547 0.017616
-0.066034 0.368881 0.016458
-0.065922 0.370214 0.015302
-0.065755 0.371547 0.014147
-0.065536 0.372885 0.012993
-0.065308 0.374239 0.011838
-0.065074 0.375613 0.010682
-0.064828 0.377007 0.009523
-0.064563 0.378423 0.008362
-0.064275 0.379858 0.007199
-0.063961 0.381312 0.006034
-0.063618 0.382783 0.004869
-0.063245 0.384271 0.003704
-0.062842 0.385773 0.002540
-0.062407 0.387290 0.001377
-0.061942 0.388818 0.000217
-0.061445 0.390358 -0.000939
-0.060918 0.391908 -0.002091
-0.060361 0.393467 -0.003238
-0.059775 0.395034 -0.004380
-0.059162 0.396607 -0.005514
-0.058521 0.398186 -0.006642
-0.057855 0.399769 -0.007761
-0.057164 0.401355 -0.008871
-0.056449 0.402943 -0.009972
-0.055713 0.404533 -0.011063
-0.054955 0.406123 -0.012142
-0.054178 0.407711 -0.013210
-0.053382 0.409298 -0.014266
-0.052568 0.410882 -0.015310
-0.051739 0.412463 -0.016340
-0.050895 0.414039 -0.017356
-0.050036 0.415609 -0.018358
-0.049166 0.417174 -0.019345
-0.048283 0.418731 -0.020318
-0.047391 0.420281 -0.021274
-0.046489 0.421822 -0.022214
-0.045579 0.423354 -0.023138
-0.044662 0.424876 -0.024046
-0.043738 0.426387 -0.024936
-0.042810 0.427888 -0.025808
-0.041877 0.429376 -0.026663
-0.040941 0.430852 -0.027500
-0.040002 0.432315 -0.028319
-0.039062 0.433765 -0.029119
-0.038121 0.435201 -0.029901
-0.037180 0.436622 -0.030663
-0.036240 0.438028 -0.031407
-0.035301 0.439419 -0.032132
-0.034365 0.440795 -0.032837
-0.033431 0.442154 -0.033523
-0.032501 0.443496 -0.034190
-0.031576 0.444822 -0.034837
-0.030655 0.446131 -0.035465
-0.029739 0.447422 -0.036073
-0.028829 0.448696 -0.036662
-0.027926 0.449951 -0.037231
-0.027029 0.451189 -0.037780
-0.026140 0.452408 -0.038310
-0.025258 0.453608 -0.038820
-0.024385 0.454789 -0.039311
-0.023521 0.455952 -0.039782
-0.022665 0.457095 -0.040235
-0.021819 0.458219 -0.040668
-0.020982 0.459324 -0.041082
-0.020156 0.460409 -0.041477
-0.019340 0.461475 -0.041853
-0.018534 0.462522 -0.042210
-0.017740 0.463548 -0.042549
-0.016956 0.464555 -0.042870
-0.016184 0.465543 -0.043172
-0.015423 0.466510 -0.043456
-0.014674 0.467458 -0.043722
-0.013937 0.468386 -0.043970
-0.013212 0.469295 -0.044201
-0.012499 0.470184 -0.044415
-0.011799 0.471054 -0.044611
-0.011111 0.471904 -0.044791
-0.010436 0.472735 -0.044954
-0.009773 0.473546 -0.045100
-0.009123 0.474339 -0.045230
-0.008486 0.475112 -0.045344
-0.007862 0.475866 -0.045442
-0.007251 0.476602 -0.045525
-0.006653 0.477318 -0.045592
-0.006067 0.478017 -0.045644
-0.005495 0.478696 -0.045681
-0.004936 0.479358 -0.045704
-0.004390 0.480001 -0.045712
-0.003857 0.480627 -0.045706
-0.003337 0.481235 -0.045686
-0.002830 0.481825 -0.045652
-0.002336 0.482398 -0.045605
-0.001855 0.482954 -0.045545
-0.001387 0.483492 -0.045472
-0.000932 0.484014 -0.045387
-0.000489 0.484520 -0.045289
-0.000059 0.485009 -0.045178
0.000358 0.485482 -0.045056
0.000762 0.485939 -0.044923
0.001154 0.486380 -0.044777
0.001534 0.486806 -0.044621
0.001901 0.487216 -0.044454
0.002257 0.487612 -0.044276
0.002599 0.487993 -0.044088
0.002930 0.488359 -0.043889
0.003250 0.488711 -0.043681
0.003557 0.489049 -0.043463
0.003852 0.489374 -0.043235
0.004136 0.489684 -0.042998
0.004409 0.489982 -0.042753
0.004670 0.490266 -0.042498
0.004920 0.490537 -0.042235
0.005158 0.490796 -0.041963
0.005386 0.491043 -0.041684
0.005603 0.491277 -0.041397
0.005809 0.491500 -0.041102
0.006005 0.491711 -0.040799
0.006190 0.491911 -0.040489
0.006365 0.492100 -0.040173
0.006530 0.492278 -0.039849
0.006685 0.492445 -0.039519
0.006829 0.492602 -0.039183
0.006965 0.492750 -0.038840
0.007090 0.492887 -0.038491
0.007206 0.493014 -0.038136
0.007312 0.493133 -0.037776
0.007410 0.493242 -0.037411
0.007498 0.493342 -0.037040
0.007578 0.493434 -0.036664
0.007648 0.493517 -0.036283
0.007710 0.493593 -0.035897
0.007764 0.493660 -0.035507
0.007809 0.493720 -0.035112
0.007846 0.493772 -0.034714
0.007875 0.493817 -0.034311
0.007896 0.493855 -0.033904
0.007909 0.493887 -0.033493
0.007914 0.493912 -0.033079
0.007912 0.493931 -0.032661
0.007903 0.493943 -0.032240
0.007886 0.493950 -0.031816
0.007863 0.493951 -0.031388
0.007832 0.493947 -0.030958
0.007794 0.493937 -0.030525
0.007750 0.493923 -0.030089
0.007699 0.493903 -0.029651
0.007642 0.493879 -0.029210
0.007579 0.493851 -0.028767
0.007509 0.493819 -0.028322
0.007433 0.493782 -0.027875
0.007351 0.493742 -0.027425
0.007264 0.493698 -0.026974
0.007171 0.493651 -0.026521
0.007072 0.493600 -0.026067
0.006968 0.493547 -0.025610
0.006859 0.493490 -0.025153
0.006744 0.493431 -0.024693
0.006624 0.493370 -0.024233
0.006500 0.493306 -0.023771
0.006370 0.493240 -0.023309
0.006236 0.493171 -0.022845
0.006098 0.493101 -0.022380
0.005954 0.493030 -0.021914
0.005807 0.492956 -0.021447
0.005655 0.492882 -0.020980
0.005499 0.492806 -0.020511
0.005339 0.492729 -0.020042
0.005175 0.492651 -0.019573
0.005007 0.492572 -0.019103
0.004835 0.492493 -0.018632
0.004660 0.492413 -0.018161
0.004481 0.492333 -0.017690
0.004299 0.492253 -0.017218
0.004113 0.492172 -0.016746
0.003924 0.492091 -0.016274
0.003732 0.492011 -0.015801
0.003537 0.491931 -0.015328
0.003339 0.491851 -0.014855
0.003138 0.491771 -0.014382
0.002934 0.491692 -0.013909
0.002728 0.491614 -0.013436
0.002518 0.491537 -0.012963
0.002307 0.491460 -0.012490
0.002093 0.491385 -0.012016
0.001876 0.491311 -0.011543
0.001658 0.491237 -0.011070
0.001437 0.491165 -0.010597
0.001214 0.491095 -0.010124
0.000989 0.491026 -0.009651
0.000762 0.490958 -0.009179
0.000533 0.490892 -0.008706
0.000303 0.490828 -0.008234
0.000070 0.490765 -0.007762
-0.000164 0.490704 -0.007290
-0.000399 0.490645 -0.006818
-0.000636 0.490588 -0.006346
-0.000875 0.490534 -0.005875
-0.001114 0.490481 -0.005404
-0.001355 0.490430 -0.004933
-0.001598 0.490382 -0.004462
-0.001841 0.490335 -0.003991
-0.002085 0.490291 -0.003521
-0.002331 0.490250 -0.003051
-0.002577 0.490210 -0.002581
-0.002824 0.490173 -0.002111
-0.003072 0.490139 -0.001641
-0.003321 0.490107 -0.001172
-0.003570 0.490078 -0.000702
-0.003820 0.490051 -0.000233
-0.004071 0.490027 0.000236
-0.004322 0.490005 0.000704
-0.004573 0.489986 0.001173
-0.004825 0.489970 0.001641
-0.005076 0.489956 0.002109
-0.005329 0.489945 0.002578
-0.005581 0.489936 0.003046
-0.005833 0.489931 0.003513
-0.006085 0.489928 0.003981
-0.006337 0.489927 0.004449
-0.006590 0.489930 0.004916
-0.006841 0.489935 0.005384
-0.007093 0.489942 0.005851
-0.007344 0.489953 0.006318
-0.007595 0.489966 0.006785
-0.007846 0.489982 0.007252
-0.008096 0.490000 0.007719
-0.008345 0.490021 0.008186
-0.008594 0.490045 0.008653
-0.008842 0.490071 0.009120
-0.009089 0.490100 0.009587
-0.009335 0.490131 0.010054
-0.009581 0.490165 0.010521
-0.009825 0.490201 0.010987
-0.010069 0.490239 0.011454
-0.010311 0.490280 0.011921
-0.010552 0.490324 0.012388
-0.010792 0.490369 0.012854
-0.011031 0.490417 0.013321
-0.011268 0.490467 0.013788
-0.011503 0.490519 0.014254
-0.011738 0.490573 0.014721
-0.011970 0.490629 0.015187
-0.012201 0.490688 0.015654
-0.012430 0.490748 0.016120
-0.012658 0.490809 0.016586
-0.012883 0.490873 0.017053
-0.013106 0.490938 0.017519
-0.013328 0.491005 0.017985
-0.013547 0.491073 0.018451
-0.013764 0.491143 0.018917
-0.013979 0.491214 0.019382
-0.014191 0.491287 0.019848
-0.014401 0.491360 0.020313
-0.014608 0.491435 0.020778
-0.014813 0.491511 0.021243
-0.015015 0.491587 0.021708
-0.015214 0.491664 0.022172
-0.015410 0.491742 0.022636
-0.015604 0.491821 0.023100
-0.015794 0.491900 0.023563
-0.015981 0.491979 0.024026
-0.016165 0.492059 0.024488
-0.016346 0.492139 0.024950
-0.016523 0.492218 0.025411
-0.016696 0.492298 0.025872
-0.016866 0.492377 0.026332
-0.017033 0.492456 0.026791
-0.017195 0.492534 0.027250
-0.017354 0.492612 0.027708
-0.017508 0.492689 0.028165
-0.017658 0.492765 0.028621
-0.017805 0.492840 0.029076
-0.017946 0.492913 0.029530
-0.018084 0.492985 0.029983
-0.018217 0.493056 0.030435
-0.018345 0.493125 0.030885
-0.018468 0.493192 0.031334
-0.018587 0.493257 0.031782
-0.018700 0.493320 0.032228
-0.018808 0.493381 0.032673
-0.018912 0.493439 0.033116
-0.019010 0.493494 0.033557
-0.019102 0.493547 0.033997
-0.019189 0.493596 0.034434
-0.019270 0.493642 0.034870
-0.019345 0.493685 0.035303
-0.019414 0.493724 0.035734
-0.019478 0.493759 0.036163
-0.019535 0.493791 0.036590
-0.019585 0.493818 0.037013
-0.019630 0.493841 0.037435
-0.019667 0.493859 0.037853
-0.019698 0.493872 0.038268
-0.019723 0.493881 0.038681
-0.019740 0.493884 0.039090
-0.019750 0.493882 0.039496
-0.019753 0.493874 0.039898
-0.019748 0.493860 0.040297
-0.019736 0.493841 0.040692
-0.019717 0.493815 0.041083
-0.019689 0.493783 0.041471
-0.019654 0.493743 0.041854
-0.019610 0.493697 0.042232
-0.019559 0.493644 0.042607
-0.019499 0.493584 0.042976
-0.019431 0.493515 0.043341
-0.019354 0.493439 0.043701
-0.019268 0.493355 0.044056
-0.019174 0.493263 0.044405
-0.019070 0.493162 0.044749
-0.018957 0.493052 0.045087
-0.018835 0.492933 0.045420
-0.018704 0.492805 0.045746
-0.018563 0.492668 0.046066
-0.018412 0.492520 0.046380
-0.018252 0.492363 0.046687
-0.018082 0.492196 0.046987
-0.017901 0.492018 0.047280
-0.017710 0.491829 0.047566
-0.017509 0.491629 0.047845
-0.017298 0.491418 0.048116
-0.017075 0.491196 0.048379
-0.016842 0.490962 0.048634
-0.016599 0.490716 0.048881
-0.016344 0.490458 0.049119
-0.016078 0.490187 0.049348
-0.015801 0.489904 0.049569
-0.015512 0.489608 0.049781
-0.015212 0.489299 0.049983
-0.014901 0.488976 0.050175
-0.014578 0.488640 0.050358
-0.014243 0.488290 0.050530
-0.013896 0.487926 0.050693
-0.013537 0.487547 0.050844
-0.013166 0.487154 0.050985
-0.012784 0.486747 0.051115
-0.012388 0.486324 0.051234
-0.011981 0.485886 0.051341
-0.011561 0.485433 0.051437
-0.011129 0.484964 0.051520
-0.010684 0.484479 0.051592
-0.010227 0.483978 0.051650
-0.009757 0.483461 0.051697
-0.009274 0.482928 0.051730
-0.008779 0.482378 0.051750
-0.008271 0.481811 0.051757
-0.007750 0.481227 0.051750
-0.007216 0.480626 0.051729
-0.006670 0.480008 0.051694
-0.006111 0.479372 0.051645
-0.005539 0.478719 0.051581
-0.004955 0.478048 0.051502
-0.004357 0.477359 0.051409
-0.003748 0.476652 0.051300
-0.003125 0.475926 0.051175
-0.002490 0.475183 0.051035
-0.001843 0.474421 0.050879
-0.001183 0.473641 0.050707
-0.000511 0.472842 0.050519
0.000174 0.472025 0.050314
0.000870 0.471189 0.050093
0.001578 0.470334 0.049855
0.002298 0.469460 0.049599
0.003030 0.468568 0.049326
0.003773 0.467656 0.049036
0.004527 0.466726 0.048729
0.005293 0.465777 0.048404
0.006069 0.464810 0.048060
0.006855 0.463823 0.047699
0.007652 0.462818 0.047320
0.008459 0.461794 0.046922
0.009275 0.460752 0.046507
0.010101 0.459691 0.046072
0.010936 0.458611 0.045620
0.011780 0.457514 0.045148
0.012632 0.456398 0.044658
0.013492 0.455265 0.044149
0.014359 0.454113 0.043622
0.015233 0.452944 0.043076
0.016114 0.451758 0.042511
0.017001 0.450555 0.041927
0.017893 0.449335 0.041324
0.018790 0.448098 0.040703
0.019692 0.446845 0.040063
0.020598 0.445576 0.039405
0.021506 0.444291 0.038728
0.022417 0.442992 0.038032
0.023330 0.441677 0.037319
0.024244 0.440348 0.036587
0.025159 0.439004 0.035837
0.026073 0.437647 0.035069
0.026986 0.436277 0.034284
0.027897 0.434895 0.033482
0.028805 0.433500 0.032662
0.029709 0.432094 0.031825
0.030608 0.430677 0.030972
0.031502 0.429249 0.030103
0.032390 0.427812 0.029217
0.033269 0.426366 0.028316
0.034140 0.424911 0.027400
0.035002 0.423448 0.026469
0.035852 0.421979 0.025524
0.036691 0.420503 0.024564
0.037516 0.419022 0.023591
0.038327 0.417537 0.022606
0.039123 0.416047 0.021607
0.039903 0.414555 0.020597
0.040664 0.413060 0.019576
0.041407 0.411565 0.018543
0.042129 0.410069 0.017501
0.042830 0.408575 0.016449
0.043508 0.407082 0.015389
0.044163 0.405592 0.014320
0.044792 0.404105 0.013244
0.045396 0.402624 0.012161
0.045972 0.401149 0.011072
0.046521 0.399681 0.009978
0.047041 0.398221 0.008879
0.047531 0.396771 0.007777
0.047991 0.395332 0.006673
0.048421 0.393904 0.005566
0.048820 0.392489 0.004458
0.049189 0.391089 0.003350
0.049529 0.389704 0.002242
0.049841 0.388336 0.001135
0.050127 0.386986 0.000030
0.050391 0.385655 -0.001072
0.050637 0.384344 -0.002172
0.050870 0.383052 -0.003269
0.051097 0.381780 -0.004364
0.051317 0.380523 -0.005458
0.051485 0.379269 -0.006553
0.051601 0.378015 -0.007648
0.051671 0.376760 -0.008746
0.051702 0.375504 -0.009846
0.051700 0.374248 -0.010948
0.051669 0.372994 -0.012052
0.051615 0.371742 -0.013157
0.051542 0.370493 -0.014262
0.051455 0.369251 -0.015368
0.051360 0.368014 -0.016475
0.051264 0.366784 -0.017581
0.051173 0.365561 -0.018689
0.051089 0.364339 -0.019798
0.050965 0.363109 -0.020912
0.050801 0.361867 -0.022030
0.050604 0.360612 -0.023153
0.050381 0.359344 -0.024282
0.050136 0.358065 -0.025416
0.049875 0.356777 -0.026556
0.049600 0.355481 -0.027699
0.049317 0.354178 -0.028846
0.049029 0.352872 -0.029997
0.048740 0.351562 -0.031149
0.048456 0.350252 -0.032304
0.048183 0.348941 -0.033461
0.047928 0.347629 -0.034621
0.047690 0.346313 -0.035785
0.047422 0.344982 -0.036954
0.047126 0.343633 -0.038129
0.046807 0.342265 -0.039311
0.046471 0.340880 -0.040501
0.046124 0.339478 -0.041697
0.045771 0.338063 -0.042900
0.045415 0.336636 -0.044108
0.045061 0.335198 -0.045321
0.044714 0.333752 -0.046538
0.044379 0.332300 -0.047759
0.044061 0.330843 -0.048984
0.043769 0.329379 -0.050213
0.043499 0.327908 -0.051448
0.043208 0.326417 -0.052690
0.042894 0.324904 -0.053939
0.042562 0.323369 -0.055197
0.042220 0.321814 -0.056463
0.041873 0.320239 -0.057737
0.041524 0.318647 -0.059019
0.041178 0.317040 -0.060307
0.040838 0.315422 -0.061601
0.040510 0.313792 -0.062900
0.040198 0.312155 -0.064203
0.039909 0.310510 -0.065510
0.039648 0.308859 -0.066822
0.039413 0.307198 -0.068140
0.039159 0.305517 -0.069465
0.038885 0.303813 -0.070798
0.038596 0.302087 -0.072139
0.038297 0.300339 -0.073488
0.037995 0.298573 -0.074845
0.037691 0.296789 -0.076209
0.037390 0.294992 -0.077578
0.037095 0.293182 -0.078952
0.036809 0.291364 -0.080329
0.036536 0.289538 -0.081708
0.036280 0.287708 -0.083089
0.036047 0.285874 -0.084471
0.035843 0.284037 -0.085855
0.035665 0.282195 -0.087242
0.035469 0.280337 -0.088632
0.035253 0.278460 -0.090026
0.035022 0.276566 -0.091425
0.034782 0.274655 -0.092829
0.034538 0.272730 -0.094237
0.034294 0.270794 -0.095647
0.034054 0.268848 -0.097060
0.033821 0.266895 -0.098473
0.033601 0.264938 -0.099886
0.033397 0.262980 -0.101297
0.033216 0.261020 -0.102708
0.033063 0.259061 -0.104117
0.032935 0.257099 -0.105527
0.032790 0.255124 -0.106937
0.032624 0.253135 -0.108349
0.032443 0.251131 -0.109762
0.032253 0.249114 -0.111177
0.032059 0.247087 -0.112593
0.031865 0.245052 -0.114009
0.031674 0.243011 -0.115424
0.031491 0.240967 -0.116836
0.031320 0.238923 -0.118245
0.031165 0.236880 -0.119648
0.031032 0.234841 -0.121047
0.030927 0.232806 -0.122442
0.030845 0.230772 -0.123835
0.030746 0.228730 -0.125223
0.030626 0.226678 -0.126609
0.030489 0.224615 -0.127992
0.030342 0.222544 -0.129374
0.030188 0.220467 -0.130753
0.030032 0.218386 -0.132127
0.029878 0.216305 -0.133495
0.029727 0.214225 -0.134856
0.029583 0.212150 -0.136208
0.029451 0.210081 -0.137549
0.029335 0.208022 -0.138879
0.029240 0.205973 -0.140198
0.029171 0.203936 -0.141505
0.029124 0.201907 -0.142803
0.029058 0.199878 -0.144090
0.028971 0.197846 -0.145367
0.028867 0.195811 -0.146634
0.028752 0.193776 -0.147892
0.028630 0.191742 -0.149140
0.028507 0.189712 -0.150377
0.028385 0.187689 -0.151601
0.028269 0.185674 -0.152810
0.028164 0.183671 -0.154004
0.028073 0.181682 -0.155181
0.028003 0.179708 -0.156342
0.027957 0.177750 -0.157487
0.027934 0.175805 -0.158618
0.027892 0.173863 -0.159733
0.027830 0.171924 -0.160832
0.027751 0.169987 -0.161918
0.027662 0.168054 -0.162990
0.027567 0.166127 -0.164047
0.027470 0.164208 -0.165088
0.027375 0.162300 -0.166111
0.027288 0.160405 -0.167116
0.027211 0.158526 -0.168100
0.027149 0.156665 -0.169064
0.027109 0.154823 -0.170006
0.027094 0.153001 -0.170929
0.027100 0.151196 -0.171833
0.027090 0.149400 -0.172716
0.027060 0.147609 -0.173580
0.027014 0.145825 -0.174426
0.026957 0.144049 -0.175253
0.026894 0.142283 -0.176061
0.026829 0.140529 -0.176848
0.026766 0.138790 -0.177613
0.026708 0.137068 -0.178354
0.026658 0.135366 -0.179070
0.026621 0.133686 -0.179759
0.026601 0.132029 -0.180421
0.026604 0.130398 -0.181055
0.026631 0.128793 -0.181663
0.026682 0.127210 -0.182246
0.026717 0.125641 -0.182801
0.026735 0.124085 -0.183331
0.026739 0.122541 -0.183836
0.026734 0.121010 -0.184317
0.026726 0.119495 -0.184772
0.026719 0.117997 -0.185202
0.026716 0.116519 -0.185605
0.026723 0.115064 -0.185979
0.026743 0.113632 -0.186324
0.026782 0.112226 -0.186639
0.026843 0.110848 -0.186924
0.026932 0.109497 -0.187181
0.027044 0.108170 -0.187412
0.027144 0.106860 -0.187614
0.027230 0.105563 -0.187789
0.027303 0.104280 -0.187939
0.027371 0.103012 -0.188063
0.027438 0.101760 -0.188163
0.027507 0.100527 -0.188236
0.027584 0.099315 -0.188282
0.027672 0.098126 -0.188300
0.027776 0.096961 -0.188289
0.027901 0.095823 -0.188250
0.028050 0.094712 -0.188182
0.028228 0.093628 -0.188087
0.028431 0.092568 -0.187968
0.028625 0.091525 -0.187822
0.028806 0.090495 -0.187650
0.028978 0.089479 -0.187456
0.029145 0.088477 -0.187239
0.029311 0.087491 -0.186999
0.029482 0.086522 -0.186736
0.029661 0.085574 -0.186449
0.029850 0.084647 -0.186136
0.030054 0.083743 -0.185798
0.030277 0.082864 -0.185433
0.030523 0.082012 -0.185041
0.030795 0.081186 -0.184624
0.031098 0.080388 -0.184182
0.031428 0.079613 -0.183720
0.031751 0.078854 -0.183234
0.032065 0.078108 -0.182727
0.032371 0.077374 -0.182201
0.032676 0.076653 -0.181658
0.032984 0.075947 -0.181098
0.033298 0.075257 -0.180521
0.033623 0.074584 -0.179926
0.033962 0.073930 -0.179314
0.034321 0.073296 -0.178685
0.034703 0.072683 -0.178039
0.035112 0.072093 -0.177379
0.035551 0.071523 -0.176705
0.036017 0.070973 -0.176022
0.036478 0.070431 -0.175328
0.036929 0.069897 -0.174625
0.037376 0.069369 -0.173917
0.037820 0.068847 -0.173205
0.038267 0.068334 -0.172490
0.038722 0.067829 -0.171773
0.039186 0.067334 -0.171054
0.039665 0.066850 -0.170333
0.040163 0.066378 -0.169612
0.040682 0.065920 -0.168891
0.041228 0.065475 -0.168172
0.041801 0.065043 -0.167458
0.042400 0.064620 -0.166753
0.042992 0.064198 -0.166055
0.043574 0.063773 -0.165368
0.044148 0.063346 -0.164696
0.044718 0.062915 -0.164039
0.045287 0.062482 -0.163400
0.045860 0.062047 -0.162780
0.046439 0.061612 -0.162179
0.047027 0.061177 -0.161597
0.047628 0.060744 -0.161035
0.048244 0.060313 -0.160494
0.048880 0.059885 -0.159975
0.049538 0.059460 -0.159481
0.050221 0.059036 -0.159015
0.050924 0.058611 -0.158581
0.051617 0.058176 -0.158179
0.052295 0.057726 -0.157811
0.052962 0.057262 -0.157483
0.053621 0.056783 -0.157196
0.054274 0.056289 -0.156952
0.054925 0.055781 -0.156754
0.055578 0.055261 -0.156601
0.056235 0.054728 -0.156496
0.056900 0.054184 -0.156439
0.057576 0.053628 -0.156432
0.058266 0.053060 -0.156479
0.058971 0.052481 -0.156582
0.059686 0.051885 -0.156746
0.060383 0.051265 -0.156970
0.061055 0.050616 -0.157257
0.061705 0.049938 -0.157612
0.062334 0.049230 -0.158035
0.062946 0.048494 -0.158530
0.063541 0.047730 -0.159096
0.064122 0.046938 -0.159733
0.064690 0.046120 -0.160441
0.065246 0.045277 -0.161219
0.065789 0.044408 -0.162065
0.066322 0.043516 -0.162979
0.066843 0.042601 -0.163958
0.067354 0.041663 -0.165002
0.067854 0.040704 -0.166108
0.068343 0.039725 -0.167275
0.068821 0.038727 -0.168502
0.069289 0.037710 -0.169785
0.069746 0.036675 -0.171123
0.070193 0.035623 -0.172515
0.070629 0.034556 -0.173959
0.071054 0.033473 -0.175452
0.071469 0.032377 -0.176993
0.071873 0.031266 -0.178579
0.072266 0.030144 -0.180210
0.072649 0.029009 -0.181882
0.073022 0.027864 -0.183594
0.073384 0.026708 -0.185345
0.073736 0.025544 -0.187131
0.074077 0.024371 -0.188952
0.074408 0.023190 -0.190805
0.074729 0.022002 -0.192689
0.075040 0.020808 -0.194602
0.075341 0.019608 -0.196542
0.075632 0.018404 -0.198507
0.075914 0.017195 -0.200496
0.076186 0.015983 -0.202507
0.076448 0.014768 -0.204538
0.076702 0.013552 -0.206587
0.076946 0.012333 -0.208654
0.077181 0.011114 -0.210735
0.077408 0.009895 -0.212831
0.077626 0.008676 -0.214939
0.077835 0.007458 -0.217057
0.078036 0.006241 -0.219185
0.078229 0.005026 -0.221321
0.078415 0.003814 -0.223464
0.078592 0.002605 -0.225611
0.078762 0.001400 -0.227763
0.078924 0.000198 -0.229917
0.079080 -0.000998 -0.232073
0.079228 -0.002190 -0.234228
0.079369 -0.003377 -0.236383
0.079504 -0.004558 -0.238535
0.079632 -0.005732 -0.240685
0.079754 -0.006900 -0.242829
0.079870 -0.008061 -0.244969
0.079980 -0.009215 -0.247102
0.080084 -0.010361 -0.249227
0.080182 -0.011499 -0.251344
0.080275 -0.012628 -0.253452
0.080363 -0.013749 -0.255549
0.080445 -0.014861 -0.257636
0.080523 -0.015963 -0.259710
0.080596 -0.017056 -0.261772
0.080664 -0.018139 -0.263821
0.080728 -0.019212 -0.265855
0.080787 -0.020275 -0.267874
0.080842 -0.021327 -0.269878
0.080894 -0.022368 -0.271865
0.080941 -0.023399 -0.273836
0.080985 -0.024418 -0.275788
0.081025 -0.025426 -0.277723
0.081062 -0.026422 -0.279639
0.081095 -0.027406 -0.281536
0.081125 -0.028379 -0.283413
0.081153 -0.029339 -0.285270
0.081177 -0.030287 -0.287106
0.081199 -0.031223 -0.288921
0.081218 -0.032146 -0.290714
0.081234 -0.033057 -0.292485
0.081248 -0.033955 -0.294234
0.081260 -0.034840 -0.295960
0.081269 -0.035712 -0.297663
0.081276 -0.036571 -0.299342
0.081282 -0.037417 -0.300998
0.081285 -0.038250 -0.302629
0.081287 -0.039069 -0.304236
0.081287 -0.039875 -0.305819
0.081286 -0.040668 -0.307376
0.081283 -0.041447 -0.308908
0.081278 -0.042212 -0.310415
0.081272 -0.042964 -0.311897
0.081265 -0.043703 -0.313352
0.081257 -0.044427 -0.314782
0.081248 -0.045138 -0.316186
0.081238 -0.045835 -0.317563
0.081226 -0.046519 -0.318913
0.081214 -0.047188 -0.320237
0.081202 -0.047844 -0.321535
0.081188 -0.048486 -0.322805
0.081174 -0.049114 -0.324049
0.081159 -0.049728 -0.325265
0.081144 -0.050328 -0.326454
0.081128 -0.050915 -0.327616
0.081112 -0.051487 -0.328751
0.081095 -0.052046 -0.329858
0.081078 -0.052590 -0.330938
0.081061 -0.053121 -0.331990
0.081043 -0.053638 -0.333015
0.081026 -0.054141 -0.334012
0.081008 -0.054630 -0.334981
0.080990 -0.055105 -0.335923
0.080972 -0.055566 -0.336837
0.080955 -0.056014 -0.337723
0.080937 -0.056448 -0.338581
0.080919 -0.056867 -0.339412
0.080902 -0.057273 -0.340214
0.080884 -0.057666 -0.340989
0.080867 -0.058044 -0.341736
0.080850 -0.058409 -0.342455
0.080833 -0.058759 -0.343146
0.080816 -0.059097 -0.343810
0.080800 -0.059420 -0.344445
0.080784 -0.059730 -0.345053
0.080768 -0.060026 -0.345633
0.080753 -0.060308 -0.346185
0.080738 -0.060577 -0.346709
0.080724 -0.060832 -0.347205
0.080710 -0.061073 -0.347673
0.080696 -0.061301 -0.348114
0.080683 -0.061515 -0.348526
0.080670 -0.061716 -0.348911
0.080658 -0.061903 -0.349268
0.080646 -0.062076 -0.349597
0.080635 -0.062236 -0.349899
0.080624 -0.062382 -0.350172
0.080614 -0.062515 -0.350418
0.080604 -0.062634 -0.350636
0.080595 -0.062740 -0.350827
0.080586 -0.062832 -0.350989
0.080578 -0.062911 -0.351124
0.080571 -0.062976 -0.351231
0.080564 -0.063028 -0.351310
0.080557 -0.063066 -0.351362
0.080552 -0.063091 -0.351385
0.080546 -0.063102 -0.351381
0.080541 -0.063100 -0.351349
0.080537 -0.063084 -0.351290
0.080534 -0.063055 -0.351202
0.080530 -0.063012 -0.351087
0.080528 -0.062956 -0.350944
0.080526 -0.062886 -0.350774
0.080524 -0.062802 -0.350575
0.080523 -0.062705 -0.350349
0.080523 -0.062595 -0.350095
0.080523 -0.062471 -0.349813
0.080523 -0.062333 -0.349504
0.080524 -0.062182 -0.349166
0.080525 -0.062017 -0.348801
0.080527 -0.061839 -0.348407
0.080529 -0.061647 -0.347986
0.080532 -0.061442 -0.347537
0.080535 -0.061222 -0.347061
0.080538 -0.060989 -0.346556
0.080542 -0.060743 -0.346023
0.080546 -0.060482 -0.345463
0.080550 -0.060208 -0.344874
0.080555 -0.059921 -0.344258
0.080559 -0.059619 -0.343614
0.080564 -0.059304 -0.342941
0.080569 -0.058975 -0.342241
0.080575 -0.058632 -0.341513
0.080580 -0.058275 -0.340757
0.080586 -0.057904 -0.339973
0.080591 -0.057520 -0.339161
0.080597 -0.057122 -0.338321
0.080603 -0.056709 -0.337453
0.080608 -0.056283 -0.336557
0.080614 -0.055843 -0.335633
0.080619 -0.055389 -0.334682
0.080624 -0.054921 -0.333702
0.080629 -0.054439 -0.332695
0.080633 -0.053943 -0.331660
0.080638 -0.053432 -0.330597
0.080641 -0.052908 -0.329506
0.080645 -0.052370 -0.328388
0.080648 -0.051818 -0.327242
0.080650 -0.051252 -0.326069
0.080652 -0.050671 -0.324868
0.080653 -0.050077 -0.323639
0.080653 -0.049468 -0.322384
0.080653 -0.048846 -0.321101
0.080652 -0.048209 -0.319791
0.080649 -0.047559 -0.318454
0.080646 -0.046894 -0.317090
0.080642 -0.046215 -0.315699
0.080636 -0.045523 -0.314281
0.080630 -0.044816 -0.312838
0.080622 -0.044095 -0.311367
0.080612 -0.043361 -0.309871
0.080601 -0.042613 -0.308348
0.080589 -0.041850 -0.306800
0.080575 -0.041074 -0.305226
0.080559 -0.040285 -0.303627
0.080541 -0.039481 -0.302003
0.080521 -0.038664 -0.300354
0.080499 -0.037833 -0.298680
0.080475 -0.036989 -0.296982
0.080449 -0.036131 -0.295260
0.080420 -0.035260 -0.293514
0.080389 -0.034375 -0.291744
0.080355 -0.033478 -0.289952
0.080319 -0.032567 -0.288137
0.080280 -0.031643 -0.286300
0.080237 -0.030707 -0.284441
0.080192 -0.029758 -0.282560
0.080143 -0.028796 -0.280658
0.080091 -0.027821 -0.278736
0.080036 -0.026834 -0.276794
0.079977 -0.025835 -0.274832
0.079914 -0.024824 -0.272851
0.079847 -0.023801 -0.270852
0.079776 -0.022767 -0.268835
0.079700 -0.021721 -0.266800
0.079621 -0.020663 -0.264749
0.079537 -0.019595 -0.262682
0.079448 -0.018516 -0.260600
0.079354 -0.017426 -0.258503
0.079255 -0.016325 -0.256393
0.079151 -0.015215 -0.254269
0.079042 -0.014094 -0.252133
0.078927 -0.012964 -0.249986
0.078806 -0.011825 -0.247828
0.078680 -0.010677 -0.245660
0.078547 -0.009519 -0.243484
0.078408 -0.008354 -0.241300
0.078263 -0.007180 -0.239108
0.078111 -0.005999 -0.236911
0.077952 -0.004811 -0.234710
0.077786 -0.003615 -0.232504
0.077613 -0.002413 -0.230296
0.077433 -0.001205 -0.228087
0.077245 0.000009 -0.225877
0.077049 0.001229 -0.223668
0.076845 0.002453 -0.221461
0.076633 0.003682 -0.219258
0.076413 0.004914 -0.217059
0.076184 0.006150 -0.214867
0.075947 0.007389 -0.212682
0.075701 0.008631 -0.210506
0.075445 0.009874 -0.208340
0.075180 0.011119 -0.206186
0.074906 0.012364 -0.204045
0.074622 0.013610 -0.201919
0.074329 0.014855 -0.199810
0.074025 0.016099 -0.197719
0.073711 0.017342 -0.195647
0.073387 0.018582 -0.193597
0.073053 0.019819 -0.191570
0.072708 0.021053 -0.189567
0.072352 0.022282 -0.187591
0.071985 0.023506 -0.185644
0.071607 0.024725 -0.183727
0.071219 0.025937 -0.181841
0.070819 0.027142 -0.179990
0.070407 0.028339 -0.178174
0.069985 0.029527 -0.176396
0.069550 0.030706 -0.174657
0.069105 0.031874 -0.172960
0.068647 0.033031 -0.171306
0.068178 0.034177 -0.169697
0.067697 0.035309 -0.168135
0.067205 0.036428 -0.166623
0.066700 0.037532 -0.165162
0.066184 0.038622 -0.163754
0.065656 0.039695 -0.162400
0.065117 0.040751 -0.161104
0.064565 0.041789 -0.159866
0.064001 0.042808 -0.158688
0.063425 0.043808 -0.157573
0.062837 0.044788 -0.156522
0.062237 0.045746 -0.155536
0.061623 0.046682 -0.154617
0.060997 0.047595 -0.153767
0.060356 0.048484 -0.152986
0.059701 0.049348 -0.152276
0.059030 0.050187 -0.151637
0.058342 0.051000 -0.151069
0.057634 0.051785 -0.150572
0.056904 0.052544 -0.150145
0.056150 0.053274 -0.149785
0.055371 0.053979 -0.149489
0.054571 0.054660 -0.149253
0.053781 0.055328 -0.149077
0.053004 0.055985 -0.148959
0.052241 0.056632 -0.148895
0.051487 0.057270 -0.148881
0.050740 0.057898 -0.148917
0.049997 0.058515 -0.149001
0.049256 0.059121 -0.149133
0.048513 0.059716 -0.149312
0.047766 0.060297 -0.149537
0.047012 0.060865 -0.149807
0.046247 0.061420 -0.150120
0.045468 0.061960 -0.150474
0.044674 0.062488 -0.150864
0.043867 0.063006 -0.151288
0.043080 0.063524 -0.151746
0.042315 0.064045 -0.152234
0.041570 0.064569 -0.152749
0.040843 0.065097 -0.153288
0.040130 0.065628 -0.153849
0.039426 0.066162 -0.154432
0.038730 0.066697 -0.155035
0.038036 0.067233 -0.155658
0.037342 0.067769 -0.156301
0.036644 0.068304 -0.156960
0.035937 0.068837 -0.157634
0.035220 0.069371 -0.158320
0.034495 0.069907 -0.159014
0.033795 0.070455 -0.159717
0.033121 0.071018 -0.160426
0.032474 0.071596 -0.161138
0.031847 0.072190 -0.161851
0.031238 0.072798 -0.162563
0.030642 0.073420 -0.163275
0.030057 0.074054 -0.163985
0.029477 0.074700 -0.164693
0.028900 0.075355 -0.165400
0.028320 0.076019 -0.166103
0.027734 0.076691 -0.166802
0.027139 0.077373 -0.167493
0.026538 0.078067 -0.168173
0.025964 0.078781 -0.168844
0.025420 0.079518 -0.169504
0.024903 0.080280 -0.170150
0.024409 0.081065 -0.170780
0.023935 0.081872 -0.171394
0.023476 0.082700 -0.171992
0.023030 0.083548 -0.172575
0.022592 0.084413 -0.173143
0.022160 0.085295 -0.173697
0.021729 0.086191 -0.174237
0.021295 0.087101 -0.174762
0.020854 0.088023 -0.175272
0.020403 0.088958 -0.175764
0.019945 0.089908 -0.176236
0.019513 0.090883 -0.176690
0.019111 0.091883 -0.177124
0.018736 0.092911 -0.177535
0.018383 0.093965 -0.177922
0.018048 0.095043 -0.178286
0.017727 0.096144 -0.178626
0.017416 0.097266 -0.178944
0.017110 0.098407 -0.179239
0.016807 0.099565 -0.179514
0.016499 0.100740 -0.179766
0.016184 0.101929 -0.179996
0.015858 0.103133 -0.180202
0.015523 0.104354 -0.180381
0.015214 0.105600 -0.180535
0.014934 0.106875 -0.180664
0.014680 0.108178 -0.180764
0.014448 0.109508 -0.180836
0.014233 0.110863 -0.180879
0.014030 0.112242 -0.180895
0.013835 0.113642 -0.180883
0.013644 0.115061 -0.180846
0.013454 0.116497 -0.180784
0.013259 0.117948 -0.180697
0.013054 0.119414 -0.180584
0.012835 0.120893 -0.180445
0.012607 0.122388 -0.180277
0.012403 0.123908 -0.180082
0.012229 0.125454 -0.179860
0.012080 0.127027 -0.179608
0.011951 0.128626 -0.179327
0.011840 0.130247 -0.179017
0.011740 0.131890 -0.178678
0.011650 0.133551 -0.178313
0.011565 0.135229 -0.177924
0.011482 0.136920 -0.177510
0.011396 0.138622 -0.177074
0.011305 0.140334 -0.176616
0.011202 0.142054 -0.176137
0.011083 0.143781 -0.175634
0.010953 0.145518 -0.175105
0.010848 0.147272 -0.174555
0.010771 0.149047 -0.173980
0.010718 0.150841 -0.173380
0.010686 0.152653 -0.172754
0.010668 0.154481 -0.172103
0.010661 0.156323 -0.171428
0.010661 0.158175 -0.170731
0.010664 0.160036 -0.170012
0.010666 0.161902 -0.169273
0.010660 0.163772 -0.168514
0.010644 0.165643 -0.167736
0.010611 0.167516 -0.166936
0.010566 0.169392 -0.166114
0.010546 0.171279 -0.165272
0.010555 0.173179 -0.164408
0.010588 0.175093 -0.163520
0.010642 0.177018 -0.162610
0.010710 0.178953 -0.161676
0.010788 0.180893 -0.160722
0.010873 0.182837 -0.159747
0.010961 0.184782 -0.158754
0.011047 0.186724 -0.157744
0.011127 0.188662 -0.156716
0.011195 0.190593 -0.155672
0.011247 0.192517 -0.154609
0.011285 0.194436 -0.153528
0.011351 0.196358 -0.152429
0.011447 0.198285 -0.151310
0.011568 0.200217 -0.150172
0.011710 0.202151 -0.149014
0.011869 0.204084 -0.147837
0.012040 0.206015 -0.146642
0.012221 0.207940 -0.145430
0.012407 0.209855 -0.144204
0.012597 0.211759 -0.142964
0.012786 0.213647 -0.141712
0.012969 0.215517 -0.140449
0.013141 0.217367 -0.139175
0.013298 0.219196 -0.137888
0.013443 0.221006 -0.136588
0.013617 0.222805 -0.135275
0.013824 0.224595 -0.133948
0.014057 0.226375 -0.132606
0.014313 0.228144 -0.131249
0.014586 0.229898 -0.129878
0.014873 0.231634 -0.128493
0.015169 0.233349 -0.127096
0.015471 0.235040 -0.125688
0.015774 0.236704 -0.124271
0.016074 0.238337 -0.122843
0.016365 0.239938 -0.121406
0.016643 0.241505 -0.119959
0.016909 0.243040 -0.118500
0.017206 0.244552 -0.117029
0.017536 0.246042 -0.115545
0.017896 0.247509 -0.114047
0.018279 0.248952 -0.112536
0.018680 0.250366 -0.111010
0.019095 0.251749 -0.109472
0.019521 0.253097 -0.107922
0.019954 0.254407 -0.106361
0.020389 0.255675 -0.104790
0.020822 0.256899 -0.103210
0.021246 0.258075 -0.101620
0.021658 0.259203 -0.100020
0.022059 0.260284 -0.098406
0.022492 0.261327 -0.096781
0.022961 0.262333 -0.095141
0.023460 0.263301 -0.093487
0.023983 0.264228 -0.091817
0.024527 0.265112 -0.090132
0.025087 0.265948 -0.088432
0.025660 0.266733 -0.086719
0.026244 0.267463 -0.084993
0.026833 0.268135 -0.083256
0.027426 0.268745 -0.081506
0.028017 0.269290 -0.079746
0.028600 0.269766 -0.077973
0.029171 0.270173 -0.076188
0.029731 0.270511 -0.074386
0.030325 0.270790 -0.072569
0.030955 0.271010 -0.070734
0.031614 0.271170 -0.068879
0.032298 0.271268 -0.067004
0.033002 0.271299 -0.065108
0.033720 0.271261 -0.063191
0.034449 0.271148 -0.061253
0.035185 0.270958 -0.059295
0.035924 0.270686 -0.057315
0.036660 0.270330 -0.055314
0.037387 0.269885 -0.053290
0.038099 0.269351 -0.051241
0.038799 0.268727 -0.049164
0.039529 0.268024 -0.047057
0.040293 0.267242 -0.044919
0.041083 0.266380 -0.042745
0.041894 0.265433 -0.040535
0.042721 0.264400 -0.038287
0.043558 0.263275 -0.036000
0.044401 0.262055 -0.033673
0.045247 0.260735 -0.031305
0.046090 0.259312 -0.028895
0.046925 0.257783 -0.026439
0.047745 0.256142 -0.023936
0.048546 0.254390 -0.021383
0.049326 0.252527 -0.018775
0.050132 0.250562 -0.016108
0.050965 0.248495 -0.013379
0.051817 0.246325 -0.010582
0.052684 0.244049 -0.007715
0.053559 0.241663 -0.004774
0.054437 0.239163 -0.001757
0.055316 0.236545 0.001341
0.056190 0.233805 0.004522
0.057056 0.230939 0.007791
0.057910 0.227943 0.011151
0.058745 0.224814 0.014608
0.059554 0.221549 0.018168
0.060332 0.218147 0.021835
0.061079 0.214608 0.025619
0.061840 0.210942 0.029527
0.062614 0.207150 0.033566
0.063394 0.203232 0.037745
0.064174 0.199184 0.042071
0.064948 0.195005 0.046553
0.065710 0.190691 0.051198
0.066454 0.186239 0.056015
0.067176 0.181646 0.061012
0.067870 0.176910 0.066200
0.068529 0.172029 0.071589
0.069146 0.167002 0.077189
0.069715 0.161829 0.083015
0.070233 0.156513 0.089079
0.070746 0.151066 0.095396
0.071253 0.145493 0.101982
0.071747 0.139793 0.108853
0.072220 0.133969 0.116022
0.072665 0.128021 0.123508
0.073076 0.121949 0.131327
0.073447 0.115754 0.139495
0.073774 0.109439 0.148032
0.074049 0.103006 0.156955
0.074265 0.096457 0.166286
0.074415 0.089798 0.176043
0.074489 0.083036 0.186247
0.074486 0.076181 0.196920
0.074449 0.069253 0.208079
0.074374 0.062263 0.219740
0.074250 0.055224 0.231912
0.074065 0.048146 0.244597
0.073808 0.041042 0.257782
0.073464 0.033925 0.271435
0.073018 0.026812 0.285496
0.072453 0.019719 0.299861
0.071747 0.012668 0.314362
0.070878 0.005680 0.328740
0.069814 -0.001219 0.342601
0.068510 -0.008004 0.355349
0.066865 -0.014651 0.366106
0.064543 -0.021142 0.373572
0.061670 -0.026822 0.374569
