-0.000000 -0.000000 0.000000 -0.000000 0.000000 0.000000 -0.000000
-0.175385 0.071075 0.413706 0.536429 -0.046969 0.103400 -0.164844
-0.409027 0.179210 0.831550 1.149100 -0.093069 0.182436 -0.283594
-0.700893 0.311674 1.247807 1.768161 -0.139867 0.243856 -0.386122
-1.055092 0.460227 1.662362 2.382411 -0.186985 0.292351 -0.479676
-1.469945 0.619235 2.075892 2.993604 -0.234139 0.330690 -0.566162
-1.940301 0.784665 2.489266 3.606228 -0.281185 0.360650 -0.646216
-2.460043 0.953461 2.903331 4.223094 -0.328090 0.383502 -0.721003
-3.018700 1.122524 3.312823 4.830109 -0.373643 0.400930 -0.789392
-3.597979 1.289750 3.717680 5.432466 -0.418296 0.413117 -0.850743
-4.185605 1.453559 4.118211 6.032845 -0.462365 0.420466 -0.905342
-4.773302 1.612830 4.515048 6.633403 -0.506055 0.423450 -0.953661
-5.354998 1.766819 4.908980 7.236071 -0.549522 0.422517 -0.996198
-5.926269 1.915079 5.300799 7.842056 -0.592914 0.418007 -1.033588
-6.482881 2.057394 5.691229 8.451811 -0.636408 0.410196 -1.066751
-7.016056 2.192729 6.073801 9.055727 -0.678760 0.400108 -1.093455
-7.522588 2.320950 6.449039 9.654091 -0.720201 0.387664 -1.114472
-8.000339 2.442061 6.817548 10.248645 -0.760914 0.372728 -1.129980
-8.447337 2.556176 7.180231 10.841929 -0.801021 0.355466 -1.139970
-8.862668 2.663188 7.537825 11.434835 -0.840650 0.335787 -1.144827
-9.244892 2.763097 7.891100 12.028589 -0.879922 0.313664 -1.144883
-9.592337 2.856046 8.240631 12.624229 -0.918984 0.288896 -1.140579
-9.901518 2.941438 8.581429 13.217103 -0.956943 0.262412 -1.130856
-10.171532 3.019707 8.914765 13.806700 -0.993874 0.234682 -1.116556
-10.402545 3.090670 9.241507 14.392612 -1.029909 0.205832 -1.098216
-10.595233 3.154644 9.562241 14.975767 -1.065191 0.175749 -1.075972
-10.750032 3.211942 9.877804 15.556677 -1.099835 0.144463 -1.050120
-10.868015 3.262813 10.189011 16.135664 -1.133957 0.111964 -1.020989
-10.949597 3.306473 10.491122 16.710203 -1.166993 0.078655 -0.988077
-10.996763 3.343048 10.784973 17.280435 -1.199048 0.044529 -0.951692
-11.012131 3.372764 11.071453 17.846975 -1.230192 0.009602 -0.911941
-10.998575 3.395885 11.351342 18.410481 -1.260500 -0.026182 -0.868895
-10.958551 3.412666 11.625254 18.971071 -1.290065 -0.062946 -0.822841
-10.893519 3.423441 11.894304 19.528457 -1.318940 -0.100476 -0.774067
-10.803948 3.428236 12.159888 20.081459 -1.347193 -0.138363 -0.723068
-10.689832 3.426188 12.418353 20.627199 -1.374427 -0.175886 -0.670142
-10.551925 3.417363 12.670772 21.164208 -1.400745 -0.212853 -0.615901
-10.391573 3.401912 12.918235 21.691456 -1.426216 -0.249075 -0.560790
-10.210523 3.379981 13.161773 22.208072 -1.450910 -0.284412 -0.505185
-10.010808 3.351675 13.402372 22.713260 -1.474892 -0.318754 -0.449426
-9.794691 3.317042 13.640989 23.206267 -1.498227 -0.352018 -0.393821
-9.564736 3.276014 13.878476 23.686501 -1.521000 -0.384199 -0.338587
-9.324331 3.227411 14.111499 24.154541 -1.542901 -0.414881 -0.283532
-9.076290 3.171181 14.340887 24.610378 -1.563996 -0.444075 -0.228718
-8.822926 3.107527 14.567475 25.053507 -1.584342 -0.471760 -0.174341
-8.566366 3.036785 14.792017 25.483584 -1.603993 -0.497952 -0.120568
-8.308579 2.959393 15.015212 25.900457 -1.622998 -0.522694 -0.067511
-8.051251 2.875809 15.237574 26.303957 -1.641430 -0.546129 -0.015292
-7.795415 2.785588 15.456023 26.693151 -1.659129 -0.567984 0.035683
-7.542390 2.689236 15.671032 27.067989 -1.676164 -0.588406 0.085330
-7.293477 2.587349 15.883169 27.428603 -1.692573 -0.607473 0.133631
-7.049902 2.480528 16.093026 27.775193 -1.708391 -0.625230 0.180584
-6.812758 2.369394 16.301164 28.107962 -1.723654 -0.641731 0.226196
-6.582975 2.254588 16.508103 28.427114 -1.738399 -0.657041 0.270473
-6.361245 2.136701 16.714192 28.732760 -1.752688 -0.671318 0.313402
-6.148293 2.015581 16.916817 29.025058 -1.766385 -0.684322 0.354780
-5.944522 1.891789 17.116297 29.304126 -1.779552 -0.696207 0.394598
-5.750306 1.765924 17.313075 29.570192 -1.792221 -0.707043 0.432870
-5.565933 1.638558 17.507590 29.823460 -1.804428 -0.716891 0.469608
-5.391585 1.510232 17.700268 30.064089 -1.816206 -0.725811 0.504808
-5.227329 1.381452 17.891507 30.292159 -1.827596 -0.733867 0.538445
-5.073147 1.252629 18.081562 30.507632 -1.838666 -0.741196 0.570486
-4.930604 1.123760 18.268359 30.712013 -1.849251 -0.747591 0.601107
-4.799520 0.995197 18.452132 30.905246 -1.859419 -0.753184 0.630269
-4.679638 0.867338 18.633225 31.087378 -1.869210 -0.758040 0.657938
-4.570657 0.740566 18.811984 31.258486 -1.878659 -0.762217 0.684092
-4.472219 0.615220 18.988736 31.418593 -1.887803 -0.765774 0.708689
-4.383988 0.491551 19.163694 31.567634 -1.896711 -0.768823 0.731692
-4.307847 0.369614 19.335232 31.707550 -1.905221 -0.771194 0.753433
-4.243383 0.249620 19.503545 31.838283 -1.913398 -0.772996 0.773876
-4.190074 0.131839 19.668913 31.959887 -1.921278 -0.774287 0.792996
-4.147378 0.016553 19.831610 32.072526 -1.928891 -0.775126 0.810799
-4.114727 -0.095958 19.991894 32.176412 -1.936264 -0.775569 0.827307
-4.091518 -0.205431 20.150001 32.271771 -1.943425 -0.775682 0.842549
-4.077176 -0.311658 20.306059 32.358828 -1.950427 -0.775579 0.856574
-4.073353 -0.414494 20.458741 32.439803 -1.957092 -0.775148 0.869849
-4.078904 -0.513811 20.608020 32.514685 -1.963477 -0.774566 0.882325
-4.092589 -0.609642 20.754081 32.582766 -1.969642 -0.773890 0.893731
-4.114544 -0.702138 20.897663 32.643185 -1.975653 -0.772906 0.903825
-4.143052 -0.791526 21.038856 32.694855 -1.981575 -0.771717 0.912289
-4.178773 -0.877909 21.178075 32.740121 -1.987353 -0.770295 0.919637
-4.221075 -0.961479 21.315500 32.779134 -1.993026 -0.768716 0.925940
-4.270772 -1.042443 21.450221 32.812935 -1.998472 -0.766826 0.931437
-4.327073 -1.120838 21.582345 32.841545 -2.003734 -0.764716 0.936111
-4.389215 -1.196600 21.712028 32.865169 -2.008833 -0.762446 0.939990
-4.456481 -1.269643 21.839429 32.884072 -2.013786 -0.760072 0.943125
-4.528158 -1.339895 21.964697 32.898453 -2.018612 -0.757649 0.945540
-4.603504 -1.407361 22.087940 32.908249 -2.023353 -0.755249 0.947185
-4.683446 -1.472104 22.208583 32.914057 -2.027899 -0.752714 0.948333
-4.767276 -1.534151 22.326730 32.915799 -2.032292 -0.750113 0.948926
-4.854367 -1.593467 22.442530 32.913657 -2.036548 -0.747491 0.948992
-4.944149 -1.650010 22.556139 32.907899 -2.040681 -0.744889 0.948586
-5.036078 -1.703749 22.667714 32.898786 -2.044704 -0.742345 0.947765
-5.129594 -1.754684 22.777405 32.886495 -2.048632 -0.739897 0.946556
-5.224073 -1.802889 22.885330 32.870885 -2.052501 -0.737596 0.944882
-5.320523 -1.848465 22.991149 32.852195 -2.056219 -0.735292 0.942957
-5.418352 -1.891513 23.094979 32.830267 -2.059821 -0.733032 0.940701
-5.517085 -1.932078 23.196978 32.805253 -2.063320 -0.730846 0.938140
-5.616305 -1.970205 23.297310 32.777381 -2.066726 -0.728760 0.935330
-5.715622 -2.005947 23.396144 32.746879 -2.070045 -0.726799 0.932329
-5.814647 -2.039374 23.493642 32.713922 -2.073289 -0.724989 0.929179
-5.912953 -2.070603 23.589938 32.678497 -2.076481 -0.723367 0.925860
-6.011096 -2.099815 23.684688 32.640799 -2.079558 -0.721813 0.922432
-6.108682 -2.127142 23.778026 32.600793 -2.082544 -0.720364 0.918873
-6.205397 -2.152681 23.870125 32.558614 -2.085446 -0.719037 0.915220
-6.300969 -2.176528 23.961161 32.514423 -2.088272 -0.717849 0.911521
-6.395141 -2.198784 24.051311 32.468361 -2.091027 -0.716815 0.907822
-6.487663 -2.219565 24.140714 32.420485 -2.093729 -0.715970 0.904143
-6.578980 -2.239057 24.228887 32.371164 -2.096332 -0.715195 0.900413
-6.668871 -2.257379 24.315968 32.320431 -2.098853 -0.714522 0.896650
-6.757142 -2.274634 24.402139 32.268377 -2.101296 -0.713963 0.892889
-6.843612 -2.290926 24.487584 32.215091 -2.103669 -0.713529 0.889170
-6.928115 -2.306354 24.572487 32.160654 -2.105975 -0.713229 0.885533
-7.010504 -2.321015 24.657032 32.105137 -2.108220 -0.713072 0.882014
-7.090682 -2.334995 24.741358 32.048626 -2.110419 -0.713092 0.878659
-7.169077 -2.348452 24.824775 31.991694 -2.112530 -0.713152 0.875296
-7.245610 -2.361466 24.907423 31.934407 -2.114569 -0.713284 0.871967
-7.320170 -2.374120 24.989485 31.876794 -2.116540 -0.713496 0.868701
-7.392635 -2.386499 25.071145 31.818866 -2.118449 -0.713797 0.865524
-7.462889 -2.398685 25.152590 31.760625 -2.120300 -0.714192 0.862460
-7.530841 -2.410748 25.234004 31.702086 -2.122098 -0.714689 0.859536
-7.596486 -2.422738 25.315523 31.643357 -2.123857 -0.715321 0.856820
-7.660138 -2.434793 25.396290 31.585146 -2.125539 -0.715950 0.854095
-7.721805 -2.446950 25.476440 31.527551 -2.127158 -0.716607 0.851425
-7.781416 -2.459259 25.556156 31.470557 -2.128719 -0.717301 0.848834
-7.838879 -2.471769 25.635618 31.414126 -2.130226 -0.718038 0.846336
-7.894122 -2.484516 25.715007 31.358244 -2.131685 -0.718826 0.843955
-7.947167 -2.497510 25.794450 31.303019 -2.133108 -0.719701 0.841759
-7.998246 -2.510864 25.872995 31.249157 -2.134463 -0.720527 0.839539
-8.047388 -2.524574 25.950767 31.196770 -2.135759 -0.721340 0.837365
-8.094524 -2.538651 26.027936 31.145842 -2.137004 -0.722152 0.835259
-8.139561 -2.553109 26.104671 31.096331 -2.138200 -0.722972 0.833233
-8.182400 -2.567958 26.181136 31.048200 -2.139352 -0.723809 0.831300
-8.222961 -2.583195 26.257495 31.001423 -2.140464 -0.724676 0.829477
-8.261247 -2.598798 26.333860 30.956084 -2.141549 -0.725611 0.827822
-8.297532 -2.614857 26.409254 30.912829 -2.142574 -0.726478 0.826164
-8.331824 -2.631335 26.483783 30.871742 -2.143551 -0.727316 0.824560
-8.364046 -2.648208 26.557602 30.832801 -2.144485 -0.728139 0.823025
-8.394102 -2.665451 26.630866 30.795970 -2.145380 -0.728959 0.821568
-8.421895 -2.683037 26.703725 30.761206 -2.146239 -0.729787 0.820193
-8.447339 -2.700936 26.776329 30.728466 -2.147067 -0.730638 0.818907
-8.470411 -2.719117 26.848780 30.697766 -2.147877 -0.731552 0.817738
-8.491496 -2.737666 26.920124 30.669667 -2.148636 -0.732387 0.816584
-8.510577 -2.756542 26.990461 30.644188 -2.149356 -0.733184 0.815472
-8.527579 -2.775697 27.059932 30.621295 -2.150043 -0.733957 0.814407
-8.542417 -2.795078 27.128675 30.600959 -2.150699 -0.734719 0.813390
-8.555011 -2.814629 27.196824 30.583154 -2.151329 -0.735488 0.812425
-8.565293 -2.834308 27.264463 30.567857 -2.151945 -0.736306 0.811513
-8.573718 -2.854185 27.330712 30.555380 -2.152519 -0.737026 0.810612
-8.580232 -2.874213 27.395650 30.545705 -2.153062 -0.737692 0.809726
-8.584777 -2.894326 27.459402 30.538831 -2.153579 -0.738319 0.808857
-8.587304 -2.914459 27.522096 30.534763 -2.154072 -0.738923 0.808010
-8.587770 -2.934541 27.583855 30.533511 -2.154541 -0.739516 0.807190
-8.586133 -2.954508 27.644798 30.535079 -2.154989 -0.740117 0.806396
-8.582329 -2.974313 27.704991 30.539413 -2.155430 -0.740767 0.805609
-8.576893 -2.994024 27.763648 30.546608 -2.155833 -0.741316 0.804864
-8.569781 -3.013593 27.820832 30.556614 -2.156213 -0.741803 0.804137
-8.560990 -3.032948 27.876656 30.569439 -2.156569 -0.742244 0.803426
-8.550540 -3.052009 27.931234 30.585106 -2.156905 -0.742651 0.802729
-8.538459 -3.070697 27.984680 30.603641 -2.157219 -0.743037 0.802048
-8.524767 -3.088933 28.037097 30.625070 -2.157513 -0.743416 0.801380
-8.509441 -3.106665 28.088541 30.649351 -2.157798 -0.743827 0.800694
-8.492768 -3.123981 28.138349 30.676333 -2.158056 -0.744147 0.800079
-8.474747 -3.140825 28.186574 30.705986 -2.158296 -0.744414 0.799503
-8.455437 -3.157115 28.233310 30.738351 -2.158519 -0.744642 0.798965
-8.434913 -3.172763 28.278654 30.773483 -2.158724 -0.744843 0.798464
-8.413238 -3.187688 28.322696 30.811428 -2.158912 -0.745031 0.797994
-8.390385 -3.201848 28.365476 30.852107 -2.159090 -0.745243 0.797499
-8.366318 -3.215398 28.406511 30.894865 -2.159247 -0.745368 0.797125
-8.341033 -3.228295 28.445840 30.939624 -2.159392 -0.745440 0.796816
-8.314633 -3.240461 28.483543 30.986434 -2.159523 -0.745471 0.796561
-8.287250 -3.251812 28.519709 31.035356 -2.159639 -0.745467 0.796357
-8.259015 -3.262266 28.554420 31.086458 -2.159740 -0.745437 0.796196
-8.230016 -3.271750 28.587743 31.139783 -2.159826 -0.745393 0.796063
-8.200199 -3.280242 28.619702 31.195193 -2.159905 -0.745366 0.795869
-8.169359 -3.287945 28.649963 31.251677 -2.159962 -0.745199 0.795762
-8.137465 -3.294843 28.678549 31.309102 -2.160006 -0.744920 0.795654
-8.104641 -3.300872 28.705521 31.367516 -2.160035 -0.744539 0.795526
-8.071063 -3.305965 28.730953 31.426997 -2.160049 -0.744057 0.795371
-8.036916 -3.310057 28.754916 31.487625 -2.160043 -0.743476 0.795182
-8.002362 -3.313096 28.777473 31.549464 -2.160017 -0.742800 0.794946
-7.967441 -3.315076 28.798644 31.612403 -2.159975 -0.742050 0.794577
-7.932018 -3.316217 28.818191 31.675378 -2.159920 -0.741198 0.794320
-7.896152 -3.316523 28.836135 31.738285 -2.159856 -0.740262 0.794094
-7.860029 -3.315956 28.852530 31.801199 -2.159780 -0.739245 0.793885
-7.823857 -3.314478 28.867435 31.864211 -2.159688 -0.738140 0.793688
-7.787825 -3.312059 28.880904 31.927394 -2.159578 -0.736948 0.793488
-7.752024 -3.308712 28.892957 31.990664 -2.159452 -0.735677 0.793213
-7.716448 -3.304621 28.903455 32.053178 -2.159319 -0.734373 0.793094
-7.681197 -3.299808 28.912417 32.114846 -2.159182 -0.733043 0.793055
-7.646463 -3.294262 28.919889 32.175714 -2.159039 -0.731679 0.793076
-7.612462 -3.287977 28.925926 32.235838 -2.158886 -0.730269 0.793141
-7.579400 -3.280949 28.930579 32.295269 -2.158722 -0.728801 0.793233
-7.547468 -3.273183 28.933892 32.354045 -2.158544 -0.727262 0.793329
-7.516788 -3.264711 28.935891 32.412112 -2.158354 -0.725647 0.793373
-7.487432 -3.255663 28.936566 32.468931 -2.158163 -0.724056 0.793546
-7.459516 -3.246079 28.935936 32.524449 -2.157973 -0.722482 0.793792
-7.433204 -3.235982 28.934035 32.578702 -2.157781 -0.720911 0.794088
-7.408665 -3.225399 28.930899 32.631731 -2.157585 -0.719328 0.794417
-7.386060 -3.214363 28.926561 32.683576 -2.157386 -0.717716 0.794759
-7.365537 -3.202913 28.921050 32.734261 -2.157180 -0.716056 0.795090
-7.347203 -3.191105 28.914396 32.783749 -2.156967 -0.714332 0.795363
-7.331116 -3.179027 28.906804 32.831688 -2.156761 -0.712683 0.795726
-7.317368 -3.166742 28.898296 32.878043 -2.156560 -0.711090 0.796133
-7.306071 -3.154305 28.888887 32.922844 -2.156364 -0.709537 0.796564
-7.297331 -3.141774 28.878594 32.966128 -2.156171 -0.708007 0.796999
-7.291243 -3.129211 28.867428 33.007915 -2.155981 -0.706482 0.797416
-7.287869 -3.116688 28.855421 33.048161 -2.155792 -0.704935 0.797770
-7.287131 -3.104265 28.843033 33.086515 -2.155615 -0.703519 0.798193
-7.289069 -3.092018 28.830286 33.122935 -2.155449 -0.702208 0.798643
-7.293736 -3.080013 28.817179 33.157446 -2.155293 -0.700988 0.799100
-7.301178 -3.068318 28.803710 33.190086 -2.155148 -0.699843 0.799550
-7.311435 -3.056998 28.789871 33.220891 -2.155013 -0.698762 0.799979
-7.324531 -3.046124 28.775656 33.249878 -2.154890 -0.697730 0.800368
-7.340464 -3.035773 28.761096 33.276989 -2.154773 -0.696714 0.800671
-7.358918 -3.025981 28.746880 33.301758 -2.154673 -0.695844 0.801023
-7.379871 -3.016823 28.733033 33.324129 -2.154586 -0.695089 0.801384
-7.403309 -3.008372 28.719541 33.344120 -2.154512 -0.694440 0.801736
-7.429217 -3.000692 28.706382 33.361766 -2.154453 -0.693887 0.802071
-7.457566 -2.993851 28.693534 33.377099 -2.154409 -0.693426 0.802381
-7.488327 -2.987918 28.680981 33.390128 -2.154382 -0.693046 0.802653
-7.521449 -2.982960 28.668752 33.400804 -2.154366 -0.692715 0.802851
-7.556490 -2.978980 28.657615 33.408671 -2.154367 -0.692526 0.803083
-7.593387 -2.976046 28.647598 33.413673 -2.154380 -0.692448 0.803314
-7.632076 -2.974223 28.638682 33.415805 -2.154405 -0.692475 0.803532
-7.672488 -2.973575 28.630845 33.415074 -2.154447 -0.692606 0.803730
-7.714553 -2.974157 28.624066 33.411484 -2.154506 -0.692838 0.803903
-7.758217 -2.976005 28.618370 33.405059 -2.154579 -0.693147 0.804055
-7.803146 -2.979036 28.614326 33.395802 -2.154658 -0.693525 0.804174
-7.849272 -2.983281 28.611957 33.383730 -2.154740 -0.693950 0.804265
-7.896496 -2.988791 28.611249 33.368839 -2.154827 -0.694423 0.804329
-7.944708 -2.995614 28.612181 33.351125 -2.154921 -0.694951 0.804366
-7.993796 -3.003797 28.614737 33.330580 -2.155026 -0.695538 0.804378
-8.043662 -3.013378 28.618908 33.307211 -2.155144 -0.696189 0.804374
-8.094278 -3.024356 28.624712 33.281120 -2.155272 -0.696895 0.804401
-8.145474 -3.036605 28.632379 33.252754 -2.155399 -0.697620 0.804364
-8.197214 -3.050122 28.641934 33.222211 -2.155523 -0.698356 0.804309
-8.249388 -3.064936 28.653377 33.189481 -2.155646 -0.699110 0.804251
-8.301861 -3.081084 28.666707 33.154537 -2.155772 -0.699893 0.804194
-8.354496 -3.098595 28.681926 33.117352 -2.155903 -0.700715 0.804148
-8.407182 -3.117487 28.699041 33.077922 -2.156042 -0.701585 0.804130
-8.459897 -3.137731 28.718073 33.036385 -2.156188 -0.702511 0.804214
-8.512609 -3.159188 28.738936 32.993448 -2.156330 -0.703427 0.804216
-8.565294 -3.181823 28.761655 32.949245 -2.156467 -0.704341 0.804212
-8.617831 -3.205639 28.786253 32.903764 -2.156602 -0.705265 0.804222
-8.670074 -3.230644 28.812748 32.856968 -2.156738 -0.706213 0.804260
-8.721893 -3.256830 28.841166 32.808849 -2.156877 -0.707200 0.804351
-8.773244 -3.284145 28.871525 32.759547 -2.157022 -0.708246 0.804576
-8.824177 -3.312455 28.903497 32.709868 -2.157160 -0.709238 0.804682
-8.874644 -3.341698 28.937106 32.659960 -2.157293 -0.710196 0.804755
-8.924503 -3.371849 28.972384 32.609821 -2.157422 -0.711141 0.804823
-8.973584 -3.402892 29.009364 32.559425 -2.157550 -0.712091 0.804907
-9.021713 -3.434803 29.048081 32.508744 -2.157680 -0.713067 0.805027
-9.068733 -3.467544 29.088572 32.457780 -2.157815 -0.714092 0.805215
-9.114567 -3.501041 29.130857 32.406668 -2.157959 -0.715200 0.805550
-9.159352 -3.535174 29.174379 32.356227 -2.158094 -0.716234 0.805765
-9.203013 -3.569856 29.219162 32.306595 -2.158227 -0.717231 0.805942
-9.245398 -3.605028 29.265255 32.257777 -2.158358 -0.718214 0.806112
-9.286338 -3.640637 29.312708 32.209751 -2.158490 -0.719208 0.806299
-9.325662 -3.676625 29.361574 32.162494 -2.158626 -0.720236 0.806524
-9.363211 -3.712924 29.411907 32.116002 -2.158768 -0.721326 0.806816
-9.398888 -3.749443 29.463726 32.070379 -2.158923 -0.722524 0.807246
-9.432947 -3.786110 29.516227 32.026397 -2.159070 -0.723639 0.807573
-9.465301 -3.822824 29.569434 31.984157 -2.159217 -0.724718 0.807865
-9.495805 -3.859496 29.623412 31.943650 -2.159367 -0.725789 0.808150
-9.524311 -3.896042 29.678231 31.904847 -2.159521 -0.726877 0.808444
-9.550676 -3.932376 29.733957 31.867729 -2.159681 -0.728009 0.808769
-9.574804 -3.968416 29.790613 31.832363 -2.159859 -0.729241 0.809179
-9.597031 -4.004171 29.847156 31.799453 -2.160028 -0.730356 0.809495
-9.617279 -4.039555 29.903609 31.769069 -2.160198 -0.731410 0.809770
-9.635436 -4.074479 29.960052 31.741193 -2.160372 -0.732427 0.810021
-9.651397 -4.108853 30.016568 31.715799 -2.160551 -0.733432 0.810261
-9.665069 -4.142588 30.073244 31.692866 -2.160737 -0.734447 0.810503
-9.676370 -4.175594 30.130161 31.672391 -2.160931 -0.735497 0.810765
-9.685254 -4.207788 30.187345 31.654432 -2.161144 -0.736640 0.811086
-9.692116 -4.239216 30.243619 31.639498 -2.161351 -0.737658 0.811341
-9.696932 -4.269797 30.299010 31.627649 -2.161561 -0.738608 0.811568
-9.699664 -4.299445 30.353608 31.618887 -2.161777 -0.739511 0.811782
-9.700279 -4.328076 30.407510 31.613202 -2.161999 -0.740386 0.811989
-9.698756 -4.355606 30.460811 31.610591 -2.162228 -0.741249 0.812196
-9.695082 -4.381949 30.513602 31.611066 -2.162465 -0.742122 0.812416
-9.689262 -4.407030 30.565908 31.614678 -2.162722 -0.743060 0.812670
-9.681609 -4.430933 30.616583 31.621691 -2.162966 -0.743873 0.812886
-9.672148 -4.453584 30.665652 31.632163 -2.163210 -0.744615 0.813087
-9.660906 -4.474903 30.713204 31.646127 -2.163453 -0.745303 0.813281
-9.647917 -4.494813 30.759334 31.663605 -2.163696 -0.745950 0.813472
-9.633211 -4.513242 30.804126 31.684620 -2.163939 -0.746574 0.813661
-9.616789 -4.530144 30.847598 31.709150 -2.164196 -0.747224 0.813829
-9.598778 -4.545691 30.888770 31.736941 -2.164433 -0.747747 0.814020
-9.579203 -4.559841 30.927659 31.767978 -2.164663 -0.748190 0.814213
-9.558141 -4.572533 30.964345 31.802292 -2.164887 -0.748565 0.814403
-9.535689 -4.583707 30.998915 31.839922 -2.165105 -0.748877 0.814587
-9.511952 -4.593305 31.031452 31.880909 -2.165315 -0.749132 0.814758
-9.487021 -4.601276 31.062026 31.925281 -2.165519 -0.749340 0.814902
-9.460916 -4.607611 31.090647 31.972952 -2.165728 -0.749536 0.814960
-9.433657 -4.612557 31.116552 32.023221 -2.165916 -0.749618 0.815103
-9.405285 -4.616109 31.139745 32.076010 -2.166094 -0.749622 0.815272
-9.375924 -4.618228 31.160284 32.131368 -2.166262 -0.749551 0.815451
-9.345719 -4.618871 31.178234 32.189366 -2.166419 -0.749405 0.815630
-9.314816 -4.617999 31.193651 32.250075 -2.166564 -0.749183 0.815800
-9.283330 -4.615586 31.206578 32.313537 -2.166697 -0.748889 0.815935
-9.251257 -4.611664 31.217008 32.379598 -2.166829 -0.748545 0.815934
-9.218488 -4.606533 31.224481 32.447185 -2.166938 -0.748085 0.816034
-9.185035 -4.600233 31.228981 32.516160 -2.167034 -0.747530 0.816137
-9.151035 -4.592750 31.230531 32.586589 -2.167117 -0.746879 0.816218
-9.116656 -4.584065 31.229161 32.658573 -2.167183 -0.746128 0.816267
-9.082053 -4.574173 31.224889 32.732183 -2.167233 -0.745270 0.816257
-9.047283 -4.563122 31.217715 32.807280 -2.167270 -0.744306 0.816086
-9.012303 -4.551152 31.207641 32.882767 -2.167293 -0.743286 0.816063
-8.977183 -4.538320 31.194658 32.958508 -2.167306 -0.742208 0.816084
-8.942100 -4.524637 31.178768 33.034571 -2.167308 -0.741061 0.816121
-8.907259 -4.510110 31.159974 33.111061 -2.167295 -0.739831 0.816160
-8.872860 -4.494752 31.138276 33.188083 -2.167266 -0.738501 0.816185
-8.839084 -4.478588 31.113664 33.265709 -2.167217 -0.737057 0.816166
-8.806009 -4.461685 31.086133 33.343822 -2.167148 -0.735474 0.816005
-8.773560 -4.444211 31.056145 33.421410 -2.167077 -0.733913 0.815993
-8.741817 -4.426240 31.023683 33.498362 -2.167004 -0.732351 0.816029
-8.710956 -4.407813 30.988713 33.574754 -2.166925 -0.730768 0.816087
-8.681169 -4.388966 30.951200 33.650697 -2.166839 -0.729147 0.816151
-8.652644 -4.369739 30.911105 33.726303 -2.166741 -0.727466 0.816205
-8.625550 -4.350185 30.868380 33.801648 -2.166631 -0.725705 0.816222
-8.599965 -4.330387 30.823016 33.876654 -2.166500 -0.723819 0.816114
-8.575725 -4.310426 30.775856 33.950463 -2.166380 -0.722026 0.816127
-8.552903 -4.290391 30.726876 34.022999 -2.166264 -0.720283 0.816176
-8.531651 -4.270344 30.676008 34.094340 -2.166150 -0.718567 0.816233
-8.512129 -4.250349 30.623179 34.164590 -2.166035 -0.716857 0.816282
-8.494489 -4.230473 30.568316 34.233827 -2.165916 -0.715130 0.816296
-8.478810 -4.210800 30.511409 34.302007 -2.165783 -0.713324 0.816204
-8.464770 -4.191326 30.453611 34.368402 -2.165670 -0.711687 0.816229
-8.452439 -4.172134 30.394902 34.432964 -2.165566 -0.710161 0.816298
-8.441939 -4.153299 30.335190 34.495763 -2.165470 -0.708721 0.816386
-8.433399 -4.134890 30.274375 34.556888 -2.165381 -0.707348 0.816476
-8.426939 -4.116979 30.212356 34.616425 -2.165297 -0.706022 0.816550
-8.422666 -4.099648 30.149035 34.674427 -2.165217 -0.704717 0.816579
-8.420626 -4.082984 30.084406 34.730845 -2.165126 -0.703362 0.816500
-8.420391 -4.066914 30.019900 34.785032 -2.165061 -0.702203 0.816526
-8.421994 -4.051524 29.955504 34.836934 -2.165007 -0.701170 0.816593
-8.425510 -4.036894 29.891105 34.886596 -2.164962 -0.700240 0.816675
-8.431016 -4.023101 29.826582 34.934086 -2.164928 -0.699399 0.816754
-8.438583 -4.010220 29.761814 34.979464 -2.164904 -0.698629 0.816812
-8.448271 -3.998335 29.696686 35.022763 -2.164890 -0.697910 0.816822
-8.460093 -3.987521 29.631198 35.063930 -2.164870 -0.697163 0.816728
-8.473531 -3.977639 29.566947 35.102404 -2.164878 -0.696622 0.816729
-8.488585 -3.968764 29.503926 35.138123 -2.164896 -0.696213 0.816768
-8.505288 -3.960978 29.442020 35.171094 -2.164927 -0.695916 0.816816
-8.523667 -3.954357 29.381101 35.201338 -2.164972 -0.695720 0.816853
-8.543739 -3.948979 29.321052 35.228855 -2.165032 -0.695610 0.816850
-8.565485 -3.944905 29.261861 35.253601 -2.165095 -0.695517 0.816767
-8.588381 -3.941958 29.204963 35.275226 -2.165176 -0.695586 0.816745
-8.612396 -3.940195 29.150349 35.293677 -2.165262 -0.695751 0.816745
-8.637520 -3.939684 29.097907 35.308939 -2.165356 -0.696002 0.816742
-8.663740 -3.940491 29.047514 35.321012 -2.165459 -0.696333 0.816720
-8.691045 -3.942679 28.999055 35.329890 -2.165576 -0.696741 0.816664
-8.719424 -3.946306 28.952423 35.335562 -2.165708 -0.697217 0.816559
-8.748882 -3.951400 28.907600 35.338043 -2.165846 -0.697715 0.816402
-8.779109 -3.957754 28.865596 35.337412 -2.165993 -0.698319 0.816282
-8.810104 -3.965391 28.826401 35.333673 -2.166139 -0.698981 0.816198
-8.841837 -3.974364 28.789923 35.326788 -2.166286 -0.699697 0.816136
-8.874267 -3.984723 28.756069 35.316716 -2.166438 -0.700470 0.816083
-8.907352 -3.996516 28.724747 35.303414 -2.166599 -0.701299 0.816028
-8.941063 -4.009783 28.695877 35.286849 -2.166770 -0.702184 0.815968
-8.975427 -4.024518 28.669441 35.267087 -2.166947 -0.703100 0.815935
-9.010325 -4.040517 28.645992 35.244564 -2.167125 -0.704073 0.815918
-9.045775 -4.057772 28.625520 35.219333 -2.167299 -0.705077 0.815951
-9.081732 -4.076308 28.607965 35.191339 -2.167471 -0.706114 0.816033
-9.118129 -4.096156 28.593265 35.160516 -2.167645 -0.707192 0.816158
-9.154912 -4.117330 28.581367 35.126820 -2.167823 -0.708314 0.816334
-9.192100 -4.139802 28.572251 35.090351 -2.168001 -0.709475 0.816621
-9.229691 -4.163373 28.566109 35.051784 -2.168178 -0.710633 0.816875
-9.267692 -4.188006 28.562932 35.011222 -2.168349 -0.711784 0.817161
-9.306021 -4.213700 28.562680 34.968624 -2.168515 -0.712938 0.817493
-9.344566 -4.240459 28.565317 34.923926 -2.168681 -0.714108 0.817879
-9.383208 -4.268282 28.570804 34.877063 -2.168848 -0.715310 0.818326
-9.421842 -4.297153 28.579116 34.828008 -2.169019 -0.716559 0.818859
-9.460441 -4.327013 28.590239 34.776886 -2.169192 -0.717866 0.819557
-9.499097 -4.357667 28.604091 34.724551 -2.169364 -0.719134 0.820177
-9.537778 -4.389044 28.620670 34.671130 -2.169532 -0.720377 0.820802
-9.576362 -4.421112 28.639966 34.616596 -2.169698 -0.721613 0.821461
-9.614699 -4.453842 28.661970 34.560893 -2.169866 -0.722863 0.822172
-9.652637 -4.487201 28.686677 34.503963 -2.170036 -0.724148 0.822956
-9.690031 -4.521141 28.714088 34.445786 -2.170211 -0.725491 0.823846
-9.726812 -4.555576 28.744194 34.386498 -2.170393 -0.726924 0.824931
-9.763155 -4.590336 28.776617 34.327030 -2.170574 -0.728294 0.825900
-9.798988 -4.625323 28.811358 34.267522 -2.170756 -0.729633 0.826846
-9.834160 -4.660473 28.848437 34.207956 -2.170940 -0.730966 0.827807
-9.868507 -4.695719 28.887876 34.148292 -2.171129 -0.732320 0.828810
-9.901869 -4.730991 28.929700 34.088516 -2.171323 -0.733722 0.829895
-9.934149 -4.766191 28.973901 34.028755 -2.171529 -0.735222 0.831152
-9.965605 -4.801213 29.019749 33.969931 -2.171734 -0.736614 0.832248
-9.996144 -4.835955 29.067245 33.912174 -2.171942 -0.737948 0.833273
-10.025615 -4.870332 29.116433 33.855479 -2.172156 -0.739253 0.834268
-10.053861 -4.904267 29.167364 33.799810 -2.172377 -0.740556 0.835263
-10.080725 -4.937677 29.220096 33.745133 -2.172605 -0.741884 0.836287
-10.106061 -4.970474 29.274684 33.691446 -2.172843 -0.743268 0.837380
-10.129775 -5.002557 29.331126 33.638868 -2.173099 -0.744770 0.838625
-10.152211 -5.033889 29.388366 33.588234 -2.173350 -0.746142 0.839716
-10.173287 -5.064366 29.446412 33.539667 -2.173605 -0.747447 0.840735
-10.192875 -5.093890 29.505336 33.493171 -2.173865 -0.748714 0.841721
-10.210849 -5.122372 29.565221 33.448723 -2.174131 -0.749969 0.842703
-10.227086 -5.149721 29.626152 33.406304 -2.174404 -0.751237 0.843709
-10.241472 -5.175840 29.688210 33.365923 -2.174684 -0.752550 0.844775
-10.253926 -5.200627 29.751403 33.327681 -2.174986 -0.753975 0.845969
-10.264862 -5.224097 29.814455 33.292287 -2.175276 -0.755216 0.847019
-10.274214 -5.246147 29.877377 33.259853 -2.175565 -0.756343 0.847992
-10.281893 -5.266678 29.940263 33.230403 -2.175856 -0.757381 0.848924
-10.287811 -5.285593 30.003213 33.203945 -2.176149 -0.758357 0.849842
-10.291883 -5.302800 30.066323 33.180492 -2.176446 -0.759296 0.850773
-10.294028 -5.318218 30.129605 33.160084 -2.176761 -0.760267 0.851751
-10.294541 -5.331951 30.191769 33.143002 -2.177051 -0.761013 0.852615
-10.293364 -5.343923 30.252830 33.129290 -2.177332 -0.761599 0.853397
-10.290458 -5.354049 30.312896 33.118967 -2.177603 -0.762048 0.854115
-10.285800 -5.362250 30.372081 33.112043 -2.177867 -0.762374 0.854788
-10.279376 -5.368449 30.430506 33.108531 -2.178122 -0.762590 0.855428
-10.271166 -5.372578 30.488277 33.108436 -2.178369 -0.762714 0.856043
-10.261120 -5.374600 30.545415 33.111715 -2.178626 -0.762808 0.856622
-10.249381 -5.374759 30.600671 33.118130 -2.178854 -0.762696 0.857140
-10.235924 -5.373026 30.654067 33.127646 -2.179068 -0.762436 0.857584
-10.220778 -5.369343 30.705715 33.140279 -2.179270 -0.762039 0.857956
-10.203998 -5.363658 30.755742 33.156057 -2.179459 -0.761508 0.858263
-10.185652 -5.355919 30.804271 33.175008 -2.179633 -0.760846 0.858508
-10.165803 -5.346088 30.851419 33.197144 -2.179792 -0.760055 0.858685
-10.144469 -5.334179 30.897210 33.222354 -2.179953 -0.759186 0.858742
-10.121852 -5.320549 30.940482 33.250006 -2.180089 -0.758188 0.858824
-10.097990 -5.305218 30.981259 33.280000 -2.180215 -0.757107 0.858881
-10.072982 -5.288162 31.019651 33.312368 -2.180332 -0.755942 0.858903
-10.046944 -5.269352 31.055773 33.347159 -2.180436 -0.754688 0.858889
-10.019978 -5.248773 31.089729 33.384400 -2.180526 -0.753340 0.858825
-9.992124 -5.226465 31.121543 33.423961 -2.180618 -0.751931 0.858642
-9.963482 -5.202804 31.150317 33.465004 -2.180692 -0.750475 0.858539
-9.934108 -5.177839 31.176069 33.507402 -2.180762 -0.749000 0.858445
-9.904130 -5.151565 31.198889 33.551183 -2.180827 -0.747500 0.858341
-9.873698 -5.123974 31.218874 33.596406 -2.180885 -0.745958 0.858220
-9.842965 -5.095059 31.236114 33.643128 -2.180933 -0.744361 0.858072
-9.812071 -5.064826 31.250689 33.691383 -2.180971 -0.742695 0.857877
-9.781091 -5.033330 31.262621 33.741047 -2.181007 -0.740971 0.857557
-9.750141 -5.000881 31.271402 33.791318 -2.181034 -0.739241 0.857338
-9.719305 -4.967541 31.277045 33.842079 -2.181060 -0.737513 0.857142
-9.688732 -4.933331 31.279608 33.893368 -2.181084 -0.735773 0.856946
-9.658591 -4.898266 31.279151 33.945252 -2.181103 -0.733998 0.856739
-9.629051 -4.862367 31.275729 33.997800 -2.181116 -0.732169 0.856508
-9.600270 -4.825666 31.269386 34.051049 -2.181121 -0.730263 0.856228
-9.572346 -4.788235 31.260143 34.104909 -2.181121 -0.728269 0.855829
-9.545313 -4.750304 31.247952 34.158670 -2.181121 -0.726321 0.855533
-9.519274 -4.711953 31.232819 34.212244 -2.181124 -0.724405 0.855268
-9.494387 -4.673227 31.214766 34.265675 -2.181130 -0.722499 0.855009
-9.470822 -4.634171 31.193809 34.319027 -2.181136 -0.720578 0.854741
-9.448739 -4.594836 31.169963 34.372343 -2.181140 -0.718615 0.854437
-9.428248 -4.555302 31.143254 34.425550 -2.181140 -0.716574 0.854030
-9.409180 -4.515702 31.114170 34.477962 -2.181153 -0.714659 0.853734
-9.391638 -4.476119 31.082724 34.529507 -2.181176 -0.712835 0.853482
-9.375770 -4.436613 31.048902 34.580226 -2.181207 -0.711074 0.853248
-9.361728 -4.397237 31.012684 34.630185 -2.181246 -0.709352 0.853015
-9.349661 -4.358052 30.974043 34.679445 -2.181291 -0.707642 0.852767
-9.339701 -4.319128 30.932954 34.728039 -2.181341 -0.705915 0.852474
-9.331925 -4.280553 30.889441 34.775887 -2.181388 -0.704112 0.852071
-9.325927 -4.242386 30.844495 34.822272 -2.181455 -0.702475 0.851788
-9.321771 -4.204719 30.798126 34.867119 -2.181536 -0.700948 0.851559
-9.319565 -4.167623 30.750282 34.910462 -2.181628 -0.699502 0.851360
-9.319419 -4.131165 30.700901 34.952362 -2.181732 -0.698116 0.851173
-9.321432 -4.095414 30.649913 34.992878 -2.181847 -0.696766 0.850985
-9.325684 -4.060451 30.597254 35.032023 -2.181972 -0.695426 0.850763
-9.332175 -4.026383 30.542945 35.069661 -2.182097 -0.694024 0.850426
-9.340465 -3.993210 30.488382 35.104962 -2.182247 -0.692792 0.850223
-9.350541 -3.961038 30.433576 35.137784 -2.182413 -0.691660 0.850073
-9.362455 -3.929955 30.378445 35.168131 -2.182593 -0.690603 0.849945
-9.376267 -3.900039 30.322900 35.196033 -2.182789 -0.689603 0.849822
-9.392024 -3.871376 30.266855 35.221495 -2.183000 -0.688635 0.849678
-9.409714 -3.844057 30.210325 35.244422 -2.183212 -0.687625 0.849455
-9.428704 -3.818033 30.154772 35.264093 -2.183456 -0.686804 0.849333
-9.448970 -3.793394 30.100204 35.280410 -2.183718 -0.686100 0.849255
-9.470530 -3.770220 30.046530 35.293370 -2.183999 -0.685493 0.849202
-9.493399 -3.748579 29.993645 35.303003 -2.184299 -0.684972 0.849167
-9.517589 -3.728540 29.941443 35.309334 -2.184619 -0.684523 0.849144
-9.543103 -3.710172 29.889829 35.312379 -2.184960 -0.684132 0.849128
-9.569934 -3.693526 29.838801 35.312136 -2.185308 -0.683736 0.849109
-9.597592 -3.678458 29.789587 35.308420 -2.185691 -0.683492 0.849105
-9.626057 -3.665018 29.742187 35.301221 -2.186096 -0.683342 0.849108
-9.655306 -3.653270 29.696506 35.290532 -2.186523 -0.683273 0.849117
-9.685306 -3.643271 29.652442 35.276353 -2.186974 -0.683280 0.849130
-9.716018 -3.635077 29.609890 35.258683 -2.187451 -0.683358 0.849152
-9.747414 -3.628736 29.568762 35.237533 -2.187955 -0.683499 0.849193
-9.779505 -3.624254 29.529044 35.212998 -2.188473 -0.683659 0.849298
-9.812032 -3.621398 29.491637 35.185473 -2.189030 -0.683923 0.849345
-9.845002 -3.620171 29.456533 35.155043 -2.189614 -0.684247 0.849379
-9.878367 -3.620614 29.423653 35.121691 -2.190225 -0.684626 0.849413
-9.912061 -3.622772 29.392910 35.085387 -2.190867 -0.685060 0.849456
-9.946037 -3.626671 29.364229 35.046132 -2.191540 -0.685547 0.849530
-9.980324 -3.632288 29.337589 35.004088 -2.192235 -0.686060 0.849717
-10.014876 -3.639348 29.313529 34.960082 -2.192973 -0.686627 0.849785
-10.049716 -3.647820 29.292035 34.914277 -2.193744 -0.687225 0.849820
-10.084774 -3.657723 29.273044 34.866665 -2.194550 -0.687853 0.849848
-10.119947 -3.669081 29.256485 34.817203 -2.195394 -0.688521 0.849886
-10.155129 -3.681916 29.242293 34.765850 -2.196278 -0.689236 0.849949
-10.190231 -3.696231 29.230409 34.712604 -2.197205 -0.690004 0.850071
-10.225258 -3.711973 29.220810 34.657656 -2.198170 -0.690820 0.850354
-10.260315 -3.728870 29.213684 34.602055 -2.199186 -0.691647 0.850496
-10.295403 -3.746861 29.209017 34.545991 -2.200247 -0.692481 0.850603
-10.330420 -3.765937 29.206766 34.489459 -2.201356 -0.693332 0.850709
-10.365234 -3.786096 29.206887 34.432413 -2.202517 -0.694213 0.850836
-10.399707 -3.807332 29.209336 34.374809 -2.203735 -0.695139 0.851006
-10.433718 -3.829623 29.214079 34.316641 -2.205011 -0.696124 0.851254
-10.467227 -3.852896 29.221090 34.258082 -2.206348 -0.697184 0.851683
-10.500429 -3.876918 29.230230 34.200201 -2.207749 -0.698219 0.851965
-10.533284 -3.901607 29.241481 34.143173 -2.209213 -0.699245 0.852202
-10.565665 -3.926922 29.254823 34.086994 -2.210746 -0.700278 0.852432
-10.597426 -3.952828 29.270237 34.031626 -2.212352 -0.701339 0.852680
-10.628424 -3.979282 29.287707 33.977058 -2.214036 -0.702447 0.852979
-10.658580 -4.006209 29.307204 33.923417 -2.215805 -0.703632 0.853413
-10.688117 -4.033461 29.328302 33.871616 -2.217654 -0.704743 0.853676
-10.716962 -4.060956 29.350980 33.821789 -2.219590 -0.705810 0.853854
-10.744983 -4.088634 29.375238 33.773933 -2.221619 -0.706856 0.853978
-10.772039 -4.116440 29.401078 33.728018 -2.223746 -0.707900 0.854072
-10.797991 -4.144315 29.428506 33.684016 -2.225978 -0.708966 0.854156
-10.822707 -4.172194 29.457531 33.641922 -2.228321 -0.710078 0.854259
-10.846094 -4.200000 29.488128 33.601827 -2.230787 -0.711276 0.854442
-10.868375 -4.227663 29.519647 33.564405 -2.233366 -0.712381 0.854463
-10.889470 -4.255100 29.552072 33.529749 -2.236070 -0.713434 0.854382
-10.909272 -4.282237 29.585425 33.497864 -2.238907 -0.714458 0.854224
-10.927678 -4.309001 29.619736 33.468735 -2.241885 -0.715475 0.854006
-10.944592 -4.335317 29.655037 33.442351 -2.245011 -0.716506 0.853744
-10.959926 -4.361106 29.691361 33.418718 -2.248295 -0.717572 0.853460
-10.973616 -4.386284 29.728705 33.397906 -2.251750 -0.718717 0.853192
-10.985950 -4.410797 29.766406 33.380383 -2.255232 -0.719757 0.852819
-10.996880 -4.434560 29.804468 33.366224 -2.258756 -0.720732 0.852377
-11.006348 -4.457490 29.842936 33.355449 -2.262331 -0.721664 0.851884
-11.014300 -4.479508 29.881861 33.348067 -2.265966 -0.722573 0.851350
-11.020682 -4.500536 29.921288 33.344087 -2.269673 -0.723480 0.850784
-11.025428 -4.520510 29.961219 33.343509 -2.273470 -0.724430 0.850188
-11.028682 -4.539486 30.000891 33.346364 -2.277211 -0.725245 0.849559
-11.030401 -4.557402 30.040311 33.352657 -2.280917 -0.725969 0.848896
-11.030573 -4.574184 30.079538 33.362403 -2.284598 -0.726618 0.848200
-11.029202 -4.589761 30.118640 33.375619 -2.288262 -0.727208 0.847473
-11.026301 -4.604064 30.157687 33.392322 -2.291921 -0.727750 0.846711
-11.021871 -4.617025 30.196741 33.412519 -2.295585 -0.728262 0.845906
-11.015860 -4.628611 30.235802 33.436132 -2.299277 -0.728789 0.845014
-11.008301 -4.639006 30.274039 33.462724 -2.302874 -0.729178 0.844163
-10.999165 -4.648178 30.311456 33.492223 -2.306400 -0.729472 0.843308
-10.988494 -4.656068 30.348124 33.524647 -2.309865 -0.729683 0.842434
-10.976358 -4.662616 30.384125 33.560029 -2.313277 -0.729818 0.841534
-10.962835 -4.667765 30.419541 33.598405 -2.316645 -0.729882 0.840595
-10.947991 -4.671467 30.454448 33.639785 -2.319978 -0.729884 0.839596
-10.931821 -4.673727 30.488850 33.684029 -2.323298 -0.729866 0.838457
-10.914400 -4.674840 30.521896 33.730308 -2.326516 -0.729745 0.837418
-10.895741 -4.674814 30.553594 33.778492 -2.329652 -0.729562 0.836401
-10.875940 -4.673607 30.584018 33.828608 -2.332716 -0.729321 0.835381
-10.855115 -4.671173 30.613251 33.880712 -2.335713 -0.729023 0.834344
-10.833373 -4.667475 30.641368 33.934832 -2.338652 -0.728670 0.833263
-10.810752 -4.662525 30.668382 33.990834 -2.341551 -0.728294 0.832052
-10.787318 -4.656626 30.693575 34.047793 -2.344346 -0.727856 0.831005
-10.763122 -4.649795 30.716956 34.105575 -2.347054 -0.727385 0.830035
-10.738292 -4.642000 30.738597 34.164211 -2.349683 -0.726881 0.829110
-10.712976 -4.633204 30.758572 34.223760 -2.352238 -0.726336 0.828215
-10.687319 -4.623371 30.776955 34.284285 -2.354725 -0.725745 0.827328
-10.661446 -4.612475 30.793807 34.345816 -2.357150 -0.725105 0.826418
-10.635403 -4.600540 30.809137 34.408219 -2.359529 -0.724435 0.825395
-10.609244 -4.587828 30.822450 34.470625 -2.361813 -0.723717 0.824538
-10.583020 -4.574370 30.833749 34.532906 -2.364018 -0.722969 0.823758
-10.556860 -4.560149 30.843085 34.595098 -2.366150 -0.722186 0.823022
-10.530909 -4.545146 30.850510 34.657269 -2.368213 -0.721358 0.822312
-10.505315 -4.529346 30.856078 34.719487 -2.370211 -0.720473 0.821606
-10.480204 -4.512744 30.859831 34.781788 -2.372149 -0.719523 0.820872
-10.455632 -4.495382 30.861776 34.844057 -2.374040 -0.718512 0.820026
-10.431633 -4.477488 30.861697 34.905514 -2.375853 -0.717494 0.819332
-10.408261 -4.459110 30.859594 34.966048 -2.377599 -0.716473 0.818705
-10.385641 -4.440260 30.855494 35.025698 -2.379283 -0.715439 0.818116
-10.363906 -4.420947 30.849426 35.084530 -2.380908 -0.714376 0.817542
-10.343180 -4.401188 30.841414 35.142582 -2.382478 -0.713272 0.816955
-10.323526 -4.381039 30.831473 35.199758 -2.383998 -0.712113 0.816276
-10.304921 -4.360661 30.819750 35.255380 -2.385457 -0.711021 0.815757
-10.287422 -4.340116 30.806251 35.309349 -2.386860 -0.709984 0.815320
-10.271137 -4.319435 30.790983 35.361701 -2.388210 -0.708986 0.814938
-10.256185 -4.298643 30.773950 35.412499 -2.389510 -0.708013 0.814592
-10.242677 -4.277769 30.755149 35.461802 -2.390762 -0.707047 0.814265
-10.230708 -4.256853 30.734579 35.509642 -2.391970 -0.706073 0.813930
-10.220316 -4.235959 30.712260 35.555922 -2.393133 -0.705059 0.813516
-10.211350 -4.215170 30.688739 35.600014 -2.394251 -0.704157 0.813245
-10.203836 -4.194556 30.664028 35.641820 -2.395325 -0.703334 0.813049
-10.197847 -4.174161 30.638104 35.681367 -2.396356 -0.702577 0.812902
-10.193462 -4.154027 30.610941 35.718703 -2.397347 -0.701871 0.812791
-10.190756 -4.134198 30.582507 35.753875 -2.398300 -0.701201 0.812700
-10.189790 -4.114726 30.552775 35.786899 -2.399217 -0.700551 0.812608
-10.190578 -4.095677 30.521771 35.817692 -2.400092 -0.699874 0.812458
-10.192748 -4.077071 30.490375 35.845673 -2.400935 -0.699330 0.812433
-10.196304 -4.058977 30.458606 35.870751 -2.401740 -0.698873 0.812478
-10.201283 -4.041452 30.426423 35.892925 -2.402508 -0.698487 0.812572
-10.207726 -4.024550 30.393778 35.912212 -2.403243 -0.698161 0.812700
-10.215664 -4.008328 30.360630 35.928612 -2.403944 -0.697879 0.812847
-10.225101 -3.992845 30.327007 35.942069 -2.404602 -0.697588 0.812977
-10.235595 -3.978050 30.293931 35.952170 -2.405235 -0.697442 0.813208
-10.247134 -3.964000 30.261429 35.958853 -2.405832 -0.697393 0.813507
-10.259723 -3.950751 30.229450 35.962108 -2.406395 -0.697426 0.813864
-10.273358 -3.938355 30.197933 35.961936 -2.406925 -0.697534 0.814273
-10.288030 -3.926863 30.166817 35.958336 -2.407425 -0.697711 0.814730
-10.303727 -3.916328 30.136051 35.951300 -2.407894 -0.697946 0.815233
-10.320438 -3.906786 30.105652 35.940825 -2.408323 -0.698195 0.815783
-10.337769 -3.898122 30.076531 35.926862 -2.408739 -0.698546 0.816332
-10.355697 -3.890372 30.048706 35.909398 -2.409132 -0.698957 0.816882
-10.374187 -3.883592 30.022128 35.888400 -2.409502 -0.699420 0.817433
-10.393195 -3.877833 29.996737 35.863834 -2.409852 -0.699931 0.817986
-10.412675 -3.873147 29.972478 35.835663 -2.410182 -0.700488 0.818545
-10.432595 -3.869579 29.949305 35.803868 -2.410494 -0.701084 0.819121
-10.452990 -3.867136 29.927229 35.768535 -2.410777 -0.701687 0.819769
-10.473691 -3.865638 29.906835 35.730166 -2.411055 -0.702352 0.820333
-10.494726 -3.865093 29.888140 35.688835 -2.411319 -0.703046 0.820867
-10.516054 -3.865549 29.871110 35.644493 -2.411568 -0.703764 0.821384
-10.537616 -3.867060 29.855706 35.597070 -2.411804 -0.704504 0.821893
-10.559376 -3.869666 29.841899 35.546532 -2.412026 -0.705262 0.822416
-10.581408 -3.873351 29.829695 35.493048 -2.412228 -0.706020 0.823051
-10.603765 -3.877898 29.819333 35.437590 -2.412428 -0.706806 0.823543
-10.626510 -3.883288 29.810823 35.380327 -2.412617 -0.707604 0.823990
-10.649587 -3.889562 29.804147 35.321215 -2.412796 -0.708413 0.824422
-10.672898 -3.896768 29.799278 35.260169 -2.412966 -0.709234 0.824850
-10.696343 -3.904955 29.796194 35.197104 -2.413127 -0.710072 0.825288
-10.719844 -3.914155 29.794880 35.131982 -2.413282 -0.710929 0.825770
-10.743451 -3.924337 29.795338 35.065007 -2.413423 -0.711801 0.826415
-10.767303 -3.935289 29.797521 34.997382 -2.413562 -0.712670 0.826893
-10.791443 -3.946975 29.801437 34.929315 -2.413692 -0.713536 0.827326
-10.815776 -3.959418 29.807080 34.860773 -2.413814 -0.714401 0.827752
-10.840166 -3.972651 29.814441 34.791679 -2.413928 -0.715276 0.828193
-10.864471 -3.986699 29.823510 34.721956 -2.414037 -0.716168 0.828669
-10.888567 -4.001571 29.834282 34.651579 -2.414141 -0.717086 0.829219
-10.912436 -4.017214 29.846753 34.580731 -2.414237 -0.718045 0.829959
-10.936203 -4.033440 29.860659 34.510523 -2.414330 -0.718972 0.830520
-10.959843 -4.050184 29.875999 34.441150 -2.414416 -0.719883 0.831021
-10.983222 -4.067435 29.892775 34.372599 -2.414497 -0.720788 0.831504
-11.006176 -4.085186 29.910989 34.304823 -2.414572 -0.721702 0.831999
-11.028546 -4.103418 29.930644 34.237802 -2.414644 -0.722641 0.832545
-11.050244 -4.122077 29.951726 34.171661 -2.414713 -0.723629 0.833233
-11.071373 -4.141043 29.973827 34.107244 -2.414779 -0.724555 0.833732
-11.091843 -4.160250 29.996935 34.044684 -2.414843 -0.725446 0.834133
-11.111495 -4.179662 30.021062 33.983978 -2.414904 -0.726318 0.834477
-11.130152 -4.199251 30.046219 33.925088 -2.414964 -0.727190 0.834790
-11.147634 -4.218986 30.072418 33.867976 -2.415024 -0.728079 0.835099
-11.163769 -4.238833 30.099676 33.812618 -2.415083 -0.729004 0.835433
-11.178432 -4.258747 30.127985 33.759079 -2.415147 -0.729997 0.835857
-11.191809 -4.278688 30.156796 33.708010 -2.415207 -0.730910 0.836136
-11.203787 -4.298603 30.186105 33.659477 -2.415267 -0.731776 0.836334
-11.214213 -4.318445 30.215938 33.613457 -2.415328 -0.732613 0.836476
-11.222935 -4.338168 30.246324 33.569907 -2.415390 -0.733438 0.836578
-11.229807 -4.357722 30.277293 33.528788 -2.415454 -0.734267 0.836658
-11.234694 -4.377060 30.308877 33.490068 -2.415521 -0.735118 0.836734
-11.237509 -4.396133 30.341076 33.453792 -2.415598 -0.736028 0.836854
-11.238512 -4.414943 30.373171 33.420523 -2.415666 -0.736838 0.836888
-11.237633 -4.433439 30.405165 33.390305 -2.415731 -0.737585 0.836879
-11.234769 -4.451568 30.437099 33.363108 -2.415795 -0.738284 0.836841
-11.229821 -4.469271 30.469018 33.338895 -2.415858 -0.738948 0.836782
-11.222703 -4.486489 30.500963 33.317637 -2.415922 -0.739593 0.836713
-11.213364 -4.503161 30.532932 33.299365 -2.415995 -0.740258 0.836663
-11.202105 -4.519305 30.564100 33.284469 -2.416054 -0.740805 0.836586
-11.188896 -4.534861 30.594466 33.272982 -2.416110 -0.741270 0.836509
-11.173688 -4.549768 30.624078 33.264885 -2.416161 -0.741668 0.836438
-11.156439 -4.563968 30.652987 33.260149 -2.416211 -0.742005 0.836372
-11.137112 -4.577406 30.681245 33.258745 -2.416258 -0.742290 0.836308
-11.115673 -4.590029 30.708900 33.260639 -2.416305 -0.742534 0.836238
-11.092084 -4.601805 30.735951 33.265773 -2.416362 -0.742770 0.836148
-11.066583 -4.612834 30.761660 33.274088 -2.416406 -0.742911 0.836120
-11.039150 -4.623087 30.786028 33.285531 -2.416449 -0.742989 0.836136
-11.009787 -4.632512 30.809103 33.300074 -2.416491 -0.743010 0.836184
-10.978510 -4.641059 30.830935 33.317696 -2.416533 -0.742977 0.836252
-10.945341 -4.648675 30.851578 33.338376 -2.416576 -0.742892 0.836327
-10.910294 -4.655319 30.871073 33.362075 -2.416620 -0.742760 0.836386
-10.873336 -4.660983 30.889419 33.388657 -2.416677 -0.742607 0.836372
-10.834577 -4.665846 30.906020 33.417602 -2.416726 -0.742381 0.836476
-10.794003 -4.669902 30.920873 33.448780 -2.416776 -0.742108 0.836640
-10.751656 -4.673111 30.934013 33.482163 -2.416830 -0.741789 0.836837
-10.707596 -4.675426 30.945481 33.517743 -2.416886 -0.741423 0.837050
-10.661873 -4.676809 30.955309 33.555489 -2.416946 -0.741009 0.837250
-10.614472 -4.677259 30.963499 33.595232 -2.417018 -0.740562 0.837356
-10.565427 -4.676940 30.969746 33.636195 -2.417086 -0.740049 0.837636
-10.514740 -4.675855 30.974048 33.678209 -2.417157 -0.739481 0.838009
-10.462490 -4.673968 30.976429 33.721243 -2.417233 -0.738856 0.838442
-10.408780 -4.671233 30.976917 33.765296 -2.417312 -0.738165 0.838916
-10.353718 -4.667608 30.975533 33.810368 -2.417395 -0.737403 0.839408
-10.297394 -4.663054 30.972296 33.856434 -2.417481 -0.736563 0.839888
-10.239826 -4.657571 30.967204 33.903323 -2.417575 -0.735644 0.840272
-10.181105 -4.651257 30.960241 33.950291 -2.417662 -0.734670 0.840840
-10.121261 -4.644113 30.951401 33.997168 -2.417746 -0.733639 0.841509
-10.060406 -4.636110 30.940690 34.043926 -2.417827 -0.732542 0.842246
-9.998672 -4.627210 30.928115 34.090560 -2.417904 -0.731365 0.843030
-9.936196 -4.617379 30.913680 34.137070 -2.417976 -0.730097 0.843838
-9.873100 -4.606590 30.897384 34.183435 -2.418041 -0.728725 0.844643
-9.809445 -4.594841 30.879226 34.229513 -2.418099 -0.727233 0.845371
-9.745433 -4.582161 30.859439 34.274721 -2.418155 -0.725738 0.846278
-9.681132 -4.568553 30.838018 34.318918 -2.418208 -0.724222 0.847293
-9.616675 -4.553999 30.814949 34.362081 -2.418257 -0.722671 0.848389
-9.552202 -4.538476 30.790217 34.404208 -2.418298 -0.721068 0.849547
-9.487842 -4.521970 30.763803 34.445279 -2.418332 -0.719397 0.850743
-9.423668 -4.504482 30.735706 34.485175 -2.418353 -0.717629 0.851917
-9.359952 -4.485962 30.706398 34.523527 -2.418379 -0.715931 0.853253
-9.296771 -4.466418 30.675874 34.560211 -2.418407 -0.714272 0.854690
-9.234252 -4.445845 30.644106 34.595194 -2.418434 -0.712634 0.856206
-9.172532 -4.424236 30.611063 34.628456 -2.418459 -0.710998 0.857782
-9.111742 -4.401588 30.576713 34.659978 -2.418481 -0.709345 0.859402
-9.052001 -4.377901 30.541021 34.689731 -2.418496 -0.707654 0.861047
-8.993382 -4.353182 30.503983 34.717619 -2.418498 -0.705887 0.862675
-8.936194 -4.327315 30.466253 34.743503 -2.418514 -0.704239 0.864393
-8.880511 -4.300314 30.427826 34.767289 -2.418536 -0.702672 0.866162
-8.826435 -4.272188 30.388657 34.788946 -2.418563 -0.701164 0.867968
-8.774074 -4.242947 30.348697 34.808456 -2.418592 -0.699697 0.869800
-8.723524 -4.212603 30.307895 34.825802 -2.418620 -0.698252 0.871651
-8.674867 -4.181170 30.266199 34.840964 -2.418646 -0.696810 0.873513
-8.628140 -4.148663 30.223603 34.853880 -2.418660 -0.695325 0.875363
-8.583612 -4.114931 30.180900 34.864566 -2.418694 -0.693990 0.877233
-8.541311 -4.079993 30.138083 34.872970 -2.418740 -0.692761 0.879104
-8.501288 -4.043872 30.095089 34.879089 -2.418794 -0.691620 0.880978
-8.463586 -4.006590 30.051852 34.882931 -2.418853 -0.690551 0.882861
-8.428231 -3.968173 30.008307 34.884506 -2.418913 -0.689538 0.884761
-8.395194 -3.928649 29.964440 34.883784 -2.418963 -0.688538 0.886670
-8.364664 -3.887866 29.921089 34.880876 -2.419040 -0.687720 0.888536
-8.336599 -3.845857 29.878240 34.875764 -2.419133 -0.687040 0.890359
-8.310983 -3.802655 29.835824 34.868478 -2.419239 -0.686486 0.892154
-8.287788 -3.758295 29.793767 34.859061 -2.419352 -0.686045 0.893945
-8.266976 -3.712812 29.751995 34.847567 -2.419471 -0.685706 0.895755
-8.248484 -3.666246 29.710436 34.834059 -2.419589 -0.685458 0.897615
-8.232214 -3.618634 29.669063 34.818613 -2.419696 -0.685267 0.899557
-8.218171 -3.569850 29.628574 34.801535 -2.419826 -0.685283 0.901425
-8.206232 -3.519941 29.588943 34.782917 -2.419968 -0.685473 0.903256
-8.196277 -3.468961 29.550101 34.762851 -2.420115 -0.685827 0.905090
-8.188175 -3.416969 29.511974 34.741434 -2.420264 -0.686337 0.906967
-8.181780 -3.364030 29.474494 34.718769 -2.420412 -0.686995 0.908928
-8.176933 -3.310213 29.437596 34.694975 -2.420554 -0.687791 0.911022
-8.173479 -3.255581 29.401248 34.670235 -2.420679 -0.688701 0.913318
-8.171353 -3.200061 29.365858 34.645148 -2.420821 -0.689836 0.915578
-8.170401 -3.143740 29.331412 34.619861 -2.420969 -0.691166 0.917860
-8.170474 -3.086738 29.297885 34.594405 -2.421123 -0.692669 0.920183
-8.171452 -3.029197 29.265269 34.568737 -2.421284 -0.694315 0.922542
-8.173284 -2.971270 29.233585 34.542760 -2.421454 -0.696063 0.924920
-8.176081 -2.913096 29.202904 34.516437 -2.421637 -0.697853 0.927325
-8.180117 -2.854691 29.173391 34.490257 -2.421862 -0.699717 0.929380
-8.186018 -2.796076 29.145111 34.464675 -2.422123 -0.701615 0.931272
-8.192997 -2.737351 29.117447 34.439817 -2.422372 -0.703825 0.933069
-8.201933 -2.678600 29.090674 34.415873 -2.422619 -0.706207 0.934860
-8.213197 -2.620008 29.064978 34.392612 -2.422872 -0.708655 0.936585
-8.227037 -2.561713 29.040453 34.369947 -2.423136 -0.711105 0.938224
-8.243685 -2.503729 29.017097 34.348095 -2.423408 -0.713540 0.939843
-8.262393 -2.446056 28.994632 34.327037 -2.423717 -0.716020 0.940923
-8.283391 -2.388693 28.973041 34.307104 -2.424059 -0.718536 0.941565
-8.306931 -2.331728 28.952359 34.288486 -2.424431 -0.721062 0.941830
-8.333285 -2.275281 28.932636 34.271332 -2.424830 -0.723564 0.941767
-8.362761 -2.219452 28.913919 34.255826 -2.425251 -0.726014 0.941434
-8.395695 -2.164271 28.896232 34.242279 -2.425689 -0.728394 0.940926
-8.432391 -2.109644 28.879515 34.231208 -2.426130 -0.730724 0.940391
-8.471334 -2.055657 28.863291 34.222043 -2.426608 -0.733063 0.939336
-8.512818 -2.002210 28.847504 34.215318 -2.427113 -0.735431 0.937907
-8.557189 -1.949298 28.832173 34.211409 -2.427639 -0.737815 0.936209
-8.604800 -1.896943 28.817327 34.210636 -2.428180 -0.740197 0.934328
-8.656014 -1.845138 28.802986 34.213390 -2.428728 -0.742564 0.932371
-8.711143 -1.793788 28.789099 34.220251 -2.429268 -0.744939 0.930484
-8.768032 -1.743159 28.775181 34.230110 -2.429829 -0.747360 0.928290
-8.826976 -1.693177 28.761186 34.243520 -2.430398 -0.749846 0.925918
-8.888319 -1.643861 28.747143 34.260831 -2.430971 -0.752381 0.923448
-8.952388 -1.595274 28.733090 34.282283 -2.431545 -0.754945 0.920926
-9.019512 -1.547484 28.719068 34.308086 -2.432119 -0.757516 0.918382
-9.090030 -1.500526 28.705111 34.338475 -2.432694 -0.760074 0.915849
-9.164253 -1.454365 28.691213 34.373774 -2.433265 -0.762615 0.913369
-9.240483 -1.409268 28.677074 34.412580 -2.433822 -0.765151 0.910813
-9.319021 -1.365197 28.662691 34.455225 -2.434363 -0.767676 0.908216
-9.400175 -1.322176 28.648086 34.501952 -2.434890 -0.770172 0.905599
-9.484228 -1.280254 28.633283 34.552961 -2.435404 -0.772622 0.902971
-9.571455 -1.239475 28.618300 34.608442 -2.435909 -0.775010 0.900331
-9.662133 -1.199858 28.603146 34.668596 -2.436409 -0.777322 0.897680
-9.756494 -1.161369 28.587811 34.733633 -2.436905 -0.779552 0.894995
-9.852931 -1.124261 28.572206 34.801898 -2.437370 -0.781678 0.892337
-9.951665 -1.088485 28.556315 34.873626 -2.437804 -0.783694 0.889683
-10.052949 -1.054022 28.540128 34.949053 -2.438215 -0.785589 0.887032
-10.157011 -1.020860 28.523627 35.028404 -2.438605 -0.787360 0.884373
-10.264061 -0.988973 28.506783 35.111899 -2.438983 -0.789004 0.881696
-10.374209 -0.958322 28.489560 35.199676 -2.439348 -0.790517 0.878935
-10.485841 -0.929162 28.472080 35.289872 -2.439675 -0.791850 0.876281
-10.599062 -0.901438 28.454303 35.382654 -2.439964 -0.793000 0.873674
-10.714063 -0.875095 28.436177 35.478291 -2.440221 -0.793971 0.871106
-10.831032 -0.850077 28.417652 35.577066 -2.440449 -0.794765 0.868574
-10.950150 -0.826318 28.398665 35.679263 -2.440653 -0.795390 0.866072
-11.071571 -0.803745 28.379146 35.785137 -2.440838 -0.795854 0.863582
-11.195322 -0.782291 28.359033 35.894776 -2.441006 -0.796156 0.861010
-11.319907 -0.762162 28.338597 36.006266 -2.441132 -0.796256 0.858648
-11.445348 -0.743276 28.317767 36.119717 -2.441217 -0.796156 0.856404
-11.571784 -0.725533 28.296453 36.235407 -2.441268 -0.795866 0.854259
-11.699364 -0.708825 28.274563 36.353645 -2.441288 -0.795399 0.852205
-11.828232 -0.693045 28.252000 36.474730 -2.441283 -0.794768 0.850229
-11.958504 -0.678084 28.228660 36.598907 -2.441259 -0.793986 0.848297
-12.090167 -0.663863 28.204462 36.726211 -2.441221 -0.793051 0.846293
-12.221976 -0.650522 28.179781 36.854882 -2.441139 -0.791955 0.844590
-12.353912 -0.637973 28.154526 36.984960 -2.441021 -0.790697 0.843070
-12.486073 -0.626101 28.128579 37.116683 -2.440872 -0.789292 0.841692
-12.618568 -0.614785 28.101816 37.250312 -2.440700 -0.787754 0.840422
-12.751485 -0.603916 28.074113 37.386054 -2.440513 -0.786098 0.839209
-12.884800 -0.593421 28.045383 37.523898 -2.440317 -0.784318 0.837921
-13.017537 -0.583388 28.016090 37.662339 -2.440083 -0.782436 0.836992
-13.149663 -0.573743 27.986140 37.801377 -2.439817 -0.780447 0.836293
-13.281251 -0.564379 27.955396 37.941234 -2.439525 -0.778364 0.835773
-13.412389 -0.555180 27.923720 38.082186 -2.439216 -0.776202 0.835403
-13.543160 -0.546037 27.890967 38.224505 -2.438894 -0.773977 0.835150
-13.673624 -0.536851 27.856996 38.368396 -2.438568 -0.771702 0.834960
-13.803728 -0.527565 27.821713 38.513840 -2.438242 -0.769365 0.834697
-13.932543 -0.518247 27.785676 38.659433 -2.437891 -0.767007 0.834805
-14.060012 -0.508841 27.748785 38.805164 -2.437518 -0.764616 0.835153
-14.186186 -0.499256 27.710886 38.951245 -2.437131 -0.762205 0.835685
-14.311134 -0.489396 27.671822 39.097946 -2.436737 -0.759788 0.836369
-14.434923 -0.479167 27.631433 39.245540 -2.436340 -0.757381 0.837173
-14.557594 -0.468496 27.589561 39.394226 -2.435949 -0.754992 0.838040
-14.679066 -0.457350 27.546115 39.543967 -2.435564 -0.752602 0.838830
-14.798348 -0.445807 27.501771 39.693339 -2.435169 -0.750260 0.839958
-14.915361 -0.433842 27.456434 39.842301 -2.434764 -0.747945 0.841285
-15.030152 -0.421405 27.409943 39.991033 -2.434357 -0.745666 0.842747
-15.142792 -0.408444 27.362133 40.139753 -2.433955 -0.743433 0.844297
-15.253331 -0.394928 27.312851 40.288614 -2.433565 -0.741249 0.845867
-15.361689 -0.380875 27.262024 40.437507 -2.433185 -0.739081 0.847297
-15.466845 -0.366402 27.210477 40.584881 -2.432814 -0.736995 0.848944
-15.568772 -0.351544 27.158149 40.730594 -2.432453 -0.734951 0.850640
-15.667685 -0.336282 27.104922 40.874809 -2.432110 -0.732937 0.852330
-15.764086 -0.320478 27.050706 41.018097 -2.431781 -0.730932 0.854075
-15.857630 -0.303968 26.995157 41.160709 -2.431461 -0.729006 0.855847
-15.948352 -0.286593 26.938056 41.303090 -2.431140 -0.727182 0.857670
-16.036474 -0.268316 26.879405 41.445419 -2.430807 -0.725390 0.859481
-16.121044 -0.249255 26.820118 41.586208 -2.430471 -0.723731 0.861607
-16.202077 -0.229477 26.760165 41.725338 -2.430130 -0.722148 0.863899
-16.279698 -0.209026 26.699415 41.862913 -2.429788 -0.720632 0.866288
-16.354048 -0.187924 26.637722 41.999107 -2.429449 -0.719179 0.868730
-16.425269 -0.166190 26.574940 42.134117 -2.429116 -0.717785 0.871189
-16.493482 -0.143843 26.510931 42.268098 -2.428789 -0.716438 0.873615
-16.558679 -0.120921 26.445658 42.401014 -2.428460 -0.715086 0.875895
-16.619892 -0.097506 26.379987 42.531539 -2.428149 -0.713879 0.878307
-16.677127 -0.073631 26.313875 42.659643 -2.427846 -0.712764 0.880740
-16.730525 -0.049310 26.247188 42.785492 -2.427550 -0.711728 0.883156
-16.780258 -0.024552 26.179784 42.909286 -2.427262 -0.710763 0.885529
-16.826488 0.000629 26.111533 43.031200 -2.426980 -0.709854 0.887825
-16.869274 0.026205 26.042405 43.151241 -2.426692 -0.708943 0.889957
-16.907843 0.052121 25.973184 43.268333 -2.426427 -0.708214 0.892157
-16.942264 0.078346 25.903838 43.382480 -2.426173 -0.707608 0.894340
-16.972719 0.104859 25.834249 43.493843 -2.425927 -0.707108 0.896476
-16.999415 0.131644 25.764286 43.602616 -2.425689 -0.706701 0.898550
-17.022563 0.158680 25.693823 43.708988 -2.425456 -0.706373 0.900546
-17.042368 0.185940 25.622752 43.813115 -2.425226 -0.706102 0.902443
-17.058955 0.213393 25.551054 43.915031 -2.424984 -0.705829 0.904175
-17.071764 0.240999 25.479416 44.013911 -2.424765 -0.705747 0.905929
-17.080921 0.268718 25.407820 44.109776 -2.424554 -0.705795 0.907641
-17.086638 0.296516 25.336166 44.202757 -2.424348 -0.705951 0.909289
-17.089137 0.324355 25.264344 44.293004 -2.424145 -0.706195 0.910856
-17.088643 0.352197 25.192244 44.380660 -2.423943 -0.706510 0.912329
-17.085379 0.379999 25.119776 44.465848 -2.423736 -0.706869 0.913687
-17.079512 0.407724 25.046932 44.548606 -2.423512 -0.707212 0.914884
-17.070665 0.435356 24.974332 44.628337 -2.423306 -0.707734 0.916080
-17.059003 0.462854 24.901968 44.705064 -2.423102 -0.708376 0.917228
-17.044741 0.490168 24.829758 44.778879 -2.422898 -0.709109 0.918306
-17.028099 0.517250 24.757605 44.849878 -2.422689 -0.709912 0.919298
-17.009293 0.544050 24.685431 44.918150 -2.422472 -0.710757 0.920185
-16.988509 0.570538 24.613231 44.983745 -2.422232 -0.711584 0.920938
-16.965519 0.596742 24.541589 45.046297 -2.422003 -0.712578 0.921687
-16.940496 0.622632 24.470502 45.105847 -2.421769 -0.713679 0.922402
-16.913635 0.648159 24.399890 45.162461 -2.421527 -0.714862 0.923066
-16.885123 0.673272 24.329658 45.216204 -2.421275 -0.716106 0.923665
-16.855139 0.697921 24.259711 45.267139 -2.421008 -0.717394 0.924184
-16.823865 0.722059 24.189970 45.315324 -2.420724 -0.718699 0.924609
-16.791472 0.745667 24.120431 45.360818 -2.420408 -0.719964 0.924929
-16.757851 0.768840 24.051667 45.403490 -2.420107 -0.721375 0.925232
-16.723161 0.791560 23.983674 45.443386 -2.419806 -0.722875 0.925506
-16.687556 0.813781 23.916373 45.480540 -2.419501 -0.724441 0.925737
-16.651176 0.835454 23.849670 45.514979 -2.419191 -0.726056 0.925910
-16.614155 0.856531 23.783471 45.546724 -2.418872 -0.727704 0.926011
-16.576631 0.876970 23.717696 45.575797 -2.418541 -0.729365 0.926030
-16.538745 0.896760 23.652335 45.602248 -2.418186 -0.730985 0.925963
-16.500468 0.916041 23.587924 45.626102 -2.417846 -0.732703 0.925881
-16.461930 0.934802 23.524453 45.647397 -2.417509 -0.734468 0.925782
-16.423244 0.953005 23.461844 45.666133 -2.417171 -0.736261 0.925655
-16.384509 0.970602 23.400008 45.682298 -2.416831 -0.738066 0.925485
-16.345826 0.987556 23.338865 45.695888 -2.416484 -0.739865 0.925263
-16.307313 1.003864 23.278403 45.706947 -2.416120 -0.741613 0.924995
-16.269003 1.019691 23.219122 45.715622 -2.415771 -0.743425 0.924722
-16.230999 1.035037 23.161010 45.721950 -2.415427 -0.745258 0.924452
-16.193374 1.049864 23.103990 45.725911 -2.415084 -0.747094 0.924175
-16.156182 1.064128 23.047972 45.727467 -2.414741 -0.748923 0.923881
-16.119472 1.077784 22.992869 45.726580 -2.414395 -0.750735 0.923558
-16.083299 1.090797 22.938602 45.723221 -2.414044 -0.752516 0.923200
-16.047751 1.103168 22.885159 45.717429 -2.413677 -0.754226 0.922824
-16.012902 1.115082 22.833005 45.709451 -2.413323 -0.755974 0.922436
-15.978827 1.126540 22.782128 45.699318 -2.412973 -0.757722 0.922054
-15.945557 1.137507 22.732457 45.686988 -2.412621 -0.759456 0.921673
-15.913104 1.147939 22.683907 45.672400 -2.412268 -0.761169 0.921285
-15.881475 1.157792 22.636396 45.655487 -2.411913 -0.762854 0.920881
-15.850686 1.167031 22.589853 45.636205 -2.411551 -0.764499 0.920461
-15.820792 1.175661 22.544264 45.614587 -2.411174 -0.766070 0.920049
-15.791901 1.183877 22.500060 45.590975 -2.410808 -0.767668 0.919614
-15.764059 1.191683 22.457229 45.565397 -2.410442 -0.769256 0.919181
-15.737262 1.199046 22.415705 45.537795 -2.410075 -0.770827 0.918752
-15.711491 1.205924 22.375416 45.508094 -2.409705 -0.772373 0.918323
-15.686731 1.212284 22.336295 45.476235 -2.409329 -0.773888 0.917899
-15.663013 1.218131 22.298328 45.442253 -2.408938 -0.775342 0.917514
-15.640457 1.223664 22.261892 45.406564 -2.408555 -0.776813 0.917088
-15.619083 1.228889 22.226974 45.369199 -2.408171 -0.778272 0.916659
-15.598855 1.233776 22.193515 45.330097 -2.407784 -0.779713 0.916233
-15.579717 1.238283 22.161449 45.289168 -2.407392 -0.781134 0.915810
-15.561607 1.242373 22.130709 45.246324 -2.406995 -0.782534 0.915391
-15.544475 1.246016 22.101240 45.201503 -2.406589 -0.783907 0.914987
-15.528323 1.249223 22.073027 45.154747 -2.406167 -0.785233 0.914642
-15.513262 1.252180 22.046381 45.106515 -2.405752 -0.786566 0.914236
-15.499288 1.254901 22.021291 45.056847 -2.405336 -0.787885 0.913813
-15.486335 1.257357 21.997710 45.005676 -2.404918 -0.789187 0.913389
-15.474319 1.259513 21.975585 44.952908 -2.404494 -0.790472 0.912969
-15.463154 1.261334 21.954866 44.898449 -2.404064 -0.791741 0.912560
-15.452765 1.262795 21.935507 44.842235 -2.403626 -0.792993 0.912179
-15.443132 1.263907 21.917498 44.784309 -2.403172 -0.794213 0.911879
-15.434365 1.264831 21.901043 44.725162 -2.402725 -0.795440 0.911491
-15.426439 1.265581 21.886133 44.664839 -2.402278 -0.796660 0.911069
-15.419272 1.266132 21.872738 44.603274 -2.401827 -0.797872 0.910634
-15.412766 1.266458 21.860820 44.540379 -2.401372 -0.799079 0.910201
-15.406834 1.266538 21.850351 44.476090 -2.400909 -0.800281 0.909794
-15.401443 1.266384 21.841318 44.410458 -2.400431 -0.801474 0.909473
-15.396708 1.266128 21.833808 44.344000 -2.399950 -0.802679 0.909020
-15.392592 1.265783 21.827813 44.276766 -2.399459 -0.803891 0.908498
-15.389001 1.265331 21.823314 44.208688 -2.398954 -0.805114 0.907929
-15.385821 1.264748 21.820293 44.139664 -2.398435 -0.806351 0.907331
-15.382937 1.264009 21.818731 44.069595 -2.397898 -0.807607 0.906717
-15.380252 1.263100 21.818614 43.998417 -2.397342 -0.808886 0.906115
-15.377734 1.262033 21.819919 43.926192 -2.396763 -0.810197 0.905596
-15.375553 1.260888 21.822504 43.853508 -2.396182 -0.811538 0.904914
-15.373674 1.259678 21.826350 43.780427 -2.395594 -0.812916 0.904139
-15.371998 1.258392 21.831456 43.706881 -2.394997 -0.814339 0.903299
-15.370406 1.257011 21.837819 43.632764 -2.394388 -0.815813 0.902411
-15.368779 1.255518 21.845442 43.557970 -2.393767 -0.817343 0.901491
-15.367016 1.253903 21.854328 43.482428 -2.393130 -0.818937 0.900569
-15.365083 1.252182 21.864457 43.406196 -2.392474 -0.820614 0.899715
-15.363175 1.250405 21.875564 43.329884 -2.391834 -0.822315 0.898666
-15.361260 1.248589 21.887636 43.253551 -2.391206 -0.824059 0.897495
-15.359238 1.246729 21.900683 43.177126 -2.390588 -0.825856 0.896230
-15.356997 1.244816 21.914722 43.100512 -2.389978 -0.827712 0.894893
-15.354442 1.242844 21.929771 43.023637 -2.389373 -0.829637 0.893512
-15.351550 1.240834 21.945817 42.946571 -2.388772 -0.831653 0.892162
-15.348557 1.238830 21.962505 42.869955 -2.388189 -0.833633 0.890645
-15.345444 1.236852 21.979826 42.793855 -2.387625 -0.835599 0.889033
-15.342118 1.234897 21.997805 42.718196 -2.387076 -0.837561 0.887355
-15.338466 1.232955 22.016471 42.642860 -2.386540 -0.839528 0.885623
-15.334379 1.231015 22.035857 42.567731 -2.386017 -0.841506 0.883851
-15.329766 1.229073 22.055992 42.492724 -2.385503 -0.843507 0.882061
-15.324609 1.227149 22.076874 42.417891 -2.385000 -0.845555 0.880323
-15.319146 1.225263 22.098108 42.343829 -2.384512 -0.847532 0.878464
-15.313363 1.223436 22.119694 42.270587 -2.384041 -0.849463 0.876550
-15.307176 1.221665 22.141670 42.198083 -2.383584 -0.851357 0.874606
-15.300485 1.219938 22.164078 42.126195 -2.383141 -0.853222 0.872640
-15.293191 1.218245 22.186961 42.054802 -2.382708 -0.855065 0.870662
-15.285215 1.216581 22.210362 41.983814 -2.382286 -0.856895 0.868691
-15.276547 1.214960 22.234287 41.913266 -2.381875 -0.858737 0.866787
-15.267412 1.213386 22.258325 41.843694 -2.381477 -0.860494 0.864801
-15.257804 1.211872 22.282485 41.775136 -2.381093 -0.862192 0.862793
-15.247654 1.210414 22.306814 41.707507 -2.380721 -0.863839 0.860782
-15.236881 1.209002 22.331363 41.640694 -2.380361 -0.865441 0.858777
-15.225420 1.207630 22.356184 41.574609 -2.380010 -0.867005 0.856797
-15.213267 1.206308 22.381289 41.509276 -2.379670 -0.868554 0.854895
-15.200635 1.205019 22.406263 41.445174 -2.379342 -0.870017 0.852942
-15.187525 1.203772 22.431120 41.382328 -2.379027 -0.871416 0.850992
-15.173880 1.202560 22.455913 41.320650 -2.378723 -0.872757 0.849059
-15.159630 1.201366 22.480701 41.260020 -2.378429 -0.874046 0.847148
-15.144703 1.200174 22.505543 41.200318 -2.378146 -0.875284 0.845261
-15.129051 1.198974 22.530496 41.141455 -2.377871 -0.876476 0.843411
-15.112682 1.197768 22.555579 41.083448 -2.377606 -0.877646 0.841648
-15.095795 1.196523 22.580376 41.026724 -2.377349 -0.878736 0.839858
-15.078404 1.195239 22.604905 40.971302 -2.377101 -0.879768 0.838092
-15.060469 1.193906 22.629226 40.917099 -2.376862 -0.880747 0.836359
-15.041933 1.192501 22.653401 40.864000 -2.376630 -0.881673 0.834663
-15.022746 1.191006 22.677493 40.811892 -2.376405 -0.882547 0.833003
-15.002870 1.189404 22.701562 40.760690 -2.376186 -0.883373 0.831390
-14.982328 1.187690 22.725631 40.710410 -2.375975 -0.884169 0.829868
-14.961301 1.185815 22.749289 40.661435 -2.375768 -0.884895 0.828340
-14.939816 1.183775 22.772561 40.613784 -2.375568 -0.885571 0.826850
-14.917848 1.181551 22.795505 40.567382 -2.375373 -0.886197 0.825408
-14.895362 1.179122 22.818186 40.522131 -2.375184 -0.886773 0.824017
-14.872336 1.176467 22.840665 40.477955 -2.374997 -0.887300 0.822686
-14.848799 1.173576 22.862967 40.434871 -2.374816 -0.887793 0.821454
-14.824905 1.170390 22.884708 40.393212 -2.374639 -0.888230 0.820240
-14.800687 1.166896 22.905912 40.352998 -2.374466 -0.888626 0.819083
-14.776129 1.163074 22.926638 40.314160 -2.374298 -0.888981 0.817990
-14.751206 1.158894 22.946947 40.276603 -2.374133 -0.889294 0.816962
-14.725892 1.154329 22.966899 40.240235 -2.373971 -0.889560 0.815996
-14.700178 1.149355 22.986552 40.204988 -2.373810 -0.889781 0.815100
-14.674097 1.143958 23.005934 40.170879 -2.373650 -0.889967 0.814309
-14.647764 1.138073 23.024721 40.138179 -2.373493 -0.890108 0.813553
-14.621217 1.131688 23.042937 40.106907 -2.373339 -0.890217 0.812868
-14.594455 1.124777 23.060636 40.077005 -2.373186 -0.890292 0.812260
-14.567465 1.117312 23.077873 40.048393 -2.373034 -0.890330 0.811728
-14.540236 1.109265 23.094702 40.020991 -2.372882 -0.890328 0.811269
-14.512774 1.100611 23.111174 39.994741 -2.372729 -0.890283 0.810890
-14.485115 1.091338 23.127317 39.969660 -2.372574 -0.890204 0.810619
-14.457336 1.081396 23.142892 39.945962 -2.372419 -0.890090 0.810401
-14.429482 1.070773 23.157925 39.923666 -2.372265 -0.889949 0.810267
-14.401568 1.059451 23.172462 39.902726 -2.372110 -0.889780 0.810222
-14.373601 1.047409 23.186546 39.883078 -2.371953 -0.889579 0.810266
-14.345602 1.034632 23.200222 39.864675 -2.371792 -0.889344 0.810403
-14.317616 1.021118 23.213517 39.847529 -2.371627 -0.889078 0.810657
-14.289686 1.006839 23.226278 39.831795 -2.371462 -0.888788 0.810990
-14.261865 0.991799 23.238528 39.817491 -2.371294 -0.888479 0.811425
-14.234185 0.975997 23.250301 39.804574 -2.371123 -0.888149 0.811967
-14.206672 0.959430 23.261629 39.792988 -2.370949 -0.887797 0.812614
-14.179356 0.942103 23.272540 39.782678 -2.370770 -0.887422 0.813363
-14.152282 0.924030 23.283062 39.773603 -2.370586 -0.887024 0.814217
-14.125515 0.905244 23.293211 39.765773 -2.370395 -0.886606 0.815195
-14.099081 0.885768 23.302899 39.759279 -2.370201 -0.886179 0.816277
-14.073057 0.865658 23.312134 39.754136 -2.370003 -0.885749 0.817484
-14.047510 0.844966 23.320929 39.750315 -2.369800 -0.885318 0.818818
-14.022504 0.823761 23.329289 39.747776 -2.369592 -0.884891 0.820281
-13.998113 0.802125 23.337215 39.746479 -2.369377 -0.884473 0.821872
-13.974421 0.780163 23.344703 39.746402 -2.369156 -0.884071 0.823596
-13.951535 0.758012 23.351740 39.747564 -2.368926 -0.883693 0.825473
-13.929491 0.735820 23.358251 39.750021 -2.368692 -0.883359 0.827500
-13.908413 0.713780 23.364208 39.753805 -2.368452 -0.883081 0.829700
-13.888421 0.692107 23.369574 39.758915 -2.368204 -0.882875 0.832084
-13.869637 0.671054 23.374301 39.765352 -2.367949 -0.882760 0.834663
-13.852198 0.650916 23.378330 39.773129 -2.367686 -0.882756 0.837454
-13.836254 0.632048 23.381592 39.782297 -2.367411 -0.882888 0.840484
-13.821872 0.614842 23.383971 39.792911 -2.367128 -0.883181 0.843762
-13.809220 0.599760 23.385378 39.805011 -2.366833 -0.883664 0.847316
-13.798469 0.587314 23.385718 39.818548 -2.366522 -0.884365 0.851144
-13.789763 0.578048 23.384914 39.833293 -2.366193 -0.885305 0.855193
-13.783136 0.572495 23.382951 39.848500 -2.365839 -0.886475 0.859254
-13.778211 0.571056 23.380054 39.861923 -2.365445 -0.887767 0.862668
-13.773688 0.573912 23.377433 39.867010 -2.365442 -0.888654 0.863855
-13.771701 0.580513 23.375351 39.867366 -2.365483 -0.889299 0.864058
