0.000000 -0.000000 0.000000 0.000000 0.000000 -0.000000 0.000000
0.064537 0.003473 0.091725 -0.227009 0.070366 0.194160 -0.068899
0.159528 0.017212 0.188308 -0.455956 0.145454 0.373224 -0.151277
0.289852 0.036291 0.288729 -0.655043 0.224684 0.538538 -0.230850
0.459126 0.059391 0.391974 -0.832456 0.307342 0.692433 -0.307853
0.664963 0.087223 0.497416 -1.002123 0.392992 0.836599 -0.385458
0.901859 0.121547 0.604658 -1.176658 0.481427 0.972393 -0.466751
1.164303 0.164592 0.713362 -1.365450 0.572561 1.101068 -0.553848
1.450046 0.218754 0.823182 -1.572064 0.667311 1.223884 -0.646854
1.741751 0.286604 0.934927 -1.805695 0.766208 1.341270 -0.748833
2.027434 0.370590 1.049146 -2.070974 0.869669 1.453934 -0.861027
2.299178 0.472999 1.166165 -2.371356 0.978014 1.562719 -0.984219
2.551564 0.595962 1.286171 -2.710152 1.091508 1.668524 -1.119155
2.780956 0.741467 1.409171 -3.090426 1.210358 1.772508 -1.266422
2.983382 0.911405 1.535406 -3.513379 1.334886 1.875367 -1.426158
3.155256 1.107673 1.665040 -3.978265 1.465990 1.976242 -1.597734
3.293480 1.331868 1.798426 -4.485765 1.604064 2.075596 -1.781253
3.395979 1.585364 1.935900 -5.037250 1.749512 2.173832 -1.977118
3.461259 1.869368 2.078152 -5.634092 1.902837 2.270632 -2.185962
3.490070 2.184710 2.224816 -6.278389 2.064261 2.367338 -2.408178
3.482877 2.532139 2.375814 -6.972001 2.234106 2.464697 -2.644253
3.439351 2.912434 2.531197 -7.715323 2.412755 2.563283 -2.894180
3.358816 3.326531 2.690265 -8.505579 2.600141 2.662540 -3.155803
3.240481 3.775396 2.852950 -9.338799 2.796669 2.762983 -3.427456
3.076101 4.259211 3.018770 -10.196097 3.002706 2.865523 -3.712566
2.857091 4.778694 3.188052 -11.058411 3.218814 2.970360 -4.015429
2.585151 5.334560 3.361177 -11.925325 3.445534 3.077712 -4.334139
2.262748 5.927291 3.538436 -12.796715 3.683405 3.187852 -4.668319
1.892268 6.557076 3.718688 -13.672221 3.930658 3.299006 -5.013476
1.476860 7.223945 3.902291 -14.551772 4.187879 3.411367 -5.369592
1.019967 7.927741 4.089704 -15.435358 4.455689 3.525098 -5.736992
0.525238 8.668111 4.281584 -16.322960 4.734761 3.640260 -6.116014
-0.003755 9.444538 4.478779 -17.214465 5.025790 3.756837 -6.506603
-0.564416 10.256807 4.681485 -18.109839 5.329427 3.875244 -6.909024
-1.154876 11.104456 4.889763 -19.008948 5.646304 3.995942 -7.323045
-1.773659 11.986460 5.100928 -19.911209 5.972349 4.116080 -7.743394
-2.418306 12.901947 5.315420 -20.816430 6.308310 4.235846 -8.169737
-3.086027 13.849857 5.533914 -21.724500 6.655010 4.355332 -8.602166
-3.773790 14.828900 5.757269 -22.635330 7.013321 4.474551 -9.040912
-4.478405 15.837555 5.986511 -23.548852 7.384156 4.593456 -9.486325
-5.196597 16.874010 6.222673 -24.465013 7.768431 4.712049 -9.938817
-5.925159 17.935542 6.464918 -25.383659 8.166548 4.831436 -10.398081
-6.661317 19.011562 6.685824 -26.303783 8.569118 4.958508 -10.856564
-7.401821 20.097916 6.882309 -27.225200 8.976529 5.094766 -11.313781
-8.143484 21.193134 7.058465 -28.147973 9.390053 5.238756 -11.770790
-8.883276 22.296209 7.217858 -29.072156 9.811036 5.389246 -12.228641
-9.618287 23.406407 7.363263 -29.997756 10.240756 5.545370 -12.688128
-10.345649 24.523012 7.496030 -30.924638 10.680156 5.706934 -13.149228
-11.062301 25.642188 7.606616 -31.851881 11.119101 5.874583 -13.608803
-11.765499 26.763425 7.696136 -32.779356 11.558558 6.048393 -14.066860
-12.452817 27.886491 7.765970 -33.707051 11.999728 6.228276 -14.524042
-13.122117 29.011281 7.817584 -34.634997 12.443845 6.414123 -14.981159
-13.771450 30.137761 7.852071 -35.563221 12.892118 6.605958 -15.438988
-14.398967 31.265945 7.870069 -36.491723 13.345701 6.803952 -15.898132
-15.002844 32.395657 7.871176 -37.420368 13.805445 7.008670 -16.358418
-15.581603 33.524250 7.850552 -38.347944 14.259210 7.223523 -16.815455
-16.133475 34.651581 7.807890 -39.274337 14.707874 7.449135 -17.269156
-16.656903 35.777748 7.743461 -40.199565 15.152574 7.685902 -17.720164
-17.150520 36.902867 7.657545 -41.123679 15.594456 7.934245 -18.169268
-17.613104 38.027055 7.550346 -42.046745 16.034658 8.194627 -18.617295
-18.043542 39.150404 7.421928 -42.968822 16.474285 8.467575 -19.065006
-18.440932 40.272778 7.271954 -43.889845 16.914257 8.753706 -19.512437
-18.807219 41.392643 7.102045 -44.807715 17.342387 9.053323 -19.952020
-19.141648 42.509831 6.912087 -45.722387 17.759613 9.367039 -20.383873
-19.443378 43.624390 6.702201 -46.633957 18.167014 9.695480 -20.808856
-19.711625 44.736391 6.472533 -47.542542 18.565668 10.039308 -21.227933
-19.945684 45.845885 6.223238 -48.448268 18.956636 10.399221 -21.642073
-20.145139 46.952816 5.954603 -49.351174 19.340945 10.775794 -22.051747
-20.313739 48.056703 5.670887 -50.249358 19.710553 11.162345 -22.450062
-20.451259 49.157453 5.372526 -51.142877 20.066470 11.559444 -22.837532
-20.557193 50.255087 5.059681 -52.031879 20.409675 11.967885 -23.215133
-20.630958 51.349657 4.732384 -52.916505 20.741115 12.388507 -23.583809
-20.671913 52.441233 4.390569 -53.796888 21.061701 12.822178 -23.944443
-20.679354 53.529887 4.034102 -54.673139 21.372318 13.269781 -24.297819
-20.652717 54.615662 3.662968 -55.545248 21.673841 13.731966 -24.644120
-20.596022 55.698459 3.281286 -56.411653 21.957830 14.196940 -24.976176
-20.508080 56.778317 2.888156 -57.271851 22.224977 14.664756 -25.292119
-20.391497 57.854994 2.484712 -58.118539 22.476140 15.136158 -25.592941
-20.259432 58.927411 2.079238 -58.930111 22.712896 15.615178 -25.891258
-20.112739 59.994067 1.670677 -59.702378 22.934971 16.103011 -26.185160
-19.953670 61.045660 1.248182 -60.431693 23.143471 16.600525 -26.474196
-19.782981 62.078199 0.808831 -61.116894 23.338225 17.109251 -26.757541
-19.605120 63.089199 0.354771 -61.756821 23.511898 17.616905 -27.031626
-19.420124 64.077313 -0.113747 -62.352213 23.665043 18.124324 -27.296793
-19.227546 65.041684 -0.596454 -62.904431 23.798196 18.632467 -27.553714
-19.026876 65.981735 -1.092982 -63.415060 23.911892 19.142303 -27.803170
-18.817636 66.897099 -1.602853 -63.885780 24.006657 19.654787 -28.045997
-18.599742 67.787665 -2.125061 -64.318143 24.083096 20.170658 -28.282958
-18.379232 68.653669 -2.653001 -64.711941 24.137106 20.679304 -28.510592
-18.156299 69.495094 -3.185651 -65.068830 24.169212 21.181454 -28.729701
-17.930775 70.311829 -3.722659 -65.390598 24.179749 21.678096 -28.941160
-17.702465 71.103800 -4.263824 -65.678993 24.168977 22.170252 -29.145828
-17.471150 71.871032 -4.808945 -65.935753 24.137113 22.658940 -29.344569
-17.236570 72.613748 -5.357667 -66.162663 24.084375 23.145135 -29.538286
-16.998682 73.332552 -5.908959 -66.361472 24.011094 23.629558 -29.727858
-16.765039 74.028794 -6.453583 -66.531528 23.915597 24.106383 -29.909060
-16.535793 74.703101 -6.990494 -66.674558 23.798112 24.576306 -30.082770
-16.310824 75.355793 -7.519440 -66.792194 23.658631 25.040291 -30.249850
-16.090012 75.987112 -8.040380 -66.885897 23.497043 25.499337 -30.411088
-15.873206 76.597333 -8.553316 -66.957017 23.313173 25.954439 -30.567238
-15.660187 77.186851 -9.058157 -67.006870 23.106821 26.406562 -30.719061
-15.450768 77.756325 -9.554418 -67.036746 22.877836 26.856518 -30.867303
-15.249567 78.306247 -10.039001 -67.046998 22.633931 27.298409 -31.008979
-15.056434 78.837298 -10.511388 -67.038825 22.374858 27.733026 -31.144820
-14.871114 79.349964 -10.971476 -67.013329 22.100227 28.161297 -31.275534
-14.693337 79.844699 -11.419241 -66.971516 21.809587 28.584159 -31.401793
-14.522771 80.322042 -11.854588 -66.914375 21.502468 29.002524 -31.524275
-14.359019 80.782754 -12.277135 -66.842928 21.178450 29.417196 -31.643671
-14.204407 81.227019 -12.687356 -66.758408 20.849407 29.820941 -31.757352
-14.058557 81.655592 -13.084877 -66.661703 20.514844 30.214541 -31.865974
-13.921120 82.069023 -13.469635 -66.553552 20.174157 30.598857 -31.970139
-13.791788 82.467791 -13.841659 -66.434598 19.826699 30.974752 -32.070405
-13.670242 82.852385 -14.200964 -66.305463 19.471808 31.343070 -32.167319
-13.556102 83.223373 -14.547471 -66.166831 19.108831 31.704628 -32.261461
-13.448879 83.581500 -14.880863 -66.019539 18.737180 32.060175 -32.353467
-13.348907 83.926905 -15.203120 -65.865431 18.367971 32.403865 -32.440662
-13.255713 84.260304 -15.513926 -65.705262 18.000580 32.736420 -32.523662
-13.168928 84.582230 -15.813182 -65.539594 17.634310 33.058588 -32.603002
-13.088247 84.893139 -16.100867 -65.368898 17.268436 33.371111 -32.679170
-13.013375 85.193468 -16.376956 -65.193635 16.902235 33.674761 -32.752645
-12.943980 85.483683 -16.641352 -65.014367 16.535005 33.970332 -32.823940
-12.879638 85.764315 -16.893833 -64.831885 16.166099 34.258602 -32.893653
-12.818371 86.035313 -17.137867 -64.648706 15.804677 34.536625 -32.959265
-12.759760 86.297180 -17.373228 -64.465592 15.450093 34.805145 -33.021362
-12.703489 86.550347 -17.599790 -64.283096 15.101667 35.064880 -33.080433
-12.649277 86.795216 -17.817458 -64.101696 14.758718 35.316525 -33.136931
-12.596830 87.032198 -18.026115 -63.921922 14.420588 35.560757 -33.191320
-12.545777 87.261734 -18.225584 -63.744495 14.086673 35.798251 -33.244136
-12.493135 87.483823 -18.419599 -63.571915 13.764111 36.027944 -33.293233
-12.438543 87.698878 -18.608020 -63.404838 13.452312 36.250485 -33.339126
-12.381729 87.907266 -18.790777 -63.243692 13.150662 36.466480 -33.382221
-12.322459 88.109326 -18.967852 -63.088804 12.858554 36.676516 -33.422869
-12.260508 88.305383 -19.139242 -62.940498 12.575395 36.881166 -33.461408
-12.195640 88.495753 -19.304928 -62.799194 12.300624 37.080997 -33.498190
-12.127588 88.680725 -19.464869 -62.665531 12.033729 37.276596 -33.533639
-12.054420 88.860122 -19.621881 -62.541397 11.780759 37.467910 -33.565943
-11.975868 89.034206 -19.775945 -62.427445 11.541242 37.655511 -33.595500
-11.891690 89.203254 -19.927078 -62.324137 11.314707 37.839935 -33.622621
-11.801657 89.367527 -20.075332 -62.231866 11.100697 38.021703 -33.647575
-11.705554 89.527251 -20.220790 -62.151054 10.898778 38.201340 -33.670620
-11.603201 89.682580 -20.363570 -62.082255 10.708542 38.379389 -33.692030
-11.494505 89.833496 -20.503873 -62.026303 10.529604 38.556454 -33.712128
-11.379535 89.979079 -20.644019 -61.984942 10.368081 38.731037 -33.729253
-11.258198 90.119284 -20.784231 -61.959043 10.223650 38.903735 -33.743705
-11.130288 90.254223 -20.924677 -61.949236 10.096025 39.075080 -33.755709
-10.995546 90.384058 -21.065520 -61.956039 9.984957 39.245579 -33.765444
-10.853696 90.508947 -21.206941 -61.979947 9.890232 39.415729 -33.773064
-10.704503 90.628998 -21.349134 -62.021516 9.811663 39.586014 -33.778693
-10.550913 90.743807 -21.490798 -62.080950 9.751024 39.753671 -33.781560
-10.392669 90.853464 -21.632152 -62.158799 9.708200 39.919170 -33.781747
-10.229435 90.958107 -21.773438 -62.255517 9.683118 40.082979 -33.779318
-10.060839 91.057885 -21.914914 -62.371502 9.675737 40.245555 -33.774303
-9.886489 91.152950 -22.056858 -62.507106 9.686053 40.407341 -33.766699
-9.705975 91.243452 -22.199564 -62.662638 9.714091 40.568768 -33.756467
-9.518921 91.329553 -22.343307 -62.838339 9.759899 40.730216 -33.743488
-9.330854 91.411307 -22.483272 -63.033025 9.820706 40.888877 -33.727908
-9.141392 91.488860 -22.619763 -63.246954 9.896629 41.045118 -33.709568
-8.950114 91.562321 -22.753159 -63.480426 9.987819 41.199353 -33.688338
-8.756601 91.631784 -22.883874 -63.733735 10.094453 41.351997 -33.664062
-8.560448 91.697326 -23.012370 -64.007114 10.216724 41.503456 -33.636542
-8.361266 91.759018 -23.139160 -64.300666 10.354833 41.654123 -33.605514
-8.158718 91.816946 -23.264794 -64.614264 10.508969 41.804328 -33.570582
-7.956657 91.871193 -23.386261 -64.946555 10.673663 41.949795 -33.533661
-7.754751 91.921824 -23.504158 -65.297369 10.849142 42.090840 -33.494298
-7.552627 91.968867 -23.619110 -65.666669 11.035682 42.227817 -33.452098
-7.349909 92.012342 -23.731758 -66.054408 11.233578 42.361063 -33.406640
-7.146223 92.052285 -23.842775 -66.460367 11.443126 42.490880 -33.357433
-6.941209 92.088812 -23.952848 -66.883959 11.664597 42.617484 -33.303839
-6.738161 92.122581 -24.058325 -67.322595 11.889612 42.739689 -33.249574
-6.536720 92.153683 -24.159926 -67.775702 12.118464 42.857707 -33.193972
-6.336519 92.182106 -24.258386 -68.243052 12.351495 42.971799 -33.136472
-6.137209 92.207798 -24.354442 -68.724539 12.589061 43.082235 -33.076548
-5.938452 92.230695 -24.448852 -69.219988 12.831517 43.189264 -33.013639
-5.739934 92.250758 -24.542426 -69.728971 13.079190 43.293085 -32.947091
-5.541378 92.268044 -24.636005 -70.250541 13.332349 43.393793 -32.876061
-5.347275 92.283301 -24.724926 -70.781001 13.581321 43.490928 -32.805204
-5.157343 92.296559 -24.810057 -71.319406 13.826364 43.584587 -32.733661
-4.971269 92.307726 -24.892239 -71.865265 14.067787 43.674934 -32.660720
-4.788729 92.316673 -24.972275 -72.418265 14.305914 43.762144 -32.585719
-4.609377 92.323284 -25.050950 -72.978028 14.541063 43.846362 -32.507978
-4.432829 92.327524 -25.129039 -73.543881 14.773522 43.927669 -32.426733
-4.258630 92.329575 -25.207263 -74.114533 15.003530 44.006011 -32.341052
-4.090301 92.330551 -25.281365 -74.685791 15.222441 44.081356 -32.255702
-3.927385 92.330614 -25.352098 -75.256320 15.430445 44.153656 -32.169734
-3.769505 92.329709 -25.420262 -75.825288 15.627741 44.222956 -32.082330
-3.616312 92.327724 -25.486644 -76.392014 15.814514 44.289313 -31.992710
-3.467443 92.324598 -25.552011 -76.955678 15.990922 44.352748 -31.900060
-3.322463 92.320475 -25.617064 -77.514999 16.157078 44.413177 -31.803466
-3.185726 92.316251 -25.677751 -78.065161 16.307274 44.471262 -31.709528
-3.056809 92.312051 -25.734751 -78.605008 16.441575 44.526942 -31.617377
-2.935383 92.307788 -25.788753 -79.133940 16.560042 44.580250 -31.526281
-2.821162 92.303295 -25.840414 -79.651621 16.662725 44.631248 -31.435586
-2.713870 92.298405 -25.890354 -80.157783 16.749648 44.679998 -31.344662
-2.613214 92.293012 -25.939156 -80.652030 16.820801 44.726528 -31.252864
-2.518843 92.287179 -25.987345 -81.133629 16.876126 44.770798 -31.159491
-2.433731 92.281537 -26.032133 -81.599262 16.912019 44.813918 -31.069276
-2.357545 92.276151 -26.073999 -82.048266 16.928358 44.855859 -30.981564
-2.290030 92.270928 -26.113410 -82.480370 16.924996 44.896650 -30.895798
-2.230968 92.265718 -26.150796 -82.895508 16.901764 44.936348 -30.811483
-2.180153 92.260375 -26.186541 -83.293685 16.858459 44.975013 -30.728160
-2.137362 92.254803 -26.220978 -83.674859 16.794841 45.012686 -30.645380
-2.102321 92.249032 -26.254372 -84.038819 16.710635 45.049371 -30.562684
-2.076815 92.243331 -26.285397 -84.383826 16.606359 45.085567 -30.481968
-2.060582 92.237749 -26.314247 -84.709706 16.481661 45.121279 -30.402820
-2.053427 92.232231 -26.341106 -85.016502 16.336150 45.156545 -30.324880
-2.055180 92.226698 -26.366115 -85.304368 16.169401 45.191418 -30.247827
-2.065667 92.221101 -26.389361 -85.573497 15.980953 45.225948 -30.171373
-2.084669 92.215488 -26.410855 -85.824048 15.770335 45.260165 -30.095262
-2.113035 92.209763 -26.431003 -86.055186 15.542741 45.293299 -30.020215
-2.150564 92.203984 -26.449744 -86.267109 15.297626 45.325377 -29.946019
-2.197126 92.198123 -26.467009 -86.460115 15.034390 45.356449 -29.872473
-2.252621 92.192124 -26.482709 -86.634564 14.752397 45.386570 -29.799405
-2.316962 92.185939 -26.496711 -86.790861 14.450981 45.415797 -29.726666
-2.390040 92.179558 -26.508819 -86.929447 14.129450 45.444178 -29.654137
-2.471690 92.173059 -26.518758 -87.050789 13.787122 45.471751 -29.581763
-2.561427 92.166234 -26.528477 -87.154475 13.432766 45.498156 -29.510029
-2.659090 92.159174 -26.537633 -87.240959 13.065638 45.523421 -29.438909
-2.764597 92.151895 -26.545893 -87.310699 12.684926 45.547577 -29.368346
-2.877907 92.144388 -26.552922 -87.364159 12.289785 45.570657 -29.298292
-2.998984 92.136646 -26.558350 -87.401839 11.879348 45.592691 -29.228723
-3.127768 92.128699 -26.561743 -87.424298 11.452738 45.613703 -29.159648
-3.264126 92.120650 -26.562592 -87.432189 11.009114 45.633715 -29.091168
-3.406316 92.112251 -26.564021 -87.425445 10.559879 45.652733 -29.023181
-3.554192 92.103620 -26.565447 -87.404708 10.104157 45.670770 -28.955817
-3.707696 92.094812 -26.566311 -87.370567 9.641000 45.687830 -28.889149
-3.866803 92.085865 -26.566053 -87.323608 9.169441 45.703918 -28.823254
-4.031479 92.076834 -26.564080 -87.264472 8.688515 45.719031 -28.758238
-4.201622 92.067828 -26.559757 -87.193911 8.197309 45.733182 -28.694304
-4.374719 92.058529 -26.556938 -87.112108 7.708615 45.746482 -28.630803
-4.550661 92.049049 -26.554953 -87.019755 7.221507 45.758938 -28.567948
-4.729438 92.039444 -26.553167 -86.917411 6.734989 45.770533 -28.505864
-4.911078 92.029750 -26.550966 -86.805570 6.248056 45.781244 -28.444660
-5.095613 92.020011 -26.547726 -86.684723 5.759704 45.791045 -28.384452
-5.283043 92.010301 -26.542777 -86.555441 5.268956 45.799902 -28.325393
-5.473260 92.000754 -26.535400 -86.418442 4.774910 45.807796 -28.267744
-5.662508 91.991176 -26.530048 -86.274278 4.289637 45.814973 -28.210472
-5.850654 91.981711 -26.525973 -86.123632 3.812255 45.821412 -28.153853
-6.037691 91.972447 -26.522472 -85.967035 3.341822 45.827068 -28.098062
-6.223653 91.963451 -26.518884 -85.804941 2.877398 45.831889 -28.043251
-6.408584 91.954793 -26.514547 -85.637816 2.418059 45.835821 -27.989575
-6.592492 91.946573 -26.508766 -85.466212 1.962917 45.838807 -27.937228
-6.775274 91.938938 -26.500799 -85.290867 1.511177 45.840804 -27.886512
-6.952710 91.931832 -26.494853 -85.112838 1.072356 45.842077 -27.836148
-7.124669 91.925422 -26.490173 -84.932869 0.645705 45.842586 -27.786456
-7.291137 91.919831 -26.486054 -84.751550 0.230431 45.842267 -27.737658
-7.452136 91.915168 -26.481837 -84.569417 -0.174249 45.841054 -27.689956
-7.607683 91.911549 -26.476868 -84.387051 -0.569081 45.838880 -27.643565
-7.757728 91.909105 -26.470496 -84.205184 -0.954735 45.835701 -27.598782
-7.898833 91.907789 -26.466001 -84.024987 -1.324143 45.831702 -27.554352
-8.030942 91.907737 -26.462774 -83.847150 -1.677925 45.826846 -27.510563
-8.154085 91.909071 -26.460266 -83.672171 -2.016735 45.821070 -27.467604
-8.268327 91.911903 -26.457986 -83.500454 -2.341214 45.814308 -27.425630
-8.373745 91.916339 -26.455480 -83.332394 -2.651976 45.806497 -27.384788
-8.470417 91.922478 -26.452312 -83.168464 -2.949595 45.797582 -27.345246
-8.558395 91.930393 -26.448072 -83.009323 -3.234568 45.787531 -27.307246
-8.635805 91.939910 -26.444814 -82.856024 -3.501718 45.776367 -27.269596
-8.702687 91.951108 -26.442174 -82.709227 -3.751480 45.764069 -27.232531
-8.759109 91.964096 -26.439822 -82.569409 -3.984298 45.750588 -27.196208
-8.805151 91.978989 -26.437473 -82.436968 -4.200596 45.735871 -27.160752
-8.840910 91.995879 -26.434892 -82.312307 -4.400770 45.719871 -27.126283
-8.866517 92.014804 -26.431892 -82.195928 -4.585171 45.702564 -27.092943
-8.882165 92.035665 -26.428373 -82.088557 -4.754088 45.683964 -27.060934
-8.888018 92.057877 -26.425140 -81.991200 -4.903852 45.663747 -27.029187
-8.884274 92.081323 -26.422158 -81.904617 -5.034679 45.641939 -26.997902
-8.871084 92.105991 -26.419383 -81.829378 -5.146776 45.618535 -26.967212
-8.848602 92.131865 -26.416811 -81.766003 -5.240321 45.593525 -26.937225
-8.817044 92.158820 -26.414526 -81.715082 -5.315458 45.566928 -26.908058
-8.776785 92.186462 -26.412772 -81.677426 -5.372286 45.538828 -26.879873
-8.729504 92.213619 -26.411738 -81.653993 -5.407982 45.508892 -26.851864
-8.675552 92.239888 -26.411714 -81.645561 -5.422568 45.477201 -26.824165
-8.615099 92.265126 -26.412878 -81.652644 -5.416039 45.443761 -26.796836
-8.548219 92.289301 -26.415370 -81.675607 -5.388351 45.408540 -26.769888
-8.474948 92.312410 -26.419330 -81.714748 -5.339422 45.371488 -26.743305
-8.395330 92.334404 -26.424942 -81.770350 -5.269136 45.332560 -26.717056
-8.309469 92.355116 -26.432460 -81.842735 -5.177348 45.291734 -26.691092
-8.219499 92.374368 -26.439606 -81.932135 -5.067025 45.251436 -26.665563
-8.125497 92.391974 -26.446668 -82.038840 -4.937945 45.211639 -26.640393
-8.027447 92.407857 -26.453891 -82.163055 -4.789838 45.172286 -26.615482
-7.925290 92.421983 -26.461515 -82.304924 -4.622393 45.133307 -26.590704
-7.818953 92.434332 -26.469799 -82.464522 -4.435276 45.094627 -26.565903
-7.708365 92.444874 -26.479042 -82.641833 -4.228126 45.056173 -26.540880
-7.593489 92.453559 -26.489601 -82.836712 -4.000592 45.017869 -26.515365
-7.475702 92.460721 -26.499195 -83.048986 -3.759634 44.981773 -26.490548
-7.354954 92.466288 -26.508226 -83.278446 -3.504847 44.947822 -26.466117
-7.231154 92.470193 -26.517088 -83.524931 -3.235765 44.915952 -26.441782
-7.104193 92.472376 -26.526185 -83.788252 -2.951896 44.886101 -26.417237
-6.973957 92.472802 -26.535946 -84.068097 -2.652741 44.858198 -26.392123
-6.840339 92.471501 -26.546825 -84.363908 -2.337832 44.832154 -26.365974
-6.704832 92.469131 -26.556157 -84.674910 -2.016839 44.809391 -26.340938
-6.567308 92.465698 -26.564423 -85.000535 -1.689258 44.789842 -26.316529
-6.427617 92.461128 -26.572101 -85.340440 -1.354513 44.773469 -26.292341
-6.285597 92.455323 -26.579666 -85.694359 -1.012004 44.760247 -26.267983
-6.141076 92.448192 -26.587602 -86.061976 -0.661121 44.750151 -26.243038
-5.993863 92.439705 -26.596414 -86.442774 -0.301270 44.743140 -26.217023
-5.843756 92.429978 -26.606608 -86.835860 0.068083 44.739124 -26.189308
-5.692836 92.419868 -26.615005 -87.239714 0.435889 44.738179 -26.162883
-5.540891 92.409466 -26.622152 -87.653419 0.802682 44.740249 -26.137102
-5.387730 92.398701 -26.628628 -88.076402 1.169061 44.745339 -26.111432
-5.233178 92.387438 -26.635018 -88.508224 1.535638 44.753477 -26.085372
-5.077068 92.375535 -26.641934 -88.948407 1.903015 44.764695 -26.058403
-4.919247 92.362907 -26.650021 -89.396255 2.271757 44.779011 -26.029932
-4.759586 92.349607 -26.659946 -89.850644 2.642344 44.796385 -25.999209
-4.601631 92.336263 -26.668051 -90.309217 3.004849 44.815651 -25.969640
-4.445244 92.322920 -26.675040 -90.770788 3.359715 44.836802 -25.940453
-4.290264 92.309481 -26.681614 -91.234508 3.707444 44.859884 -25.911000
-4.136516 92.295824 -26.688457 -91.699622 4.048533 44.884951 -25.880661
-3.983797 92.281894 -26.696233 -92.165243 4.383454 44.912039 -25.848779
-3.831874 92.267821 -26.705563 -92.630112 4.712609 44.941109 -25.814580
-3.684784 92.254272 -26.712554 -93.091207 5.028034 44.970291 -25.782242
-3.542291 92.241363 -26.717818 -93.547341 5.330093 44.999576 -25.751022
-3.404189 92.229016 -26.721984 -93.997760 5.619189 45.029026 -25.720312
-3.270301 92.217077 -26.725659 -94.441914 5.895722 45.058724 -25.689564
-3.140453 92.205391 -26.729440 -94.879272 6.160069 45.088749 -25.658241
-3.014469 92.193870 -26.733910 -95.309148 6.412562 45.119159 -25.625770
-2.892160 92.182589 -26.739626 -95.730503 6.653461 45.149947 -25.591479
-2.777448 92.172031 -26.743106 -96.140369 6.877611 45.179939 -25.559150
-2.670158 92.162273 -26.744888 -96.537740 7.085213 45.209145 -25.528140
-2.570146 92.153231 -26.745507 -96.921989 7.276487 45.237628 -25.497925
-2.477293 92.144762 -26.745465 -97.292678 7.451645 45.265468 -25.468041
-2.391487 92.136723 -26.745239 -97.649411 7.610872 45.292743 -25.438047
-2.312620 92.129020 -26.745280 -97.991701 7.754313 45.319513 -25.407489
-2.240580 92.121681 -26.746000 -98.318819 7.882051 45.345793 -25.375857
-2.178128 92.115044 -26.744970 -98.628590 7.990884 45.371223 -25.345809
-2.125169 92.109152 -26.742553 -98.920322 8.080833 45.395819 -25.316874
-2.081626 92.103947 -26.739095 -99.193596 8.151918 45.419632 -25.288670
-2.047436 92.099344 -26.734895 -99.448140 8.204142 45.442720 -25.260867
-2.022537 92.095277 -26.730203 -99.683726 8.237481 45.465136 -25.233166
-2.006861 92.091751 -26.725211 -99.900074 8.251876 45.486912 -25.205274
-2.000560 92.088959 -26.719792 -100.096515 8.246452 45.508052 -25.178003
-2.003575 92.086922 -26.714053 -100.272876 8.221094 45.528584 -25.151118
-2.015867 92.085606 -26.708067 -100.429156 8.175668 45.548550 -25.124444
-2.037408 92.084954 -26.701861 -100.565476 8.110021 45.567999 -25.097851
-2.068170 92.084907 -26.695405 -100.682048 8.023976 45.586981 -25.071250
-2.108124 92.085413 -26.688609 -100.779172 7.917333 45.605540 -25.044591
-2.157223 92.086428 -26.681315 -100.857228 7.789880 45.623715 -25.017872
-2.214595 92.087789 -26.674637 -100.916587 7.644632 45.641030 -24.990712
-2.280202 92.089476 -26.668337 -100.957685 7.481314 45.657513 -24.963154
-2.354022 92.091478 -26.662164 -100.980948 7.299602 45.673192 -24.935238
-2.436042 92.093790 -26.655841 -100.986821 7.099140 45.688088 -24.907023
-2.526253 92.096416 -26.649050 -100.975806 6.879543 45.702220 -24.878593
-2.624635 92.099357 -26.641411 -100.948508 6.640411 45.715603 -24.850078
-2.731146 92.102603 -26.632483 -100.905696 6.381358 45.728257 -24.821686
-2.843897 92.105878 -26.624478 -100.848134 6.109114 45.740122 -24.792506
-2.962847 92.109187 -26.616892 -100.776623 5.823233 45.751212 -24.762780
-3.087986 92.112558 -26.609228 -100.691857 5.523203 45.761526 -24.732706
-3.219320 92.116030 -26.600982 -100.594499 5.208476 45.771057 -24.702478
-3.356862 92.119640 -26.591631 -100.485268 4.878485 45.779795 -24.672316
-3.500613 92.123403 -26.580624 -100.365025 4.532692 45.787749 -24.642526
-3.648275 92.126936 -26.571061 -100.234215 4.181882 45.795398 -24.611894
-3.799849 92.130263 -26.562369 -100.093644 3.825468 45.802745 -24.580729
-3.955372 92.133436 -26.553988 -99.943936 3.462787 45.809769 -24.549257
-4.114892 92.136519 -26.545365 -99.785616 3.093149 45.816438 -24.517679
-4.278455 92.139591 -26.535939 -99.619200 2.715848 45.822715 -24.486201
-4.446094 92.142731 -26.525112 -99.445279 2.330184 45.828561 -24.455057
-4.617790 92.146017 -26.512259 -99.264611 1.935508 45.833950 -24.424577
-4.790521 92.149124 -26.501053 -99.077702 1.542888 45.838802 -24.393349
-4.964252 92.152132 -26.490842 -98.885279 1.151665 45.843091 -24.361712
-5.139006 92.155127 -26.480997 -98.687885 0.761109 45.846766 -24.329908
-5.314830 92.158197 -26.470904 -98.485972 0.370479 45.849770 -24.298157
-5.491767 92.161431 -26.459945 -98.279992 -0.020966 45.852041 -24.266676
-5.669837 92.164921 -26.447470 -98.070486 -0.413946 45.853510 -24.235718
-5.848986 92.168756 -26.432795 -97.858185 -0.809108 45.854129 -24.205630
-6.025463 92.172728 -26.419751 -97.643863 -1.196527 45.854183 -24.174929
-6.199190 92.176929 -26.407635 -97.428261 -1.576828 45.853621 -24.143979
-6.370159 92.181454 -26.395766 -97.211958 -1.950692 45.852369 -24.113050
-6.538385 92.186394 -26.383488 -96.995470 -2.318793 45.850347 -24.082394
-6.703877 92.191835 -26.370143 -96.779359 -2.681787 45.847475 -24.052271
-6.866580 92.197835 -26.355067 -96.564343 -3.040257 45.843691 -24.023024
-7.022728 92.204220 -26.341817 -96.351423 -3.386272 45.839297 -23.993220
-7.172262 92.211050 -26.329762 -96.141272 -3.720388 45.834235 -23.963190
-7.315203 92.218405 -26.318315 -95.934365 -4.043199 45.828428 -23.933165
-7.451601 92.226368 -26.306942 -95.731076 -4.355299 45.821794 -23.903339
-7.581520 92.235016 -26.295132 -95.531769 -4.657263 45.814252 -23.873901
-7.705019 92.244404 -26.282385 -95.336883 -4.949629 45.805726 -23.845056
-7.822127 92.254537 -26.268217 -95.147042 -5.232866 45.796163 -23.817081
-7.930107 92.265153 -26.255312 -94.963215 -5.500945 45.785755 -23.788710
-8.028982 92.276260 -26.243226 -94.786022 -5.754284 45.774456 -23.760214
-8.118811 92.287914 -26.231548 -94.615900 -5.993323 45.762197 -23.731779
-8.199671 92.300192 -26.219910 -94.453193 -6.218487 45.748904 -23.703558
-8.271650 92.313161 -26.207985 -94.298243 -6.430180 45.734509 -23.675696
-8.334856 92.326851 -26.195474 -94.151466 -6.628765 45.718950 -23.648350
-8.389409 92.341197 -26.182134 -94.013454 -6.814544 45.702199 -23.621734
-8.433963 92.355796 -26.169672 -93.885113 -6.983380 45.684187 -23.594853
-8.468639 92.370576 -26.157899 -93.767051 -7.135512 45.664890 -23.567911
-8.493550 92.385552 -26.146636 -93.659713 -7.271183 45.644262 -23.541047
-8.508812 92.400752 -26.135740 -93.563477 -7.390611 45.622249 -23.514368
-8.514562 92.416166 -26.125123 -93.478738 -7.493985 45.598809 -23.487980
-8.510991 92.431669 -26.114776 -93.405995 -7.581451 45.573929 -23.462010
-8.498128 92.446750 -26.105384 -93.345938 -7.651083 45.547249 -23.435924
-8.476153 92.461280 -26.096997 -93.299036 -7.702965 45.518757 -23.409822
-8.445179 92.475243 -26.089647 -93.265608 -7.737164 45.488408 -23.383750
-8.405287 92.488670 -26.083373 -93.245893 -7.753720 45.456142 -23.357724
-8.356549 92.501590 -26.078249 -93.240093 -7.752645 45.421897 -23.331738
-8.299057 92.513995 -26.074397 -93.248411 -7.733920 45.385619 -23.305774
-8.232960 92.525776 -26.072019 -93.271091 -7.697501 45.347272 -23.279808
-8.159520 92.536598 -26.070395 -93.308415 -7.644602 45.306971 -23.254068
-8.078861 92.546338 -26.069772 -93.360609 -7.575113 45.264676 -23.228501
-7.991031 92.554965 -26.070364 -93.427831 -7.488885 45.220319 -23.203039
-7.896036 92.562481 -26.072382 -93.510191 -7.385739 45.173818 -23.177587
-7.793864 92.568891 -26.076062 -93.607755 -7.265470 45.125084 -23.152030
-7.684515 92.574188 -26.081683 -93.720533 -7.127851 45.074025 -23.126224
-7.568030 92.578317 -26.089590 -93.848467 -6.972653 45.020563 -23.099979
-7.446956 92.581339 -26.097158 -93.991102 -6.803549 44.966775 -23.074219
-7.321316 92.583185 -26.104776 -94.148323 -6.620258 44.912579 -23.048720
-7.191075 92.583816 -26.112820 -94.320013 -6.422451 44.857875 -23.023259
-7.056176 92.583209 -26.121673 -94.506014 -6.209776 44.802559 -22.997591
-6.916560 92.581356 -26.131754 -94.706058 -5.981870 44.746522 -22.971432
-6.772200 92.578275 -26.143530 -94.919703 -5.738398 44.689651 -22.944412
-6.625823 92.574405 -26.153713 -95.146180 -5.487229 44.634100 -22.918406
-6.477379 92.569744 -26.162795 -95.385021 -5.227987 44.579764 -22.893024
-6.326775 92.564250 -26.171249 -95.635908 -4.960230 44.526544 -22.867930
-6.173902 92.557857 -26.179542 -95.898576 -4.683488 44.474346 -22.842799
-6.018650 92.550497 -26.188158 -96.172725 -4.397281 44.423078 -22.817287
-5.860920 92.542122 -26.197623 -96.457914 -4.101136 44.372647 -22.790998
-5.700656 92.532739 -26.208514 -96.753452 -3.794629 44.322948 -22.763433
-5.540187 92.522820 -26.218155 -97.058186 -3.486462 44.274963 -22.737261
-5.379439 92.512354 -26.227146 -97.371398 -3.176196 44.228604 -22.711967
-5.218291 92.501256 -26.236055 -97.692587 -2.863327 44.183799 -22.687117
-5.056596 92.489418 -26.245427 -98.021339 -2.547332 44.140481 -22.662300
-4.894192 92.476739 -26.255805 -98.357201 -2.227684 44.098576 -22.637086
-4.730900 92.463175 -26.267747 -98.699548 -1.903880 44.058002 -22.610995
-4.566538 92.448806 -26.281811 -99.047425 -1.575476 44.018640 -22.583429
-4.404587 92.434309 -26.293966 -99.398840 -1.251683 43.981197 -22.557696
-4.244862 92.419753 -26.304803 -99.752769 -0.932079 43.945577 -22.533179
-4.087189 92.405079 -26.314934 -100.108430 -0.616195 43.911717 -22.509347
-3.931411 92.390186 -26.324980 -100.465104 -0.303561 43.879570 -22.485683
-3.777381 92.375001 -26.335575 -100.821965 0.006263 43.849080 -22.461645
-3.624968 92.359567 -26.347361 -101.177900 0.313655 43.820168 -22.436590
-3.477389 92.344479 -26.356873 -101.530712 0.610524 43.793399 -22.413662
-3.334517 92.329764 -26.364746 -101.879323 0.897219 43.768719 -22.392241
-3.196221 92.315323 -26.371600 -102.222978 1.174135 43.746105 -22.371819
-3.062373 92.301011 -26.378020 -102.561076 1.441672 43.725546 -22.351933
-2.932846 92.286693 -26.384575 -102.893020 1.700209 43.707032 -22.332130
-2.807506 92.272292 -26.391828 -103.218081 1.950091 43.690541 -22.311924
-2.686222 92.257868 -26.400327 -103.535233 2.191595 43.676020 -22.290746
-2.572489 92.243972 -26.406470 -103.842110 2.418592 43.663939 -22.271479
-2.466186 92.230668 -26.410785 -104.137698 2.631313 43.654265 -22.253576
-2.367203 92.217891 -26.413781 -104.421290 2.830010 43.647000 -22.236593
-2.275445 92.205523 -26.415935 -104.692329 3.014933 43.642161 -22.220135
-2.190824 92.193451 -26.417697 -104.950288 3.186309 43.639771 -22.203828
-2.113255 92.181613 -26.419503 -105.194548 3.344325 43.639845 -22.187281
-2.042653 92.170062 -26.421762 -105.424271 3.489114 43.642377 -22.170059
-1.981439 92.159211 -26.422109 -105.637428 3.617511 43.648010 -22.154346
-1.929549 92.149133 -26.420912 -105.833202 3.729593 43.656754 -22.139738
-1.886934 92.139806 -26.418514 -106.011016 3.825441 43.668647 -22.125908
-1.853560 92.131185 -26.415217 -106.170421 3.905128 43.683742 -22.112578
-1.829399 92.123245 -26.411281 -106.311002 3.968700 43.702092 -22.099493
-1.814421 92.116036 -26.406918 -106.432299 4.016177 43.723744 -22.086407
-1.808766 92.109747 -26.402204 -106.533528 4.046509 43.748155 -22.074333
-1.812425 92.104443 -26.397277 -106.614323 4.059669 43.775383 -22.063083
-1.825403 92.100133 -26.392242 -106.674481 4.055620 43.805506 -22.052520
-1.847725 92.096798 -26.387158 -106.713913 4.034308 43.838612 -22.042556
-1.879420 92.094409 -26.382042 -106.732622 3.995664 43.874800 -22.033146
-1.920524 92.092937 -26.376853 -106.730697 3.939603 43.914171 -22.024280
-1.971076 92.092349 -26.371497 -106.708313 3.866027 43.956826 -22.015994
-2.029266 92.092395 -26.368272 -106.666173 3.776531 44.000670 -22.007896
-2.095138 92.093067 -26.367005 -106.604519 3.670971 44.045806 -22.000070
-2.168732 92.094379 -26.367494 -106.523581 3.549166 44.092338 -21.992611
-2.250090 92.096361 -26.369502 -106.423617 3.410915 44.140370 -21.985637
-2.339246 92.099046 -26.372739 -106.304955 3.255997 44.190002 -21.979300
-2.436223 92.102458 -26.376846 -106.168046 3.084186 44.241333 -21.973801
-2.541041 92.106583 -26.381368 -106.013534 2.895271 44.294447 -21.969413
-2.653790 92.110927 -26.386858 -105.842268 2.694079 44.346707 -21.964526
-2.774487 92.115489 -26.392791 -105.654954 2.480359 44.398196 -21.959456
-2.903156 92.120316 -26.398659 -105.452179 2.253802 44.448999 -21.954501
-3.039827 92.125472 -26.403940 -105.234513 2.014078 44.499196 -21.949960
-3.184537 92.131002 -26.408068 -105.002608 1.760844 44.548863 -21.946169
-3.337313 92.136899 -26.410420 -104.757309 1.493788 44.598077 -21.943547
-3.495106 92.142761 -26.414243 -104.500015 1.220680 44.646012 -21.939889
-3.657958 92.148592 -26.418892 -104.231534 0.941166 44.692742 -21.935626
-3.825946 92.154456 -26.423757 -103.952454 0.654819 44.738328 -21.931114
-3.999162 92.160450 -26.428245 -103.663252 0.361184 44.782819 -21.926684
-4.177711 92.166674 -26.431748 -103.364406 0.059793 44.826261 -21.922673
-4.361694 92.173198 -26.433618 -103.056505 -0.249817 44.868692 -21.919459
-4.551188 92.180019 -26.433158 -102.740381 -0.568052 44.910164 -21.917515
-4.742333 92.186737 -26.434303 -102.417521 -0.885886 44.950427 -21.914302
-4.935205 92.193350 -26.436341 -102.088737 -1.203743 44.989532 -21.910304
-5.129919 92.199934 -26.438592 -101.754588 -1.522113 45.027506 -21.905914
-5.326605 92.206595 -26.440398 -101.415504 -1.841512 45.064367 -21.901489
-5.525392 92.213451 -26.441091 -101.071905 -2.162451 45.100122 -21.897386
-5.726395 92.220590 -26.439966 -100.724329 -2.485423 45.134777 -21.893997
-5.929685 92.228035 -26.436278 -100.373564 -2.810853 45.168352 -21.891816
-6.130852 92.235470 -26.434187 -100.021260 -3.130391 45.200850 -21.888356
-6.329947 92.242914 -26.432932 -99.668224 -3.444446 45.232293 -21.884127
-6.527067 92.250452 -26.431783 -99.315036 -3.753479 45.262678 -21.879541
-6.722319 92.258192 -26.430025 -98.962183 -4.057956 45.291991 -21.874986
-6.915799 92.266227 -26.426939 -98.610206 -4.358321 45.320219 -21.870860
-7.107555 92.274582 -26.421796 -98.259840 -4.654954 45.347366 -21.867641
-7.293068 92.283026 -26.418598 -97.912864 -4.941259 45.373574 -21.863017
-7.472378 92.291587 -26.416653 -97.569959 -5.217598 45.398856 -21.857449
-7.645589 92.300359 -26.415320 -97.231545 -5.484376 45.423199 -21.851294
-7.812822 92.309461 -26.414002 -96.897909 -5.742004 45.446584 -21.844864
-7.974206 92.319012 -26.412130 -96.569314 -5.990879 45.468991 -21.838458
-8.129863 92.329103 -26.409135 -96.246115 -6.231363 45.490404 -21.832395
-8.279882 92.339749 -26.404456 -95.928888 -6.463752 45.510834 -21.827070
-8.420736 92.350706 -26.401240 -95.619266 -6.683223 45.530394 -21.820427
-8.552503 92.361986 -26.398968 -95.317826 -6.890028 45.549105 -21.812851
-8.675291 92.373676 -26.397157 -95.024910 -7.084448 45.566959 -21.804636
-8.789221 92.385895 -26.395364 -94.740754 -7.266757 45.583945 -21.796037
-8.894414 92.398755 -26.393177 -94.465584 -7.437209 45.600051 -21.787295
-8.991000 92.412334 -26.390207 -94.199718 -7.596018 45.615276 -21.778670
-9.079112 92.426612 -26.386100 -93.943686 -7.743339 45.629649 -21.770482
-9.156785 92.441262 -26.382789 -93.698927 -7.876002 45.643162 -21.761025
-9.224144 92.456252 -26.379975 -93.466009 -7.994105 45.655856 -21.750611
-9.281311 92.471635 -26.377371 -93.245315 -8.097750 45.667748 -21.739484
-9.328415 92.487471 -26.374731 -93.037170 -8.187024 45.678853 -21.727857
-9.365607 92.503770 -26.371859 -92.841943 -8.261983 45.689201 -21.715946
-9.393100 92.520398 -26.368640 -92.660178 -8.322635 45.698861 -21.703999
-9.410589 92.536788 -26.365901 -92.493110 -8.367202 45.707570 -21.690641
-9.418278 92.552797 -26.363593 -92.341261 -8.395641 45.715404 -21.676092
-9.416304 92.568422 -26.361651 -92.204949 -8.407901 45.722408 -21.660502
-9.404772 92.583709 -26.360033 -92.084388 -8.403917 45.728615 -21.643980
-9.383788 92.598701 -26.358729 -91.979764 -8.383598 45.734060 -21.626614
-9.353489 92.613381 -26.357790 -91.891301 -8.346821 45.738797 -21.608483
-9.314092 92.627585 -26.357358 -91.819340 -8.293434 45.742909 -21.589675
-9.266427 92.640766 -26.357334 -91.764849 -8.224529 45.745894 -21.569488
-9.210688 92.652745 -26.357907 -91.728162 -8.139893 45.747839 -21.547976
-9.146965 92.663481 -26.359223 -91.709476 -8.039286 45.748800 -21.525154
-9.075291 92.672989 -26.361419 -91.708912 -7.922445 45.748815 -21.501004
-8.995675 92.681298 -26.364649 -91.726544 -7.789083 45.747918 -21.475475
-8.908125 92.688418 -26.369103 -91.762415 -7.638889 45.746145 -21.448491
-8.812692 92.694303 -26.375023 -91.816554 -7.471547 45.743539 -21.419936
-8.711657 92.698860 -26.380243 -91.889159 -7.291174 45.740686 -21.389939
-8.605047 92.702028 -26.385047 -91.980217 -7.097405 45.737632 -21.358338
-8.492828 92.703787 -26.389720 -92.089678 -6.889835 45.734413 -21.324964
-8.374942 92.704132 -26.394557 -92.217439 -6.668042 45.731062 -21.289617
-8.251329 92.703073 -26.399894 -92.363305 -6.431595 45.727607 -21.252050
-8.121967 92.700629 -26.406112 -92.526939 -6.180088 45.724075 -21.211934
-7.988944 92.697015 -26.411052 -92.708066 -5.920254 45.720741 -21.170409
-7.852213 92.692231 -26.415130 -92.906322 -5.651653 45.717638 -21.127104
-7.711675 92.686247 -26.418751 -93.121442 -5.373785 45.714802 -21.081688
-7.567209 92.679019 -26.422320 -93.353188 -5.086130 45.712272 -21.033816
-7.418690 92.670510 -26.426267 -93.601260 -4.788165 45.710087 -20.983113
-7.265996 92.660713 -26.431064 -93.865202 -4.479373 45.708274 -20.929135
-7.109041 92.649704 -26.437234 -94.144288 -4.159296 45.706836 -20.871318
-6.950108 92.637840 -26.442667 -94.437601 -3.836397 45.704554 -20.811667
-6.789090 92.625172 -26.447919 -94.744390 -3.510202 45.701441 -20.749579
-6.625835 92.611649 -26.453527 -95.064138 -3.180167 45.697532 -20.684529
-6.460170 92.597177 -26.460016 -95.396424 -2.845726 45.692865 -20.616003
-6.291904 92.581670 -26.467915 -95.740785 -2.506315 45.687468 -20.543460
-6.120833 92.565092 -26.477778 -96.096579 -2.161389 45.681348 -20.466288
-5.946748 92.547554 -26.490167 -96.462819 -1.810473 45.674465 -20.383740
-5.773288 92.529735 -26.501137 -96.837436 -1.463612 45.666775 -20.299722
-5.600235 92.511728 -26.511291 -97.219385 -1.120346 45.658248 -20.213446
-5.427373 92.493479 -26.521251 -97.607888 -0.780167 45.648888 -20.124205
-5.254489 92.474892 -26.531642 -98.002240 -0.442563 45.638702 -20.031303
-5.081361 92.455913 -26.543099 -98.401621 -0.107049 45.627683 -19.933998
-4.907761 92.436638 -26.556253 -98.804892 0.226789 45.615776 -19.831434
-4.737143 92.417851 -26.567247 -99.209457 0.549594 45.603824 -19.728321
-4.569280 92.399627 -26.576722 -99.614236 0.861753 45.591793 -19.623806
-4.403963 92.381875 -26.585317 -100.018519 1.163701 45.579684 -19.517146
-4.240996 92.364438 -26.593652 -100.421772 1.455876 45.567512 -19.407639
-4.080195 92.347160 -26.602340 -100.823475 1.738696 45.555289 -19.294580
-3.921376 92.329938 -26.612006 -101.222973 2.012535 45.543012 -19.177219
-3.764371 92.312813 -26.623287 -101.619296 2.277695 45.530645 -19.054710
-3.613004 92.296409 -26.632378 -102.009433 2.526904 45.519381 -18.932632
-3.467119 92.280763 -26.639914 -102.392449 2.760409 45.509202 -18.810145
-3.326562 92.265775 -26.646500 -102.767742 2.978482 45.500117 -18.686509
-3.191186 92.251292 -26.652704 -103.134879 3.181385 45.492150 -18.561027
-3.060852 92.237164 -26.659075 -103.493456 3.369355 45.485326 -18.433014
-2.935425 92.223287 -26.666154 -103.842973 3.542582 45.479658 -18.301759
-2.814785 92.209676 -26.674483 -104.182686 3.701190 45.475137 -18.166489
-2.702330 92.196715 -26.681084 -104.509820 3.840982 45.472418 -18.032046
-2.597956 92.184432 -26.686474 -104.823647 3.962013 45.471505 -17.897673
-2.501562 92.172756 -26.691133 -105.123694 4.064336 45.472425 -17.762684
-2.413051 92.161590 -26.695502 -105.409603 4.147983 45.475212 -17.626432
-2.332328 92.150861 -26.699986 -105.681022 4.212953 45.479902 -17.488281
-2.259306 92.140580 -26.704957 -105.937491 4.259200 45.486510 -17.347582
-2.196456 92.130868 -26.708663 -106.176944 4.285765 45.494589 -17.207524
-2.143702 92.121752 -26.711408 -106.399000 4.292539 45.504159 -17.067501
-2.100978 92.113186 -26.713459 -106.603474 4.279396 45.515263 -16.926959
-2.068227 92.105102 -26.715035 -106.790293 4.246187 45.527949 -16.785386
-2.045399 92.097439 -26.716312 -106.959445 4.192735 45.542269 -16.642297
-2.032445 92.090165 -26.717421 -107.110926 4.118826 45.558268 -16.497221
-2.029320 92.083307 -26.718446 -107.244694 4.024220 45.575970 -16.349697
-2.037406 92.076708 -26.719030 -107.359531 3.911533 45.593378 -16.201088
-2.056670 92.070419 -26.719180 -107.455438 3.780459 45.610509 -16.050964
-2.087096 92.064450 -26.718876 -107.532521 3.630653 45.627395 -15.898921
-2.128678 92.058796 -26.718055 -107.590962 3.461749 45.644070 -15.744581
-2.181418 92.053453 -26.716609 -107.631014 3.273353 45.660559 -15.587595
-2.245319 92.048419 -26.714368 -107.653015 3.065053 45.676886 -15.427644
-2.320367 92.043699 -26.711098 -107.657390 2.836452 45.693068 -15.264477
-2.405677 92.039102 -26.708282 -107.643018 2.594037 45.708908 -15.100976
-2.501231 92.034652 -26.705590 -107.610378 2.337362 45.724411 -14.936926
-2.607046 92.030377 -26.702679 -107.559943 2.065911 45.739569 -14.772082
-2.723156 92.026303 -26.699181 -107.492212 1.779145 45.754372 -14.606213
-2.849597 92.022450 -26.694676 -107.407765 1.476514 45.768803 -14.439123
-2.986382 92.018807 -26.688689 -107.307325 1.157507 45.782852 -14.270706
-3.130973 92.015105 -26.684054 -107.190256 0.831556 45.796611 -14.102968
-3.283381 92.011350 -26.680229 -107.057266 0.498109 45.810060 -13.935825
-3.443684 92.007581 -26.676698 -106.908931 0.156536 45.823163 -13.769122
-3.611984 92.003853 -26.672953 -106.745759 -0.193826 45.835876 -13.602694
-3.788407 92.000219 -26.668470 -106.568274 -0.553647 45.848155 -13.436392
-3.973079 91.996706 -26.662685 -106.377104 -0.923599 45.859949 -13.270099
-4.166102 91.993278 -26.654988 -106.173074 -1.304289 45.871224 -13.103810
-4.363921 91.989621 -26.648946 -105.955974 -1.685031 45.882276 -12.938633
-4.566622 91.985710 -26.643897 -105.726610 -2.066447 45.893067 -12.774584
-4.774351 91.981584 -26.639200 -105.485585 -2.449236 45.903531 -12.611585
-4.987272 91.977313 -26.634229 -105.233398 -2.834118 45.913594 -12.449536
-5.205556 91.972972 -26.628343 -104.970548 -3.221812 45.923175 -12.288347
-5.429360 91.968615 -26.620857 -104.697643 -3.613021 45.932186 -12.127963
-5.658775 91.964233 -26.611040 -104.415515 -4.008368 45.940561 -11.968437
-5.889090 91.959645 -26.602986 -104.124548 -4.398165 45.948772 -11.810330
-6.120366 91.954850 -26.595911 -103.825592 -4.783016 45.956751 -11.653723
-6.352737 91.949907 -26.589055 -103.519288 -5.163590 45.964395 -11.498610
-6.586356 91.944893 -26.581670 -103.206205 -5.540556 45.971598 -11.344967
-6.821363 91.939872 -26.572994 -102.886961 -5.914566 45.978249 -11.192789
-7.057825 91.934850 -26.562240 -102.562373 -6.286193 45.984261 -11.042162
-7.290360 91.929759 -26.553712 -102.233423 -6.647946 45.990212 -10.893201
-7.519019 91.924615 -26.546629 -101.900874 -7.000371 45.996024 -10.745997
-7.743950 91.919492 -26.540262 -101.565228 -7.344071 46.001589 -10.600545
-7.965338 91.914491 -26.533924 -101.226858 -7.679653 46.006794 -10.456805
-8.183373 91.909708 -26.526945 -100.886128 -8.007706 46.011526 -10.314740
-8.398236 91.905211 -26.518640 -100.543509 -8.328784 46.015674 -10.174344
-8.610039 91.900980 -26.508319 -100.199731 -8.643351 46.019160 -10.035708
-8.813493 91.896930 -26.500172 -99.856212 -8.945690 46.022593 -9.898513
-9.008689 91.893056 -26.493526 -99.513674 -9.236217 46.025907 -9.762861
-9.195791 91.889441 -26.487747 -99.172565 -9.515398 46.029000 -9.628759
-9.374986 91.886214 -26.482247 -98.833195 -9.783694 46.031766 -9.496178
-9.546465 91.883517 -26.476459 -98.495856 -10.041549 46.034096 -9.365081
-9.710410 91.881484 -26.469820 -98.160930 -10.289364 46.035884 -9.235461
-9.866954 91.880192 -26.461771 -97.829031 -10.527461 46.037055 -9.107387
-10.012085 91.879709 -26.455397 -97.501468 -10.752332 46.038159 -8.980887
-10.145912 91.880119 -26.450171 -97.178879 -10.964242 46.039135 -8.856044
-10.268594 91.881564 -26.445603 -96.861694 -11.163477 46.039892 -8.732869
-10.380298 91.884194 -26.441242 -96.550262 -11.350313 46.040343 -8.611351
-10.481209 91.888131 -26.436677 -96.244980 -11.524991 46.040410 -8.491491
-10.571518 91.893396 -26.431543 -95.946421 -11.687687 46.040049 -8.373344
-10.649409 91.899855 -26.427350 -95.655659 -11.836462 46.039545 -8.256940
-10.715057 91.907522 -26.423797 -95.373242 -11.971440 46.038875 -8.142332
-10.768623 91.916494 -26.420605 -95.099497 -12.092762 46.037991 -8.029502
-10.810261 91.926888 -26.417532 -94.834655 -12.200558 46.036845 -7.918407
-10.840133 91.938783 -26.414379 -94.578948 -12.294930 46.035402 -7.809003
-10.858435 91.952156 -26.411002 -94.332728 -12.375934 46.033653 -7.701276
-10.865457 91.966752 -26.407348 -94.096601 -12.443553 46.031638 -7.595284
-10.861961 91.981765 -26.403397 -93.871502 -12.496310 46.029198 -7.490708
-10.848210 91.996919 -26.399148 -93.658046 -12.534128 46.026390 -7.387602
-10.824353 92.012150 -26.394556 -93.456583 -12.556942 46.023233 -7.285945
-10.790479 92.027473 -26.389571 -93.267338 -12.564678 46.019727 -7.185677
-10.746656 92.042900 -26.384161 -93.090510 -12.557232 46.015877 -7.086726
-10.692972 92.058355 -26.378337 -92.926371 -12.534460 46.011707 -6.989037
-10.629592 92.073550 -26.372201 -92.775388 -12.496155 46.007289 -6.892603
-10.557586 92.087665 -26.365488 -92.638242 -12.441774 46.002411 -6.797439
-10.477089 92.100395 -26.358341 -92.515390 -12.371049 45.997155 -6.703526
-10.388127 92.111631 -26.350851 -92.407073 -12.283706 45.991563 -6.610780
-10.290667 92.121345 -26.343103 -92.313420 -12.179457 45.985662 -6.519080
-10.184665 92.129512 -26.335206 -92.234523 -12.057986 45.979481 -6.428287
-10.070101 92.136038 -26.327323 -92.170493 -11.918948 45.973064 -6.338254
-9.948441 92.140641 -26.318408 -92.121610 -11.765285 45.966450 -6.249628
-9.819628 92.143222 -26.308654 -92.087954 -11.596590 45.959689 -6.162239
-9.683538 92.143753 -26.298230 -92.069527 -11.412431 45.952814 -6.075898
-9.540010 92.142233 -26.287305 -92.066294 -11.212349 45.945856 -5.990396
-9.388870 92.138658 -26.276065 -92.078186 -10.995855 45.938845 -5.905511
-9.229949 92.132997 -26.264738 -92.105110 -10.762438 45.931820 -5.821002
-9.063125 92.125169 -26.253601 -92.146944 -10.511574 45.924827 -5.736596
-8.890861 92.114968 -26.240785 -92.203769 -10.249327 45.917380 -5.653419
-8.713007 92.102291 -26.226598 -92.275454 -9.975118 45.909529 -5.571179
-8.529346 92.087059 -26.211327 -92.361877 -9.688324 45.901328 -5.489599
-8.339628 92.069202 -26.195259 -92.462909 -9.388295 45.892824 -5.408389
-8.143593 92.048648 -26.178698 -92.578380 -9.074365 45.884063 -5.327239
-7.940985 92.025316 -26.161982 -92.708042 -8.745853 45.875095 -5.245810
-7.731590 91.999129 -26.145494 -92.851516 -8.402099 45.865956 -5.163694
-7.518397 91.970055 -26.126726 -93.008403 -8.050893 45.856433 -5.082508
-7.301167 91.937992 -26.106092 -93.178271 -7.691540 45.846571 -5.001817
-7.079603 91.902819 -26.083998 -93.360754 -7.323295 45.836425 -4.921212
-6.853380 91.864415 -26.060850 -93.555467 -6.945398 45.826047 -4.840276
-6.622159 91.822687 -26.037067 -93.761913 -6.557092 45.815477 -4.758548
-6.385607 91.777624 -26.013074 -93.979369 -6.157667 45.804717 -4.675472
-6.147008 91.729466 -25.985806 -94.206864 -5.756662 45.793600 -4.593318
-5.906002 91.678177 -25.955694 -94.443675 -5.353345 45.782138 -4.511517
-5.662199 91.623616 -25.923172 -94.689296 -4.946917 45.770376 -4.429577
-5.415201 91.565596 -25.888666 -94.943313 -4.536559 45.758363 -4.347024
-5.164599 91.503928 -25.852607 -95.205284 -4.121451 45.746144 -4.263368
-4.909976 91.438463 -25.815439 -95.474625 -3.700789 45.733750 -4.178071
-4.650920 91.369159 -25.777615 -95.750460 -3.273835 45.721166 -4.090487
-4.391272 91.296285 -25.735452 -96.031008 -2.850677 45.708223 -4.004659
-4.130606 91.219776 -25.689412 -96.315383 -2.430577 45.694920 -3.919936
-3.868479 91.139429 -25.639956 -96.602978 -2.012735 45.681295 -3.835755
-3.604441 91.054991 -25.587528 -96.893295 -1.596340 45.667394 -3.751584
-3.338039 90.966202 -25.532568 -97.185825 -1.180586 45.653256 -3.666882
-3.068802 90.872844 -25.475522 -97.479902 -0.764701 45.638905 -3.581065
-2.796256 90.774825 -25.416828 -97.774555 -0.347978 45.624307 -3.493446
-2.524430 90.672321 -25.352673 -98.067472 0.061021 45.608894 -3.408246
-2.252845 90.565222 -25.283504 -98.357638 0.462977 45.592647 -3.324773
-1.981023 90.453282 -25.209775 -98.644293 0.858612 45.575588 -3.242422
-1.708487 90.336213 -25.131920 -98.926763 1.248649 45.557744 -3.160614
-1.434757 90.213746 -25.050368 -99.204305 1.633790 45.539128 -3.078754
-1.159358 90.085710 -24.965519 -99.475939 2.014671 45.519701 -2.996180
-0.886455 89.952093 -24.873580 -99.739096 2.385132 45.498662 -2.916770
-0.615575 89.812703 -24.774925 -99.992836 2.745788 45.475980 -2.839891
-0.346234 89.667229 -24.669907 -100.236501 3.097293 45.451661 -2.765001
-0.077953 89.515311 -24.558837 -100.469568 3.440305 45.425713 -2.691604
0.189750 89.356584 -24.441999 -100.691524 3.775469 45.398137 -2.619218
0.457361 89.190717 -24.319665 -100.901758 4.103399 45.368915 -2.547344
0.725355 89.017467 -24.192079 -101.099426 4.424649 45.337980 -2.475426
0.989915 88.836676 -24.055735 -101.281995 4.735356 45.304538 -2.406695
1.251496 88.648095 -23.910849 -101.448601 5.036041 45.268518 -2.340616
1.510556 88.451378 -23.757613 -101.598603 5.327250 45.229880 -2.276733
1.767536 88.246141 -23.596180 -101.731455 5.609527 45.188583 -2.214630
2.022870 88.031996 -23.426674 -101.846610 5.883404 45.144579 -2.153905
2.276980 87.808579 -23.249207 -101.943426 6.149382 45.097801 -2.094144
2.530249 87.575588 -23.063867 -102.021051 6.407913 45.048137 -2.034894
2.779259 87.332757 -22.867490 -102.076954 6.656907 44.995074 -1.978733
3.024343 87.079788 -22.660142 -102.110213 6.896777 44.938487 -1.925222
3.265830 86.816327 -22.441867 -102.120060 7.127950 44.878278 -1.873984
3.504019 86.542002 -22.212673 -102.105770 7.350851 44.814341 -1.824672
3.739170 86.256440 -21.972550 -102.066575 7.565884 44.746556 -1.776948
3.971464 85.959287 -21.721457 -102.001564 7.773420 44.674768 -1.730454
4.197617 85.650157 -21.456463 -101.908187 7.972820 44.598754 -1.687197
4.417723 85.328708 -21.177492 -101.785496 8.164430 44.518345 -1.646855
4.631876 84.994587 -20.884439 -101.632679 8.348611 44.433385 -1.609165
4.840122 84.647435 -20.577154 -101.448980 8.525732 44.343712 -1.573904
5.042447 84.286891 -20.255467 -101.233643 8.696150 44.249154 -1.540871
5.238755 83.912581 -19.919206 -100.985859 8.860212 44.149533 -1.509873
5.428812 83.524083 -19.568206 -100.704716 9.018235 44.044656 -1.480713
5.610561 83.120846 -19.200979 -100.388379 9.169485 43.934340 -1.454853
5.783622 82.702470 -18.817346 -100.035875 9.314265 43.818381 -1.432132
5.947597 82.268615 -18.417080 -99.646305 9.452891 43.696564 -1.412441
6.102025 81.818973 -17.999913 -99.218816 9.585685 43.568662 -1.395711
6.246342 81.353226 -17.565567 -98.752578 9.712973 43.434443 -1.381908
6.379848 80.871010 -17.113778 -98.246779 9.835079 43.293682 -1.371026
6.501645 80.371829 -16.644345 -97.700637 9.952319 43.146171 -1.363086
6.610222 79.854910 -16.156857 -97.113369 10.063748 42.991929 -1.358683
6.704448 79.319716 -15.651081 -96.484463 10.169728 42.830768 -1.357970
6.783149 78.765799 -15.126663 -95.813716 10.270682 42.662489 -1.361225
6.845056 78.192699 -14.583166 -95.101356 10.367110 42.486910 -1.368874
6.888752 77.599850 -14.020103 -94.348230 10.459611 42.303903 -1.381533
6.912684 76.986448 -13.437034 -93.556101 10.548913 42.113484 -1.400078
6.916445 76.351287 -12.834413 -92.728889 10.633679 41.917008 -1.425819
6.900222 75.692708 -12.213193 -91.873284 10.713841 41.714698 -1.458539
6.876809 75.008320 -11.583940 -91.009838 10.779027 41.503050 -1.481561
6.842951 74.297479 -10.944296 -90.139835 10.832382 41.283301 -1.499786
6.796874 73.560264 -10.293021 -89.263719 10.875329 41.055680 -1.515328
6.737926 72.797309 -9.629711 -88.381523 10.908385 40.820039 -1.528883
6.666532 72.009960 -8.954573 -87.493037 10.931548 40.576089 -1.540345
6.587985 71.200605 -8.270723 -86.599100 10.941527 40.325812 -1.552155
6.502805 70.370666 -7.578498 -85.699384 10.938008 40.068718 -1.563785
6.411123 69.521098 -6.878270 -84.793584 10.920663 39.804315 -1.574750
6.313053 68.652744 -6.170517 -83.881396 10.889124 39.532151 -1.584566
6.208879 67.766600 -5.455811 -82.962495 10.842954 39.251755 -1.592677
6.099237 66.864068 -4.734780 -82.036515 10.781615 38.962602 -1.598409
5.985529 65.947259 -4.008170 -81.103083 10.704563 38.664250 -1.601106
5.875528 65.018811 -3.281466 -80.163940 10.612456 38.357243 -1.603522
5.770091 64.080773 -2.554987 -79.218751 10.504764 38.040956 -1.605127
5.669428 63.134599 -1.829013 -78.267186 10.380895 37.714681 -1.605367
5.573601 62.181522 -1.103889 -77.308935 10.240247 37.377748 -1.603742
5.482737 61.222823 -0.380009 -76.343694 10.082189 37.029502 -1.599772
5.397461 60.259989 0.341984 -75.371246 9.906235 36.669612 -1.593315
5.325721 59.293537 1.053974 -74.394691 9.721491 36.298117 -1.586048
5.267515 58.324688 1.755624 -73.413863 9.527508 35.914557 -1.577998
5.222277 57.354313 2.446819 -72.428526 9.323663 35.518136 -1.568910
5.189306 56.383109 3.127456 -71.438459 9.109325 35.108037 -1.558565
5.167858 55.411744 3.797466 -70.443455 8.883877 34.683421 -1.546808
5.157186 54.441004 4.456873 -69.443346 8.646757 34.243441 -1.533627
5.156802 53.471924 5.105765 -68.438133 8.397713 33.787583 -1.519673
5.171130 52.505233 5.741113 -67.431234 8.147790 33.322740 -1.502756
5.199448 51.541821 6.363202 -66.422697 7.896796 32.848311 -1.483681
5.240803 50.582262 6.972235 -65.412397 7.644194 32.363404 -1.462581
5.294262 49.626984 7.568293 -64.400176 7.389370 31.867123 -1.439459
5.358903 48.676400 8.151434 -63.385874 7.131702 31.358545 -1.414309
5.433809 47.731017 8.721782 -62.369359 6.870618 30.836741 -1.387241
5.518233 46.791558 9.279568 -61.350679 6.605867 30.301094 -1.359058
5.615054 45.858651 9.824193 -60.332634 6.346846 29.762452 -1.328883
5.723467 44.932943 10.356024 -59.315308 6.093376 29.220146 -1.297641
5.842555 44.014857 10.875268 -58.298593 5.844942 28.673146 -1.265517
5.971459 43.104747 11.382022 -57.282346 5.600972 28.120390 -1.232558
6.109360 42.203007 11.876398 -56.266431 5.360917 27.560807 -1.198838
6.255594 41.310172 12.358559 -55.250837 5.124447 26.993560 -1.164941
6.412246 40.426600 12.828387 -54.237786 4.899289 26.428444 -1.130183
6.578644 39.552755 13.286115 -53.227289 4.685185 25.864592 -1.095225
6.754031 38.688949 13.731880 -52.219217 4.481669 25.300881 -1.060156
6.937699 37.835445 14.165745 -51.213414 4.288254 24.736180 -1.024971
7.128970 36.992516 14.587761 -50.209720 4.104469 24.169349 -0.989643
7.327172 36.160495 14.998023 -49.207985 3.929888 23.599244 -0.954191
7.531728 35.339835 15.396691 -48.208157 3.764243 23.024869 -0.919035
7.744070 34.530970 15.784498 -47.212260 3.611119 22.454591 -0.883772
7.963610 33.734290 16.161626 -46.220260 3.470326 21.887397 -0.848879
8.189688 32.950067 16.528167 -45.232015 3.341550 21.322126 -0.814406
8.421666 32.178531 16.884162 -44.247371 3.224482 20.757618 -0.780344
8.658909 31.419917 17.229652 -43.266172 3.118837 20.192718 -0.746674
8.900765 30.674488 17.564687 -42.288268 3.024366 19.626270 -0.713404
9.146612 29.942558 17.889309 -41.313568 2.940912 19.057228 -0.680798
9.397138 29.224389 18.204697 -40.343552 2.869140 18.493110 -0.648615
9.651715 28.520235 18.510882 -39.378142 2.808964 17.932867 -0.617165
9.909672 27.830294 18.807900 -38.417200 2.760253 17.375343 -0.586492
10.170338 27.154741 19.095781 -37.460580 2.722895 16.819388 -0.556612
10.433021 26.493745 19.374547 -36.508137 2.696800 16.263862 -0.527544
10.697018 25.847447 19.644084 -35.559750 2.681908 15.707741 -0.499400
10.962338 25.215721 19.905740 -34.616129 2.676448 15.158811 -0.471893
11.228304 24.598650 20.159389 -33.677161 2.680421 14.616054 -0.445165
11.494251 23.996320 20.405066 -32.742709 2.693845 14.078344 -0.419257
11.759537 23.408802 20.642843 -31.812632 2.716761 13.544550 -0.394203
12.023516 22.836150 20.872808 -30.886793 2.749233 13.013546 -0.370037
12.285514 22.278412 21.095047 -29.965050 2.791343 12.484216 -0.346790
12.544830 21.735588 21.309466 -29.047271 2.843168 11.955573 -0.324511
12.801340 21.207196 21.517176 -28.133876 2.901543 11.435461 -0.302912
13.054371 20.693186 21.718063 -27.224735 2.966593 10.922905 -0.282056
13.303273 20.193531 21.912223 -26.319713 3.038484 10.416814 -0.261989
13.547420 19.708182 22.099787 -25.418676 3.117402 9.916095 -0.242759
13.786187 19.237072 22.280904 -24.521488 3.203549 9.419663 -0.224410
14.018926 18.780124 22.455726 -23.628013 3.297139 8.926441 -0.206983
14.244966 18.337218 22.624251 -22.738113 3.398371 8.435477 -0.190498
14.464216 17.907587 22.787124 -21.852040 3.503423 7.954300 -0.174677
14.676027 17.491070 22.944319 -20.969658 3.612526 7.481977 -0.159547
14.879762 17.087519 23.095986 -20.090834 3.725953 7.017472 -0.145158
15.074804 16.696761 23.242296 -19.215436 3.843991 6.559756 -0.131568
15.260522 16.318610 23.383429 -18.343330 3.966936 6.107816 -0.118826
15.436273 15.952847 23.519457 -17.474380 4.095065 5.660743 -0.106959
15.602015 15.598587 23.650570 -16.608751 4.224537 5.225153 -0.095819
15.757086 15.255589 23.776797 -15.746316 4.355646 4.800189 -0.085472
15.900795 14.923640 23.898276 -14.886987 4.488723 4.384942 -0.076173
16.032622 14.602679 24.015278 -14.030995 4.624182 3.978537 -0.069684
16.158247 14.294818 24.127949 -13.192382 4.762219 3.579738 -0.062507
16.280958 14.001376 24.236574 -12.379806 4.903177 3.187468 -0.053742
16.400629 13.722388 24.341331 -11.594231 5.047435 2.800924 -0.044403
16.517776 13.457242 24.442042 -10.836797 5.191517 2.425368 -0.034275
16.631619 13.205604 24.538827 -10.106630 5.335772 2.060022 -0.023624
16.741313 12.967084 24.631867 -9.402570 5.480567 1.704057 -0.012587
16.846055 12.741274 24.721353 -8.723398 5.626271 1.356657 -0.001262
16.945094 12.527766 24.807482 -8.067898 5.773251 1.017016 0.010273
17.037741 12.326158 24.890452 -7.434895 5.921880 0.684338 0.021939
17.123459 12.136090 24.970439 -6.823423 6.072518 0.357873 0.033588
17.202936 11.957007 25.047169 -6.234139 6.222174 0.041359 0.045539
17.275726 11.788567 25.120803 -5.666125 6.371210 -0.265924 0.057660
17.341315 11.630398 25.191526 -5.118308 6.520004 -0.564713 0.069899
17.399222 11.482128 25.259516 -4.589619 6.668929 -0.855721 0.082221
17.449020 11.343392 25.324951 -4.079037 6.818362 -1.139650 0.094583
17.490453 11.213869 25.387984 -3.585774 6.968664 -1.417173 0.106859
17.524450 11.093202 25.448348 -3.110730 7.117302 -1.685834 0.119253
17.550822 10.981087 25.506186 -2.653158 7.264635 -1.946275 0.131648
17.569284 10.877186 25.561655 -2.212129 7.411035 -2.199135 0.144021
17.579565 10.781160 25.614910 -1.786704 7.556869 -2.445036 0.156365
17.581428 10.692672 25.666099 -1.375967 7.702504 -2.684586 0.168679
17.574688 10.611400 25.715364 -0.979061 7.848306 -2.918380 0.180946
17.559331 10.537073 25.762820 -0.595379 7.994624 -3.146993 0.193053
17.536496 10.469501 25.808265 -0.226051 8.139306 -3.368823 0.205122
17.506219 10.408427 25.851805 0.129494 8.282701 -3.584420 0.217046
17.468412 10.353559 25.893564 0.472042 8.425167 -3.794329 0.228822
17.422989 10.304602 25.933662 0.802395 8.567063 -3.999083 0.240463
17.369883 10.261264 25.972213 1.121335 8.708745 -4.199205 0.251984
17.309075 10.223272 26.009323 1.429585 8.850568 -4.395208 0.263385
17.240710 10.190404 26.045066 1.727615 8.992870 -4.587586 0.274565
17.166006 10.162573 26.079333 2.014211 9.133805 -4.775167 0.285601
17.085141 10.139575 26.112192 2.289810 9.273708 -4.958428 0.296395
16.998157 10.121164 26.143732 2.555070 9.412929 -5.137844 0.306952
16.905089 10.107094 26.174039 2.810663 9.551818 -5.313886 0.317293
16.806002 10.097133 26.203193 3.057210 9.690721 -5.487012 0.327423
16.701101 10.091101 26.231240 3.295096 9.829969 -5.657666 0.337257
16.591517 10.088924 26.258150 3.523247 9.967890 -5.824652 0.346858
16.477468 10.090437 26.283967 3.742021 10.104812 -5.988400 0.356144
16.359042 10.095434 26.308756 3.951979 10.241076 -6.149343 0.365124
16.236308 10.103707 26.332579 4.153708 10.377027 -6.307915 0.373826
16.109335 10.115053 26.355499 4.347776 10.513007 -6.464539 0.382278
15.978218 10.129285 26.377565 4.534697 10.649358 -6.619636 0.390490
15.843158 10.146263 26.398805 4.714777 10.786403 -6.773601 0.398396
15.705096 10.165891 26.419238 4.887200 10.922530 -6.924956 0.406066
15.564235 10.188041 26.438885 5.052247 11.058061 -7.074089 0.413434
15.420673 10.212554 26.457788 5.210372 11.193337 -7.221402 0.420512
15.274486 10.239263 26.475987 5.362056 11.328698 -7.367296 0.427326
15.125750 10.268011 26.493522 5.507763 11.464488 -7.512170 0.433901
14.974553 10.298651 26.510425 5.647906 11.601045 -7.656417 0.440247
14.821061 10.331082 26.526705 5.782727 11.738697 -7.800399 0.446314
14.665994 10.365175 26.542409 5.911681 11.875800 -7.942374 0.452184
14.509516 10.400841 26.557545 6.034985 12.012682 -8.082698 0.457805
14.351709 10.437958 26.572135 6.152998 12.149685 -8.221752 0.463186
14.192644 10.476407 26.586204 6.266092 12.287154 -8.359917 0.468345
14.032396 10.516077 26.599770 6.374603 12.425433 -8.497566 0.473287
13.871097 10.556895 26.612836 6.478718 12.564853 -8.635042 0.477973
13.709301 10.598724 26.625464 6.578083 12.703715 -8.770552 0.482487
13.547133 10.641500 26.637656 6.672867 12.842351 -8.904433 0.486790
13.384655 10.685134 26.649424 6.763365 12.981109 -9.037049 0.490887
13.221911 10.729529 26.660783 6.849892 13.120340 -9.168765 0.494798
13.058941 10.774595 26.671748 6.932755 13.260393 -9.299943 0.498539
12.895794 10.820257 26.682327 7.012215 13.401620 -9.430940 0.502116
12.732567 10.866469 26.692515 7.088400 13.544360 -9.562075 0.505490
12.569677 10.913109 26.702385 7.161074 13.686838 -9.691598 0.508751
12.407213 10.960142 26.711931 7.230348 13.829396 -9.819824 0.511861
12.245210 11.007509 26.721158 7.296449 13.972390 -9.947101 0.514823
12.083688 11.055145 26.730073 7.359622 14.116181 -10.073777 0.517651
11.922662 11.102989 26.738682 7.420108 14.261130 -10.200200 0.520356
11.762155 11.150994 26.746987 7.478103 14.407601 -10.326710 0.522940
11.602226 11.199142 26.754981 7.533686 14.555944 -10.453611 0.525367
11.443166 11.247313 26.762735 7.586728 14.704266 -10.579141 0.527733
11.285027 11.295498 26.770242 7.637293 14.852923 -10.703599 0.530001
11.127821 11.343663 26.777500 7.685546 15.002285 -10.827320 0.532170
10.971544 11.391774 26.784510 7.731667 15.152726 -10.950637 0.534245
10.816199 11.439802 26.791270 7.775807 15.304623 -11.073880 0.536222
10.661813 11.487748 26.797769 7.818013 15.458339 -11.197341 0.538068
10.508596 11.535494 26.804081 7.858232 15.611834 -11.319269 0.539877
10.356570 11.583043 26.810195 7.896504 15.765477 -11.439950 0.541615
10.205723 11.630379 26.816108 7.932961 15.919652 -11.559707 0.543281
10.056029 11.677476 26.821820 7.967763 16.074746 -11.678866 0.544882
9.907462 11.724311 26.827329 8.001064 16.231150 -11.797749 0.546425
9.759999 11.770872 26.832631 8.032983 16.389253 -11.916676 0.547907
9.613648 11.817171 26.837712 8.063536 16.549437 -12.035926 0.549294
9.468587 11.863109 26.842649 8.092676 16.709537 -12.153852 0.550672
9.324818 11.908704 26.847428 8.120411 16.869938 -12.270733 0.552008
9.182313 11.953949 26.852043 8.146848 17.031040 -12.386880 0.553298
9.041028 11.998831 26.856492 8.172115 17.193250 -12.502606 0.554549
8.900922 12.043339 26.860773 8.196340 17.356974 -12.618226 0.555767
8.761958 12.087468 26.864880 8.219620 17.522621 -12.734048 0.556949
8.624134 12.131238 26.868794 8.241948 17.690592 -12.850346 0.558060
8.487629 12.174571 26.872599 8.263255 17.858610 -12.965608 0.559176
8.352439 12.217491 26.876275 8.283531 18.027081 -13.080108 0.560264
8.218522 12.259996 26.879818 8.302860 18.196426 -13.194148 0.561318
8.085830 12.302083 26.883222 8.321343 18.367069 -13.308036 0.562343
7.954318 12.343751 26.886479 8.339062 18.539436 -13.422075 0.563334
7.823979 12.385020 26.889570 8.355998 18.713944 -13.536536 0.564257
7.694997 12.425825 26.892582 8.372078 18.888196 -13.649990 0.565182
7.567361 12.466188 26.895496 8.387281 19.062614 -13.762707 0.566078
7.441021 12.506111 26.898305 8.401682 19.237632 -13.874986 0.566940
7.315916 12.545588 26.901004 8.415378 19.413693 -13.987131 0.567775
7.191982 12.584618 26.903589 8.428462 19.591237 -14.099444 0.568588
7.069164 12.623199 26.906052 8.441003 19.770710 -14.212224 0.569377
6.947444 12.661354 26.908373 8.452969 19.952545 -14.325738 0.570106
6.826990 12.699013 26.910640 8.464314 20.134212 -14.438535 0.570848
6.707781 12.736198 26.912832 8.475005 20.316152 -14.550882 0.571567
6.589757 12.772914 26.914942 8.485100 20.498818 -14.663076 0.572262
6.472847 12.809156 26.916965 8.494681 20.682671 -14.775419 0.572936
6.356981 12.844921 26.918896 8.503825 20.868172 -14.888212 0.573594
6.242093 12.880210 26.920725 8.512586 21.055785 -15.001754 0.574232
6.128154 12.915044 26.922433 8.520921 21.245962 -15.116312 0.574817
6.015309 12.949345 26.924108 8.528831 21.436034 -15.230369 0.575424
5.903528 12.983135 26.925728 8.536272 21.626460 -15.344191 0.576021
5.792743 13.016414 26.927285 8.543289 21.817716 -15.458080 0.576601
5.682880 13.049181 26.928773 8.549940 22.010280 -15.572339 0.577167
5.573869 13.081437 26.930182 8.556266 22.204633 -15.687265 0.577713
5.465674 13.113202 26.931490 8.562211 22.401245 -15.803128 0.578203
5.358411 13.144386 26.932785 8.567838 22.597287 -15.918303 0.578722
5.252043 13.175010 26.934044 8.573091 22.793232 -16.033058 0.579238
5.146495 13.205074 26.935259 8.578006 22.989571 -16.147692 0.579743
5.041685 13.234575 26.936424 8.582638 23.186795 -16.262510 0.580240
4.937528 13.263508 26.937534 8.587040 23.385399 -16.377816 0.580732
4.833949 13.291872 26.938579 8.591241 23.585880 -16.493910 0.581210
4.730904 13.319686 26.939537 8.595175 23.788719 -16.611058 0.581642
4.628500 13.346854 26.940490 8.598949 23.990933 -16.727531 0.582114
4.526695 13.373394 26.941418 8.602499 24.193011 -16.843595 0.582595
4.425410 13.399307 26.942311 8.605848 24.395455 -16.959552 0.583076
4.324558 13.424585 26.943164 8.609045 24.598774 -17.075706 0.583559
4.224055 13.449221 26.943969 8.612135 24.803477 -17.192364 0.584045
4.123820 13.473211 26.944717 8.615140 25.010075 -17.309829 0.584526
4.023813 13.496571 26.945385 8.617985 25.219064 -17.428366 0.584967
3.924155 13.519211 26.946055 8.620785 25.427329 -17.546206 0.585456
3.824806 13.541147 26.946703 8.623468 25.635372 -17.663616 0.585959
3.725689 13.562375 26.947321 8.626052 25.843709 -17.780899 0.586468
3.626721 13.582887 26.947900 8.628576 26.052864 -17.898362 0.586981
3.527826 13.602676 26.948430 8.631058 26.263356 -18.016308 0.587491
3.428970 13.621759 26.948884 8.633416 26.475691 -18.135002 0.587959
3.330309 13.640057 26.949349 8.635743 26.686643 -18.252686 0.588472
3.231811 13.657586 26.949798 8.637959 26.896721 -18.369625 0.588994
3.133400 13.674340 26.950221 8.640088 27.106447 -18.486121 0.589518
3.034996 13.690305 26.950612 8.642173 27.316347 -18.602479 0.590045
2.936518 13.705467 26.950965 8.644260 27.526947 -18.719004 0.590575
2.837894 13.719816 26.951269 8.646369 27.738771 -18.835995 0.591102
2.739102 13.733365 26.951494 8.648412 27.952327 -18.953714 0.591584
2.640335 13.746051 26.951730 8.650450 28.164302 -19.070414 0.592108
2.541573 13.757890 26.951948 8.652401 28.375205 -19.186355 0.592634
2.442746 13.768870 26.952138 8.654287 28.585561 -19.301836 0.593155
2.343780 13.778973 26.952293 8.656156 28.795897 -19.417158 0.593674
2.244598 13.788182 26.952406 8.658057 29.006741 -19.532623 0.594191
2.145139 13.796483 26.952467 8.660013 29.218617 -19.648529 0.594699
2.045390 13.803887 26.952442 8.661932 29.432030 -19.765134 0.595154
1.945589 13.810345 26.952425 8.663835 29.643608 -19.880679 0.595641
1.845729 13.815870 26.952384 8.665634 29.853856 -19.995422 0.596117
1.745750 13.820448 26.952307 8.667356 30.063296 -20.109658 0.596576
1.645587 13.824060 26.952186 8.669046 30.272454 -20.223684 0.597017
1.545184 13.826688 26.952009 8.670729 30.481848 -20.337793 0.597433
1.444546 13.828343 26.951741 8.672314 30.691977 -20.452238 0.597775
1.343967 13.828994 26.951479 8.673757 30.899429 -20.565274 0.598127
1.243452 13.828652 26.951188 8.674971 31.104697 -20.677150 0.598443
1.142951 13.827300 26.950858 8.675987 31.308292 -20.788156 0.598717
1.042401 13.824914 26.950482 8.676864 31.510725 -20.898582 0.598952
0.941743 13.821469 26.950053 8.677659 31.712505 -21.008717 0.599152
0.840928 13.816944 26.949561 8.678405 31.914133 -21.118845 0.599311
0.739977 13.811350 26.948964 8.679008 32.116087 -21.229208 0.599378
0.639243 13.804672 26.948368 8.679375 32.314927 -21.338033 0.599433
0.538746 13.796923 26.947732 8.679416 32.511123 -21.445557 0.599426
0.438445 13.788083 26.947047 8.679166 32.705164 -21.552057 0.599354
0.338288 13.778129 26.946306 8.678688 32.897538 -21.657813 0.599220
0.238223 13.767036 26.945505 8.678043 33.088728 -21.763102 0.599028
0.138213 13.754784 26.944631 8.677268 33.279212 -21.868193 0.598775
0.038295 13.741388 26.943645 8.676265 33.469436 -21.973313 0.598407
-0.061132 13.726852 26.942648 8.674911 33.655940 -22.076589 0.598002
-0.160029 13.711195 26.941600 8.673111 33.839163 -22.178242 0.597510
-0.258422 13.694403 26.940491 8.670903 34.019561 -22.278531 0.596926
-0.356346 13.676463 26.939315 8.668344 34.197587 -22.377717 0.596254
-0.453824 13.657364 26.938063 8.665471 34.373685 -22.476052 0.595490
-0.550801 13.637133 26.936695 8.662183 34.548267 -22.573740 0.594581
-0.646833 13.615798 26.935310 8.658339 34.717854 -22.668809 0.593603
-0.741860 13.593394 26.933871 8.653841 34.882843 -22.761454 0.592508
-0.835890 13.569925 26.932371 8.648732 35.043646 -22.851910 0.591293
-0.928938 13.545394 26.930806 8.643079 35.200670 -22.940412 0.589967
-1.021017 13.519808 26.929178 8.636952 35.354313 -23.027190 0.588537
-1.112116 13.493185 26.927478 8.630395 35.504961 -23.112464 0.587003
-1.202144 13.465587 26.925672 8.623310 35.652961 -23.196397 0.585318
-1.290597 13.437095 26.923866 8.615548 35.794811 -23.276950 0.583561
-1.377368 13.407790 26.922028 8.607018 35.930840 -23.354276 0.581687
-1.462417 13.377729 26.920155 8.597775 36.061390 -23.428567 0.579703
-1.545708 13.346975 26.918253 8.587903 36.186797 -23.500013 0.577621
-1.627192 13.315604 26.916330 8.577490 36.307383 -23.568798 0.575460
-1.706796 13.283717 26.914390 8.566604 36.423457 -23.635089 0.573227
-1.784353 13.251467 26.912406 8.555174 36.535285 -23.698996 0.570889
-1.859266 13.219046 26.910499 8.543087 36.639328 -23.758350 0.568538
-1.931333 13.186657 26.908649 8.530291 36.735826 -23.813242 0.566146
-2.000410 13.154495 26.906872 8.516890 36.825033 -23.863801 0.563735
-2.066336 13.122780 26.905191 8.503021 36.907188 -23.910150 0.561339
-2.128911 13.091773 26.903628 8.488814 36.982512 -23.952396 0.558989
-2.187817 13.061810 26.902179 8.474276 37.051182 -23.990581 0.556676
-2.242270 13.033286 26.900988 8.459392 37.109612 -24.022352 0.554521
-2.291838 13.006631 26.900061 8.444209 37.157943 -24.047720 0.552530
-2.336068 12.982301 26.899443 8.428935 37.196320 -24.066719 0.550762
-2.374377 12.960799 26.899201 8.413839 37.224874 -24.079352 0.549306
-2.405939 12.942696 26.899460 8.399289 37.243737 -24.085530 0.548325
-2.429490 12.928655 26.900455 8.386015 37.253055 -24.084996 0.548175
-2.443813 12.920258 26.899788 8.377208 37.252308 -24.083515 0.546682
-2.450819 12.914908 26.899256 8.371912 37.251814 -24.082740 0.545636
