-0.000000 0.000000 -0.000000
0.000804 -0.002582 -0.000035
0.001940 -0.007735 -0.000146
0.003042 -0.015276 -0.000324
0.003960 -0.024974 -0.000557
0.004655 -0.036589 -0.000839
0.005135 -0.049883 -0.001162
0.005425 -0.064631 -0.001519
0.005553 -0.080626 -0.001907
0.005544 -0.097678 -0.002320
0.005420 -0.115614 -0.002755
0.005201 -0.134282 -0.003209
0.004902 -0.153545 -0.003679
0.004537 -0.173281 -0.004162
0.004117 -0.193385 -0.004656
0.003651 -0.213763 -0.005159
0.003148 -0.234332 -0.005669
0.002615 -0.255021 -0.006185
0.002057 -0.275767 -0.006705
0.001478 -0.296516 -0.007228
0.000884 -0.317222 -0.007752
0.000274 -0.337842 -0.008276
-0.000349 -0.358344 -0.008799
-0.000985 -0.378697 -0.009320
-0.001633 -0.398876 -0.009837
-0.002290 -0.418861 -0.010351
-0.002954 -0.438634 -0.010860
-0.003624 -0.458183 -0.011363
-0.004297 -0.477496 -0.011861
-0.004973 -0.496566 -0.012353
-0.005650 -0.515386 -0.012839
-0.006327 -0.533952 -0.013317
-0.007002 -0.552261 -0.013788
-0.007675 -0.570313 -0.014252
-0.008345 -0.588106 -0.014709
-0.009011 -0.605642 -0.015157
-0.009673 -0.622922 -0.015597
-0.010328 -0.639948 -0.016029
-0.010977 -0.656724 -0.016452
-0.011619 -0.673252 -0.016866
-0.012255 -0.689534 -0.017271
-0.012885 -0.705575 -0.017666
-0.013512 -0.721379 -0.018051
-0.014138 -0.736948 -0.018426
-0.014762 -0.752288 -0.018791
-0.015385 -0.767403 -0.019144
-0.016006 -0.782297 -0.019487
-0.016625 -0.796977 -0.019818
-0.017241 -0.811448 -0.020139
-0.017853 -0.825715 -0.020449
-0.018461 -0.839784 -0.020748
-0.019066 -0.853660 -0.021037
-0.019666 -0.867349 -0.021314
-0.020261 -0.880857 -0.021581
-0.020850 -0.894189 -0.021838
-0.021434 -0.907350 -0.022084
-0.022012 -0.920345 -0.022320
-0.022583 -0.933180 -0.022545
-0.023148 -0.945860 -0.022760
-0.023705 -0.958387 -0.022965
-0.024256 -0.970767 -0.023159
-0.024801 -0.983003 -0.023343
-0.025344 -0.995099 -0.023516
-0.025887 -1.007058 -0.023679
-0.026429 -1.018884 -0.023830
-0.026971 -1.030581 -0.023971
-0.027512 -1.042152 -0.024101
-0.028052 -1.053601 -0.024221
-0.028590 -1.064933 -0.024330
-0.029127 -1.076151 -0.024428
-0.029661 -1.087260 -0.024517
-0.030193 -1.098263 -0.024596
-0.030721 -1.109163 -0.024665
-0.031247 -1.119965 -0.024725
-0.031769 -1.130672 -0.024775
-0.032286 -1.141287 -0.024816
-0.032800 -1.151814 -0.024849
-0.033309 -1.162255 -0.024872
-0.033812 -1.172614 -0.024887
-0.034310 -1.182892 -0.024893
-0.034803 -1.193092 -0.024890
-0.035293 -1.203215 -0.024879
-0.035782 -1.213264 -0.024859
-0.036272 -1.223240 -0.024830
-0.036764 -1.233145 -0.024793
-0.037257 -1.242981 -0.024746
-0.037752 -1.252749 -0.024692
-0.038247 -1.262453 -0.024628
-0.038742 -1.272094 -0.024557
-0.039237 -1.281675 -0.024477
-0.039732 -1.291198 -0.024390
-0.040225 -1.300666 -0.024295
-0.040718 -1.310080 -0.024192
-0.041208 -1.319443 -0.024083
-0.041697 -1.328756 -0.023966
-0.042183 -1.338023 -0.023842
-0.042667 -1.347244 -0.023712
-0.043147 -1.356421 -0.023575
-0.043623 -1.365556 -0.023432
-0.044096 -1.374650 -0.023283
-0.044564 -1.383703 -0.023127
-0.045031 -1.392717 -0.022965
-0.045499 -1.401692 -0.022797
-0.045969 -1.410629 -0.022622
-0.046443 -1.419528 -0.022440
-0.046919 -1.428390 -0.022252
-0.047398 -1.437217 -0.022058
-0.047879 -1.446010 -0.021858
-0.048362 -1.454770 -0.021652
-0.048845 -1.463498 -0.021441
-0.049329 -1.472195 -0.021223
-0.049814 -1.480864 -0.021000
-0.050299 -1.489506 -0.020772
-0.050783 -1.498122 -0.020539
-0.051266 -1.506712 -0.020301
-0.051748 -1.515280 -0.020059
-0.052228 -1.523824 -0.019812
-0.052706 -1.532348 -0.019560
-0.053181 -1.540850 -0.019304
-0.053653 -1.549332 -0.019044
-0.054122 -1.557794 -0.018779
-0.054590 -1.566236 -0.018510
-0.055061 -1.574658 -0.018237
-0.055535 -1.583060 -0.017959
-0.056013 -1.591442 -0.017677
-0.056495 -1.599805 -0.017390
-0.056981 -1.608149 -0.017099
-0.057469 -1.616474 -0.016804
-0.057960 -1.624783 -0.016504
-0.058453 -1.633075 -0.016201
-0.058947 -1.641352 -0.015893
-0.059443 -1.649614 -0.015583
-0.059939 -1.657862 -0.015268
-0.060435 -1.666098 -0.014950
-0.060932 -1.674322 -0.014629
-0.061427 -1.682536 -0.014305
-0.061922 -1.690739 -0.013978
-0.062415 -1.698932 -0.013648
-0.062906 -1.707116 -0.013315
-0.063394 -1.715290 -0.012979
-0.063880 -1.723455 -0.012640
-0.064366 -1.731611 -0.012298
-0.064854 -1.739757 -0.011953
-0.065347 -1.747892 -0.011605
-0.065845 -1.756018 -0.011255
-0.066347 -1.764134 -0.010900
-0.066854 -1.772239 -0.010543
-0.067363 -1.780336 -0.010183
-0.067876 -1.788423 -0.009820
-0.068391 -1.796502 -0.009455
-0.068908 -1.804574 -0.009086
-0.069427 -1.812639 -0.008716
-0.069947 -1.820698 -0.008342
-0.070468 -1.828752 -0.007967
-0.070989 -1.836801 -0.007589
-0.071509 -1.844846 -0.007209
-0.072029 -1.852887 -0.006827
-0.072548 -1.860925 -0.006443
-0.073065 -1.868960 -0.006057
-0.073580 -1.876992 -0.005669
-0.074093 -1.885020 -0.005279
-0.074605 -1.893045 -0.004887
-0.075121 -1.901065 -0.004493
-0.075641 -1.909081 -0.004096
-0.076167 -1.917093 -0.003697
-0.076698 -1.925099 -0.003296
-0.077233 -1.933100 -0.002893
-0.077772 -1.941098 -0.002487
-0.078314 -1.949091 -0.002080
-0.078859 -1.957080 -0.001670
-0.079406 -1.965067 -0.001258
-0.079955 -1.973051 -0.000844
-0.080505 -1.981033 -0.000429
-0.081057 -1.989014 -0.000012
-0.081608 -1.996995 0.000407
-0.082160 -2.004976 0.000828
-0.082711 -2.012957 0.001250
-0.083261 -2.020938 0.001674
-0.083810 -2.028920 0.002100
-0.084356 -2.036902 0.002526
-0.084900 -2.044885 0.002955
-0.085444 -2.052867 0.003385
-0.085991 -2.060848 0.003817
-0.086544 -2.068828 0.004251
-0.087102 -2.076806 0.004687
-0.087664 -2.084783 0.005125
-0.088232 -2.092758 0.005565
-0.088803 -2.100732 0.006006
-0.089378 -2.108704 0.006450
-0.089955 -2.116675 0.006895
-0.090535 -2.124647 0.007342
-0.091117 -2.132619 0.007791
-0.091700 -2.140591 0.008241
-0.092284 -2.148565 0.008693
-0.092868 -2.156541 0.009147
-0.093453 -2.164520 0.009602
-0.094036 -2.172501 0.010059
-0.094619 -2.180485 0.010517
-0.095200 -2.188471 0.010976
-0.095778 -2.196461 0.011437
-0.096354 -2.204453 0.011900
-0.096930 -2.212446 0.012364
-0.097510 -2.220441 0.012830
-0.098094 -2.228437 0.013298
-0.098684 -2.236434 0.013768
-0.099279 -2.244430 0.014240
-0.099879 -2.252427 0.014713
-0.100482 -2.260425 0.015189
-0.101088 -2.268423 0.015666
-0.101697 -2.276422 0.016145
-0.102309 -2.284423 0.016626
-0.102922 -2.292426 0.017108
-0.103536 -2.300432 0.017593
-0.104151 -2.308441 0.018079
-0.104767 -2.316454 0.018567
-0.105382 -2.324471 0.019056
-0.105996 -2.332492 0.019547
-0.106609 -2.340517 0.020040
-0.107219 -2.348548 0.020534
-0.107827 -2.356582 0.021031
-0.108433 -2.364621 0.021528
-0.109038 -2.372662 0.022028
-0.109646 -2.380707 0.022530
-0.110259 -2.388754 0.023033
-0.110878 -2.396803 0.023539
-0.111501 -2.404854 0.024047
-0.112128 -2.412906 0.024556
-0.112759 -2.420961 0.025068
-0.113393 -2.429018 0.025582
-0.114029 -2.437077 0.026098
-0.114668 -2.445139 0.026615
-0.115307 -2.453205 0.027135
-0.115947 -2.461275 0.027657
-0.116588 -2.469350 0.028181
-0.117229 -2.477429 0.028706
-0.117869 -2.485514 0.029234
-0.118507 -2.493605 0.029763
-0.119144 -2.501702 0.030295
-0.119778 -2.509804 0.030828
-0.120409 -2.517912 0.031363
-0.121037 -2.526025 0.031901
-0.121664 -2.534143 0.032440
-0.122294 -2.542265 0.032982
-0.122928 -2.550390 0.033525
-0.123567 -2.558519 0.034072
-0.124211 -2.566651 0.034620
-0.124858 -2.574786 0.035170
-0.125508 -2.582924 0.035723
-0.126161 -2.591065 0.036278
-0.126815 -2.599211 0.036836
-0.127471 -2.607361 0.037395
-0.128127 -2.615515 0.037957
-0.128784 -2.623675 0.038521
-0.129441 -2.631840 0.039087
-0.130097 -2.640012 0.039655
-0.130751 -2.648191 0.040226
-0.131404 -2.656376 0.040799
-0.132054 -2.664568 0.041374
-0.132700 -2.672768 0.041951
-0.133343 -2.680974 0.042530
-0.133982 -2.689187 0.043112
-0.134619 -2.697405 0.043696
-0.135258 -2.705630 0.044283
-0.135901 -2.713859 0.044872
-0.136548 -2.722092 0.045463
-0.137199 -2.730330 0.046056
-0.137853 -2.738572 0.046652
-0.138509 -2.746818 0.047251
-0.139166 -2.755070 0.047851
-0.139825 -2.763326 0.048454
-0.140484 -2.771588 0.049060
-0.141143 -2.779856 0.049668
-0.141801 -2.788131 0.050278
-0.142459 -2.796413 0.050891
-0.143114 -2.804702 0.051506
-0.143767 -2.812999 0.052123
-0.144418 -2.821305 0.052743
-0.145064 -2.829619 0.053364
-0.145706 -2.837942 0.053989
-0.146344 -2.846272 0.054615
-0.146976 -2.854611 0.055244
-0.147605 -2.862957 0.055876
-0.148236 -2.871309 0.056509
-0.148870 -2.879668 0.057145
-0.149506 -2.888034 0.057784
-0.150145 -2.896404 0.058425
-0.150786 -2.904781 0.059068
-0.151428 -2.913164 0.059713
-0.152071 -2.921552 0.060361
-0.152713 -2.929948 0.061011
-0.153354 -2.938351 0.061663
-0.153995 -2.946761 0.062318
-0.154633 -2.955180 0.062975
-0.155269 -2.963607 0.063634
-0.155902 -2.972044 0.064295
-0.156531 -2.980490 0.064959
-0.157156 -2.988946 0.065624
-0.157776 -2.997412 0.066292
-0.158391 -3.005889 0.066962
-0.158999 -3.014375 0.067634
-0.159600 -3.022871 0.068308
-0.160197 -3.031376 0.068985
-0.160794 -3.039890 0.069663
-0.161392 -3.048412 0.070343
-0.161992 -3.056942 0.071026
-0.162593 -3.065480 0.071710
-0.163194 -3.074026 0.072396
-0.163795 -3.082579 0.073084
-0.164395 -3.091141 0.073774
-0.164993 -3.099711 0.074466
-0.165589 -3.108290 0.075160
-0.166181 -3.116880 0.075855
-0.166771 -3.125479 0.076552
-0.167356 -3.134090 0.077251
-0.167936 -3.142712 0.077951
-0.168511 -3.151346 0.078653
-0.169080 -3.159992 0.079357
-0.169642 -3.168650 0.080062
-0.170196 -3.177321 0.080769
-0.170743 -3.186005 0.081477
-0.171281 -3.194700 0.082186
-0.171812 -3.203407 0.082897
-0.172341 -3.212125 0.083609
-0.172870 -3.220853 0.084323
-0.173399 -3.229592 0.085037
-0.173927 -3.238342 0.085752
-0.174454 -3.247102 0.086468
-0.174977 -3.255872 0.087186
-0.175498 -3.264653 0.087904
-0.176015 -3.273446 0.088622
-0.176528 -3.282251 0.089342
-0.177035 -3.291068 0.090062
-0.177537 -3.299898 0.090783
-0.178032 -3.308743 0.091504
-0.178521 -3.317601 0.092226
-0.179002 -3.326475 0.092948
-0.179475 -3.335363 0.093671
-0.179938 -3.344267 0.094394
-0.180392 -3.353187 0.095117
-0.180835 -3.362122 0.095840
-0.181267 -3.371073 0.096563
-0.181690 -3.380038 0.097286
-0.182110 -3.389018 0.098009
-0.182526 -3.398012 0.098731
-0.182940 -3.407019 0.099453
-0.183351 -3.416040 0.100174
-0.183757 -3.425076 0.100895
-0.184159 -3.434125 0.101614
-0.184555 -3.443188 0.102333
-0.184944 -3.452267 0.103051
-0.185327 -3.461362 0.103767
-0.185702 -3.470473 0.104483
-0.186068 -3.479600 0.105197
-0.186426 -3.488746 0.105909
-0.186774 -3.497909 0.106620
-0.187112 -3.507092 0.107329
-0.187439 -3.516293 0.108037
-0.187754 -3.525514 0.108743
-0.188057 -3.534755 0.109446
-0.188345 -3.544016 0.110148
-0.188621 -3.553296 0.110848
-0.188884 -3.562595 0.111545
-0.189141 -3.571912 0.112239
-0.189392 -3.581248 0.112930
-0.189637 -3.590603 0.113618
-0.189877 -3.599975 0.114303
-0.190109 -3.609366 0.114985
-0.190334 -3.618775 0.115663
-0.190550 -3.628204 0.116337
-0.190757 -3.637652 0.117007
-0.190954 -3.647121 0.117674
-0.191140 -3.656611 0.118336
-0.191315 -3.666123 0.118994
-0.191477 -3.675657 0.119647
-0.191628 -3.685214 0.120296
-0.191764 -3.694795 0.120940
-0.191887 -3.704401 0.121579
-0.191994 -3.714031 0.122213
-0.192086 -3.723686 0.122842
-0.192161 -3.733366 0.123465
-0.192220 -3.743071 0.124083
-0.192262 -3.752799 0.124694
-0.192296 -3.762552 0.125300
-0.192320 -3.772330 0.125898
-0.192336 -3.782130 0.126490
-0.192342 -3.791955 0.127074
-0.192339 -3.801803 0.127651
-0.192324 -3.811676 0.128221
-0.192297 -3.821573 0.128783
-0.192258 -3.831496 0.129337
-0.192205 -3.841446 0.129882
-0.192139 -3.851422 0.130420
-0.192058 -3.861426 0.130948
-0.191961 -3.871459 0.131468
-0.191849 -3.881521 0.131979
-0.191720 -3.891612 0.132481
-0.191573 -3.901735 0.132972
-0.191408 -3.911888 0.133455
-0.191223 -3.922072 0.133927
-0.191019 -3.932288 0.134389
-0.190795 -3.942534 0.134840
-0.190551 -3.952811 0.135280
-0.190295 -3.963119 0.135709
-0.190026 -3.973458 0.136126
-0.189746 -3.983826 0.136531
-0.189453 -3.994225 0.136924
-0.189146 -4.004655 0.137303
-0.188825 -4.015116 0.137670
-0.188489 -4.025608 0.138023
-0.188137 -4.036132 0.138362
-0.187768 -4.046690 0.138688
-0.187382 -4.057282 0.138999
-0.186978 -4.067908 0.139296
-0.186555 -4.078570 0.139577
-0.186113 -4.089268 0.139844
-0.185651 -4.100003 0.140095
-0.185168 -4.110776 0.140331
-0.184664 -4.121587 0.140550
-0.184137 -4.132436 0.140753
-0.183586 -4.143323 0.140939
-0.183013 -4.154249 0.141108
-0.182417 -4.165213 0.141259
-0.181805 -4.176215 0.141392
-0.181178 -4.187255 0.141506
-0.180536 -4.198332 0.141601
-0.179878 -4.209448 0.141676
-0.179204 -4.220601 0.141731
-0.178512 -4.231793 0.141766
-0.177802 -4.243024 0.141780
-0.177073 -4.254294 0.141773
-0.176325 -4.265606 0.141744
-0.175557 -4.276959 0.141694
-0.174768 -4.288354 0.141621
-0.173957 -4.299793 0.141525
-0.173124 -4.311276 0.141406
-0.172269 -4.322803 0.141264
-0.171390 -4.334375 0.141097
-0.170487 -4.345993 0.140907
-0.169558 -4.357658 0.140692
-0.168604 -4.369368 0.140451
-0.167624 -4.381125 0.140185
-0.166619 -4.392927 0.139892
-0.165596 -4.404776 0.139572
-0.164556 -4.416669 0.139225
-0.163499 -4.428609 0.138850
-0.162423 -4.440593 0.138445
-0.161330 -4.452624 0.138012
-0.160216 -4.464701 0.137549
-0.159083 -4.476825 0.137056
-0.157929 -4.488996 0.136532
-0.156754 -4.501216 0.135977
-0.155557 -4.513485 0.135391
-0.154338 -4.525804 0.134772
-0.153096 -4.538174 0.134122
-0.151830 -4.550596 0.133438
-0.150540 -4.563070 0.132721
-0.149225 -4.575597 0.131970
-0.147885 -4.588177 0.131184
-0.146519 -4.600811 0.130364
-0.145126 -4.613499 0.129508
-0.143707 -4.626240 0.128617
-0.142262 -4.639035 0.127688
-0.140798 -4.651882 0.126722
-0.139316 -4.664783 0.125718
-0.137817 -4.677737 0.124674
-0.136300 -4.690743 0.123592
-0.134765 -4.703802 0.122469
-0.133210 -4.716915 0.121306
-0.131635 -4.730082 0.120101
-0.130040 -4.743304 0.118855
-0.128425 -4.756581 0.117567
-0.126788 -4.769914 0.116237
-0.125129 -4.783304 0.114863
-0.123449 -4.796752 0.113446
-0.121746 -4.810258 0.111984
-0.120020 -4.823823 0.110478
-0.118271 -4.837447 0.108927
-0.116498 -4.851132 0.107330
-0.114700 -4.864876 0.105687
-0.112878 -4.878681 0.103996
-0.111031 -4.892545 0.102259
-0.109161 -4.906468 0.100473
-0.107275 -4.920451 0.098638
-0.105373 -4.934492 0.096753
-0.103458 -4.948592 0.094818
-0.101527 -4.962751 0.092832
-0.099581 -4.976967 0.090795
-0.097620 -4.991243 0.088705
-0.095643 -5.005578 0.086563
-0.093649 -5.019973 0.084368
-0.091639 -5.034428 0.082120
-0.089612 -5.048944 0.079817
-0.087568 -5.063522 0.077461
-0.085507 -5.078162 0.075049
-0.083429 -5.092865 0.072582
-0.081333 -5.107630 0.070059
-0.079220 -5.122459 0.067480
-0.077088 -5.137352 0.064844
-0.074938 -5.152309 0.062151
-0.072770 -5.167329 0.059400
-0.070584 -5.182412 0.056592
-0.068381 -5.197557 0.053724
-0.066170 -5.212765 0.050797
-0.063951 -5.228034 0.047810
-0.061726 -5.243364 0.044762
-0.059495 -5.258754 0.041653
-0.057257 -5.274206 0.038483
-0.055012 -5.289717 0.035251
-0.052760 -5.305290 0.031957
-0.050502 -5.320924 0.028601
-0.048237 -5.336619 0.025182
-0.045965 -5.352376 0.021700
-0.043686 -5.368196 0.018155
-0.041402 -5.384077 0.014547
-0.039111 -5.400022 0.010876
-0.036813 -5.416029 0.007140
-0.034510 -5.432099 0.003341
-0.032201 -5.448233 -0.000522
-0.029886 -5.464428 -0.004450
-0.027565 -5.480686 -0.008441
-0.025239 -5.497005 -0.012498
-0.022910 -5.513384 -0.016619
-0.020586 -5.529823 -0.020805
-0.018270 -5.546321 -0.025057
-0.015962 -5.562877 -0.029374
-0.013662 -5.579490 -0.033757
-0.011371 -5.596160 -0.038205
-0.009089 -5.612886 -0.042718
-0.006816 -5.629669 -0.047296
-0.004553 -5.646508 -0.051940
-0.002300 -5.663403 -0.056648
-0.000058 -5.680355 -0.061421
0.002174 -5.697362 -0.066258
0.004395 -5.714426 -0.071159
0.006604 -5.731545 -0.076123
0.008801 -5.748719 -0.081151
0.010985 -5.765949 -0.086241
0.013157 -5.783233 -0.091393
0.015316 -5.800572 -0.096607
0.017461 -5.817962 -0.101883
0.019592 -5.835405 -0.107219
0.021707 -5.852897 -0.112616
0.023796 -5.870439 -0.118073
0.025857 -5.888028 -0.123589
0.027890 -5.905663 -0.129164
0.029894 -5.923343 -0.134797
0.031869 -5.941067 -0.140488
0.033814 -5.958834 -0.146235
0.035730 -5.976644 -0.152038
0.037616 -5.994495 -0.157895
0.039472 -6.012386 -0.163806
0.041298 -6.030318 -0.169769
0.043094 -6.048290 -0.175784
0.044860 -6.066300 -0.181849
0.046596 -6.084347 -0.187963
0.048302 -6.102432 -0.194125
0.049980 -6.120552 -0.200333
0.051629 -6.138706 -0.206586
0.053251 -6.156893 -0.212884
0.054846 -6.175111 -0.219224
0.056415 -6.193358 -0.225606
0.057956 -6.211631 -0.232028
0.059465 -6.229929 -0.238489
0.060940 -6.248249 -0.244988
0.062383 -6.266589 -0.251523
0.063796 -6.284947 -0.258093
0.065184 -6.303320 -0.264696
0.066550 -6.321708 -0.271331
0.067898 -6.340108 -0.277996
0.069235 -6.358518 -0.284690
0.070567 -6.376938 -0.291411
0.071900 -6.395366 -0.298158
0.073244 -6.413800 -0.304929
0.074609 -6.432240 -0.311723
0.076004 -6.450685 -0.318538
0.077443 -6.469137 -0.325374
0.078936 -6.487596 -0.332230
0.080492 -6.506065 -0.339107
0.082108 -6.524552 -0.346006
0.083753 -6.543066 -0.352932
0.085316 -6.561624 -0.359894
0.086730 -6.580239 -0.366898
0.088002 -6.598915 -0.373946
0.089149 -6.617653 -0.381036
0.090190 -6.636450 -0.388169
0.091138 -6.655307 -0.395343
0.092003 -6.674221 -0.402558
0.092794 -6.693192 -0.409813
0.093518 -6.712216 -0.417105
0.094178 -6.731293 -0.424435
0.094778 -6.750421 -0.431800
0.095323 -6.769598 -0.439199
0.095813 -6.788824 -0.446631
0.096250 -6.808096 -0.454093
0.096635 -6.827412 -0.461585
0.096969 -6.846771 -0.469104
0.097252 -6.866172 -0.476648
0.097483 -6.885613 -0.484216
0.097662 -6.905091 -0.491805
0.097789 -6.924606 -0.499413
0.097861 -6.944154 -0.507037
0.097878 -6.963734 -0.514676
0.097838 -6.983344 -0.522327
0.097738 -7.002982 -0.529986
0.097577 -7.022644 -0.537652
0.097351 -7.042329 -0.545321
0.097058 -7.062033 -0.552990
0.096695 -7.081754 -0.560656
0.096258 -7.101488 -0.568316
0.095742 -7.121232 -0.575966
0.095144 -7.140981 -0.583603
0.094457 -7.160732 -0.591223
0.093677 -7.180480 -0.598822
0.092796 -7.200219 -0.606395
0.091808 -7.219944 -0.613939
0.090705 -7.239648 -0.621448
0.089477 -7.259323 -0.628918
0.088117 -7.278962 -0.636342
0.086618 -7.298554 -0.643714
0.084974 -7.318089 -0.651027
0.083187 -7.337555 -0.658274
0.081276 -7.356940 -0.665447
0.079291 -7.376233 -0.672541
0.077248 -7.395422 -0.679548
0.075149 -7.414494 -0.686458
0.072988 -7.433438 -0.693263
0.070755 -7.452242 -0.699956
0.068443 -7.470898 -0.706527
0.066040 -7.489397 -0.712969
0.063538 -7.507730 -0.719276
0.060928 -7.525888 -0.725438
0.058201 -7.543866 -0.731449
0.055349 -7.561655 -0.737302
0.052364 -7.579247 -0.742987
0.049238 -7.596637 -0.748499
0.045964 -7.613817 -0.753828
0.042534 -7.630778 -0.758967
0.038942 -7.647515 -0.763907
0.035180 -7.664018 -0.768638
0.031248 -7.680281 -0.773153
0.027145 -7.696294 -0.777442
0.022885 -7.712050 -0.781499
0.018502 -7.727541 -0.785324
0.014008 -7.742759 -0.788908
0.009406 -7.757696 -0.792244
0.004692 -7.772343 -0.795322
-0.000137 -7.786693 -0.798134
-0.005086 -7.800737 -0.800671
-0.010162 -7.814469 -0.802924
-0.015368 -7.827880 -0.804886
-0.020709 -7.840964 -0.806547
-0.026190 -7.853714 -0.807901
-0.031814 -7.866123 -0.808940
-0.037584 -7.878184 -0.809655
-0.043504 -7.889891 -0.810041
-0.049577 -7.901237 -0.810089
-0.055804 -7.912217 -0.809792
-0.062188 -7.922825 -0.809143
-0.068730 -7.933054 -0.808137
-0.075428 -7.942900 -0.806766
-0.082278 -7.952357 -0.805026
-0.089269 -7.961422 -0.802916
-0.096380 -7.970090 -0.800442
-0.103598 -7.978360 -0.797602
-0.110918 -7.986225 -0.794393
-0.118338 -7.993681 -0.790813
-0.125854 -8.000725 -0.786858
-0.133465 -8.007351 -0.782524
-0.141169 -8.013556 -0.777809
-0.148962 -8.019336 -0.772712
-0.156840 -8.024688 -0.767230
-0.164798 -8.029609 -0.761363
-0.172829 -8.034098 -0.755112
-0.180928 -8.038155 -0.748477
-0.189084 -8.041780 -0.741460
-0.197288 -8.044978 -0.734065
-0.205525 -8.047754 -0.726295
-0.213781 -8.050116 -0.718159
-0.222033 -8.052075 -0.709664
-0.230244 -8.053650 -0.700824
-0.238344 -8.054858 -0.691664
-0.246163 -8.055719 -0.682229
-0.253535 -8.056254 -0.672572
-0.260419 -8.056484 -0.662714
-0.266808 -8.056424 -0.652669
-0.272704 -8.056084 -0.642444
-0.278113 -8.055470 -0.632045
-0.283043 -8.054586 -0.621476
-0.287505 -8.053433 -0.610742
-0.291507 -8.052009 -0.599843
-0.295058 -8.050313 -0.588784
-0.298167 -8.048342 -0.577566
-0.300845 -8.046095 -0.566190
-0.303100 -8.043567 -0.554659
-0.304939 -8.040755 -0.542973
-0.306372 -8.037658 -0.531135
-0.307405 -8.034273 -0.519145
-0.308046 -8.030598 -0.507007
-0.308300 -8.026634 -0.494722
-0.308172 -8.022383 -0.482294
-0.307665 -8.017847 -0.469731
-0.306781 -8.013035 -0.457041
-0.305515 -8.007958 -0.444244
-0.303862 -8.002625 -0.431353
-0.301813 -7.997045 -0.418379
-0.299351 -7.991227 -0.405331
-0.296456 -7.985183 -0.392224
-0.293108 -7.978930 -0.379070
-0.289352 -7.972504 -0.365880
-0.285265 -7.965944 -0.352659
-0.280849 -7.959278 -0.339421
-0.276090 -7.952524 -0.326179
-0.270974 -7.945698 -0.312944
-0.265492 -7.938811 -0.299725
-0.259634 -7.931874 -0.286532
-0.253396 -7.924895 -0.273370
-0.246776 -7.917883 -0.260245
-0.239771 -7.910845 -0.247164
-0.232386 -7.903792 -0.234131
-0.224626 -7.896732 -0.221154
-0.216498 -7.889678 -0.208240
-0.208015 -7.882644 -0.195403
-0.199183 -7.875648 -0.182669
-0.190019 -7.868704 -0.170051
-0.180533 -7.861823 -0.157555
-0.170739 -7.855014 -0.145185
-0.160644 -7.848283 -0.132944
-0.150259 -7.841635 -0.120833
-0.139589 -7.835073 -0.108852
-0.128640 -7.828600 -0.097001
-0.117418 -7.822218 -0.085279
-0.105928 -7.815927 -0.073685
-0.094174 -7.809729 -0.062218
-0.082160 -7.803625 -0.050876
-0.069892 -7.797616 -0.039658
-0.057373 -7.791703 -0.028561
-0.044609 -7.785887 -0.017584
-0.031608 -7.780172 -0.006723
-0.018378 -7.774561 0.004021
-0.004934 -7.769058 0.014649
0.008708 -7.763671 0.025159
0.022529 -7.758406 0.035538
0.036527 -7.753273 0.045754
0.050681 -7.748278 0.055798
0.064971 -7.743431 0.065666
0.079381 -7.738735 0.075358
0.093898 -7.734195 0.084877
0.108515 -7.729815 0.094227
0.123227 -7.725595 0.103410
0.138028 -7.721537 0.112431
0.152918 -7.717643 0.121292
0.167894 -7.713912 0.129998
0.182956 -7.710344 0.138552
0.198105 -7.706940 0.146959
0.213340 -7.703699 0.155221
0.228661 -7.700620 0.163344
0.244067 -7.697704 0.171331
0.259553 -7.694952 0.179187
0.275115 -7.692364 0.186915
0.290740 -7.689940 0.194519
0.306411 -7.687685 0.201998
0.322110 -7.685598 0.209343
0.337846 -7.683680 0.216512
0.353597 -7.681932 0.223498
0.369341 -7.680359 0.230301
0.385064 -7.678960 0.236925
0.400756 -7.677739 0.243374
0.416411 -7.676694 0.249655
0.432029 -7.675827 0.255774
0.447608 -7.675137 0.261733
0.463151 -7.674622 0.267540
0.478662 -7.674282 0.273198
0.494143 -7.674115 0.278713
0.509601 -7.674119 0.284088
0.525038 -7.674292 0.289328
0.540460 -7.674632 0.294439
0.555870 -7.675136 0.299425
0.571269 -7.675802 0.304292
0.586657 -7.676626 0.309046
0.602026 -7.677605 0.313693
0.617364 -7.678735 0.318236
0.632658 -7.680012 0.322672
0.647933 -7.681426 0.326954
0.663172 -7.682971 0.331079
0.678357 -7.684644 0.335053
0.693478 -7.686442 0.338885
0.708528 -7.688358 0.342584
0.723502 -7.690390 0.346157
0.738396 -7.692533 0.349613
0.753200 -7.694780 0.352957
0.767906 -7.697126 0.356190
0.782504 -7.699564 0.359301
0.796985 -7.702090 0.362297
0.811344 -7.704699 0.365187
0.825581 -7.707388 0.367977
0.839698 -7.710151 0.370673
0.853696 -7.712987 0.373282
0.867577 -7.715892 0.375808
0.881339 -7.718863 0.378257
0.894983 -7.721898 0.380635
0.908504 -7.724995 0.382945
0.921898 -7.728152 0.385188
0.935198 -7.731363 0.387333
0.948398 -7.734628 0.389379
0.961492 -7.737945 0.391331
0.974476 -7.741313 0.393194
0.987348 -7.744731 0.394972
1.000109 -7.748197 0.396667
1.012756 -7.751710 0.398284
1.025292 -7.755269 0.399825
1.037717 -7.758872 0.401293
1.050033 -7.762518 0.402690
1.062241 -7.766205 0.404018
1.074342 -7.769933 0.405279
1.086338 -7.773701 0.406476
1.098230 -7.777507 0.407609
1.110021 -7.781350 0.408682
1.121709 -7.785230 0.409696
1.133297 -7.789145 0.410654
1.144782 -7.793095 0.411559
1.156163 -7.797080 0.412412
1.167438 -7.801099 0.413214
1.178630 -7.805150 0.413932
1.189735 -7.809233 0.414568
1.200751 -7.813346 0.415123
1.211679 -7.817491 0.415601
1.222520 -7.821666 0.416003
1.233275 -7.825871 0.416331
1.243949 -7.830105 0.416586
1.254546 -7.834367 0.416769
1.265070 -7.838656 0.416881
1.275529 -7.842971 0.416923
1.285928 -7.847310 0.416896
1.296277 -7.851670 0.416801
1.306583 -7.856049 0.416638
1.316854 -7.860443 0.416410
1.327101 -7.864849 0.416119
1.337328 -7.869260 0.415770
1.347539 -7.873671 0.415369
1.357723 -7.878076 0.414923
1.367849 -7.882467 0.414430
1.377888 -7.886838 0.413897
1.387807 -7.891185 0.413297
1.397585 -7.895502 0.412640
1.407215 -7.899782 0.411935
1.416699 -7.904019 0.411190
1.426041 -7.908210 0.410409
1.435248 -7.912349 0.409596
1.444328 -7.916432 0.408755
1.453289 -7.920457 0.407887
1.462141 -7.924421 0.406993
1.470892 -7.928321 0.406073
1.479550 -7.932156 0.405128
1.488125 -7.935925 0.404157
1.496624 -7.939624 0.403161
1.505056 -7.943254 0.402140
1.513429 -7.946811 0.401092
1.521748 -7.950295 0.400018
1.530022 -7.953702 0.398918
1.538252 -7.957032 0.397795
1.546439 -7.960282 0.396651
1.554570 -7.963451 0.395489
1.562611 -7.966540 0.394294
1.570551 -7.969549 0.393071
1.578388 -7.972476 0.391823
1.586125 -7.975319 0.390553
1.593766 -7.978076 0.389262
1.601316 -7.980746 0.387949
1.608784 -7.983329 0.386615
1.616174 -7.985823 0.385258
1.623495 -7.988228 0.383877
1.630752 -7.990544 0.382471
1.637952 -7.992770 0.381037
1.645101 -7.994907 0.379575
1.652206 -7.996953 0.378082
1.659273 -7.998909 0.376557
1.666307 -8.000773 0.374997
1.673313 -8.002546 0.373403
1.680296 -8.004225 0.371773
1.687259 -8.005809 0.370107
1.694200 -8.007295 0.368406
1.701113 -8.008683 0.366674
1.707962 -8.009974 0.364904
1.714742 -8.011165 0.363100
1.721450 -8.012255 0.361263
1.728089 -8.013242 0.359395
1.734663 -8.014125 0.357496
1.741176 -8.014903 0.355564
1.747633 -8.015575 0.353600
1.754038 -8.016142 0.351601
1.760398 -8.016604 0.349566
1.766716 -8.016960 0.347494
1.772997 -8.017210 0.345382
1.779246 -8.017356 0.343229
1.785467 -8.017396 0.341034
1.791665 -8.017331 0.338794
1.797843 -8.017161 0.336510
1.804005 -8.016884 0.334180
1.810153 -8.016500 0.331803
1.816291 -8.016006 0.329380
1.822417 -8.015399 0.326913
1.828529 -8.014676 0.324403
1.834604 -8.013836 0.321847
1.840639 -8.012875 0.319249
1.846634 -8.011789 0.316610
1.852590 -8.010578 0.313931
1.858510 -8.009240 0.311213
1.864397 -8.007773 0.308456
1.870253 -8.006179 0.305660
1.876081 -8.004456 0.302825
1.881884 -8.002605 0.299949
1.887665 -8.000626 0.297034
1.893426 -7.998520 0.294079
1.899168 -7.996287 0.291083
1.904895 -7.993927 0.288047
1.910607 -7.991439 0.284971
1.916306 -7.988824 0.281855
1.921993 -7.986079 0.278702
1.927671 -7.983202 0.275510
1.933342 -7.980189 0.272283
1.939010 -7.977033 0.269019
1.944684 -7.973726 0.265719
1.950367 -7.970255 0.262372
1.956068 -7.966612 0.258978
1.961790 -7.962790 0.255537
1.967535 -7.958786 0.252052
1.973302 -7.954598 0.248523
1.979092 -7.950225 0.244952
1.984902 -7.945668 0.241342
1.990732 -7.940926 0.237693
1.996580 -7.936001 0.234007
2.002444 -7.930896 0.230287
2.008321 -7.925611 0.226533
2.014207 -7.920151 0.222748
2.020101 -7.914517 0.218935
2.025997 -7.908712 0.215095
2.031892 -7.902740 0.211231
2.037782 -7.896603 0.207346
2.043665 -7.890304 0.203441
2.049543 -7.883845 0.199515
2.055427 -7.877224 0.195565
2.061342 -7.870439 0.191577
2.067336 -7.863480 0.187518
2.073461 -7.856345 0.183359
2.079678 -7.849061 0.179022
2.085916 -7.841667 0.174447
2.092177 -7.834181 0.169625
2.098460 -7.826617 0.164555
2.104757 -7.818988 0.159242
2.111058 -7.811305 0.153689
2.117357 -7.803577 0.147900
2.123647 -7.795813 0.141877
2.129920 -7.788018 0.135624
2.136173 -7.780198 0.129143
2.142400 -7.772358 0.122435
2.148599 -7.764500 0.115504
2.154764 -7.756629 0.108351
2.160893 -7.748747 0.100979
2.166983 -7.740857 0.093388
2.173031 -7.732961 0.085582
2.179036 -7.725060 0.077561
2.184999 -7.717155 0.069324
2.190919 -7.709246 0.060858
2.196797 -7.701333 0.052162
2.202632 -7.693417 0.043237
2.208422 -7.685499 0.034086
2.214165 -7.677580 0.024711
2.219859 -7.669661 0.015114
2.225504 -7.661744 0.005299
2.231098 -7.653828 -0.004732
2.236639 -7.645916 -0.014975
2.242127 -7.638007 -0.025428
2.247560 -7.630103 -0.036088
2.252937 -7.622205 -0.046952
2.258255 -7.614312 -0.058015
2.263513 -7.606428 -0.069274
2.268707 -7.598552 -0.080724
2.273833 -7.590686 -0.092362
2.278885 -7.582834 -0.104182
2.283857 -7.574997 -0.116179
2.288742 -7.567178 -0.128348
2.293533 -7.559380 -0.140685
2.298255 -7.551597 -0.153192
2.302900 -7.543832 -0.165865
2.307459 -7.536088 -0.178696
2.311921 -7.528369 -0.191679
2.316287 -7.520674 -0.204811
2.320572 -7.513000 -0.218111
2.324792 -7.505339 -0.231597
2.328951 -7.497692 -0.245273
2.333046 -7.490058 -0.259136
2.337069 -7.482440 -0.273183
2.341010 -7.474843 -0.287404
2.344855 -7.467271 -0.301791
2.348589 -7.459731 -0.316337
2.352196 -7.452231 -0.331032
2.355656 -7.444779 -0.345870
2.358944 -7.437387 -0.360844
2.362038 -7.430069 -0.375950
2.365008 -7.422813 -0.391183
2.367950 -7.415603 -0.406538
2.370839 -7.408453 -0.422018
2.373666 -7.401369 -0.437636
2.376413 -7.394358 -0.453391
2.379065 -7.387428 -0.469282
2.381608 -7.380585 -0.485301
2.384030 -7.373832 -0.501443
2.386322 -7.367173 -0.517699
2.388475 -7.360610 -0.534062
2.390485 -7.354145 -0.550525
2.392347 -7.347779 -0.567080
2.394055 -7.341511 -0.583721
2.395609 -7.335342 -0.600439
2.397007 -7.329273 -0.617229
2.398245 -7.323301 -0.634084
2.399324 -7.317428 -0.650997
2.400243 -7.311652 -0.667961
2.401001 -7.305972 -0.684970
2.401596 -7.300389 -0.702016
2.402028 -7.294902 -0.719094
2.402295 -7.289511 -0.736197
2.402394 -7.284216 -0.753320
2.402335 -7.279014 -0.770459
2.402114 -7.273906 -0.787609
2.401732 -7.268891 -0.804765
2.401187 -7.263968 -0.821921
2.400479 -7.259139 -0.839070
2.399609 -7.254400 -0.856206
2.398579 -7.249752 -0.873324
2.397390 -7.245194 -0.890419
2.396043 -7.240724 -0.907485
2.394541 -7.236341 -0.924517
2.392885 -7.232044 -0.941511
2.391078 -7.227832 -0.958460
2.389122 -7.223703 -0.975359
2.387019 -7.219656 -0.992205
2.384771 -7.215691 -1.008991
2.382379 -7.211806 -1.025712
2.379846 -7.208000 -1.042363
2.377173 -7.204273 -1.058939
2.374363 -7.200624 -1.075435
2.371417 -7.197052 -1.091850
2.368352 -7.193555 -1.108186
2.365170 -7.190131 -1.124440
2.361873 -7.186780 -1.140610
2.358462 -7.183501 -1.156688
2.354938 -7.180294 -1.172672
2.351304 -7.177157 -1.188554
2.347560 -7.174091 -1.204331
2.343709 -7.171093 -1.219998
2.339753 -7.168162 -1.235551
2.335694 -7.165297 -1.250984
2.331535 -7.162498 -1.266293
2.327277 -7.159762 -1.281475
2.322922 -7.157089 -1.296525
2.318475 -7.154477 -1.311438
2.313935 -7.151925 -1.326211
2.309308 -7.149433 -1.340838
2.304594 -7.146999 -1.355315
2.299798 -7.144623 -1.369638
2.294923 -7.142304 -1.383805
2.289976 -7.140042 -1.397815
2.284975 -7.137833 -1.411675
2.279925 -7.135676 -1.425386
2.274831 -7.133572 -1.438944
2.269695 -7.131519 -1.452346
2.264520 -7.129518 -1.465586
2.259307 -7.127566 -1.478661
2.254059 -7.125663 -1.491567
2.248777 -7.123807 -1.504299
2.243465 -7.121999 -1.516853
2.238124 -7.120236 -1.529227
2.232756 -7.118517 -1.541415
2.227363 -7.116842 -1.553416
2.221947 -7.115209 -1.565226
2.216512 -7.113617 -1.576840
2.211059 -7.112066 -1.588256
2.205590 -7.110554 -1.599470
2.200109 -7.109081 -1.610479
2.194620 -7.107646 -1.621279
2.189126 -7.106248 -1.631868
2.183634 -7.104888 -1.642246
2.178160 -7.103563 -1.652422
2.172710 -7.102273 -1.662395
2.167289 -7.101018 -1.672164
2.161897 -7.099797 -1.681724
2.156540 -7.098609 -1.691074
2.151217 -7.097454 -1.700209
2.145932 -7.096331 -1.709126
2.140687 -7.095239 -1.717822
2.135483 -7.094176 -1.726295
2.130322 -7.093143 -1.734542
2.125205 -7.092137 -1.742560
2.120134 -7.091159 -1.750347
2.115111 -7.090207 -1.757900
2.110137 -7.089280 -1.765218
2.105215 -7.088378 -1.772297
2.100345 -7.087499 -1.779136
2.095531 -7.086644 -1.785733
2.090775 -7.085811 -1.792084
2.086080 -7.085001 -1.798189
2.081449 -7.084213 -1.804049
2.076894 -7.083445 -1.809670
2.072419 -7.082699 -1.815052
2.068026 -7.081973 -1.820194
2.063718 -7.081267 -1.825095
2.059495 -7.080581 -1.829752
2.055359 -7.079913 -1.834163
2.051311 -7.079264 -1.838326
2.047353 -7.078633 -1.842239
2.043485 -7.078018 -1.845901
2.039708 -7.077420 -1.849310
2.036022 -7.076838 -1.852465
2.032427 -7.076270 -1.855364
2.028926 -7.075717 -1.858005
2.025517 -7.075177 -1.860389
2.022201 -7.074651 -1.862513
2.018980 -7.074138 -1.864375
2.015853 -7.073636 -1.865976
2.012822 -7.073146 -1.867314
2.009887 -7.072667 -1.868389
2.007050 -7.072199 -1.869202
2.004316 -7.071742 -1.869759
2.001685 -7.071294 -1.870061
1.999159 -7.070857 -1.870108
1.996736 -7.070429 -1.869898
1.994418 -7.070010 -1.869432
1.992202 -7.069600 -1.868706
1.990088 -7.069198 -1.867720
1.988075 -7.068805 -1.866472
1.986161 -7.068419 -1.864961
1.984344 -7.068041 -1.863184
1.982621 -7.067672 -1.861141
1.980989 -7.067311 -1.858828
1.979442 -7.066960 -1.856243
1.977976 -7.066620 -1.853385
1.976580 -7.066293 -1.850250
1.975243 -7.065984 -1.846837
1.973973 -7.065693 -1.843151
1.972827 -7.065405 -1.839203
1.971792 -7.065126 -1.834997
1.970854 -7.064862 -1.830534
1.970046 -7.064605 -1.825826
1.969359 -7.064358 -1.820876
1.968785 -7.064123 -1.815683
1.968319 -7.063902 -1.810245
1.967955 -7.063695 -1.804560
1.967691 -7.063501 -1.798627
1.967524 -7.063321 -1.792445
1.967451 -7.063153 -1.786013
1.967471 -7.062997 -1.779330
1.967582 -7.062852 -1.772397
1.967783 -7.062718 -1.765213
1.968071 -7.062594 -1.757777
1.968447 -7.062478 -1.750092
1.968909 -7.062371 -1.742156
1.969455 -7.062272 -1.733971
1.970084 -7.062180 -1.725537
1.970794 -7.062096 -1.716855
1.971583 -7.062020 -1.707928
1.972450 -7.061951 -1.698759
1.973391 -7.061893 -1.689353
1.974433 -7.061838 -1.679725
1.975573 -7.061787 -1.669881
1.976808 -7.061743 -1.659825
1.978136 -7.061705 -1.649558
1.979556 -7.061672 -1.639081
1.981065 -7.061647 -1.628397
1.982662 -7.061627 -1.617507
1.984345 -7.061613 -1.606412
1.986113 -7.061604 -1.595113
1.987965 -7.061601 -1.583612
1.989899 -7.061602 -1.571910
1.991913 -7.061608 -1.560009
1.994006 -7.061618 -1.547911
1.996177 -7.061632 -1.535616
1.998425 -7.061651 -1.523128
2.000747 -7.061673 -1.510448
2.003143 -7.061699 -1.497578
2.005610 -7.061729 -1.484523
2.008148 -7.061765 -1.471286
2.010754 -7.061806 -1.457873
2.013445 -7.061851 -1.444301
2.016218 -7.061900 -1.430575
2.019072 -7.061954 -1.416701
2.022004 -7.062014 -1.402681
2.025013 -7.062080 -1.388517
2.028097 -7.062152 -1.374212
2.031255 -7.062230 -1.359769
2.034484 -7.062315 -1.345188
2.037783 -7.062406 -1.330473
2.041150 -7.062503 -1.315624
2.044583 -7.062607 -1.300644
2.048081 -7.062717 -1.285535
2.051642 -7.062833 -1.270298
2.055264 -7.062956 -1.254937
2.058946 -7.063085 -1.239453
2.062687 -7.063220 -1.223848
2.066485 -7.063361 -1.208127
2.070341 -7.063509 -1.192292
2.074253 -7.063663 -1.176349
2.078221 -7.063824 -1.160305
2.082252 -7.063991 -1.144173
2.086344 -7.064165 -1.127960
2.090496 -7.064346 -1.111672
2.094709 -7.064535 -1.095311
2.098980 -7.064730 -1.078882
2.103309 -7.064934 -1.062386
2.107693 -7.065145 -1.045826
2.112132 -7.065363 -1.029204
2.116623 -7.065590 -1.012523
2.121165 -7.065824 -0.995784
2.125755 -7.066067 -0.978989
2.130394 -7.066317 -0.962141
2.135077 -7.066575 -0.945242
2.139806 -7.066841 -0.928294
2.144577 -7.067115 -0.911299
2.149391 -7.067395 -0.894262
2.154247 -7.067680 -0.877184
2.159146 -7.067971 -0.860071
2.164089 -7.068264 -0.842926
2.169077 -7.068557 -0.825758
2.174118 -7.068847 -0.808576
2.179214 -7.069131 -0.791389
2.184365 -7.069408 -0.774202
2.189573 -7.069677 -0.757017
2.194836 -7.069937 -0.739838
2.200155 -7.070187 -0.722669
2.205527 -7.070428 -0.705511
2.210952 -7.070659 -0.688368
2.216427 -7.070881 -0.671240
2.221952 -7.071095 -0.654130
2.227523 -7.071301 -0.637040
2.233141 -7.071498 -0.619972
2.238803 -7.071689 -0.602928
2.244507 -7.071874 -0.585910
2.250252 -7.072053 -0.568920
2.256037 -7.072227 -0.551961
2.261860 -7.072399 -0.535036
2.267722 -7.072568 -0.518148
2.273621 -7.072737 -0.501302
2.279558 -7.072907 -0.484503
2.285528 -7.073084 -0.467759
2.291529 -7.073268 -0.451077
2.297563 -7.073463 -0.434460
2.303627 -7.073669 -0.417911
2.309722 -7.073888 -0.401435
2.315845 -7.074121 -0.385032
2.321996 -7.074369 -0.368706
2.328173 -7.074635 -0.352458
2.334373 -7.074918 -0.336291
2.340595 -7.075221 -0.320206
2.346837 -7.075545 -0.304205
2.353097 -7.075891 -0.288289
2.359373 -7.076260 -0.272461
2.365664 -7.076655 -0.256723
2.371967 -7.077076 -0.241077
2.378282 -7.077526 -0.225525
2.384606 -7.078006 -0.210070
2.390940 -7.078520 -0.194716
2.397281 -7.079068 -0.179465
2.403630 -7.079656 -0.164323
2.409981 -7.080288 -0.149296
2.416331 -7.080968 -0.134388
2.422682 -7.081698 -0.119604
2.429031 -7.082482 -0.104947
2.435377 -7.083320 -0.090419
2.441719 -7.084216 -0.076023
2.448056 -7.085172 -0.061761
2.454385 -7.086188 -0.047636
2.460704 -7.087267 -0.033649
2.467011 -7.088411 -0.019802
2.473305 -7.089621 -0.006097
2.479583 -7.090900 0.007464
2.485843 -7.092249 0.020879
2.492084 -7.093670 0.034145
2.498302 -7.095165 0.047262
2.504497 -7.096736 0.060225
2.510666 -7.098385 0.073032
2.516808 -7.100114 0.085681
2.522922 -7.101927 0.098167
2.529007 -7.103825 0.110487
2.535056 -7.105813 0.122637
2.541067 -7.107894 0.134613
2.547040 -7.110070 0.146411
2.552973 -7.112345 0.158028
2.558864 -7.114719 0.169461
2.564712 -7.117196 0.180708
2.570513 -7.119777 0.191766
2.576267 -7.122465 0.202632
2.581971 -7.125262 0.213305
2.587622 -7.128169 0.223782
2.593218 -7.131189 0.234061
2.598757 -7.134325 0.244139
2.604237 -7.137577 0.254015
2.609655 -7.140948 0.263686
2.615008 -7.144441 0.273149
2.620296 -7.148058 0.282401
2.625514 -7.151801 0.291440
2.630662 -7.155673 0.300263
2.635736 -7.159676 0.308866
2.640736 -7.163813 0.317247
2.645653 -7.168089 0.325403
2.650486 -7.172506 0.333333
2.655231 -7.177067 0.341033
2.659888 -7.181774 0.348499
2.664453 -7.186630 0.355729
2.668925 -7.191638 0.362720
2.673301 -7.196799 0.369470
2.677578 -7.202116 0.375975
2.681755 -7.207591 0.382234
2.685829 -7.213226 0.388243
2.689798 -7.219024 0.394002
2.693659 -7.224985 0.399506
2.697411 -7.231114 0.404755
2.701050 -7.237411 0.409745
2.704576 -7.243879 0.414474
2.707985 -7.250520 0.418939
2.711276 -7.257336 0.423139
2.714447 -7.264331 0.427070
2.717497 -7.271506 0.430729
2.720423 -7.278864 0.434117
2.723217 -7.286410 0.437236
2.725877 -7.294147 0.440083
2.728401 -7.302076 0.442658
2.730789 -7.310200 0.444959
2.733037 -7.318520 0.446983
2.735146 -7.327039 0.448730
2.737113 -7.335758 0.450197
2.738937 -7.344678 0.451383
2.740618 -7.353800 0.452287
2.742155 -7.363125 0.452909
2.743547 -7.372653 0.453248
2.744794 -7.382385 0.453303
2.745897 -7.392321 0.453073
2.746856 -7.402460 0.452558
2.747672 -7.412802 0.451759
2.748346 -7.423346 0.450674
2.748881 -7.434089 0.449304
2.749280 -7.445031 0.447649
2.749547 -7.456166 0.445710
2.749686 -7.467492 0.443490
2.749694 -7.479003 0.440996
2.749575 -7.490693 0.438233
2.749339 -7.502551 0.435204
2.748995 -7.514561 0.431913
2.748555 -7.526702 0.428373
2.748035 -7.538947 0.424615
2.747485 -7.551249 0.420707
2.746984 -7.563551 0.416749
2.746526 -7.575830 0.412761
2.746109 -7.588075 0.408749
2.745732 -7.600272 0.404717
2.745396 -7.612415 0.400667
2.745103 -7.624497 0.396602
2.744853 -7.636512 0.392527
2.744647 -7.648456 0.388443
2.744485 -7.660326 0.384355
2.744369 -7.672120 0.380265
2.744298 -7.683835 0.376178
2.744272 -7.695471 0.372096
2.744289 -7.707029 0.368024
2.744333 -7.718511 0.363971
2.744399 -7.729919 0.359940
2.744487 -7.741254 0.355935
2.744596 -7.752515 0.351956
2.744726 -7.763704 0.348005
2.744877 -7.774821 0.344081
2.745048 -7.785866 0.340186
2.745240 -7.796842 0.336319
2.745451 -7.807749 0.332479
2.745683 -7.818590 0.328664
2.745935 -7.829369 0.324873
2.746209 -7.840089 0.321100
2.746506 -7.850755 0.317342
2.746828 -7.861375 0.313591
2.747180 -7.871957 0.309840
2.747564 -7.882514 0.306078
2.747982 -7.893059 0.302295
2.748432 -7.903613 0.298478
2.748891 -7.914204 0.294632
2.749316 -7.924865 0.290776
2.749670 -7.935622 0.286908
2.749951 -7.946487 0.283018
2.750163 -7.957471 0.279098
2.750312 -7.968580 0.275138
2.750404 -7.979818 0.271133
2.750442 -7.991191 0.267077
2.750431 -8.002701 0.262968
2.750375 -8.014352 0.258801
2.750276 -8.026146 0.254574
2.750139 -8.038085 0.250286
2.749965 -8.050173 0.245935
2.749760 -8.062412 0.241519
2.749527 -8.074803 0.237038
2.749269 -8.087349 0.232491
2.748994 -8.100051 0.227878
2.748705 -8.112911 0.223198
2.748410 -8.125928 0.218453
2.748115 -8.139103 0.213645
2.747821 -8.152435 0.208778
2.747516 -8.165924 0.203861
2.747136 -8.179579 0.198911
2.746667 -8.193402 0.193937
2.746110 -8.207391 0.188944
2.745471 -8.221547 0.183932
2.744756 -8.235872 0.178902
2.743972 -8.250368 0.173855
2.743124 -8.265038 0.168790
2.742219 -8.279884 0.163707
2.741263 -8.294911 0.158605
2.740264 -8.310120 0.153484
2.739228 -8.325518 0.148342
2.738163 -8.341105 0.143180
2.737079 -8.356886 0.137997
2.735984 -8.372862 0.132793
2.734889 -8.389035 0.127569
2.733806 -8.405406 0.122325
2.732747 -8.421973 0.117065
2.731722 -8.438735 0.111792
2.730729 -8.455688 0.106516
2.729738 -8.472832 0.101253
2.728607 -8.490185 0.096037
2.727303 -8.507745 0.090882
2.725823 -8.525511 0.085796
2.724174 -8.543479 0.080784
2.722367 -8.561649 0.075847
2.720411 -8.580019 0.070986
2.718315 -8.598591 0.066203
2.716090 -8.617365 0.061496
2.713744 -8.636344 0.056866
2.711285 -8.655529 0.052313
2.708722 -8.674921 0.047836
2.706063 -8.694524 0.043436
2.703318 -8.714337 0.039112
2.700495 -8.734363 0.034865
2.697603 -8.754600 0.030697
2.694652 -8.775048 0.026608
2.691651 -8.795704 0.022604
2.688602 -8.816565 0.018688
2.685501 -8.837627 0.014869
2.682307 -8.858887 0.011161
2.678887 -8.880359 0.007597
2.675200 -8.902039 0.004189
2.671238 -8.923923 0.000944
2.667003 -8.946008 -0.002135
2.662499 -8.968289 -0.005044
2.657734 -8.990764 -0.007782
2.652713 -9.013431 -0.010350
2.647444 -9.036289 -0.012746
2.641931 -9.059336 -0.014972
2.636180 -9.082572 -0.017027
2.630198 -9.105995 -0.018912
2.623988 -9.129604 -0.020627
2.617558 -9.153395 -0.022173
2.610912 -9.177367 -0.023548
2.604056 -9.201515 -0.024754
2.596995 -9.225832 -0.025788
2.589732 -9.250311 -0.026648
2.582269 -9.274944 -0.027332
2.574598 -9.299718 -0.027835
2.566691 -9.324622 -0.028148
2.558455 -9.349649 -0.028254
2.549864 -9.374787 -0.028146
2.540913 -9.400023 -0.027824
2.531607 -9.425346 -0.027287
2.521957 -9.450746 -0.026538
2.511977 -9.476212 -0.025583
2.501686 -9.501738 -0.024427
2.491108 -9.527317 -0.023079
2.480271 -9.552943 -0.021550
2.469212 -9.578612 -0.019855
2.457971 -9.604325 -0.018011
2.446583 -9.630089 -0.016040
2.435058 -9.655923 -0.013967
2.423231 -9.681894 -0.011771
2.411076 -9.708034 -0.009473
2.398601 -9.734361 -0.007096
2.385829 -9.760885 -0.004662
2.372783 -9.787611 -0.002189
2.359480 -9.814537 0.000304
2.345923 -9.841662 0.002805
2.332059 -9.868985 0.005320
2.317887 -9.896500 0.007837
2.303415 -9.924200 0.010346
2.288656 -9.952079 0.012833
2.273624 -9.980130 0.015290
2.258329 -10.008348 0.017706
2.242783 -10.036728 0.020073
2.226992 -10.065265 0.022383
2.210965 -10.093954 0.024627
2.194708 -10.122791 0.026799
2.178225 -10.151771 0.028892
2.161521 -10.180890 0.030900
2.144599 -10.210141 0.032815
2.127464 -10.239519 0.034634
2.110119 -10.269017 0.036351
2.092568 -10.298627 0.037959
2.074815 -10.328338 0.039456
2.056868 -10.358138 0.040835
2.038736 -10.388011 0.042093
2.020433 -10.417938 0.043230
2.001959 -10.447895 0.044263
1.983324 -10.477865 0.045191
1.964537 -10.507831 0.046011
1.945601 -10.537783 0.046721
1.926519 -10.567712 0.047316
1.907290 -10.597611 0.047792
1.887914 -10.627475 0.048146
1.868389 -10.657300 0.048374
1.848713 -10.687084 0.048471
1.828885 -10.716823 0.048433
1.808902 -10.746515 0.048256
1.788763 -10.776159 0.047934
1.768466 -10.805751 0.047465
1.748009 -10.835289 0.046841
1.727392 -10.864768 0.046059
1.706618 -10.894183 0.045112
1.685691 -10.923526 0.043995
1.664620 -10.952788 0.042705
1.643425 -10.981953 0.041237
1.622135 -11.011004 0.039595
1.600779 -11.039918 0.037807
1.579384 -11.068678 0.035876
1.557963 -11.097272 0.033800
1.536523 -11.125690 0.031573
1.515066 -11.153927 0.029189
1.493590 -11.181980 0.026640
1.472096 -11.209844 0.023920
1.450581 -11.237520 0.021020
1.429048 -11.265004 0.017929
1.407500 -11.292295 0.014639
1.385949 -11.319389 0.011138
1.364412 -11.346280 0.007417
1.342925 -11.372962 0.003469
1.321547 -11.399421 -0.000709
1.300380 -11.425642 -0.005108
1.279608 -11.451601 -0.009699
1.259394 -11.477280 -0.014460
1.239777 -11.502674 -0.019394
1.220750 -11.527791 -0.024504
1.202241 -11.552654 -0.029738
1.184216 -11.577273 -0.035061
1.166660 -11.601653 -0.040485
1.149560 -11.625797 -0.046021
1.132897 -11.649709 -0.051679
1.116657 -11.673393 -0.057466
1.100824 -11.696854 -0.063386
1.085384 -11.720097 -0.069443
1.070324 -11.743126 -0.075638
1.055634 -11.765946 -0.081973
1.041303 -11.788561 -0.088447
1.027320 -11.810975 -0.095061
1.013679 -11.833192 -0.101814
1.000368 -11.855214 -0.108704
0.987382 -11.877044 -0.115732
0.974710 -11.898684 -0.122894
0.962347 -11.920135 -0.130190
0.950282 -11.941397 -0.137616
0.938510 -11.962467 -0.145170
0.927024 -11.983342 -0.152846
0.915821 -12.004015 -0.160637
0.904898 -12.024481 -0.168514
0.894250 -12.044732 -0.176468
0.883871 -12.064766 -0.184495
0.873753 -12.084579 -0.192591
0.863888 -12.104173 -0.200753
0.854269 -12.123547 -0.208978
0.844890 -12.142702 -0.217264
0.835744 -12.161642 -0.225608
0.826826 -12.180367 -0.234008
0.818129 -12.198882 -0.242462
0.809650 -12.217189 -0.250969
0.801382 -12.235291 -0.259525
0.793321 -12.253192 -0.268129
0.785461 -12.270893 -0.276779
0.777796 -12.288399 -0.285472
0.770322 -12.305710 -0.294206
0.763031 -12.322828 -0.302978
0.755918 -12.339755 -0.311784
0.748977 -12.356488 -0.320621
0.742204 -12.373029 -0.329479
0.735596 -12.389374 -0.338338
0.729149 -12.405525 -0.347188
0.722856 -12.421479 -0.356027
0.716710 -12.437239 -0.364849
0.710706 -12.452806 -0.373653
0.704836 -12.468181 -0.382437
0.699095 -12.483369 -0.391197
0.693479 -12.498372 -0.399933
0.687982 -12.513194 -0.408642
0.682601 -12.527839 -0.417322
0.677332 -12.542310 -0.425972
0.672170 -12.556612 -0.434590
0.667112 -12.570748 -0.443174
0.662154 -12.584722 -0.451723
0.657293 -12.598537 -0.460235
0.652523 -12.612197 -0.468708
0.647842 -12.625703 -0.477139
0.643245 -12.639057 -0.485527
0.638728 -12.652260 -0.493868
0.634290 -12.665311 -0.502157
0.629931 -12.678211 -0.510375
0.625648 -12.690959 -0.518518
0.621444 -12.703552 -0.526581
0.617321 -12.715989 -0.534561
0.613288 -12.728267 -0.542451
0.609367 -12.740382 -0.550242
0.605601 -12.752328 -0.557913
0.602019 -12.764103 -0.565452
0.598641 -12.775702 -0.572849
0.595481 -12.787123 -0.580098
0.592549 -12.798365 -0.587195
0.589856 -12.809427 -0.594136
0.587409 -12.820309 -0.600916
0.585217 -12.831010 -0.607533
0.583286 -12.841530 -0.613981
0.581624 -12.851867 -0.620258
0.580237 -12.862020 -0.626360
0.579133 -12.871988 -0.632281
0.578321 -12.881765 -0.638016
0.577811 -12.891348 -0.643557
0.577620 -12.900731 -0.648887
0.577761 -12.909909 -0.653999
0.578242 -12.918874 -0.658887
0.579064 -12.927624 -0.663544
0.580192 -12.936153 -0.667957
0.581460 -12.944473 -0.672091
0.582709 -12.952589 -0.675911
0.583865 -12.960505 -0.679400
0.584891 -12.968219 -0.682548
0.585768 -12.975732 -0.685350
0.586487 -12.983042 -0.687802
0.587042 -12.990150 -0.689902
0.587432 -12.997057 -0.691649
0.587652 -13.003762 -0.693044
0.587701 -13.010267 -0.694086
0.587578 -13.016572 -0.694778
0.587281 -13.022677 -0.695120
0.586812 -13.028582 -0.695115
0.586174 -13.034287 -0.694764
0.585378 -13.039787 -0.694070
0.584445 -13.045079 -0.693031
0.583384 -13.050161 -0.691650
0.582200 -13.055031 -0.689930
0.580893 -13.059691 -0.687875
0.579462 -13.064142 -0.685490
0.577905 -13.068386 -0.682779
0.576220 -13.072425 -0.679746
0.574404 -13.076264 -0.676397
0.572455 -13.079905 -0.672737
0.570371 -13.083351 -0.668770
0.568150 -13.086608 -0.664504
0.565790 -13.089677 -0.659942
0.563289 -13.092562 -0.655092
0.560647 -13.095267 -0.649959
0.557862 -13.097794 -0.644550
0.554932 -13.100146 -0.638869
0.551858 -13.102325 -0.632923
0.548642 -13.104331 -0.626720
0.545286 -13.106164 -0.620264
0.541801 -13.107823 -0.613562
0.538204 -13.109304 -0.606618
0.534503 -13.110605 -0.599438
0.530704 -13.111727 -0.592030
0.526808 -13.112670 -0.584398
0.522815 -13.113435 -0.576550
0.518726 -13.114024 -0.568493
0.514540 -13.114440 -0.560232
0.510256 -13.114685 -0.551775
0.505875 -13.114762 -0.543128
0.501396 -13.114673 -0.534298
0.496819 -13.114423 -0.525291
0.492144 -13.114013 -0.516114
0.487372 -13.113447 -0.506773
0.482501 -13.112727 -0.497276
0.477534 -13.111856 -0.487629
0.472470 -13.110835 -0.477838
0.467311 -13.109666 -0.467910
0.462059 -13.108351 -0.457851
0.456719 -13.106889 -0.447669
0.451299 -13.105280 -0.437369
0.445813 -13.103523 -0.426956
0.440270 -13.101616 -0.416438
0.434674 -13.099560 -0.405820
0.429028 -13.097356 -0.395109
0.423332 -13.095004 -0.384310
0.417587 -13.092505 -0.373431
0.411794 -13.089863 -0.362477
0.405953 -13.087078 -0.351454
0.400064 -13.084152 -0.340368
0.394127 -13.081086 -0.329227
0.388142 -13.077882 -0.318036
0.382110 -13.074541 -0.306802
0.376030 -13.071063 -0.295533
0.369901 -13.067449 -0.284236
0.363721 -13.063700 -0.272917
0.357480 -13.059821 -0.261572
0.351173 -13.055812 -0.250205
0.344801 -13.051674 -0.238822
0.338366 -13.047406 -0.227432
0.331874 -13.043007 -0.216040
0.325334 -13.038475 -0.204651
0.318751 -13.033811 -0.193271
0.312131 -13.029014 -0.181907
0.305476 -13.024085 -0.170563
0.298787 -13.019024 -0.159245
0.292068 -13.013831 -0.147957
0.285320 -13.008509 -0.136705
0.278545 -13.003058 -0.125492
0.271745 -12.997480 -0.114323
0.264921 -12.991776 -0.103200
0.258075 -12.985947 -0.092129
0.251209 -12.979996 -0.081112
0.244325 -12.973924 -0.070152
0.237424 -12.967732 -0.059254
0.230509 -12.961423 -0.048419
0.223581 -12.954999 -0.037652
0.216642 -12.948460 -0.026955
0.209695 -12.941810 -0.016330
0.202742 -12.935050 -0.005781
0.195786 -12.928183 0.004690
0.188833 -12.921212 0.015082
0.181887 -12.914139 0.025394
0.174950 -12.906966 0.035623
0.168024 -12.899694 0.045766
0.161112 -12.892327 0.055822
0.154216 -12.884865 0.065788
0.147337 -12.877310 0.075662
0.140477 -12.869663 0.085443
0.133638 -12.861927 0.095129
0.126823 -12.854102 0.104717
0.120031 -12.846190 0.114207
0.113266 -12.838192 0.123597
0.106528 -12.830111 0.132886
0.099820 -12.821948 0.142072
0.093143 -12.813704 0.151153
0.086498 -12.805382 0.160130
0.079886 -12.796984 0.169001
0.073310 -12.788514 0.177765
0.066769 -12.779973 0.186421
0.060265 -12.771365 0.194969
0.053799 -12.762696 0.203410
0.047371 -12.753968 0.211743
0.040982 -12.745185 0.219968
0.034633 -12.736350 0.228085
0.028326 -12.727463 0.236092
0.022062 -12.718528 0.243990
0.015842 -12.709546 0.251778
0.009668 -12.700519 0.259456
0.003540 -12.691447 0.267022
-0.002539 -12.682332 0.274477
-0.008570 -12.673176 0.281820
-0.014550 -12.663979 0.289052
-0.020478 -12.654744 0.296172
-0.026354 -12.645471 0.303179
-0.032176 -12.636163 0.310075
-0.037943 -12.626821 0.316858
-0.043656 -12.617447 0.323529
-0.049312 -12.608045 0.330089
-0.054914 -12.598618 0.336538
-0.060460 -12.589170 0.342876
-0.065954 -12.579706 0.349106
-0.071396 -12.570231 0.355229
-0.076787 -12.560747 0.361244
-0.082125 -12.551258 0.367153
-0.087411 -12.541766 0.372955
-0.092644 -12.532271 0.378652
-0.097823 -12.522777 0.384244
-0.102947 -12.513283 0.389730
-0.108016 -12.503792 0.395112
-0.113028 -12.494304 0.400390
-0.117983 -12.484819 0.405565
-0.122880 -12.475340 0.410636
-0.127719 -12.465867 0.415604
-0.132497 -12.456401 0.420470
-0.137215 -12.446943 0.425234
-0.141873 -12.437495 0.429897
-0.146469 -12.428059 0.434460
-0.151005 -12.418637 0.438923
-0.155479 -12.409232 0.443288
-0.159893 -12.399848 0.447556
-0.164250 -12.390489 0.451728
-0.168550 -12.381158 0.455807
-0.172794 -12.371859 0.459793
-0.176981 -12.362594 0.463686
-0.181113 -12.353364 0.467489
-0.185187 -12.344171 0.471201
-0.189204 -12.335016 0.474823
-0.193163 -12.325900 0.478357
-0.197063 -12.316822 0.481803
-0.200904 -12.307784 0.485161
-0.204685 -12.298787 0.488432
-0.208406 -12.289830 0.491618
-0.212067 -12.280914 0.494718
-0.215665 -12.272040 0.497734
-0.219202 -12.263209 0.500666
-0.222677 -12.254420 0.503516
-0.226089 -12.245676 0.506283
-0.229439 -12.236978 0.508970
-0.232726 -12.228327 0.511577
-0.235951 -12.219726 0.514105
-0.239117 -12.211179 0.516557
-0.242225 -12.202688 0.518933
-0.245275 -12.194254 0.521234
-0.248267 -12.185879 0.523463
-0.251200 -12.177564 0.525618
-0.254075 -12.169309 0.527703
-0.256891 -12.161116 0.529716
-0.259647 -12.152984 0.531660
-0.262344 -12.144914 0.533535
-0.264980 -12.136905 0.535341
-0.267556 -12.128958 0.537080
-0.270071 -12.121073 0.538751
-0.272525 -12.113249 0.540357
-0.274916 -12.105488 0.541898
-0.277246 -12.097789 0.543374
-0.279514 -12.090152 0.544786
-0.281719 -12.082579 0.546136
-0.283862 -12.075070 0.547424
-0.285943 -12.067626 0.548652
-0.287963 -12.060249 0.549820
-0.289925 -12.052941 0.550930
-0.291831 -12.045705 0.551983
-0.293681 -12.038541 0.552981
-0.295476 -12.031449 0.553924
-0.297214 -12.024432 0.554814
-0.298896 -12.017488 0.555650
-0.300521 -12.010618 0.556435
-0.302091 -12.003822 0.557168
-0.303603 -11.997100 0.557850
-0.305058 -11.990451 0.558482
-0.306456 -11.983877 0.559064
-0.307797 -11.977375 0.559599
-0.309079 -11.970947 0.560085
-0.310304 -11.964591 0.560523
-0.311470 -11.958309 0.560916
-0.312578 -11.952100 0.561262
-0.313629 -11.945964 0.561564
-0.314621 -11.939902 0.561822
-0.315557 -11.933915 0.562036
-0.316437 -11.928004 0.562209
-0.317265 -11.922170 0.562340
-0.318044 -11.916415 0.562433
-0.318775 -11.910739 0.562486
-0.319456 -11.905143 0.562502
-0.320089 -11.899627 0.562480
-0.320673 -11.894192 0.562423
-0.321209 -11.888836 0.562329
-0.321697 -11.883561 0.562200
-0.322135 -11.878364 0.562037
-0.322525 -11.873247 0.561840
-0.322865 -11.868209 0.561610
-0.323157 -11.863249 0.561346
-0.323399 -11.858367 0.561051
-0.323592 -11.853563 0.560723
-0.323735 -11.848836 0.560365
-0.323829 -11.844186 0.559976
-0.323874 -11.839612 0.559557
-0.323870 -11.835115 0.559110
-0.323819 -11.830695 0.558634
-0.323722 -11.826352 0.558130
-0.323585 -11.822086 0.557601
-0.323408 -11.817897 0.557046
-0.323194 -11.813786 0.556466
-0.322943 -11.809752 0.555863
-0.322654 -11.805795 0.555236
-0.322328 -11.801915 0.554586
-0.321966 -11.798111 0.553914
-0.321567 -11.794383 0.553221
-0.321130 -11.790730 0.552506
-0.320657 -11.787152 0.551770
-0.320146 -11.783648 0.551014
-0.319599 -11.780218 0.550238
-0.319014 -11.776860 0.549442
-0.318391 -11.773574 0.548627
-0.317732 -11.770360 0.547794
-0.317035 -11.767217 0.546942
-0.316302 -11.764143 0.546072
-0.315532 -11.761139 0.545186
-0.314728 -11.758203 0.544283
-0.313891 -11.755335 0.543364
-0.313026 -11.752533 0.542430
-0.312136 -11.749796 0.541482
-0.311221 -11.747124 0.540520
-0.310284 -11.744516 0.539546
-0.309323 -11.741972 0.538559
-0.308339 -11.739489 0.537559
-0.307332 -11.737068 0.536548
-0.306302 -11.734708 0.535526
-0.305249 -11.732409 0.534492
-0.304173 -11.730169 0.533448
-0.303074 -11.727987 0.532394
-0.301952 -11.725864 0.531329
-0.300807 -11.723798 0.530254
-0.299638 -11.721788 0.529170
-0.298447 -11.719835 0.528077
-0.297232 -11.717936 0.526975
-0.295995 -11.716090 0.525865
-0.294737 -11.714298 0.524747
-0.293457 -11.712557 0.523622
-0.292159 -11.710867 0.522489
-0.290848 -11.709224 0.521351
-0.289526 -11.707629 0.520207
-0.288195 -11.706080 0.519057
-0.286855 -11.704576 0.517903
-0.285506 -11.703116 0.516745
-0.284149 -11.701699 0.515583
-0.282783 -11.700325 0.514417
-0.281410 -11.698992 0.513247
-0.280028 -11.697700 0.512074
-0.278637 -11.696448 0.510898
-0.277239 -11.695236 0.509720
-0.275831 -11.694063 0.508539
-0.274416 -11.692929 0.507356
-0.272991 -11.691832 0.506170
-0.271559 -11.690772 0.504983
-0.270118 -11.689748 0.503795
-0.268669 -11.688760 0.502605
-0.267212 -11.687807 0.501414
-0.265749 -11.686888 0.500223
-0.264281 -11.686002 0.499032
-0.262814 -11.685147 0.497842
-0.261350 -11.684323 0.496652
-0.259889 -11.683529 0.495463
-0.258433 -11.682763 0.494275
-0.256981 -11.682027 0.493089
-0.255533 -11.681318 0.491905
-0.254090 -11.680636 0.490724
-0.252652 -11.679980 0.489544
-0.251218 -11.679351 0.488367
-0.249789 -11.678748 0.487193
-0.248364 -11.678170 0.486022
-0.246943 -11.677617 0.484854
-0.245527 -11.677088 0.483689
-0.244114 -11.676583 0.482528
-0.242706 -11.676102 0.481370
-0.241301 -11.675644 0.480216
-0.239901 -11.675209 0.479066
-0.238505 -11.674797 0.477920
-0.237114 -11.674407 0.476779
-0.235730 -11.674038 0.475642
-0.234357 -11.673691 0.474510
-0.232995 -11.673364 0.473383
-0.231645 -11.673059 0.472261
-0.230309 -11.672773 0.471145
-0.228985 -11.672508 0.470035
-0.227675 -11.672262 0.468930
-0.226377 -11.672035 0.467831
-0.225092 -11.671828 0.466738
-0.223819 -11.671639 0.465652
-0.222560 -11.671469 0.464572
-0.221312 -11.671317 0.463498
-0.220076 -11.671183 0.462431
-0.218853 -11.671067 0.461370
-0.217641 -11.670969 0.460317
-0.216441 -11.670888 0.459270
-0.215253 -11.670824 0.458230
-0.214076 -11.670777 0.457198
-0.212911 -11.670747 0.456172
-0.211757 -11.670734 0.455154
-0.210615 -11.670738 0.454143
-0.209489 -11.670759 0.453139
-0.208379 -11.670796 0.452143
-0.207284 -11.670850 0.451154
-0.206206 -11.670920 0.450172
-0.205143 -11.671007 0.449197
-0.204096 -11.671111 0.448231
-0.203065 -11.671230 0.447272
-0.202050 -11.671366 0.446320
-0.201049 -11.671517 0.445377
-0.200064 -11.671684 0.444441
-0.199093 -11.671866 0.443513
-0.198137 -11.672064 0.442593
-0.197196 -11.672277 0.441682
-0.196269 -11.672505 0.440778
-0.195355 -11.672749 0.439882
-0.194456 -11.673006 0.438995
-0.193569 -11.673279 0.438115
-0.192696 -11.673566 0.437244
-0.191837 -11.673867 0.436381
-0.190990 -11.674183 0.435526
-0.190159 -11.674512 0.434679
-0.189343 -11.674856 0.433839
-0.188542 -11.675213 0.433007
-0.187757 -11.675584 0.432183
-0.186985 -11.675968 0.431365
-0.186229 -11.676366 0.430556
-0.185487 -11.676777 0.429754
-0.184758 -11.677202 0.428959
-0.184044 -11.677639 0.428172
-0.183343 -11.678089 0.427393
-0.182656 -11.678552 0.426621
-0.181981 -11.679027 0.425858
-0.181320 -11.679515 0.425101
-0.180671 -11.680015 0.424353
-0.180035 -11.680528 0.423612
-0.179411 -11.681052 0.422879
-0.178799 -11.681589 0.422153
-0.178199 -11.682136 0.421435
-0.177610 -11.682696 0.420725
-0.177032 -11.683266 0.420022
-0.176467 -11.683847 0.419326
-0.175915 -11.684438 0.418637
-0.175375 -11.685039 0.417954
-0.174847 -11.685651 0.417278
-0.174331 -11.686272 0.416608
-0.173826 -11.686902 0.415945
-0.173333 -11.687543 0.415288
-0.172851 -11.688192 0.414638
-0.172380 -11.688851 0.413994
-0.171919 -11.689519 0.413357
-0.171469 -11.690196 0.412726
-0.171030 -11.690882 0.412102
-0.170600 -11.691576 0.411485
-0.170181 -11.692279 0.410873
-0.169772 -11.692991 0.410269
-0.169372 -11.693711 0.409670
-0.168981 -11.694440 0.409079
-0.168600 -11.695176 0.408493
-0.168228 -11.695921 0.407914
-0.167865 -11.696673 0.407341
-0.167513 -11.697432 0.406774
-0.167171 -11.698197 0.406213
-0.166840 -11.698970 0.405657
-0.166519 -11.699749 0.405107
-0.166208 -11.700534 0.404562
-0.165907 -11.701325 0.404022
-0.165615 -11.702122 0.403488
-0.165333 -11.702926 0.402960
-0.165061 -11.703735 0.402437
-0.164798 -11.704550 0.401919
-0.164544 -11.705371 0.401407
-0.164300 -11.706198 0.400900
-0.164065 -11.707030 0.400399
-0.163838 -11.707868 0.399903
-0.163621 -11.708712 0.399412
-0.163412 -11.709561 0.398927
-0.163212 -11.710416 0.398448
-0.163021 -11.711276 0.397973
-0.162838 -11.712141 0.397505
-0.162665 -11.713012 0.397041
-0.162503 -11.713887 0.396583
-0.162351 -11.714768 0.396129
-0.162210 -11.715653 0.395681
-0.162080 -11.716543 0.395237
-0.161962 -11.717437 0.394799
-0.161854 -11.718336 0.394365
-0.161756 -11.719240 0.393937
-0.161670 -11.720148 0.393513
-0.161595 -11.721061 0.393095
-0.161530 -11.721979 0.392681
-0.161476 -11.722901 0.392273
-0.161432 -11.723828 0.391869
-0.161399 -11.724759 0.391470
-0.161377 -11.725695 0.391076
-0.161365 -11.726635 0.390688
-0.161364 -11.727580 0.390304
-0.161373 -11.728530 0.389925
-0.161394 -11.729484 0.389551
-0.161425 -11.730443 0.389182
-0.161467 -11.731406 0.388819
-0.161521 -11.732374 0.388460
-0.161588 -11.733346 0.388105
-0.161668 -11.734322 0.387756
-0.161761 -11.735304 0.387412
-0.161867 -11.736289 0.387072
-0.161985 -11.737279 0.386737
-0.162116 -11.738273 0.386407
-0.162261 -11.739272 0.386082
-0.162418 -11.740276 0.385762
-0.162588 -11.741283 0.385447
-0.162771 -11.742296 0.385137
-0.162967 -11.743313 0.384831
-0.163176 -11.744334 0.384530
-0.163398 -11.745360 0.384234
-0.163633 -11.746391 0.383943
-0.163881 -11.747426 0.383657
-0.164142 -11.748465 0.383376
-0.164415 -11.749509 0.383099
-0.164702 -11.750557 0.382827
-0.165002 -11.751610 0.382560
-0.165315 -11.752666 0.382298
-0.165642 -11.753727 0.382041
-0.165983 -11.754791 0.381789
-0.166337 -11.755859 0.381541
-0.166705 -11.756931 0.381298
-0.167086 -11.758007 0.381060
-0.167481 -11.759086 0.380826
-0.167890 -11.760170 0.380598
-0.168312 -11.761256 0.380374
-0.168748 -11.762347 0.380155
-0.169198 -11.763441 0.379940
-0.169661 -11.764539 0.379731
-0.170138 -11.765641 0.379526
-0.170629 -11.766746 0.379326
-0.171134 -11.767855 0.379130
-0.171652 -11.768967 0.378939
-0.172184 -11.770083 0.378753
-0.172729 -11.771202 0.378572
-0.173288 -11.772324 0.378395
-0.173860 -11.773449 0.378223
-0.174444 -11.774577 0.378055
-0.175041 -11.775707 0.377892
-0.175649 -11.776838 0.377733
-0.176269 -11.777972 0.377579
-0.176901 -11.779107 0.377429
-0.177545 -11.780244 0.377284
-0.178200 -11.781383 0.377143
-0.178867 -11.782523 0.377007
-0.179546 -11.783664 0.376875
-0.180237 -11.784808 0.376747
-0.180939 -11.785952 0.376624
-0.181654 -11.787098 0.376505
-0.182380 -11.788246 0.376390
-0.183118 -11.789395 0.376280
-0.183868 -11.790545 0.376174
-0.184630 -11.791696 0.376072
-0.185403 -11.792848 0.375975
-0.186188 -11.794001 0.375882
-0.186984 -11.795154 0.375792
-0.187791 -11.796307 0.375707
-0.188606 -11.797460 0.375626
-0.189430 -11.798613 0.375549
-0.190263 -11.799764 0.375476
-0.191103 -11.800914 0.375407
-0.191952 -11.802062 0.375342
-0.192808 -11.803209 0.375281
-0.193672 -11.804355 0.375223
-0.194544 -11.805498 0.375170
-0.195423 -11.806640 0.375120
-0.196311 -11.807780 0.375074
-0.197207 -11.808919 0.375032
-0.198111 -11.810055 0.374993
-0.199023 -11.811190 0.374958
-0.199943 -11.812323 0.374927
-0.200871 -11.813454 0.374899
-0.201807 -11.814582 0.374875
-0.202751 -11.815709 0.374855
-0.203703 -11.816833 0.374838
-0.204663 -11.817955 0.374825
-0.205628 -11.819074 0.374815
-0.206599 -11.820190 0.374808
-0.207574 -11.821302 0.374805
-0.208553 -11.822410 0.374806
-0.209535 -11.823515 0.374809
-0.210521 -11.824616 0.374816
-0.211510 -11.825713 0.374826
-0.212503 -11.826806 0.374840
-0.213499 -11.827895 0.374857
-0.214498 -11.828980 0.374877
-0.215501 -11.830060 0.374900
-0.216508 -11.831137 0.374926
-0.217519 -11.832209 0.374955
-0.218534 -11.833278 0.374987
-0.219553 -11.834342 0.375023
-0.220576 -11.835402 0.375061
-0.221603 -11.836458 0.375103
-0.222634 -11.837510 0.375147
-0.223669 -11.838558 0.375195
-0.224707 -11.839601 0.375245
-0.225748 -11.840640 0.375298
-0.226790 -11.841674 0.375354
-0.227832 -11.842704 0.375413
-0.228874 -11.843729 0.375475
-0.229916 -11.844749 0.375540
-0.230957 -11.845764 0.375608
-0.231998 -11.846775 0.375679
-0.233039 -11.847780 0.375753
-0.234079 -11.848781 0.375829
-0.235120 -11.849777 0.375908
-0.236160 -11.850767 0.375990
-0.237201 -11.851754 0.376075
-0.238242 -11.852735 0.376162
-0.239284 -11.853711 0.376252
-0.240326 -11.854683 0.376345
-0.241369 -11.855650 0.376440
-0.242413 -11.856612 0.376538
-0.243458 -11.857569 0.376638
-0.244503 -11.858521 0.376740
-0.245549 -11.859468 0.376846
-0.246594 -11.860410 0.376953
-0.247637 -11.861346 0.377063
-0.248677 -11.862277 0.377176
-0.249714 -11.863203 0.377291
-0.250747 -11.864122 0.377408
-0.251778 -11.865037 0.377528
-0.252805 -11.865945 0.377651
-0.253829 -11.866848 0.377776
-0.254849 -11.867744 0.377903
-0.255867 -11.868636 0.378032
-0.256883 -11.869521 0.378164
-0.257896 -11.870400 0.378297
-0.258906 -11.871274 0.378433
-0.259915 -11.872142 0.378571
-0.260921 -11.873004 0.378711
-0.261926 -11.873859 0.378853
-0.262929 -11.874709 0.378997
-0.263930 -11.875553 0.379143
-0.264930 -11.876390 0.379290
-0.265927 -11.877221 0.379440
-0.266922 -11.878045 0.379591
-0.267912 -11.878861 0.379744
-0.268897 -11.879670 0.379899
-0.269876 -11.880471 0.380056
-0.270850 -11.881265 0.380215
-0.271818 -11.882050 0.380375
-0.272781 -11.882826 0.380537
-0.273739 -11.883595 0.380701
-0.274692 -11.884355 0.380866
-0.275639 -11.885107 0.381033
-0.276583 -11.885850 0.381201
-0.277521 -11.886584 0.381371
-0.278455 -11.887310 0.381542
-0.279386 -11.888027 0.381714
-0.280312 -11.888736 0.381888
-0.281235 -11.889435 0.382063
-0.282153 -11.890125 0.382238
-0.283069 -11.890806 0.382415
-0.283981 -11.891477 0.382593
-0.284889 -11.892138 0.382772
-0.285792 -11.892789 0.382951
-0.286690 -11.893429 0.383132
-0.287580 -11.894057 0.383313
-0.288464 -11.894674 0.383496
-0.289340 -11.895278 0.383679
-0.290209 -11.895870 0.383863
-0.291071 -11.896450 0.384048
-0.291926 -11.897017 0.384234
-0.292774 -11.897571 0.384420
-0.293617 -11.898113 0.384607
-0.294453 -11.898641 0.384794
-0.295283 -11.899156 0.384981
-0.296107 -11.899658 0.385169
-0.296926 -11.900147 0.385357
-0.297739 -11.900622 0.385546
-0.298547 -11.901083 0.385734
-0.299350 -11.901530 0.385922
-0.300149 -11.901963 0.386111
-0.300942 -11.902381 0.386299
-0.301730 -11.902783 0.386487
-0.302513 -11.903170 0.386675
-0.303288 -11.903541 0.386863
-0.304055 -11.903894 0.387050
-0.304814 -11.904229 0.387238
-0.305565 -11.904547 0.387425
-0.306308 -11.904845 0.387612
-0.307043 -11.905126 0.387798
-0.307770 -11.905387 0.387984
-0.308489 -11.905629 0.388170
-0.309201 -11.905851 0.388355
-0.309906 -11.906055 0.388539
-0.310604 -11.906238 0.388722
-0.311296 -11.906402 0.388905
-0.311981 -11.906545 0.389086
-0.312659 -11.906669 0.389267
-0.313332 -11.906772 0.389446
-0.313999 -11.906854 0.389625
-0.314660 -11.906914 0.389802
-0.315315 -11.906954 0.389978
-0.315964 -11.906971 0.390153
-0.316607 -11.906965 0.390326
-0.317242 -11.906936 0.390499
-0.317869 -11.906882 0.390670
-0.318487 -11.906804 0.390840
-0.319096 -11.906700 0.391008
-0.319696 -11.906571 0.391176
-0.320288 -11.906416 0.391342
-0.320873 -11.906234 0.391506
-0.321449 -11.906026 0.391669
-0.322017 -11.905792 0.391830
-0.322578 -11.905530 0.391990
-0.323131 -11.905241 0.392148
-0.323678 -11.904925 0.392304
-0.324217 -11.904582 0.392459
-0.324750 -11.904211 0.392611
-0.325277 -11.903811 0.392761
-0.325797 -11.903383 0.392910
-0.326311 -11.902927 0.393056
-0.326818 -11.902441 0.393200
-0.327320 -11.901926 0.393342
-0.327815 -11.901380 0.393482
-0.328302 -11.900803 0.393620
-0.328780 -11.900195 0.393756
-0.329250 -11.899554 0.393890
-0.329711 -11.898881 0.394022
-0.330164 -11.898175 0.394152
-0.330608 -11.897436 0.394279
-0.331044 -11.896663 0.394405
-0.331473 -11.895856 0.394529
-0.331893 -11.895015 0.394650
-0.332307 -11.894140 0.394768
-0.332713 -11.893230 0.394885
-0.333112 -11.892285 0.394999
-0.333504 -11.891306 0.395110
-0.333889 -11.890290 0.395219
-0.334269 -11.889240 0.395326
-0.334641 -11.888153 0.395429
-0.335008 -11.887030 0.395530
-0.335369 -11.885871 0.395628
-0.335724 -11.884674 0.395724
-0.336073 -11.883440 0.395817
-0.336414 -11.882169 0.395907
-0.336747 -11.880858 0.395995
-0.337073 -11.879509 0.396081
-0.337391 -11.878121 0.396164
-0.337701 -11.876693 0.396245
-0.338004 -11.875225 0.396324
-0.338299 -11.873717 0.396400
-0.338588 -11.872169 0.396473
-0.338870 -11.870580 0.396544
-0.339146 -11.868950 0.396612
-0.339415 -11.867278 0.396677
-0.339677 -11.865565 0.396740
-0.339934 -11.863811 0.396800
-0.340185 -11.862014 0.396857
-0.340431 -11.860174 0.396911
-0.340671 -11.858292 0.396963
-0.340906 -11.856367 0.397011
-0.341136 -11.854399 0.397056
-0.341361 -11.852386 0.397099
-0.341581 -11.850330 0.397138
-0.341794 -11.848230 0.397175
-0.342001 -11.846085 0.397210
-0.342201 -11.843895 0.397241
-0.342395 -11.841660 0.397271
-0.342583 -11.839379 0.397297
-0.342765 -11.837051 0.397321
-0.342941 -11.834678 0.397343
-0.343112 -11.832258 0.397362
-0.343277 -11.829791 0.397378
-0.343437 -11.827276 0.397391
-0.343592 -11.824714 0.397401
-0.343742 -11.822103 0.397409
-0.343887 -11.819444 0.397413
-0.344028 -11.816736 0.397415
-0.344164 -11.813979 0.397414
-0.344296 -11.811172 0.397409
-0.344424 -11.808316 0.397402
-0.344548 -11.805408 0.397392
-0.344668 -11.802450 0.397378
-0.344784 -11.799440 0.397362
-0.344894 -11.796379 0.397343
-0.345000 -11.793265 0.397321
-0.345100 -11.790099 0.397296
-0.345195 -11.786879 0.397269
-0.345284 -11.783606 0.397239
-0.345369 -11.780279 0.397207
-0.345448 -11.776897 0.397171
-0.345524 -11.773460 0.397133
-0.345594 -11.769968 0.397092
-0.345660 -11.766419 0.397048
-0.345722 -11.762814 0.397001
-0.345780 -11.759152 0.396952
-0.345833 -11.755433 0.396899
-0.345883 -11.751655 0.396843
-0.345929 -11.747819 0.396784
-0.345971 -11.743923 0.396722
-0.346010 -11.739968 0.396657
-0.346046 -11.735952 0.396589
-0.346078 -11.731875 0.396518
-0.346106 -11.727737 0.396443
-0.346129 -11.723536 0.396366
-0.346147 -11.719272 0.396286
-0.346161 -11.714944 0.396203
-0.346169 -11.710552 0.396117
-0.346173 -11.706095 0.396028
-0.346172 -11.701572 0.395936
-0.346166 -11.696983 0.395841
-0.346155 -11.692326 0.395744
-0.346140 -11.687602 0.395643
-0.346121 -11.682810 0.395539
-0.346098 -11.677948 0.395432
-0.346070 -11.673017 0.395322
-0.346038 -11.668016 0.395209
-0.346002 -11.662943 0.395093
-0.345963 -11.657799 0.394973
-0.345919 -11.652582 0.394850
-0.345872 -11.647291 0.394724
-0.345821 -11.641927 0.394595
-0.345767 -11.636487 0.394462
-0.345708 -11.630972 0.394326
-0.345644 -11.625380 0.394187
-0.345576 -11.619710 0.394044
-0.345502 -11.613962 0.393899
-0.345423 -11.608135 0.393750
-0.345339 -11.602227 0.393598
-0.345250 -11.596239 0.393443
-0.345156 -11.590169 0.393285
-0.345057 -11.584016 0.393123
-0.344953 -11.577780 0.392958
-0.344845 -11.571460 0.392790
-0.344732 -11.565055 0.392619
-0.344614 -11.558564 0.392444
-0.344492 -11.551986 0.392265
-0.344366 -11.545321 0.392084
-0.344235 -11.538567 0.391898
-0.344101 -11.531724 0.391710
-0.343962 -11.524791 0.391518
-0.343819 -11.517766 0.391322
-0.343672 -11.510650 0.391123
-0.343521 -11.503441 0.390920
-0.343365 -11.496138 0.390715
-0.343205 -11.488740 0.390505
-0.343040 -11.481247 0.390293
-0.342871 -11.473656 0.390077
-0.342698 -11.465969 0.389858
-0.342521 -11.458183 0.389636
-0.342339 -11.450297 0.389411
-0.342153 -11.442311 0.389182
-0.341963 -11.434224 0.388950
-0.341768 -11.426035 0.388714
-0.341570 -11.417742 0.388475
-0.341368 -11.409345 0.388233
-0.341161 -11.400843 0.387987
-0.340951 -11.392236 0.387737
-0.340737 -11.383521 0.387484
-0.340518 -11.374698 0.387228
-0.340296 -11.365767 0.386968
-0.340070 -11.356725 0.386704
-0.339839 -11.347573 0.386437
-0.339605 -11.338309 0.386166
-0.339366 -11.328933 0.385891
-0.339124 -11.319443 0.385613
-0.338877 -11.309839 0.385331
-0.338626 -11.300119 0.385045
-0.338371 -11.290283 0.384755
-0.338111 -11.280331 0.384462
-0.337848 -11.270260 0.384164
-0.337580 -11.260071 0.383863
-0.337307 -11.249763 0.383557
-0.337030 -11.239336 0.383248
-0.336749 -11.228788 0.382935
-0.336463 -11.218119 0.382617
-0.336172 -11.207329 0.382295
-0.335877 -11.196419 0.381969
-0.335577 -11.185388 0.381639
-0.335272 -11.174236 0.381304
-0.334964 -11.162966 0.380964
-0.334650 -11.151577 0.380621
-0.334333 -11.140073 0.380273
-0.334012 -11.128457 0.379921
-0.333687 -11.116733 0.379566
-0.333359 -11.104903 0.379208
-0.333028 -11.092970 0.378847
-0.332694 -11.080936 0.378484
-0.332358 -11.068802 0.378118
-0.332018 -11.056568 0.377749
-0.331675 -11.044234 0.377377
-0.331329 -11.031801 0.377002
-0.330980 -11.019268 0.376623
-0.330628 -11.006636 0.376242
-0.330273 -10.993905 0.375857
-0.329914 -10.981073 0.375469
-0.329552 -10.968142 0.375077
-0.329186 -10.955112 0.374682
-0.328816 -10.941982 0.374283
-0.328443 -10.928753 0.373881
-0.328067 -10.915427 0.373474
-0.327687 -10.902004 0.373064
-0.327304 -10.888488 0.372650
-0.326918 -10.874880 0.372233
-0.326530 -10.861185 0.371813
-0.326138 -10.847406 0.371391
-0.325745 -10.833545 0.370966
-0.325349 -10.819603 0.370540
-0.324950 -10.805581 0.370111
-0.324550 -10.791480 0.369679
-0.324146 -10.777300 0.369245
-0.323741 -10.763041 0.368808
-0.323333 -10.748702 0.368369
-0.322922 -10.734284 0.367927
-0.322509 -10.719785 0.367482
-0.322092 -10.705207 0.367034
-0.321673 -10.690549 0.366583
-0.321251 -10.675810 0.366129
-0.320826 -10.660992 0.365672
-0.320398 -10.646093 0.365212
-0.319968 -10.631116 0.364748
-0.319535 -10.616061 0.364281
-0.319099 -10.600931 0.363811
-0.318660 -10.585728 0.363338
-0.318220 -10.570456 0.362863
-0.317777 -10.555117 0.362385
-0.317332 -10.539714 0.361906
-0.316886 -10.524248 0.361425
-0.316437 -10.508718 0.360942
-0.315986 -10.493126 0.360457
-0.315534 -10.477472 0.359970
-0.315079 -10.461756 0.359480
-0.314622 -10.445977 0.358988
-0.314164 -10.430134 0.358494
-0.313703 -10.414228 0.357998
-0.313239 -10.398259 0.357498
-0.312774 -10.382225 0.356997
-0.312306 -10.366126 0.356492
-0.311835 -10.349963 0.355985
-0.311362 -10.333736 0.355475
-0.310887 -10.317446 0.354962
-0.310410 -10.301093 0.354447
-0.309931 -10.284680 0.353928
-0.309450 -10.268209 0.353407
-0.308967 -10.251683 0.352884
-0.308482 -10.235105 0.352360
-0.307995 -10.218476 0.351834
-0.307507 -10.201798 0.351306
-0.307017 -10.185070 0.350777
-0.306526 -10.168295 0.350246
-0.306033 -10.151470 0.349713
-0.305538 -10.134596 0.349178
-0.305042 -10.117672 0.348641
-0.304544 -10.100699 0.348103
-0.304044 -10.083675 0.347562
-0.303542 -10.066600 0.347019
-0.303039 -10.049473 0.346473
-0.302533 -10.032295 0.345926
-0.302026 -10.015064 0.345376
-0.301516 -9.997782 0.344823
-0.301005 -9.980449 0.344269
-0.300493 -9.963066 0.343711
-0.299978 -9.945634 0.343152
-0.299463 -9.928155 0.342590
-0.298946 -9.910634 0.342027
-0.298427 -9.893071 0.341462
-0.297907 -9.875469 0.340896
-0.297385 -9.857828 0.340328
-0.296862 -9.840149 0.339759
-0.296338 -9.822433 0.339189
-0.295812 -9.804677 0.338617
-0.295286 -9.786884 0.338044
-0.294757 -9.769051 0.337468
-0.294228 -9.751178 0.336891
-0.293697 -9.733265 0.336312
-0.293164 -9.715311 0.335732
-0.292630 -9.697315 0.335149
-0.292095 -9.679278 0.334564
-0.291557 -9.661198 0.333978
-0.291019 -9.643077 0.333389
-0.290479 -9.624914 0.332798
-0.289938 -9.606710 0.332206
-0.289396 -9.588468 0.331611
-0.288853 -9.570188 0.331014
-0.288309 -9.551874 0.330416
-0.287763 -9.533528 0.329817
-0.287216 -9.515150 0.329216
-0.286668 -9.496743 0.328615
-0.286119 -9.478306 0.328012
-0.285568 -9.459839 0.327408
-0.285017 -9.441342 0.326802
-0.284465 -9.422815 0.326195
-0.283911 -9.404257 0.325587
-0.283357 -9.385667 0.324977
-0.282801 -9.367045 0.324365
-0.282244 -9.348390 0.323752
-0.281686 -9.329701 0.323137
-0.281126 -9.310978 0.322521
-0.280566 -9.292221 0.321902
-0.280004 -9.273430 0.321282
-0.279442 -9.254605 0.320661
-0.278879 -9.235746 0.320037
-0.278315 -9.216856 0.319412
-0.277751 -9.197937 0.318785
-0.277185 -9.178990 0.318157
-0.276619 -9.160017 0.317527
-0.276051 -9.141021 0.316897
-0.275481 -9.122001 0.316266
-0.274911 -9.102958 0.315633
-0.274341 -9.083891 0.315000
-0.273769 -9.064802 0.314365
-0.273196 -9.045688 0.313729
-0.272623 -9.026550 0.313091
-0.272049 -9.007387 0.312452
-0.271474 -8.988197 0.311812
-0.270898 -8.968981 0.311170
-0.270321 -8.949738 0.310527
-0.269743 -8.930467 0.309883
-0.269164 -8.911168 0.309237
-0.268585 -8.891841 0.308589
-0.268005 -8.872486 0.307940
-0.267425 -8.853104 0.307290
-0.266844 -8.833697 0.306637
-0.266263 -8.814265 0.305984
-0.265681 -8.794812 0.305329
-0.265098 -8.775339 0.304673
-0.264514 -8.755847 0.304017
-0.263929 -8.736337 0.303359
-0.263343 -8.716810 0.302700
-0.262756 -8.697264 0.302041
-0.262169 -8.677700 0.301380
-0.261581 -8.658118 0.300717
-0.260992 -8.638516 0.300054
-0.260403 -8.618894 0.299389
-0.259813 -8.599251 0.298723
-0.259222 -8.579587 0.298056
-0.258630 -8.559900 0.297388
-0.258038 -8.540191 0.296718
-0.257445 -8.520459 0.296047
-0.256852 -8.500704 0.295375
-0.256259 -8.480926 0.294702
-0.255665 -8.461126 0.294027
-0.255072 -8.441306 0.293350
-0.254478 -8.421466 0.292673
-0.253884 -8.401609 0.291994
-0.253288 -8.381737 0.291314
-0.252692 -8.361850 0.290634
-0.252094 -8.341949 0.289952
-0.251496 -8.322035 0.289270
-0.250897 -8.302107 0.288586
-0.250297 -8.282166 0.287902
-0.249697 -8.262210 0.287216
-0.249097 -8.242238 0.286529
-0.248496 -8.222251 0.285840
-0.247894 -8.202248 0.285151
-0.247292 -8.182227 0.284461
-0.246689 -8.162188 0.283769
-0.246086 -8.142130 0.283076
-0.245483 -8.122054 0.282383
-0.244879 -8.101959 0.281688
-0.244275 -8.081846 0.280992
-0.243671 -8.061715 0.280294
-0.243068 -8.041567 0.279596
-0.242465 -8.021404 0.278896
-0.241861 -8.001227 0.278195
-0.241256 -7.981039 0.277494
-0.240650 -7.960840 0.276791
-0.240042 -7.940630 0.276088
-0.239435 -7.920411 0.275383
-0.238826 -7.900182 0.274677
-0.238217 -7.879942 0.273970
-0.237608 -7.859692 0.273263
-0.236999 -7.839429 0.272554
-0.236389 -7.819155 0.271843
-0.235778 -7.798868 0.271132
-0.235167 -7.778567 0.270420
-0.234556 -7.758252 0.269707
-0.233945 -7.737922 0.268993
-0.233333 -7.717576 0.268277
-0.232721 -7.697216 0.267561
-0.232109 -7.676841 0.266844
-0.231498 -7.656451 0.266126
-0.230887 -7.636048 0.265406
-0.230277 -7.615634 0.264686
-0.229665 -7.595210 0.263965
-0.229053 -7.574776 0.263242
-0.228439 -7.554335 0.262519
-0.227825 -7.533887 0.261795
-0.227210 -7.513433 0.261069
-0.226594 -7.492971 0.260343
-0.225978 -7.472502 0.259615
-0.225362 -7.452026 0.258887
-0.224745 -7.431541 0.258157
-0.224128 -7.411047 0.257426
-0.223511 -7.390543 0.256694
-0.222894 -7.370029 0.255962
-0.222276 -7.349503 0.255228
-0.221658 -7.328967 0.254493
-0.221040 -7.308418 0.253758
-0.220421 -7.287857 0.253022
-0.219804 -7.267285 0.252284
-0.219187 -7.246701 0.251546
-0.218570 -7.226108 0.250807
-0.217954 -7.205506 0.250067
-0.217337 -7.184897 0.249327
-0.216719 -7.164282 0.248585
-0.216100 -7.143663 0.247842
-0.215480 -7.123039 0.247098
-0.214859 -7.102411 0.246353
-0.214238 -7.081779 0.245607
-0.213617 -7.061143 0.244859
-0.212995 -7.040502 0.244111
-0.212373 -7.019856 0.243362
-0.211751 -6.999203 0.242611
-0.211129 -6.978544 0.241860
-0.210506 -6.957877 0.241108
-0.209883 -6.937202 0.240355
-0.209260 -6.916519 0.239601
-0.208637 -6.895826 0.238846
-0.208014 -6.875125 0.238091
-0.207392 -6.854415 0.237335
-0.206770 -6.833698 0.236579
-0.206150 -6.812973 0.235821
-0.205530 -6.792244 0.235063
-0.204909 -6.771509 0.234304
-0.204286 -6.750772 0.233543
-0.203663 -6.730032 0.232782
-0.203039 -6.709291 0.232020
-0.202414 -6.688549 0.231256
-0.201789 -6.667805 0.230492
-0.201163 -6.647060 0.229726
-0.200537 -6.626313 0.228959
-0.199911 -6.605564 0.228191
-0.199285 -6.584811 0.227423
-0.198659 -6.564055 0.226653
-0.198032 -6.543293 0.225883
-0.197406 -6.522527 0.225112
-0.196779 -6.501755 0.224340
-0.196153 -6.480977 0.223568
-0.195526 -6.460194 0.222795
-0.194901 -6.439405 0.222022
-0.194276 -6.418611 0.221248
-0.193652 -6.397813 0.220474
-0.193029 -6.377013 0.219698
-0.192405 -6.356211 0.218922
-0.191780 -6.335409 0.218145
-0.191153 -6.314608 0.217367
-0.190526 -6.293808 0.216588
-0.189898 -6.273009 0.215808
-0.189270 -6.252212 0.215026
-0.188642 -6.231417 0.214244
-0.188013 -6.210622 0.213460
-0.187384 -6.189828 0.212676
-0.186755 -6.169034 0.211891
-0.186127 -6.148239 0.211105
-0.185497 -6.127442 0.210319
-0.184868 -6.106643 0.209532
-0.184239 -6.085841 0.208744
-0.183611 -6.065037 0.207956
-0.182982 -6.044231 0.207168
-0.182355 -6.023422 0.206380
-0.181728 -6.002611 0.205591
-0.181102 -5.981800 0.204802
-0.180478 -5.960989 0.204012
-0.179852 -5.940180 0.203221
-0.179225 -5.919373 0.202430
-0.178597 -5.898570 0.201637
-0.177968 -5.877772 0.200844
-0.177339 -5.856978 0.200049
-0.176710 -5.836189 0.199254
-0.176080 -5.815404 0.198457
-0.175450 -5.794624 0.197660
-0.174820 -5.773847 0.196862
-0.174190 -5.753073 0.196063
-0.173560 -5.732301 0.195264
-0.172930 -5.711531 0.194464
-0.172300 -5.690762 0.193664
-0.171671 -5.669994 0.192863
-0.171041 -5.649227 0.192063
-0.170413 -5.628461 0.191262
-0.169785 -5.607696 0.190462
-0.169158 -5.586932 0.189661
-0.168532 -5.566172 0.188861
-0.167907 -5.545416 0.188060
-0.167281 -5.524665 0.187258
-0.166655 -5.503919 0.186456
-0.166027 -5.483180 0.185653
-0.165399 -5.462450 0.184848
-0.164770 -5.441727 0.184043
-0.164141 -5.421012 0.183237
-0.163512 -5.400306 0.182431
-0.162882 -5.379607 0.181623
-0.162253 -5.358915 0.180815
-0.161624 -5.338230 0.180007
-0.160995 -5.317551 0.179198
-0.160366 -5.296877 0.178390
-0.159738 -5.276209 0.177581
-0.159109 -5.255545 0.176772
-0.158482 -5.234885 0.175964
-0.157855 -5.214231 0.175155
-0.157229 -5.193581 0.174348
-0.156604 -5.172937 0.173540
-0.155980 -5.152300 0.172733
-0.155357 -5.131671 0.171926
-0.154734 -5.111051 0.171118
-0.154110 -5.090441 0.170310
-0.153485 -5.069841 0.169501
-0.152859 -5.049253 0.168692
-0.152233 -5.028678 0.167882
-0.151607 -5.008114 0.167071
-0.150981 -4.987563 0.166260
-0.150355 -4.967023 0.165448
-0.149729 -4.946495 0.164636
-0.149104 -4.925977 0.163824
-0.148479 -4.905470 0.163012
-0.147854 -4.884973 0.162201
-0.147229 -4.864485 0.161390
-0.146605 -4.844006 0.160579
-0.145982 -4.823536 0.159769
-0.145360 -4.803076 0.158960
-0.144738 -4.782625 0.158151
-0.144118 -4.762184 0.157344
-0.143500 -4.741755 0.156537
-0.142882 -4.721339 0.155730
-0.142264 -4.700936 0.154924
-0.141646 -4.680548 0.154118
-0.141027 -4.660175 0.153311
-0.140407 -4.639818 0.152504
-0.139788 -4.619479 0.151696
-0.139168 -4.599156 0.150888
-0.138549 -4.578850 0.150081
-0.137930 -4.558561 0.149273
-0.137311 -4.538289 0.148465
-0.136693 -4.518032 0.147658
-0.136075 -4.497791 0.146852
-0.135458 -4.477564 0.146046
-0.134841 -4.457353 0.145241
-0.134225 -4.437156 0.144437
-0.133611 -4.416973 0.143634
-0.132997 -4.396805 0.142833
-0.132384 -4.376651 0.142034
-0.131773 -4.356514 0.141235
-0.131164 -4.336394 0.140439
-0.130556 -4.316293 0.139643
-0.129948 -4.296210 0.138847
-0.129339 -4.276147 0.138052
-0.128730 -4.256105 0.137258
-0.128121 -4.236086 0.136463
-0.127512 -4.216089 0.135669
-0.126904 -4.196115 0.134874
-0.126295 -4.176164 0.134081
-0.125688 -4.156236 0.133288
-0.125081 -4.136330 0.132495
-0.124475 -4.116447 0.131704
-0.123869 -4.096584 0.130914
-0.123265 -4.076744 0.130126
-0.122661 -4.056924 0.129339
-0.122059 -4.037125 0.128554
-0.121457 -4.017347 0.127771
-0.120857 -3.997590 0.126990
-0.120259 -3.977854 0.126211
-0.119662 -3.958142 0.125434
-0.119067 -3.938453 0.124660
-0.118474 -3.918790 0.123887
-0.117881 -3.899152 0.123116
-0.117288 -3.879541 0.122346
-0.116695 -3.859959 0.121576
-0.116102 -3.840405 0.120807
-0.115509 -3.820881 0.120039
-0.114918 -3.801388 0.119273
-0.114327 -3.781925 0.118507
-0.113737 -3.762491 0.117743
-0.113148 -3.743088 0.116980
-0.112560 -3.723714 0.116219
-0.111973 -3.704370 0.115460
-0.111387 -3.685055 0.114703
-0.110803 -3.665768 0.113949
-0.110220 -3.646510 0.113198
-0.109638 -3.627281 0.112449
-0.109059 -3.608081 0.111704
-0.108481 -3.588911 0.110961
-0.107905 -3.569772 0.110222
-0.107331 -3.550665 0.109486
-0.106759 -3.531593 0.108753
-0.106188 -3.512554 0.108021
-0.105618 -3.493550 0.107292
-0.105047 -3.474583 0.106564
-0.104478 -3.455654 0.105838
-0.103909 -3.436764 0.105113
-0.103342 -3.417913 0.104390
-0.102775 -3.399102 0.103670
-0.102210 -3.380329 0.102951
-0.101646 -3.361596 0.102235
-0.101084 -3.342902 0.101522
-0.100523 -3.324246 0.100812
-0.099964 -3.305629 0.100105
-0.099407 -3.287051 0.099402
-0.098851 -3.268511 0.098702
-0.098298 -3.250010 0.098006
-0.097746 -3.231547 0.097314
-0.097197 -3.213125 0.096627
-0.096650 -3.194744 0.095943
-0.096106 -3.176406 0.095264
-0.095564 -3.158112 0.094589
-0.095022 -3.139863 0.093917
-0.094483 -3.121659 0.093247
-0.093944 -3.103503 0.092580
-0.093406 -3.085397 0.091915
-0.092869 -3.067340 0.091254
-0.092334 -3.049333 0.090595
-0.091801 -3.031377 0.089939
-0.091270 -3.013472 0.089286
-0.090740 -2.995617 0.088637
-0.090213 -2.977813 0.087991
-0.089687 -2.960060 0.087350
-0.089163 -2.942357 0.086713
-0.088642 -2.924705 0.086080
-0.088123 -2.907104 0.085452
-0.087606 -2.889553 0.084830
-0.087092 -2.872055 0.084212
-0.086581 -2.854609 0.083600
-0.086072 -2.837217 0.082993
-0.085566 -2.819880 0.082391
-0.085063 -2.802602 0.081794
-0.084561 -2.785380 0.081202
-0.084062 -2.768219 0.080613
-0.083563 -2.751119 0.080027
-0.083067 -2.734081 0.079445
-0.082572 -2.717107 0.078867
-0.082080 -2.700198 0.078292
-0.081589 -2.683354 0.077721
-0.081101 -2.666574 0.077155
-0.080616 -2.649861 0.076593
-0.080132 -2.633212 0.076036
-0.079652 -2.616629 0.075483
-0.079173 -2.600112 0.074936
-0.078698 -2.583661 0.074395
-0.078225 -2.567276 0.073859
-0.077755 -2.550958 0.073330
-0.077289 -2.534707 0.072806
-0.076825 -2.518525 0.072289
-0.076365 -2.502413 0.071778
-0.075907 -2.486373 0.071274
-0.075453 -2.470407 0.070775
-0.075001 -2.454515 0.070281
-0.074551 -2.438701 0.069791
-0.074104 -2.422965 0.069306
-0.073659 -2.407309 0.068825
-0.073216 -2.391735 0.068348
-0.072776 -2.376243 0.067875
-0.072339 -2.360834 0.067408
-0.071904 -2.345509 0.066945
-0.071472 -2.330267 0.066487
-0.071043 -2.315110 0.066035
-0.070618 -2.300038 0.065588
-0.070195 -2.285050 0.065148
-0.069775 -2.270148 0.064713
-0.069359 -2.255332 0.064285
-0.068946 -2.240602 0.063863
-0.068537 -2.225960 0.063448
-0.068131 -2.211407 0.063039
-0.067729 -2.196945 0.062638
-0.067330 -2.182576 0.062243
-0.066934 -2.168303 0.061854
-0.066542 -2.154125 0.061470
-0.066152 -2.140046 0.061090
-0.065765 -2.126068 0.060715
-0.065381 -2.112193 0.060344
-0.065000 -2.098421 0.059977
-0.064622 -2.084756 0.059615
-0.064248 -2.071196 0.059257
-0.063876 -2.057744 0.058904
-0.063508 -2.044399 0.058556
-0.063144 -2.031163 0.058213
-0.062783 -2.018036 0.057875
-0.062425 -2.005018 0.057543
-0.062071 -1.992111 0.057216
-0.061721 -1.979315 0.056895
-0.061374 -1.966632 0.056580
-0.061031 -1.954063 0.056271
-0.060693 -1.941609 0.055968
-0.060358 -1.929272 0.055670
-0.060027 -1.917056 0.055378
-0.059699 -1.904962 0.055091
-0.059375 -1.892992 0.054808
-0.059055 -1.881150 0.054528
-0.058738 -1.869436 0.054251
-0.058424 -1.857855 0.053976
-0.058114 -1.846407 0.053704
-0.057807 -1.835094 0.053434
-0.057504 -1.823918 0.053167
-0.057205 -1.812880 0.052902
-0.056910 -1.801981 0.052640
-0.056618 -1.791221 0.052380
-0.056330 -1.780602 0.052124
-0.056046 -1.770125 0.051870
-0.055767 -1.759792 0.051618
-0.055491 -1.749603 0.051370
-0.055219 -1.739559 0.051124
-0.054952 -1.729664 0.050880
-0.054689 -1.719918 0.050639
-0.054431 -1.710325 0.050401
-0.054176 -1.700887 0.050163
-0.053925 -1.691609 0.049926
-0.053678 -1.682490 0.049689
-0.053436 -1.673536 0.049450
-0.053198 -1.664748 0.049209
-0.052963 -1.656131 0.048965
-0.052733 -1.647685 0.048718
-0.052506 -1.639414 0.048468
-0.052284 -1.631320 0.048214
-0.052066 -1.623403 0.047956
-0.051852 -1.615665 0.047695
-0.051643 -1.608109 0.047430
-0.051439 -1.600735 0.047160
-0.051239 -1.593545 0.046885
-0.051043 -1.586542 0.046605
-0.050853 -1.579726 0.046319
-0.050667 -1.573100 0.046028
-0.050486 -1.566667 0.045731
-0.050310 -1.560429 0.045426
-0.050140 -1.554388 0.045114
-0.049974 -1.548549 0.044793
-0.049812 -1.542916 0.044462
-0.049656 -1.537491 0.044120
-0.049506 -1.532278 0.043764
-0.049360 -1.527280 0.043394
-0.049220 -1.522501 0.043009
-0.049085 -1.517943 0.042607
-0.048955 -1.513610 0.042189
-0.048831 -1.509503 0.041754
-0.048712 -1.505624 0.041299
-0.048600 -1.501976 0.040826
-0.048493 -1.498560 0.040333
-0.048392 -1.495377 0.039818
-0.048298 -1.492429 0.039282
-0.048210 -1.489719 0.038722
-0.048128 -1.487247 0.038139
-0.048053 -1.485016 0.037531
-0.047985 -1.483027 0.036896
-0.047923 -1.481281 0.036234
-0.047867 -1.479782 0.035543
-0.047818 -1.478532 0.034822
-0.047774 -1.477533 0.034068
-0.047736 -1.476785 0.033280
-0.047705 -1.476291 0.032454
-0.047678 -1.476050 0.031590
-0.047654 -1.476065 0.030687
-0.047634 -1.476334 0.029744
-0.047616 -1.476855 0.028760
-0.047598 -1.477627 0.027736
-0.047579 -1.478648 0.026672
-0.047556 -1.479915 0.025570
-0.047526 -1.481426 0.024433
-0.047487 -1.483180 0.023266
-0.047433 -1.485178 0.022077
-0.047362 -1.487424 0.020875
-0.047268 -1.489928 0.019676
-0.047146 -1.492709 0.018504
-0.046991 -1.495797 0.017391
-0.046800 -1.499246 0.016380
-0.046569 -1.503136 0.015538
-0.046294 -1.507596 0.014954
-0.045966 -1.512823 0.014755
-0.045625 -1.518900 0.015167