-0.000000 -0.000000 0.000000 -0.000000 0.000000 0.000000 -0.000000
0.309076 0.030557 0.729312 -0.319095 -0.686318 0.115166 -0.020808
0.682504 0.072420 1.449802 -0.714184 -1.379773 0.210887 -0.057039
1.051492 0.122716 2.168915 -1.144497 -2.079710 0.292647 -0.095760
1.391647 0.179349 2.891511 -1.595980 -2.786305 0.364305 -0.133560
1.694585 0.240482 3.621037 -2.062332 -3.500460 0.427937 -0.169270
1.958908 0.304316 4.360189 -2.542323 -4.223502 0.484608 -0.203099
2.198543 0.369088 5.111261 -3.029575 -4.957276 0.534931 -0.232511
2.419882 0.433664 5.861701 -3.515345 -5.689505 0.579342 -0.258213
2.630664 0.496751 6.613591 -3.998927 -6.422006 0.618564 -0.279840
2.837303 0.557164 7.368987 -4.480525 -7.156569 0.653240 -0.297383
3.044517 0.613828 8.129933 -4.960481 -7.894958 0.684039 -0.310983
3.256014 0.665701 8.898336 -5.440503 -8.639009 0.711438 -0.321092
3.477465 0.711763 9.676158 -5.922347 -9.390641 0.735587 -0.327703
3.712063 0.751150 10.465373 -6.406814 -10.151740 0.756935 -0.330622
3.958328 0.784249 11.253399 -6.887702 -10.910120 0.775308 -0.331011
4.218017 0.810580 12.042248 -7.365963 -11.667663 0.791037 -0.328692
4.493326 0.829616 12.833883 -7.843606 -12.426268 0.804320 -0.323852
4.786770 0.840817 13.630236 -8.323040 -13.187848 0.815311 -0.316786
5.101462 0.843622 14.433371 -8.806939 -13.954357 0.823911 -0.307551
5.439065 0.837860 15.245305 -9.295324 -14.727613 0.830662 -0.296007
5.799751 0.823325 16.068042 -9.788071 -15.509486 0.835995 -0.281995
6.181610 0.801535 16.889239 -10.278417 -16.287881 0.839386 -0.266464
6.586275 0.772504 17.710985 -10.766561 -17.064707 0.841102 -0.249057
7.015586 0.736117 18.535375 -11.253660 -17.841881 0.841230 -0.229710
7.470579 0.692268 19.364495 -11.740745 -18.621315 0.839887 -0.208363
7.950615 0.640955 20.200099 -12.227901 -19.404908 0.837547 -0.185237
8.457639 0.581612 21.044476 -12.717759 -20.194644 0.834134 -0.159943
8.988793 0.516075 21.885368 -13.205060 -20.978611 0.828887 -0.133624
9.543497 0.444231 22.724722 -13.690981 -21.758752 0.822116 -0.106150
10.121336 0.365776 23.564530 -14.177728 -22.537009 0.813878 -0.077667
10.721740 0.280322 24.406789 -14.667853 -23.315328 0.804169 -0.048394
11.343952 0.187418 25.253488 -15.164122 -24.095660 0.792961 -0.018561
11.987019 0.086628 26.106529 -15.669198 -24.879975 0.780347 0.011663
12.649614 -0.021426 26.961885 -16.183524 -25.670144 0.766918 0.042860
13.327802 -0.135539 27.816930 -16.700383 -26.454428 0.751987 0.073743
14.020997 -0.255163 28.671802 -17.218431 -27.234690 0.736152 0.104631
14.728885 -0.379959 29.526164 -17.737045 -28.012819 0.719876 0.135553
15.450999 -0.509835 30.381067 -18.256692 -28.790756 0.703425 0.166290
16.187324 -0.644956 31.236192 -18.779369 -29.570428 0.686982 0.196895
16.936884 -0.785450 32.091666 -19.306457 -30.353763 0.670794 0.227260
17.697849 -0.931153 32.947622 -19.838212 -31.142643 0.655311 0.257583
18.465859 -1.080530 33.803141 -20.369545 -31.925567 0.639675 0.286845
19.239066 -1.233283 34.658360 -20.900760 -32.704416 0.624260 0.315285
20.016168 -1.389357 35.513415 -21.433182 -33.481111 0.609218 0.342875
20.795988 -1.548751 36.368438 -21.968304 -34.257577 0.594660 0.369541
21.577286 -1.711425 37.223562 -22.507380 -35.035729 0.580745 0.395265
22.358348 -1.877058 38.078913 -23.050563 -35.817443 0.567915 0.420250
23.135735 -2.043680 38.931678 -23.593146 -36.591443 0.555066 0.443677
23.908519 -2.210315 39.778102 -24.135217 -37.359557 0.542368 0.465995
24.675797 -2.377043 40.619780 -24.678011 -38.123704 0.530028 0.487136
25.436844 -2.544073 41.458412 -25.223006 -38.885783 0.518127 0.507024
26.190982 -2.711648 42.295677 -25.771641 -39.647684 0.506752 0.525584
26.937438 -2.879962 43.133193 -26.325022 -40.411292 0.496081 0.542789
27.675030 -3.048842 43.972181 -26.883125 -41.178487 0.486726 0.558668
28.402588 -3.215224 44.802966 -27.441506 -41.938137 0.476873 0.573155
29.119305 -3.378889 45.626904 -28.000141 -42.692112 0.467072 0.586341
29.824868 -3.540032 46.445649 -28.560045 -43.442277 0.457476 0.598236
30.519117 -3.698975 47.260847 -29.122482 -44.190495 0.448175 0.608794
31.201904 -3.856072 48.074102 -29.688666 -44.938623 0.439270 0.617966
31.872953 -4.011606 48.886928 -30.259461 -45.688509 0.430971 0.625732
32.531630 -4.165457 49.700357 -30.834644 -46.442002 0.423921 0.632057
33.177872 -4.314763 50.505733 -31.410190 -47.188239 0.416150 0.637194
33.811312 -4.459383 51.304222 -31.985821 -47.929055 0.408265 0.641174
34.431920 -4.599584 52.097349 -32.562152 -48.666279 0.400505 0.644018
35.039716 -4.735696 52.886627 -33.139846 -49.401727 0.393084 0.645730
35.634554 -4.867903 53.673495 -33.719043 -50.137201 0.386337 0.646359
36.215842 -4.995877 54.459045 -34.298465 -50.874518 0.380895 0.645918
36.784524 -5.117295 55.235494 -34.875120 -51.603107 0.374708 0.644862
37.340898 -5.232516 56.003773 -35.449599 -52.324786 0.368290 0.643034
37.885341 -5.342182 56.765322 -36.022961 -53.041357 0.361772 0.640359
38.418200 -5.446913 57.521630 -36.596224 -53.754582 0.355292 0.636800
38.939809 -5.547312 58.274134 -37.170348 -54.466232 0.348989 0.632304
39.450390 -5.643866 59.024144 -37.745954 -55.178064 0.343106 0.626812
39.949974 -5.736620 59.772400 -38.322738 -55.891839 0.338268 0.620162
40.439787 -5.823344 60.512298 -38.897492 -56.597292 0.332393 0.613158
40.920003 -5.904118 61.244720 -39.469921 -57.296165 0.326072 0.605693
41.390936 -5.979467 61.970985 -40.040599 -57.990186 0.319549 0.597722
41.852946 -6.050040 62.692438 -40.610359 -58.681072 0.312984 0.589178
42.306342 -6.116488 63.410365 -41.180004 -59.370536 0.306550 0.579980
42.751309 -6.179336 64.125914 -41.750040 -60.060282 0.300514 0.570029
43.187918 -6.238686 64.839649 -42.320166 -60.752017 0.295476 0.559089
43.617576 -6.292666 65.545926 -42.887587 -61.435814 0.289403 0.548190
44.040421 -6.341410 66.245432 -43.452007 -62.113364 0.282876 0.537143
44.456626 -6.385455 66.939301 -44.013867 -62.786341 0.276172 0.525858
44.866359 -6.425415 67.628682 -44.573779 -63.456407 0.269512 0.514231
45.269721 -6.461810 68.314594 -45.132163 -64.125218 0.263181 0.502134
45.666788 -6.494762 68.997494 -45.688756 -64.794432 0.257741 0.489282
46.059014 -6.522703 69.672552 -46.241127 -65.454493 0.251242 0.476868
46.446536 -6.545799 70.340348 -46.789054 -66.107035 0.244221 0.464652
46.829472 -6.564589 71.001914 -47.332999 -66.753672 0.236937 0.452514
47.207944 -6.579715 71.658332 -47.873647 -67.396003 0.229575 0.440333
47.582035 -6.591797 72.310634 -48.411665 -68.035621 0.222322 0.427978
47.951768 -6.601326 72.959703 -48.947483 -68.674107 0.215438 0.415284
48.317191 -6.608425 73.605883 -49.480916 -69.313046 0.209426 0.401927
48.679697 -6.611808 74.245137 -50.009881 -69.943264 0.202453 0.389244
49.039360 -6.611628 74.877904 -50.534206 -70.566324 0.195008 0.376950
49.396174 -6.608375 75.505061 -51.054312 -71.183767 0.187343 0.364888
49.750121 -6.602619 76.127539 -51.570811 -71.797122 0.179645 0.352910
50.101147 -6.594912 76.746223 -52.084304 -72.407909 0.172099 0.340858
50.449162 -6.585681 77.361846 -52.595178 -73.017640 0.164954 0.328534
50.794153 -6.575028 77.974640 -53.103281 -73.627830 0.158663 0.315586
51.137353 -6.561899 78.581225 -53.606804 -74.229720 0.151543 0.303443
51.478748 -6.546418 79.181900 -54.105581 -74.824804 0.144044 0.291784
51.818200 -6.528982 79.777359 -54.599934 -75.414554 0.136425 0.280411
52.155544 -6.510038 80.368336 -55.090302 -76.000430 0.128896 0.269140
52.490611 -6.489947 80.955441 -55.577000 -76.583886 0.121709 0.257750
52.823347 -6.468791 81.538844 -56.059899 -77.166370 0.115268 0.245881
53.154852 -6.445710 82.115693 -56.537429 -77.739572 0.108042 0.235001
53.485085 -6.420817 82.686229 -57.009489 -78.304917 0.100426 0.224778
53.813878 -6.394471 83.251066 -57.476427 -78.863805 0.092643 0.215007
54.141038 -6.367091 83.810890 -57.938750 -79.417622 0.084864 0.205503
54.466360 -6.339077 84.366355 -58.396952 -79.967743 0.077254 0.196077
54.789648 -6.310726 84.917977 -58.851367 -80.515534 0.070023 0.186501
55.110829 -6.282087 85.465878 -59.301922 -81.062356 0.063515 0.176417
55.430854 -6.252462 86.007690 -59.747272 -81.600356 0.056359 0.167317
55.749653 -6.221919 86.543582 -60.187345 -82.130871 0.048896 0.158866
56.067018 -6.190737 87.074052 -60.622454 -82.655219 0.041328 0.150843
56.382710 -6.159246 87.599670 -61.053046 -83.174700 0.033810 0.143054
56.696482 -6.127755 88.120974 -61.479553 -83.690605 0.026493 0.135302
57.008108 -6.096488 88.638377 -61.902267 -84.204216 0.019568 0.127348
57.317487 -6.065461 89.151948 -62.321117 -84.716811 0.013333 0.118840
57.625408 -6.034100 89.659693 -62.734925 -85.221022 0.006583 0.111254
57.931768 -6.002433 90.161705 -63.143602 -85.718103 -0.000381 0.104251
58.236327 -5.970653 90.658351 -63.547377 -86.209290 -0.007365 0.097596
58.538820 -5.938984 91.150043 -63.946558 -86.695802 -0.014209 0.091070
58.839009 -5.907591 91.637107 -64.341369 -87.178851 -0.020732 0.084431
59.136787 -5.876478 92.119584 -64.731744 -87.659638 -0.026672 0.077340
59.432828 -5.845181 92.595792 -65.116664 -88.131313 -0.033086 0.071222
59.727035 -5.813722 93.065810 -65.496078 -88.595050 -0.039718 0.065757
60.019189 -5.782267 93.529971 -65.870234 -89.052003 -0.046408 0.060720
60.309047 -5.751020 93.988677 -66.239483 -89.503308 -0.053032 0.055915
60.596368 -5.720169 94.442314 -66.604169 -89.950088 -0.059471 0.051144
60.880945 -5.689842 94.891172 -66.964530 -90.393458 -0.065580 0.046180
61.162693 -5.660027 95.335292 -67.320532 -90.834518 -0.071145 0.040711
61.442191 -5.630350 95.773276 -67.671309 -91.266943 -0.077079 0.036104
61.719358 -5.600811 96.205183 -68.016825 -91.691807 -0.083169 0.032060
61.994002 -5.571527 96.631286 -68.357293 -92.110169 -0.089277 0.028363
62.265902 -5.542646 97.051920 -68.693018 -92.523071 -0.095296 0.024823
62.534841 -5.514305 97.467405 -69.024293 -92.931541 -0.101124 0.021249
62.800632 -5.486593 97.877977 -69.351318 -93.336598 -0.106636 0.017424
63.063197 -5.459482 98.283658 -69.674054 -93.739250 -0.111650 0.013058
63.323015 -5.432674 98.683264 -69.991744 -94.133714 -0.116942 0.009433
63.580008 -5.406150 99.076818 -70.304333 -94.520973 -0.122326 0.006265
63.833999 -5.379983 99.464513 -70.611970 -94.901991 -0.127680 0.003340
64.084795 -5.354262 99.846580 -70.914857 -95.277719 -0.132898 0.000461
64.332229 -5.329049 100.223198 -71.213140 -95.649095 -0.137866 -0.002583
64.576228 -5.304318 100.594382 -71.506784 -96.017043 -0.142430 -0.006062
64.817198 -5.279838 100.959134 -71.795144 -96.376355 -0.147244 -0.008796
65.055074 -5.255594 101.317487 -72.078191 -96.727925 -0.152157 -0.011042
65.289713 -5.231650 101.669628 -72.356085 -97.072632 -0.157069 -0.012989
65.520950 -5.208094 102.015798 -72.629057 -97.411334 -0.161903 -0.014806
65.748627 -5.185006 102.356233 -72.897330 -97.744877 -0.166584 -0.016658
65.972618 -5.162433 102.691110 -73.161062 -98.074094 -0.171026 -0.018727
66.192877 -5.140351 103.020458 -73.420240 -98.399806 -0.175105 -0.021247
66.409752 -5.118582 103.343459 -73.674331 -98.717376 -0.179367 -0.023147
66.623205 -5.097108 103.660147 -73.923317 -99.027595 -0.183688 -0.024651
66.833125 -5.075972 103.970682 -74.167336 -99.331238 -0.187989 -0.025932
67.039383 -5.055237 104.275268 -74.406582 -99.629064 -0.192206 -0.027138
67.241854 -5.034960 104.574106 -74.641244 -99.921817 -0.196276 -0.028418
67.440436 -5.015172 104.867342 -74.871452 -100.210226 -0.200130 -0.029935
67.635094 -4.995850 105.155000 -75.097194 -100.495013 -0.203666 -0.031896
67.826116 -4.976857 105.436401 -75.318016 -100.772132 -0.207328 -0.033352
68.013469 -4.958172 105.711558 -75.533893 -101.042274 -0.211015 -0.034506
68.197065 -4.939818 105.980586 -75.744917 -101.306115 -0.214656 -0.035515
68.376804 -4.921831 106.243623 -75.951217 -101.564314 -0.218193 -0.036523
68.552606 -4.904234 106.500782 -76.152887 -101.817516 -0.221564 -0.037679
68.724443 -4.887006 106.752086 -76.349919 -102.066354 -0.224687 -0.039166
68.892548 -4.870047 106.996985 -76.541950 -102.307402 -0.227915 -0.040170
69.056904 -4.853343 107.235508 -76.728973 -102.541259 -0.231171 -0.040861
69.217446 -4.836918 107.467773 -76.911089 -102.768512 -0.234401 -0.041370
69.374100 -4.820806 107.693930 -77.088442 -102.989729 -0.237563 -0.041812
69.526796 -4.805041 107.914132 -77.261172 -103.205461 -0.240618 -0.042295
69.675485 -4.789640 108.128497 -77.429384 -103.416249 -0.243522 -0.042938
69.820160 -4.774590 108.337067 -77.593088 -103.622619 -0.246214 -0.043885
69.961021 -4.759820 108.539424 -77.752010 -103.821758 -0.248970 -0.044458
70.098069 -4.745318 108.735608 -77.906155 -104.014162 -0.251730 -0.044793
70.231271 -4.731098 108.925723 -78.055611 -104.200314 -0.254454 -0.044997
70.360583 -4.717186 109.109903 -78.200499 -104.380679 -0.257111 -0.045160
70.485964 -4.703605 109.288278 -78.340937 -104.555707 -0.259671 -0.045371
70.607390 -4.690369 109.460955 -78.477014 -104.725836 -0.262102 -0.045723
70.724866 -4.677466 109.627978 -78.608746 -104.891492 -0.264356 -0.046328
70.838553 -4.664849 109.789043 -78.735932 -105.050489 -0.266640 -0.046655
70.948462 -4.652507 109.944185 -78.858578 -105.203223 -0.268907 -0.046810
71.054583 -4.640449 110.093489 -78.976750 -105.350078 -0.271127 -0.046879
71.156899 -4.628689 110.237055 -79.090532 -105.491421 -0.273275 -0.046936
71.255401 -4.617238 110.374972 -79.199996 -105.627605 -0.275323 -0.047056
71.350105 -4.606092 110.507293 -79.305169 -105.758970 -0.277240 -0.047325
71.441134 -4.595221 110.633828 -79.405927 -105.883982 -0.279166 -0.047360
71.528513 -4.584623 110.754629 -79.502295 -106.002955 -0.281068 -0.047239
71.612249 -4.574308 110.869786 -79.594344 -106.116185 -0.282927 -0.047021
71.692346 -4.564290 110.979407 -79.682162 -106.223955 -0.284727 -0.046754
71.768812 -4.554587 111.083597 -79.765837 -106.326535 -0.286455 -0.046484
71.841664 -4.545209 111.182453 -79.845446 -106.424182 -0.288094 -0.046255
71.910931 -4.536159 111.276048 -79.921035 -106.517139 -0.289627 -0.046117
71.976709 -4.527427 111.364306 -79.992558 -106.604518 -0.291134 -0.045839
72.039035 -4.519016 111.447293 -80.060054 -106.686539 -0.292597 -0.045468
72.097936 -4.510936 111.525096 -80.123588 -106.763406 -0.294004 -0.045036
72.153439 -4.503201 111.597808 -80.183234 -106.835311 -0.295348 -0.044570
72.205568 -4.495825 111.665525 -80.239068 -106.902434 -0.296620 -0.044092
72.254353 -4.488822 111.728335 -80.291157 -106.964942 -0.297813 -0.043625
72.299827 -4.482200 111.786316 -80.339559 -107.022992 -0.298919 -0.043190
72.342044 -4.475967 111.839495 -80.384298 -107.076355 -0.299964 -0.042714
72.381039 -4.470132 111.887939 -80.425423 -107.125163 -0.300939 -0.042214
72.416839 -4.464707 111.931718 -80.462987 -107.169540 -0.301840 -0.041704
72.449473 -4.459704 111.970900 -80.497045 -107.209595 -0.302663 -0.041195
72.478966 -4.455137 112.005551 -80.527646 -107.245428 -0.303405 -0.040694
72.505339 -4.451018 112.035726 -80.554837 -107.277130 -0.304063 -0.040209
72.528612 -4.447361 112.061477 -80.578661 -107.304778 -0.304635 -0.039744
72.548802 -4.444177 112.082847 -80.599155 -107.328442 -0.305118 -0.039306
72.565922 -4.441479 112.099870 -80.616348 -107.348181 -0.305511 -0.038899
72.579981 -4.439277 112.112571 -80.630265 -107.364044 -0.305811 -0.038525
72.590982 -4.437583 112.120967 -80.640924 -107.376071 -0.306017 -0.038188
72.598924 -4.436408 112.125063 -80.648338 -107.384291 -0.306127 -0.037892
72.603800 -4.435762 112.124855 -80.652513 -107.388724 -0.306139 -0.037638
72.605598 -4.435654 112.120330 -80.653445 -107.389383 -0.306052 -0.037431
72.604300 -4.436096 112.111461 -80.651129 -107.386268 -0.305865 -0.037272
72.599878 -4.437094 112.098214 -80.645549 -107.379372 -0.305574 -0.037165
72.592302 -4.438660 112.080539 -80.636684 -107.368677 -0.305180 -0.037112
72.581530 -4.440800 112.058379 -80.624506 -107.354157 -0.304680 -0.037116
72.567517 -4.443522 112.031661 -80.608978 -107.335775 -0.304072 -0.037180
72.550207 -4.446835 112.000302 -80.590059 -107.313485 -0.303357 -0.037308
72.529537 -4.450744 111.964205 -80.567699 -107.287232 -0.302531 -0.037502
72.505436 -4.455257 111.923262 -80.541841 -107.256951 -0.301594 -0.037768
72.477823 -4.460378 111.877349 -80.512419 -107.222565 -0.300544 -0.038109
72.446612 -4.466115 111.826330 -80.479363 -107.183989 -0.299381 -0.038529
72.411702 -4.472470 111.770055 -80.442592 -107.141127 -0.298103 -0.039033
72.372989 -4.479448 111.708358 -80.402019 -107.093872 -0.296708 -0.039626
72.330355 -4.487053 111.641059 -80.357547 -107.042105 -0.295196 -0.040314
72.283674 -4.495287 111.567961 -80.309075 -106.985699 -0.293567 -0.041102
72.232810 -4.504152 111.488855 -80.256490 -106.924511 -0.291819 -0.041997
72.177616 -4.513649 111.403511 -80.199672 -106.858391 -0.289951 -0.043004
72.117936 -4.523777 111.311685 -80.138492 -106.787172 -0.287964 -0.044131
72.053602 -4.534537 111.213114 -80.072814 -106.710677 -0.285858 -0.045386
71.984436 -4.545925 111.107518 -80.002490 -106.628716 -0.283631 -0.046774
71.910249 -4.557939 110.994598 -79.927366 -106.541084 -0.281285 -0.048306
71.830840 -4.570574 110.874038 -79.847277 -106.447562 -0.278820 -0.049987
71.746000 -4.583826 110.745499 -79.762049 -106.347919 -0.276238 -0.051828
71.655505 -4.597687 110.608625 -79.671499 -106.241905 -0.273539 -0.053835
71.559122 -4.612149 110.463038 -79.575432 -106.129256 -0.270724 -0.056019
71.456606 -4.627204 110.308340 -79.473645 -106.009691 -0.267796 -0.058388
71.347702 -4.642839 110.144111 -79.365924 -105.882913 -0.264758 -0.060949
71.232145 -4.659042 109.969908 -79.252044 -105.748605 -0.261612 -0.063713
71.109656 -4.675800 109.785267 -79.131769 -105.606433 -0.258362 -0.066687
70.979951 -4.693096 109.589702 -79.004851 -105.456043 -0.255011 -0.069879
70.842733 -4.710913 109.382703 -78.871031 -105.297059 -0.251564 -0.073296
70.697698 -4.729231 109.163737 -78.730039 -105.129085 -0.248026 -0.076944
70.544533 -4.748031 108.932248 -78.581591 -104.951703 -0.244402 -0.080830
70.382919 -4.767288 108.687657 -78.425389 -104.764471 -0.240700 -0.084956
70.212532 -4.786977 108.429362 -78.261124 -104.566922 -0.236925 -0.089327
70.033041 -4.807071 108.156738 -78.088472 -104.358563 -0.233085 -0.093941
69.844118 -4.827539 107.869137 -77.907094 -104.138874 -0.229188 -0.098799
69.645429 -4.848350 107.565890 -77.716636 -103.907309 -0.225243 -0.103894
69.436645 -4.869468 107.246307 -77.516728 -103.663290 -0.221260 -0.109220
69.217442 -4.890854 106.909677 -77.306981 -103.406208 -0.217247 -0.114765
68.987502 -4.912465 106.555273 -77.086993 -103.135422 -0.213216 -0.120513
68.746519 -4.934255 106.182347 -76.856337 -102.850256 -0.209178 -0.126442
68.494203 -4.956170 105.790138 -76.614572 -102.549999 -0.205144 -0.132527
68.230283 -4.978154 105.377874 -76.361232 -102.233901 -0.201127 -0.138732
67.954513 -5.000139 104.944768 -76.095830 -101.901174 -0.197138 -0.145015
67.666677 -5.022051 104.490029 -75.817859 -101.550986 -0.193191 -0.151327
67.366593 -5.043805 104.012862 -75.526783 -101.182464 -0.189299 -0.157604
67.054127 -5.065301 103.512471 -75.222045 -100.794686 -0.185478 -0.163773
66.729192 -5.086425 102.988066 -74.903062 -100.386684 -0.181741 -0.169747
66.391759 -5.107044 102.438869 -74.569225 -99.957439 -0.178106 -0.175423
66.041868 -5.126999 101.864117 -74.219901 -99.505876 -0.174591 -0.180680
65.679634 -5.146107 101.263077 -73.854437 -99.030868 -0.171216 -0.185376
65.305258 -5.164149 100.635050 -73.472160 -98.531225 -0.168008 -0.189342
64.919033 -5.180871 99.979389 -73.072389 -98.005698 -0.164995 -0.192383
64.521354 -5.195972 99.295522 -72.654445 -97.452970 -0.162219 -0.194261
64.112714 -5.209107 98.582986 -72.217676 -96.871657 -0.159733 -0.194694
63.693692 -5.219885 97.841488 -71.761498 -96.260298 -0.157617 -0.193323
63.264893 -5.227894 97.071038 -71.285480 -95.617351 -0.155990 -0.189676
62.826793 -5.232762 96.272217 -70.789512 -94.941179 -0.155061 -0.183065
62.379304 -5.234341 95.446824 -70.274192 -94.230046 -0.155215 -0.172360
61.919824 -5.233325 94.601709 -69.742353 -93.503380 -0.154018 -0.160902
61.444416 -5.229748 93.745279 -69.195017 -92.759641 -0.152250 -0.150924
60.949491 -5.223567 92.885568 -68.632522 -91.997301 -0.150505 -0.145395
60.435873 -5.214563 92.023184 -68.054406 -91.214185 -0.148818 -0.141405
59.904812 -5.202637 91.158239 -67.460365 -90.408295 -0.147393 -0.138002
59.357591 -5.187879 90.290734 -66.850480 -89.577629 -0.146582 -0.134650
58.795572 -5.170777 89.420622 -66.225644 -88.720184 -0.146987 -0.130986
58.219970 -5.152796 88.548899 -65.588970 -87.854771 -0.145946 -0.128549
57.632034 -5.134424 87.675511 -64.941459 -86.979305 -0.144090 -0.126987
57.032771 -5.115710 86.800415 -64.283343 -86.091632 -0.141862 -0.125924
56.423067 -5.096539 85.923563 -63.614591 -85.189562 -0.139654 -0.125001
55.803785 -5.076860 85.044899 -62.935336 -84.270877 -0.137922 -0.123898
55.175911 -5.057000 84.164343 -62.246467 -83.333366 -0.137342 -0.122398
54.540385 -5.038362 83.282895 -61.551218 -82.395364 -0.135202 -0.121797
53.898115 -5.021244 82.400478 -60.850462 -81.454614 -0.132162 -0.121853
53.249734 -5.005464 81.517027 -60.144146 -80.508797 -0.128658 -0.122280
52.595720 -4.990619 80.632472 -59.431790 -79.555577 -0.125026 -0.122799
51.936488 -4.976266 79.746739 -58.712838 -78.592596 -0.121597 -0.123152
51.272487 -4.962106 78.859747 -57.987040 -77.617484 -0.118797 -0.123126
50.604378 -4.948296 77.971392 -57.255067 -76.627892 -0.117301 -0.122630
49.932957 -4.936231 77.082693 -56.520260 -75.641620 -0.114351 -0.122601
49.258886 -4.926088 76.193555 -55.783357 -74.656292 -0.110629 -0.122907
48.582523 -4.917535 75.303895 -55.044074 -73.669483 -0.106565 -0.123350
47.904065 -4.910030 74.413622 -54.301670 -72.678753 -0.102482 -0.123721
47.223653 -4.902996 73.522646 -53.555332 -71.681650 -0.098692 -0.123834
46.541500 -4.896022 72.630865 -52.804588 -70.675721 -0.095606 -0.123555
45.858099 -4.889192 71.738165 -52.050017 -69.658543 -0.093906 -0.122895
45.174308 -4.883969 70.845585 -51.295220 -68.647321 -0.090885 -0.122396
44.490685 -4.880479 69.953020 -50.540910 -67.639622 -0.087253 -0.122022
43.807444 -4.878344 69.060372 -49.786720 -66.632969 -0.083453 -0.121652
43.124660 -4.877031 68.167536 -49.031920 -65.624876 -0.079846 -0.121157
42.442443 -4.876121 67.274404 -48.276009 -64.612866 -0.076851 -0.120462
41.761221 -4.875683 66.380852 -47.519552 -63.594502 -0.075152 -0.119656
41.081990 -4.877247 65.487930 -46.766420 -62.586346 -0.072165 -0.118945
40.405225 -4.880898 64.595525 -46.017251 -61.585974 -0.068586 -0.118371
39.730966 -4.886189 63.703526 -45.271446 -60.590923 -0.064810 -0.117861
39.059051 -4.892470 62.811817 -44.527897 -59.598728 -0.061098 -0.117311
38.389252 -4.899078 61.920277 -43.785414 -58.606932 -0.057693 -0.116636
37.721443 -4.905530 61.028779 -43.043188 -57.613089 -0.054933 -0.115820
37.055914 -4.911870 60.137189 -42.301639 -56.614810 -0.053450 -0.115041
36.393860 -4.919696 59.246562 -41.564956 -55.627949 -0.050846 -0.114158
35.735671 -4.929078 58.356773 -40.833700 -54.650136 -0.047792 -0.113304
35.081239 -4.939555 57.467699 -40.107109 -53.678960 -0.044635 -0.112465
34.430239 -4.950481 56.579211 -39.383915 -52.712015 -0.041588 -0.111581
33.782286 -4.961209 55.691173 -38.662776 -51.746902 -0.038843 -0.110605
33.137115 -4.971265 54.803448 -37.942733 -50.781241 -0.036681 -0.109566
32.494947 -4.980683 53.915894 -37.224116 -49.812708 -0.035687 -0.108715
31.857276 -4.991103 53.029559 -36.511483 -48.856370 -0.033732 -0.107619
31.224454 -5.002577 52.144311 -35.805326 -47.909933 -0.031452 -0.106491
30.596288 -5.014663 51.260017 -35.104804 -46.971063 -0.029156 -0.105368
29.972402 -5.026802 50.376534 -34.408690 -46.037436 -0.027046 -0.104251
29.352493 -5.038547 49.493721 -33.715997 -45.106746 -0.025372 -0.103197
28.736756 -5.049914 48.611430 -33.026982 -44.176758 -0.024671 -0.102507
28.126956 -5.062503 47.730684 -32.346443 -43.261665 -0.023100 -0.101550
27.523405 -5.076320 46.851345 -31.674761 -42.359273 -0.021241 -0.100590
26.925810 -5.090916 45.973272 -31.010959 -41.467352 -0.019336 -0.099677
26.333666 -5.105722 45.096318 -30.353619 -40.583689 -0.017514 -0.098798
25.746417 -5.120185 44.220334 -29.701284 -39.706086 -0.015882 -0.097942
25.163629 -5.133895 43.345169 -29.052828 -38.832373 -0.014612 -0.097181
24.585420 -5.146858 42.470670 -28.408379 -37.960448 -0.014158 -0.096851
24.013837 -5.160606 41.597821 -27.772975 -37.103587 -0.013004 -0.096167
23.449123 -5.175124 40.726478 -27.146874 -36.259732 -0.011655 -0.095442
22.890909 -5.190008 39.856493 -26.529036 -35.426798 -0.010295 -0.094746
22.338630 -5.204768 38.987712 -25.918044 -34.602713 -0.009015 -0.094076
21.791686 -5.218938 38.119982 -25.312462 -33.785428 -0.007885 -0.093435
21.249596 -5.232170 37.253147 -24.711141 -32.972920 -0.007032 -0.092897
20.712420 -5.244460 36.387052 -24.114098 -32.163233 -0.006826 -0.092819
20.182446 -5.257196 35.522623 -23.526478 -31.368637 -0.006077 -0.092336
19.659854 -5.270334 34.659713 -22.948411 -30.587222 -0.005204 -0.091791
19.144239 -5.283522 33.798166 -22.378849 -29.817057 -0.004345 -0.091263
18.635059 -5.296368 32.937827 -21.816491 -29.056228 -0.003572 -0.090778
18.131842 -5.308557 32.078540 -21.260220 -28.302849 -0.002983 -0.090410
17.634618 -5.320042 31.220147 -20.709937 -27.555104 -0.002875 -0.090505
17.145780 -5.331986 30.363503 -20.170644 -26.824168 -0.002345 -0.090179
16.665479 -5.344307 29.508479 -19.642352 -26.108222 -0.001919 -0.089664
16.192173 -5.358643 28.669933 -19.124343 -25.405610 -0.001097 -0.089464
15.725454 -5.374570 27.848127 -18.615290 -24.714530 -0.000113 -0.089461
15.265006 -5.391417 27.041195 -18.113809 -24.033254 0.000928 -0.089587
14.810563 -5.408616 26.247230 -17.618743 -23.360089 0.001925 -0.089859
14.362288 -5.425859 25.464461 -17.129874 -22.693377 0.002525 -0.090528
13.922149 -5.445093 24.702773 -16.652215 -22.043238 0.003714 -0.090970
13.490414 -5.465930 23.960529 -16.185621 -21.408070 0.005095 -0.091423
13.066829 -5.487826 23.235964 -15.729056 -20.786298 0.006570 -0.091921
12.651007 -5.510259 22.527335 -15.281321 -20.176377 0.008087 -0.092447
12.242527 -5.532758 21.832924 -14.841239 -19.576787 0.009600 -0.092988
11.841026 -5.554930 21.151034 -14.407810 -18.986043 0.011048 -0.093585
11.446530 -5.576560 20.480053 -13.980808 -18.402688 0.012187 -0.094502
11.061071 -5.599148 19.828984 -13.564877 -17.835632 0.013698 -0.095114
10.684755 -5.622398 19.196325 -13.159849 -17.283481 0.015305 -0.095678
10.317266 -5.645925 18.580528 -12.764829 -16.744864 0.016944 -0.096237
9.958201 -5.669368 17.980079 -12.378823 -16.218443 0.018578 -0.096803
9.607200 -5.692419 17.393494 -12.000955 -15.702913 0.020162 -0.097418
9.264228 -5.714898 16.819346 -11.630983 -15.197003 0.021524 -0.098321
8.931195 -5.737889 16.265485 -11.272984 -14.708334 0.023133 -0.098942
8.608125 -5.761154 15.730588 -10.926768 -14.235703 0.024795 -0.099514
8.294692 -5.784399 15.213329 -10.591555 -13.777938 0.026467 -0.100077
7.990504 -5.807354 14.712430 -10.266473 -13.333899 0.028123 -0.100634
7.695162 -5.829779 14.226646 -9.950675 -12.902482 0.029743 -0.101184
7.408322 -5.851477 13.754764 -9.643434 -12.482616 0.031297 -0.101766
7.129913 -5.872333 13.295611 -9.344537 -12.073265 0.032677 -0.102584
6.861632 -5.893091 12.855795 -9.057442 -11.680754 0.034181 -0.103145
6.603454 -5.913594 12.434234 -8.781990 -11.304117 0.035688 -0.103653
6.355085 -5.933655 12.029872 -8.517563 -10.942419 0.037169 -0.104144
6.116186 -5.953104 11.641700 -8.263478 -10.594760 0.038608 -0.104625
5.886423 -5.971790 11.268747 -8.019077 -10.260275 0.039993 -0.105098
5.665507 -5.989592 10.910075 -7.783799 -9.938133 0.041306 -0.105594
5.453368 -6.006436 10.564781 -7.557481 -9.627540 0.042478 -0.106282
5.251399 -6.022798 10.238119 -7.342892 -9.333484 0.043695 -0.106761
5.059570 -6.038584 9.929271 -7.139926 -9.055240 0.044880 -0.107200
4.877649 -6.053679 9.637458 -6.948138 -8.792119 0.046018 -0.107632
4.705385 -6.067979 9.361947 -6.767052 -8.543467 0.047098 -0.108067
4.542556 -6.081398 9.102041 -6.596253 -8.308665 0.048108 -0.108529
4.389099 -6.093878 8.857083 -6.435616 -8.087135 0.049007 -0.109141
4.246039 -6.105703 8.630870 -6.287142 -7.882466 0.049904 -0.109611
4.113346 -6.116808 8.422831 -6.150760 -7.694155 0.050753 -0.110059
3.990857 -6.127120 8.232440 -6.026160 -7.521734 0.051544 -0.110506
3.878396 -6.136571 8.059218 -5.913012 -7.364774 0.052271 -0.110953
3.775799 -6.145104 7.902732 -5.811004 -7.222883 0.052928 -0.111398
3.682935 -6.152667 7.762587 -5.719877 -7.095709 0.053509 -0.111847
3.599775 -6.159224 7.638429 -5.639546 -6.982936 0.053991 -0.112365
3.526965 -6.164918 7.532613 -5.571215 -6.886778 0.054429 -0.112759
3.464508 -6.169710 7.444874 -5.514819 -6.806997 0.054799 -0.113082
3.412329 -6.173556 7.374999 -5.470134 -6.743391 0.055096 -0.113313
3.370339 -6.176410 7.322826 -5.436874 -6.695797 0.055312 -0.113403
3.338442 -6.178223 7.288249 -5.414703 -6.664086 0.055439 -0.113280
3.316689 -6.178958 7.271221 -5.403453 -6.648167 0.055427 -0.112954
3.307476 -6.178703 7.271216 -5.406346 -6.648168 0.055502 -0.113373
3.302233 -6.176072 7.271296 -5.408544 -6.648194 0.055268 -0.113772
