0.000000 -0.000000 0.000000 0.000000 0.000000 -0.000000 0.000000
-0.121097 -0.038034 -0.007096 -0.001941 -0.009597 0.105941 0.049766
-0.285494 -0.095503 -0.006596 0.032841 -0.014201 0.190354 0.101486
-0.436790 -0.168296 -0.002770 0.087410 -0.016299 0.258919 0.152356
-0.549573 -0.253145 0.002136 0.151089 -0.017280 0.315744 0.200379
-0.613281 -0.347217 0.006862 0.217966 -0.017933 0.363329 0.244839
-0.624706 -0.447991 0.010691 0.286492 -0.018708 0.403316 0.286365
-0.597134 -0.553004 0.013846 0.351090 -0.019481 0.436323 0.323196
-0.541114 -0.660103 0.016538 0.411008 -0.020156 0.463121 0.355533
-0.464051 -0.767422 0.018824 0.465552 -0.020718 0.484479 0.383606
-0.371728 -0.873354 0.020715 0.514209 -0.021179 0.501117 0.407670
-0.268170 -0.976545 0.022176 0.556511 -0.021579 0.513667 0.427943
-0.155713 -1.075884 0.023086 0.591535 -0.022017 0.523155 0.444617
-0.039047 -1.170387 0.023590 0.619294 -0.022419 0.529603 0.457715
0.078697 -1.259238 0.023802 0.640168 -0.022741 0.533208 0.467454
0.194845 -1.341708 0.023826 0.654802 -0.022947 0.534228 0.474180
0.307892 -1.417213 0.023691 0.663256 -0.023041 0.532886 0.478012
0.416423 -1.485279 0.023436 0.665676 -0.023018 0.529376 0.479083
0.518884 -1.545520 0.023110 0.662161 -0.022868 0.523853 0.477501
0.613187 -1.597630 0.022769 0.652668 -0.022583 0.516530 0.473340
0.697162 -1.641234 0.022531 0.637926 -0.022085 0.506875 0.466749
0.770570 -1.676243 0.022253 0.617038 -0.021504 0.495800 0.457864
0.831783 -1.702547 0.021911 0.589535 -0.020872 0.483536 0.446706
0.879525 -1.720176 0.021476 0.554763 -0.020220 0.470225 0.433189
0.912695 -1.729222 0.020938 0.512361 -0.019565 0.455974 0.417291
0.930838 -1.729829 0.020265 0.462026 -0.018941 0.440927 0.399024
0.934392 -1.722267 0.019389 0.403686 -0.018425 0.425786 0.378661
0.922513 -1.706564 0.018406 0.337632 -0.017945 0.409940 0.356043
0.894816 -1.682753 0.017416 0.264877 -0.017464 0.393486 0.331504
0.852058 -1.650984 0.016430 0.185867 -0.016985 0.376489 0.305178
0.795311 -1.611447 0.015460 0.101164 -0.016509 0.358994 0.277215
0.725892 -1.564364 0.014517 0.011383 -0.016036 0.341017 0.247768
0.645335 -1.509986 0.013615 -0.082821 -0.015562 0.322537 0.216980
0.555234 -1.448585 0.012783 -0.180813 -0.015073 0.303480 0.184955
0.456738 -1.380402 0.012073 -0.282195 -0.014542 0.283736 0.151695
0.349542 -1.305856 0.011489 -0.386104 -0.013984 0.263543 0.117624
0.233492 -1.225005 0.010955 -0.492532 -0.013458 0.243381 0.082930
0.108352 -1.138118 0.010449 -0.601089 -0.012988 0.223604 0.047864
-0.025659 -1.045451 0.009911 -0.711247 -0.012619 0.204868 0.012771
-0.168061 -0.947424 0.009408 -0.822363 -0.012314 0.186970 -0.022260
-0.317894 -0.844516 0.008974 -0.933713 -0.012052 0.169853 -0.057060
-0.473856 -0.737167 0.008602 -1.044794 -0.011833 0.153521 -0.091507
-0.635029 -0.625707 0.008319 -1.154674 -0.011637 0.138015 -0.125337
-0.799959 -0.510554 0.008103 -1.262944 -0.011470 0.123339 -0.158463
-0.967265 -0.392136 0.007943 -1.369107 -0.011330 0.109487 -0.190778
-1.135635 -0.270876 0.007830 -1.472679 -0.011215 0.096448 -0.222177
-1.303790 -0.147195 0.007753 -1.573270 -0.011123 0.084203 -0.252583
-1.470498 -0.021498 0.007687 -1.670621 -0.011060 0.072727 -0.281948
-1.635025 0.105914 0.007657 -1.763978 -0.011006 0.062027 -0.310069
-1.796232 0.234654 0.007644 -1.853107 -0.010963 0.052071 -0.336912
-1.953194 0.364337 0.007641 -1.937771 -0.010931 0.042822 -0.362437
-2.105074 0.494592 0.007638 -2.017789 -0.010907 0.034246 -0.386617
-2.251121 0.625061 0.007628 -2.093047 -0.010892 0.026302 -0.409446
-2.390663 0.755400 0.007598 -2.163508 -0.010886 0.018950 -0.430935
-2.523163 0.885291 0.007537 -2.229134 -0.010892 0.012152 -0.451075
-2.648278 1.014507 0.007479 -2.289367 -0.010889 0.005900 -0.469737
-2.765616 1.142763 0.007413 -2.344206 -0.010880 0.000155 -0.486919
-2.874824 1.269782 0.007334 -2.393730 -0.010865 -0.005121 -0.502658
-2.975627 1.395307 0.007237 -2.438030 -0.010845 -0.009965 -0.516996
-3.067815 1.519099 0.007117 -2.477242 -0.010822 -0.014413 -0.529983
-3.151240 1.640937 0.006966 -2.511548 -0.010799 -0.018501 -0.541679
-3.225876 1.760632 0.006779 -2.541055 -0.010776 -0.022258 -0.552100
-3.291750 1.878068 0.006594 -2.565370 -0.010737 -0.025688 -0.561161
-3.348921 1.993092 0.006405 -2.584624 -0.010681 -0.028815 -0.568884
-3.397444 2.105559 0.006206 -2.599072 -0.010612 -0.031667 -0.575345
-3.437428 2.215344 0.005992 -2.608994 -0.010535 -0.034269 -0.580626
-3.469060 2.322338 0.005755 -2.614673 -0.010452 -0.036641 -0.584802
-3.492689 2.426450 0.005506 -2.616185 -0.010358 -0.038815 -0.587854
-3.508471 2.527550 0.005268 -2.613259 -0.010242 -0.040766 -0.589738
-3.516619 2.625440 0.005006 -2.606109 -0.010117 -0.042398 -0.590486
-3.517334 2.719967 0.004687 -2.595046 -0.009998 -0.043639 -0.590170
-3.510836 2.811086 0.004376 -2.580346 -0.009865 -0.044756 -0.588911
-3.497366 2.898768 0.004070 -2.562328 -0.009720 -0.045781 -0.586803
-3.477203 2.983009 0.003761 -2.541315 -0.009570 -0.046734 -0.583931
-3.450723 3.063830 0.003452 -2.517461 -0.009415 -0.047625 -0.580315
-3.418182 3.141289 0.003174 -2.490476 -0.009238 -0.048455 -0.575896
-3.379959 3.215423 0.002929 -2.460498 -0.009039 -0.049230 -0.570687
-3.336366 3.286268 0.002709 -2.427830 -0.008824 -0.049962 -0.564770
-3.287703 3.353861 0.002507 -2.392793 -0.008598 -0.050660 -0.558234
-3.234268 3.418249 0.002312 -2.355714 -0.008365 -0.051334 -0.551170
-3.176372 3.479488 0.002118 -2.316890 -0.008130 -0.051991 -0.543656
-3.114390 3.537648 0.001924 -2.276438 -0.007893 -0.052636 -0.535702
-3.048523 3.592815 0.001760 -2.234086 -0.007640 -0.053264 -0.527253
-2.979118 3.645065 0.001625 -2.189943 -0.007372 -0.053878 -0.518320
-2.906452 3.694468 0.001511 -2.144299 -0.007093 -0.054484 -0.508978
-2.830783 3.741096 0.001405 -2.097468 -0.006810 -0.055089 -0.499317
-2.752377 3.785026 0.001298 -2.049725 -0.006527 -0.055696 -0.489407
-2.671551 3.826345 0.001193 -2.001149 -0.006244 -0.056309 -0.479251
-2.588434 3.865145 0.001112 -1.951467 -0.005949 -0.056920 -0.468796
-2.503316 3.901512 0.001059 -1.900738 -0.005641 -0.057531 -0.458039
-2.416420 3.935531 0.001023 -1.849194 -0.005324 -0.058144 -0.447040
-2.327948 3.967283 0.000996 -1.797095 -0.005005 -0.058764 -0.435874
-2.238093 3.996853 0.000967 -1.744697 -0.004686 -0.059392 -0.424613
-2.147057 4.024327 0.000927 -1.692206 -0.004374 -0.060031 -0.413312
-2.055083 4.049795 0.000880 -1.639646 -0.004066 -0.060681 -0.401957
-1.962225 4.073337 0.000847 -1.586734 -0.003752 -0.061335 -0.390495
-1.868701 4.095038 0.000832 -1.533482 -0.003430 -0.061993 -0.378910
-1.774675 4.114977 0.000825 -1.480075 -0.003103 -0.062657 -0.367251
-1.680289 4.133236 0.000819 -1.426731 -0.002778 -0.063329 -0.355582
-1.585677 4.149892 0.000802 -1.373665 -0.002458 -0.064009 -0.343963
-1.490983 4.165023 0.000768 -1.321046 -0.002148 -0.064700 -0.332439
-1.396384 4.178708 0.000720 -1.268869 -0.001845 -0.065400 -0.320994
-1.301877 4.191004 0.000676 -1.216867 -0.001540 -0.066104 -0.309575
-1.207621 4.201982 0.000640 -1.165036 -0.001233 -0.066812 -0.298167
-1.113730 4.211709 0.000603 -1.113534 -0.000926 -0.067525 -0.286812
-1.020300 4.220252 0.000557 -1.062550 -0.000625 -0.068243 -0.275563
-0.927432 4.227678 0.000494 -1.012229 -0.000333 -0.068969 -0.264459
-0.835254 4.234047 0.000417 -0.962554 -0.000048 -0.069701 -0.253484
-0.743734 4.239399 0.000344 -0.913270 0.000237 -0.070435 -0.242585
-0.652983 4.243789 0.000278 -0.864350 0.000525 -0.071171 -0.231743
-0.563079 4.247273 0.000213 -0.815911 0.000813 -0.071909 -0.220990
-0.474082 4.249906 0.000140 -0.768109 0.001096 -0.072650 -0.210370
-0.386049 4.251742 0.000054 -0.721089 0.001371 -0.073396 -0.199927
-0.299043 4.252832 -0.000053 -0.674953 0.001635 -0.074147 -0.189688
-0.213144 4.253222 -0.000174 -0.629660 0.001891 -0.074902 -0.179630
-0.128300 4.252932 -0.000296 -0.584955 0.002146 -0.075659 -0.169700
-0.044584 4.251999 -0.000413 -0.540796 0.002401 -0.076416 -0.159877
0.037959 4.250468 -0.000532 -0.497272 0.002654 -0.077175 -0.150183
0.119295 4.248380 -0.000658 -0.454507 0.002903 -0.077936 -0.140655
0.199394 4.245777 -0.000797 -0.412623 0.003143 -0.078701 -0.131329
0.278219 4.242698 -0.000955 -0.371699 0.003373 -0.079469 -0.122228
0.355722 4.239173 -0.001128 -0.331695 0.003593 -0.080241 -0.113330
0.431963 4.235207 -0.001302 -0.292379 0.003812 -0.081014 -0.104588
0.506898 4.230828 -0.001473 -0.253712 0.004030 -0.081788 -0.095980
0.580504 4.226067 -0.001647 -0.215771 0.004245 -0.082564 -0.087529
0.652765 4.220955 -0.001830 -0.178658 0.004454 -0.083342 -0.079264
0.723661 4.215523 -0.002024 -0.142446 0.004655 -0.084122 -0.071206
0.793166 4.209792 -0.002229 -0.107097 0.004849 -0.084905 -0.063337
0.861341 4.203759 -0.002431 -0.072399 0.005042 -0.085689 -0.055610
0.928163 4.197444 -0.002628 -0.038310 0.005235 -0.086473 -0.048007
0.993622 4.190871 -0.002823 -0.004888 0.005427 -0.087258 -0.040545
1.057716 4.184066 -0.003022 0.027781 0.005615 -0.088045 -0.033250
1.120444 4.177055 -0.003229 0.059613 0.005797 -0.088833 -0.026146
1.181803 4.169863 -0.003446 0.090559 0.005971 -0.089624 -0.019247
1.241782 4.162503 -0.003673 0.120663 0.006138 -0.090416 -0.012536
1.300442 4.154966 -0.003896 0.150128 0.006304 -0.091209 -0.005967
1.357774 4.147266 -0.004114 0.178998 0.006471 -0.092002 0.000479
1.413781 4.139422 -0.004329 0.207229 0.006635 -0.092795 0.006788
1.468469 4.131455 -0.004546 0.234750 0.006797 -0.093588 0.012939
1.521847 4.123387 -0.004769 0.261494 0.006953 -0.094382 0.018913
1.573920 4.115236 -0.005000 0.287420 0.007102 -0.095177 0.024696
1.624692 4.107013 -0.005238 0.312563 0.007245 -0.095973 0.030302
1.674214 4.098708 -0.005472 0.337106 0.007387 -0.096767 0.035775
1.722492 4.090328 -0.005701 0.361081 0.007528 -0.097560 0.041128
1.769536 4.081891 -0.005927 0.384451 0.007668 -0.098351 0.046349
1.815359 4.073414 -0.006156 0.407159 0.007803 -0.099141 0.051421
1.859973 4.064911 -0.006388 0.429166 0.007934 -0.099930 0.056333
1.903390 4.056392 -0.006623 0.450502 0.008061 -0.100717 0.061097
1.945656 4.047845 -0.006852 0.471328 0.008187 -0.101501 0.065749
1.986784 4.039278 -0.007074 0.491674 0.008313 -0.102281 0.070303
2.026787 4.030705 -0.007291 0.511511 0.008439 -0.103058 0.074748
2.065682 4.022141 -0.007506 0.530790 0.008562 -0.103831 0.079071
2.103485 4.013604 -0.007723 0.549464 0.008682 -0.104600 0.083255
2.140213 4.005105 -0.007943 0.567507 0.008796 -0.105365 0.087294
2.175881 3.996654 -0.008166 0.584947 0.008906 -0.106126 0.091197
2.210530 3.988237 -0.008382 0.601934 0.009016 -0.106880 0.095001
2.244175 3.979860 -0.008592 0.618495 0.009125 -0.107628 0.098715
2.276833 3.971537 -0.008796 0.634610 0.009234 -0.108369 0.102335
2.308522 3.963279 -0.008998 0.650238 0.009340 -0.109104 0.105846
2.339260 3.955102 -0.009201 0.665343 0.009443 -0.109831 0.109238
2.369064 3.947017 -0.009405 0.679902 0.009541 -0.110551 0.112502
2.397953 3.939030 -0.009611 0.693938 0.009635 -0.111263 0.115648
2.425960 3.931130 -0.009811 0.707576 0.009729 -0.111966 0.118706
2.453102 3.923322 -0.010005 0.720841 0.009822 -0.112659 0.121685
2.479399 3.915617 -0.010195 0.733711 0.009913 -0.113342 0.124578
2.504869 3.908025 -0.010382 0.746157 0.010002 -0.114015 0.127375
2.529530 3.900556 -0.010569 0.758157 0.010087 -0.114678 0.130070
2.553400 3.893215 -0.010756 0.769728 0.010169 -0.115330 0.132669
2.576509 3.885994 -0.010937 0.780977 0.010250 -0.115970 0.135198
2.598872 3.878897 -0.011110 0.791922 0.010331 -0.116597 0.137664
2.620508 3.871933 -0.011278 0.802547 0.010411 -0.117212 0.140061
2.641432 3.865113 -0.011443 0.812828 0.010489 -0.117814 0.142382
2.661660 3.858446 -0.011606 0.822738 0.010563 -0.118403 0.144618
2.681208 3.851941 -0.011768 0.832266 0.010635 -0.118977 0.146765
2.700093 3.845603 -0.011930 0.841425 0.010703 -0.119538 0.148828
2.718335 3.839423 -0.012086 0.850305 0.010770 -0.120084 0.150830
2.735951 3.833406 -0.012236 0.858924 0.010836 -0.120614 0.152776
2.752954 3.827559 -0.012381 0.867269 0.010901 -0.121128 0.154663
2.769358 3.821889 -0.012522 0.875323 0.010963 -0.121627 0.156485
2.785175 3.816406 -0.012662 0.883067 0.011023 -0.122109 0.158236
2.800421 3.811116 -0.012800 0.890489 0.011080 -0.122574 0.159911
2.815106 3.806023 -0.012937 0.897600 0.011133 -0.123022 0.161516
2.829247 3.801121 -0.013068 0.904470 0.011185 -0.123453 0.163066
2.842856 3.796413 -0.013195 0.911110 0.011235 -0.123865 0.164567
2.855945 3.791904 -0.013317 0.917512 0.011284 -0.124259 0.166015
2.868524 3.787601 -0.013436 0.923661 0.011331 -0.124634 0.167406
2.880604 3.783509 -0.013552 0.929549 0.011374 -0.124991 0.168737
2.892194 3.779630 -0.013666 0.935182 0.011415 -0.125328 0.170010
2.903306 3.775962 -0.013775 0.940607 0.011455 -0.125646 0.171237
2.913947 3.772507 -0.013879 0.945834 0.011493 -0.125944 0.172421
2.924125 3.769270 -0.013978 0.950856 0.011529 -0.126222 0.173561
2.933846 3.766254 -0.014073 0.955664 0.011563 -0.126479 0.174653
2.943117 3.763466 -0.014165 0.960248 0.011595 -0.126716 0.175694
2.951942 3.760909 -0.014254 0.964604 0.011624 -0.126932 0.176682
2.960326 3.758585 -0.014340 0.968735 0.011650 -0.127127 0.177620
2.968273 3.756493 -0.014422 0.972671 0.011675 -0.127301 0.178514
2.975788 3.754634 -0.014499 0.976418 0.011697 -0.127453 0.179366
2.982873 3.753012 -0.014572 0.979974 0.011718 -0.127584 0.180176
2.989531 3.751628 -0.014640 0.983333 0.011737 -0.127693 0.180943
2.995761 3.750486 -0.014705 0.986491 0.011754 -0.127781 0.181664
3.001565 3.749588 -0.014766 0.989446 0.011768 -0.127846 0.182340
3.006943 3.748937 -0.014823 0.992197 0.011780 -0.127889 0.182970
3.011893 3.748531 -0.014877 0.994754 0.011790 -0.127911 0.183556
3.016416 3.748374 -0.014926 0.997118 0.011798 -0.127910 0.184101
3.020509 3.748465 -0.014970 0.999289 0.011804 -0.127886 0.184602
3.024170 3.748806 -0.015011 1.001263 0.011808 -0.127841 0.185059
3.027397 3.749399 -0.015047 1.003040 0.011809 -0.127773 0.185473
3.030184 3.750245 -0.015079 1.004617 0.011809 -0.127683 0.185843
3.032530 3.751344 -0.015107 1.005994 0.011807 -0.127570 0.186169
3.034429 3.752698 -0.015131 1.007169 0.011802 -0.127436 0.186449
3.035877 3.754306 -0.015150 1.008141 0.011796 -0.127279 0.186685
3.036870 3.756169 -0.015165 1.008907 0.011787 -0.127100 0.186876
3.037400 3.758287 -0.015176 1.009468 0.011776 -0.126899 0.187022
3.037464 3.760659 -0.015182 1.009821 0.011764 -0.126676 0.187122
3.037055 3.763286 -0.015184 1.009966 0.011750 -0.126431 0.187176
3.036167 3.766167 -0.015181 1.009900 0.011733 -0.126164 0.187185
3.034794 3.769301 -0.015174 1.009622 0.011715 -0.125876 0.187148
3.032930 3.772686 -0.015163 1.009130 0.011695 -0.125567 0.187064
3.030567 3.776322 -0.015146 1.008423 0.011673 -0.125236 0.186933
3.027699 3.780207 -0.015125 1.007499 0.011650 -0.124885 0.186756
3.024319 3.784340 -0.015100 1.006355 0.011624 -0.124513 0.186532
3.020420 3.788717 -0.015069 1.004991 0.011598 -0.124121 0.186260
3.015995 3.793338 -0.015034 1.003403 0.011569 -0.123709 0.185940
3.011037 3.798199 -0.014994 1.001591 0.011539 -0.123277 0.185572
3.005540 3.803297 -0.014949 0.999553 0.011508 -0.122826 0.185157
2.999497 3.808630 -0.014900 0.997286 0.011475 -0.122357 0.184692
2.992900 3.814193 -0.014845 0.994789 0.011440 -0.121869 0.184179
2.985745 3.819983 -0.014786 0.992061 0.011405 -0.121363 0.183617
2.978025 3.825995 -0.014721 0.989100 0.011368 -0.120840 0.183007
2.969734 3.832225 -0.014652 0.985905 0.011330 -0.120301 0.182347
2.960867 3.838668 -0.014578 0.982475 0.011291 -0.119745 0.181637
2.951420 3.845318 -0.014499 0.978810 0.011250 -0.119175 0.180879
2.941389 3.852170 -0.014415 0.974908 0.011209 -0.118589 0.180071
2.930771 3.859218 -0.014326 0.970771 0.011168 -0.117989 0.179215
2.919562 3.866455 -0.014232 0.966397 0.011125 -0.117377 0.178310
2.907762 3.873875 -0.014133 0.961788 0.011082 -0.116752 0.177356
2.895370 3.881470 -0.014029 0.956945 0.011038 -0.116116 0.176354
2.882386 3.889233 -0.013921 0.951870 0.010995 -0.115469 0.175305
2.868812 3.897156 -0.013807 0.946563 0.010950 -0.114812 0.174209
2.854651 3.905232 -0.013688 0.941029 0.010906 -0.114147 0.173067
2.839908 3.913451 -0.013565 0.935271 0.010862 -0.113474 0.171880
2.824588 3.921806 -0.013437 0.929291 0.010817 -0.112795 0.170648
2.808699 3.930288 -0.013304 0.923095 0.010773 -0.112111 0.169374
2.792251 3.938888 -0.013166 0.916687 0.010730 -0.111422 0.168058
2.775256 3.947598 -0.013024 0.910074 0.010686 -0.110729 0.166701
2.757725 3.956407 -0.012877 0.903262 0.010644 -0.110035 0.165306
2.739676 3.965309 -0.012726 0.896258 0.010602 -0.109339 0.163873
2.721125 3.974292 -0.012570 0.889069 0.010560 -0.108644 0.162405
2.702094 3.983350 -0.012411 0.881705 0.010520 -0.107950 0.160904
2.682603 3.992472 -0.012248 0.874174 0.010481 -0.107259 0.159371
2.662679 4.001651 -0.012081 0.866487 0.010442 -0.106571 0.157809
2.642349 4.010878 -0.011911 0.858652 0.010405 -0.105887 0.156219
2.621642 4.020145 -0.011738 0.850680 0.010368 -0.105210 0.154604
2.600591 4.029445 -0.011563 0.842583 0.010333 -0.104539 0.152966
2.579231 4.038768 -0.011386 0.834370 0.010298 -0.103875 0.151306
2.557599 4.048108 -0.011207 0.826054 0.010264 -0.103221 0.149628
2.535735 4.057457 -0.011029 0.817646 0.010231 -0.102576 0.147931
2.513680 4.066806 -0.010850 0.809155 0.010197 -0.101942 0.146219
2.491478 4.076147 -0.010672 0.800594 0.010165 -0.101319 0.144493
2.469172 4.085471 -0.010496 0.791973 0.010132 -0.100708 0.142754
2.446811 4.094768 -0.010323 0.783304 0.010098 -0.100110 0.141004
2.424439 4.104026 -0.010155 0.774597 0.010064 -0.099526 0.139243
2.402105 4.113232 -0.009991 0.765865 0.010028 -0.098957 0.137475
2.379856 4.122370 -0.009833 0.757123 0.009991 -0.098403 0.135700
2.357737 4.131422 -0.009681 0.748390 0.009953 -0.097865 0.133924
2.335794 4.140366 -0.009537 0.739688 0.009912 -0.097345 0.132150
2.314070 4.149174 -0.009399 0.731051 0.009871 -0.096843 0.130386
2.292606 4.157815 -0.009267 0.722524 0.009828 -0.096361 0.128645
2.271438 4.166254 -0.009140 0.714171 0.009785 -0.095900 0.126945
2.250599 4.174449 -0.009012 0.706081 0.009745 -0.095462 0.125312
2.230117 4.182354 -0.008878 0.698380 0.009710 -0.095048 0.123782
2.210012 4.189921 -0.008729 0.691226 0.009685 -0.094659 0.122405
2.190303 4.197104 -0.008555 0.684804 0.009675 -0.094297 0.121233
2.171017 4.203874 -0.008345 0.679250 0.009684 -0.093962 0.120304
2.152225 4.210238 -0.008105 0.674438 0.009712 -0.093657 0.119562
2.133917 4.216327 -0.007884 0.669616 0.009734 -0.093402 0.118812
2.115987 4.222341 -0.007696 0.664516 0.009743 -0.093168 0.117971
2.098264 4.228458 -0.007538 0.659159 0.009738 -0.092927 0.117053
2.080950 4.234647 -0.007415 0.653555 0.009717 -0.092698 0.116052
2.064105 4.240854 -0.007309 0.647969 0.009691 -0.092486 0.115042
2.047740 4.247022 -0.007206 0.642656 0.009664 -0.092290 0.114096
2.031855 4.253100 -0.007097 0.637695 0.009643 -0.092106 0.113225
2.016478 4.259033 -0.007018 0.632572 0.009610 -0.091964 0.112305
2.001611 4.264784 -0.006966 0.627328 0.009568 -0.091860 0.111335
1.987256 4.270340 -0.006927 0.622144 0.009522 -0.091789 0.110367
1.973412 4.275695 -0.006891 0.617229 0.009477 -0.091748 0.109462
1.960073 4.280852 -0.006846 0.612758 0.009439 -0.091731 0.108669
1.947221 4.285806 -0.006788 0.608748 0.009409 -0.091731 0.107981
1.934875 4.290534 -0.006757 0.604633 0.009369 -0.091777 0.107258
1.923016 4.295036 -0.006748 0.600416 0.009322 -0.091861 0.106490
1.911627 4.299335 -0.006753 0.596243 0.009270 -0.091974 0.105716
1.900688 4.303461 -0.006761 0.592293 0.009218 -0.092111 0.104992
1.890175 4.307454 -0.006761 0.588741 0.009171 -0.092264 0.104371
1.880055 4.311345 -0.006743 0.585720 0.009134 -0.092425 0.103893
1.870287 4.315152 -0.006705 0.583227 0.009106 -0.092585 0.103542
1.860890 4.318851 -0.006687 0.580657 0.009070 -0.092774 0.103170
1.851829 4.322457 -0.006687 0.578001 0.009027 -0.092980 0.102760
1.843065 4.326007 -0.006696 0.575384 0.008980 -0.093196 0.102349
1.834563 4.329548 -0.006705 0.572961 0.008933 -0.093414 0.101985
1.826280 4.333130 -0.006702 0.570885 0.008891 -0.093625 0.101716
1.818166 4.336796 -0.006679 0.569280 0.008857 -0.093822 0.101579
1.810166 4.340562 -0.006630 0.568150 0.008834 -0.093993 0.101563
1.802325 4.344389 -0.006600 0.566895 0.008801 -0.094172 0.101519
1.794599 4.348288 -0.006583 0.565526 0.008762 -0.094347 0.101437
1.786937 4.352298 -0.006570 0.564175 0.008720 -0.094509 0.101356
1.779290 4.356465 -0.006549 0.562994 0.008679 -0.094652 0.101324
1.771596 4.360831 -0.006511 0.562113 0.008645 -0.094766 0.101380
1.763795 4.365403 -0.006449 0.561565 0.008619 -0.094843 0.101522
1.755972 4.370121 -0.006408 0.560760 0.008583 -0.094915 0.101601
1.748081 4.374988 -0.006380 0.559727 0.008538 -0.094973 0.101613
1.740070 4.380037 -0.006358 0.558584 0.008490 -0.095011 0.101594
1.731892 4.385315 -0.006332 0.557454 0.008440 -0.095020 0.101582
1.723496 4.390864 -0.006295 0.556447 0.008394 -0.094994 0.101615
1.714820 4.396717 -0.006238 0.555667 0.008353 -0.094927 0.101725
1.705796 4.402872 -0.006153 0.555153 0.008323 -0.094809 0.101913
1.696574 4.409238 -0.006089 0.554320 0.008281 -0.094678 0.102026
1.687107 4.415808 -0.006035 0.553219 0.008232 -0.094525 0.102067
1.677342 4.422607 -0.005983 0.551957 0.008180 -0.094344 0.102067
1.667236 4.429670 -0.005928 0.550628 0.008127 -0.094129 0.102059
1.656742 4.437036 -0.005863 0.549313 0.008075 -0.093875 0.102070
1.645797 4.444727 -0.005781 0.548102 0.008029 -0.093575 0.102130
1.634329 4.452733 -0.005672 0.547065 0.007992 -0.093223 0.102250
1.622560 4.460944 -0.005582 0.545651 0.007944 -0.092857 0.102280
1.610438 4.469347 -0.005501 0.543946 0.007890 -0.092468 0.102235
1.597905 4.477962 -0.005420 0.542058 0.007833 -0.092051 0.102148
1.584912 4.486818 -0.005333 0.540066 0.007777 -0.091601 0.102048
1.571393 4.495935 -0.005233 0.538063 0.007725 -0.091112 0.101965
1.557268 4.505298 -0.005107 0.536153 0.007682 -0.090579 0.101924
1.542823 4.514789 -0.005001 0.533830 0.007628 -0.090037 0.101781
1.528001 4.524391 -0.004901 0.531214 0.007570 -0.089479 0.101561
1.512752 4.534120 -0.004801 0.528395 0.007511 -0.088902 0.101295
1.497047 4.543998 -0.004698 0.525417 0.007451 -0.088302 0.100998
1.480856 4.554046 -0.004588 0.522311 0.007393 -0.087675 0.100683
1.464127 4.564275 -0.004469 0.519136 0.007337 -0.087019 0.100370
1.446777 4.574666 -0.004325 0.516017 0.007291 -0.086327 0.100093
1.429159 4.585093 -0.004201 0.512499 0.007235 -0.085636 0.099714
1.411208 4.595540 -0.004081 0.508729 0.007176 -0.084937 0.099269
1.392880 4.606016 -0.003959 0.504780 0.007117 -0.084229 0.098783
1.374155 4.616538 -0.003836 0.500672 0.007059 -0.083508 0.098266
1.355017 4.627119 -0.003710 0.496411 0.007001 -0.082773 0.097720
1.335418 4.637767 -0.003578 0.492039 0.006944 -0.082021 0.097163
1.315268 4.648466 -0.003424 0.487703 0.006897 -0.081248 0.096636
1.294967 4.659100 -0.003290 0.483013 0.006840 -0.080483 0.096013
1.274437 4.669658 -0.003158 0.478136 0.006783 -0.079721 0.095341
1.253630 4.680152 -0.003024 0.473133 0.006728 -0.078959 0.094641
1.232522 4.690596 -0.002887 0.468019 0.006673 -0.078194 0.093921
1.211067 4.701001 -0.002744 0.462841 0.006622 -0.077425 0.093202
1.189173 4.711359 -0.002576 0.457776 0.006582 -0.076645 0.092535
1.167269 4.721575 -0.002420 0.452520 0.006538 -0.075882 0.091814
1.145354 4.731648 -0.002261 0.447185 0.006496 -0.075131 0.091058
1.123240 4.741600 -0.002108 0.441674 0.006452 -0.074385 0.090265
1.100996 4.751445 -0.001964 0.435938 0.006405 -0.073646 0.089412
1.078642 4.761191 -0.001826 0.430026 0.006355 -0.072911 0.088510
1.056147 4.770843 -0.001688 0.424024 0.006306 -0.072179 0.087589
1.033455 4.780389 -0.001535 0.418086 0.006265 -0.071448 0.086692
1.010891 4.789751 -0.001403 0.411892 0.006216 -0.070736 0.085718
0.988408 4.798921 -0.001275 0.405598 0.006166 -0.070041 0.084708
0.965972 4.807902 -0.001147 0.399267 0.006118 -0.069360 0.083685
0.943577 4.816699 -0.001019 0.392905 0.006071 -0.068692 0.082651
0.921220 4.825315 -0.000892 0.386502 0.006025 -0.068038 0.081606
0.898870 4.833749 -0.000766 0.380082 0.005980 -0.067395 0.080559
0.876457 4.841995 -0.000625 0.373767 0.005944 -0.066762 0.079545
0.854312 4.849989 -0.000501 0.367292 0.005901 -0.066153 0.078476
0.832369 4.857728 -0.000381 0.360792 0.005859 -0.065565 0.077388
0.810592 4.865217 -0.000260 0.354294 0.005819 -0.064998 0.076295
0.788969 4.872459 -0.000142 0.347784 0.005780 -0.064450 0.075193
0.767468 4.879456 -0.000025 0.341273 0.005742 -0.063920 0.074089
0.746017 4.886207 0.000104 0.334870 0.005711 -0.063406 0.073017
0.724923 4.892664 0.000218 0.328371 0.005676 -0.062919 0.071903
0.704119 4.898828 0.000331 0.321899 0.005643 -0.062457 0.070783
0.683577 4.904702 0.000444 0.315471 0.005612 -0.062019 0.069666
0.663296 4.910289 0.000555 0.309070 0.005583 -0.061603 0.068548
0.643277 4.915592 0.000663 0.302674 0.005555 -0.061211 0.067421
0.623498 4.920611 0.000768 0.296287 0.005527 -0.060840 0.066290
0.603894 4.925344 0.000880 0.290006 0.005504 -0.060490 0.065186
0.584733 4.929761 0.000979 0.283683 0.005479 -0.060168 0.064051
0.565952 4.933861 0.001077 0.277422 0.005455 -0.059873 0.062917
0.547526 4.937647 0.001174 0.271232 0.005433 -0.059603 0.061791
0.529454 4.941121 0.001269 0.265095 0.005413 -0.059359 0.060666
0.511734 4.944284 0.001360 0.258989 0.005394 -0.059139 0.059538
0.494347 4.947137 0.001448 0.252915 0.005375 -0.058945 0.058407
0.477236 4.949678 0.001539 0.246949 0.005360 -0.058773 0.057300
0.460618 4.951888 0.001620 0.240983 0.005343 -0.058631 0.056171
0.444433 4.953767 0.001699 0.235096 0.005328 -0.058515 0.055048
0.428659 4.955316 0.001777 0.229291 0.005315 -0.058427 0.053932
0.413287 4.956536 0.001852 0.223552 0.005303 -0.058365 0.052821
0.398300 4.957427 0.001925 0.217875 0.005293 -0.058329 0.051715
0.383655 4.957987 0.002001 0.212318 0.005287 -0.058319 0.050633
0.369511 4.958204 0.002070 0.206809 0.005280 -0.058337 0.049545
0.355825 4.958078 0.002139 0.201412 0.005277 -0.058384 0.048471
0.342586 4.957609 0.002208 0.196139 0.005276 -0.058458 0.047418
0.329796 4.956794 0.002279 0.190991 0.005279 -0.058560 0.046386
0.317461 4.955635 0.002349 0.185976 0.005284 -0.058690 0.045377
0.305581 4.954128 0.002422 0.181117 0.005294 -0.058846 0.044399
0.294145 4.952275 0.002502 0.176488 0.005310 -0.059030 0.043475
0.283267 4.950070 0.002586 0.172099 0.005331 -0.059243 0.042604
0.272947 4.947513 0.002683 0.168062 0.005360 -0.059483 0.041821
0.263216 4.944607 0.002797 0.164495 0.005402 -0.059752 0.041163
0.254128 4.941356 0.002939 0.161565 0.005460 -0.060049 0.040682
0.245783 4.937765 0.003119 0.159525 0.005539 -0.060375 0.040453
0.238507 4.933838 0.003358 0.158591 0.005652 -0.060734 0.040495
0.234973 4.929550 0.003353 0.156321 0.005657 -0.061133 0.039947
0.232222 4.924917 0.003389 0.155070 0.005689 -0.061565 0.039679
