-0.000000 -0.000000 0.000000 -0.000000 0.000000 0.000000 -0.000000
-0.241325 0.045299 0.203623 0.695581 -0.029173 0.123937 -0.183207
-0.551087 0.116827 0.413323 1.486449 -0.057951 0.228527 -0.317285
-0.902520 0.210060 0.622430 2.280583 -0.088517 0.317856 -0.441670
-1.298644 0.321585 0.831281 3.072912 -0.120353 0.395186 -0.562325
-1.742691 0.448650 1.040817 3.871086 -0.152933 0.462685 -0.679552
-2.236875 0.588875 1.251872 4.679954 -0.185906 0.522074 -0.794292
-2.770181 0.740064 1.464125 5.506848 -0.219413 0.573936 -0.905791
-3.326436 0.900054 1.676451 6.345937 -0.253153 0.619007 -1.011302
-3.897211 1.067006 1.888507 7.197798 -0.287343 0.657906 -1.112353
-4.472146 1.239163 2.100440 8.054234 -0.321935 0.691321 -1.206936
-5.045175 1.415048 2.312441 8.912802 -0.356986 0.719889 -1.295161
-5.612844 1.593461 2.524885 9.773737 -0.392552 0.744216 -1.377435
-6.173433 1.773432 2.738400 10.637246 -0.428673 0.765002 -1.454161
-6.723773 1.954108 2.953213 11.503588 -0.465471 0.782516 -1.525508
-7.260022 2.134305 3.165463 12.370592 -0.502270 0.797123 -1.592024
-7.780683 2.313326 3.375385 13.238438 -0.539218 0.808978 -1.654098
-8.284755 2.490602 3.583342 14.107379 -0.576420 0.818254 -1.711776
-8.771177 2.665651 3.789692 14.977690 -0.613978 0.825087 -1.764986
-9.238255 2.838042 3.994709 15.849707 -0.651994 0.829542 -1.813475
-9.685288 3.007391 4.198694 16.723640 -0.690564 0.831634 -1.857424
-10.111672 3.173513 4.402688 17.599586 -0.729760 0.831916 -1.897407
-10.514800 3.335204 4.601288 18.474989 -0.768658 0.830357 -1.933034
-10.893868 3.492247 4.795148 19.350006 -0.807352 0.827169 -1.964659
-11.249184 3.644634 4.985627 20.224605 -0.845892 0.822993 -1.993144
-11.580011 3.792122 5.172796 21.099176 -0.884391 0.817652 -2.017905
-11.886400 3.934537 5.357108 21.973925 -0.922965 0.811208 -2.038939
-12.168923 4.071758 5.539030 22.848966 -0.961756 0.803705 -2.056571
-12.427701 4.202731 5.714350 23.722858 -0.999660 0.795011 -2.070451
-12.663913 4.327366 5.883606 24.595708 -1.036801 0.785185 -2.080895
-12.879044 4.445676 6.047458 25.467654 -1.073265 0.774356 -2.088041
-13.074812 4.557736 6.206545 26.338841 -1.109132 0.762636 -2.091999
-13.253139 4.663671 6.361452 27.209418 -1.144483 0.750107 -2.092841
-13.416066 4.763629 6.512653 28.079539 -1.179408 0.736792 -2.090621
-13.565391 4.857685 6.660341 28.949253 -1.214044 0.722590 -2.085873
-13.701612 4.945301 6.801553 29.817595 -1.247847 0.707610 -2.078521
-13.825031 5.026635 6.937523 30.684565 -1.280897 0.692177 -2.068890
-13.936109 5.102098 7.069665 31.550048 -1.313261 0.676713 -2.057689
-14.035610 5.171912 7.199006 32.414001 -1.345032 0.661493 -2.045542
-14.124865 5.236472 7.325923 33.276494 -1.376299 0.646502 -2.032782
-14.205490 5.296219 7.450981 34.137564 -1.407155 0.631784 -2.019751
-14.279218 5.351547 7.574582 34.997216 -1.437717 0.617292 -2.006901
-14.347496 5.402070 7.694549 35.854673 -1.467554 0.603183 -1.994578
-14.411711 5.448002 7.811202 36.709132 -1.496856 0.589367 -1.984986
-14.467295 5.488452 7.925457 37.547307 -1.525459 0.576069 -1.973324
-14.514824 5.523489 8.037830 38.366631 -1.553486 0.563309 -1.960903
-14.555828 5.553433 8.148799 39.166484 -1.581036 0.551091 -1.948383
-14.591714 5.578574 8.258664 39.946347 -1.608221 0.539337 -1.936377
-14.622521 5.598387 8.365947 40.703205 -1.634578 0.528256 -1.923886
-14.649596 5.613203 8.470925 41.436955 -1.660206 0.517771 -1.911376
-14.674498 5.623510 8.574000 42.148092 -1.685177 0.507876 -1.899115
-14.698742 5.629841 8.675564 42.837288 -1.709556 0.498570 -1.887305
-14.723713 5.632741 8.775986 43.505255 -1.733407 0.489849 -1.876123
-14.750564 5.632728 8.875583 44.152589 -1.756793 0.481689 -1.865777
-14.779960 5.630158 8.974476 44.779331 -1.779801 0.473983 -1.856627
-14.811403 5.624597 9.071526 45.383321 -1.802092 0.466863 -1.847896
-14.845969 5.616290 9.167111 45.964998 -1.823741 0.460340 -1.839845
-14.884219 5.605586 9.261460 46.524652 -1.844815 0.454370 -1.832715
-14.926645 5.592912 9.354877 47.062759 -1.865371 0.448945 -1.826686
-14.973614 5.578706 9.447791 47.579762 -1.885452 0.444106 -1.821918
-15.025235 5.563377 9.540888 48.075835 -1.905118 0.439943 -1.818448
-15.082029 5.547058 9.633829 48.552010 -1.924427 0.436262 -1.816506
-15.143570 5.529289 9.725562 49.007662 -1.943134 0.433120 -1.815371
-15.210100 5.510226 9.816089 49.443545 -1.961296 0.430407 -1.815128
-15.281886 5.490168 9.905639 49.860573 -1.978964 0.428119 -1.815825
-15.359201 5.469457 9.994410 50.259711 -1.996180 0.426243 -1.817470
-15.442200 5.448403 10.082569 50.641826 -2.012986 0.424755 -1.820091
-15.530797 5.427189 10.170179 51.007507 -2.029434 0.423587 -1.823784
-15.624183 5.405456 10.256530 51.356164 -2.045303 0.422826 -1.828113
-15.722188 5.383346 10.341678 51.688358 -2.060644 0.422405 -1.833169
-15.824775 5.361092 10.425765 52.004878 -2.075495 0.422302 -1.838969
-15.931928 5.338940 10.508942 52.306560 -2.089891 0.422502 -1.845510
-16.043605 5.317123 10.591354 52.594224 -2.103866 0.422991 -1.852784
-16.159702 5.295837 10.673124 52.868615 -2.117454 0.423745 -1.860797
-16.279954 5.275163 10.754290 53.130272 -2.130699 0.424705 -1.869605
-16.403567 5.254719 10.834265 53.378886 -2.143423 0.426003 -1.878912
-16.530262 5.234571 10.913081 53.614986 -2.155667 0.427584 -1.888767
-16.659892 5.214876 10.990845 53.839275 -2.167459 0.429426 -1.899161
-16.792343 5.195815 11.067671 54.052490 -2.178827 0.431514 -1.910072
-16.927488 5.177555 11.143665 54.255345 -2.189795 0.433836 -1.921479
-17.065148 5.160226 11.218915 54.448474 -2.200391 0.436367 -1.933373
-17.205021 5.143850 11.293439 54.632340 -2.210646 0.439056 -1.945782
-17.346531 5.128068 11.366808 54.806932 -2.220444 0.442057 -1.958502
-17.489368 5.112888 11.439036 54.972694 -2.229814 0.445318 -1.971557
-17.633320 5.098414 11.510197 55.130192 -2.238778 0.448820 -1.984936
-17.778196 5.084757 11.580370 55.279996 -2.247355 0.452545 -1.998625
-17.923760 5.071994 11.649619 55.422584 -2.255564 0.456471 -2.012624
-18.069686 5.060083 11.717957 55.558249 -2.263431 0.460553 -2.026975
-18.215586 5.048684 11.785154 55.687004 -2.270880 0.464884 -2.041477
-18.361148 5.037757 11.851220 55.809123 -2.277932 0.469420 -2.056169
-18.506158 5.027371 11.916210 55.925027 -2.284603 0.474142 -2.071054
-18.650454 5.017631 11.980187 56.035185 -2.290907 0.479037 -2.086116
-18.793869 5.008637 12.043208 56.140032 -2.296856 0.484092 -2.101349
-18.936183 5.000441 12.105312 56.239897 -2.302464 0.489285 -2.116766
-19.077106 4.992982 12.166492 56.334934 -2.307750 0.494573 -2.132417
-19.216461 4.985972 12.226597 56.425199 -2.312679 0.500044 -2.148074
-19.353967 4.979355 12.285619 56.510825 -2.317268 0.505658 -2.163787
-19.489423 4.973183 12.343589 56.592084 -2.321528 0.511394 -2.179575
-19.622673 4.967550 12.400549 56.669305 -2.325466 0.517241 -2.195436
-19.753569 4.962549 12.456539 56.742808 -2.329088 0.523187 -2.211368
-19.881919 4.958233 12.511583 56.812836 -2.332402 0.529213 -2.227384
-20.007477 4.954555 12.565667 56.879506 -2.335418 0.535282 -2.243523
-20.130130 4.951270 12.618594 56.942941 -2.338170 0.541555 -2.259727
-20.249633 4.948327 12.670352 57.003241 -2.340669 0.547997 -2.276036
-20.365789 4.945765 12.720965 57.060595 -2.342917 0.554592 -2.292466
-20.478427 4.943644 12.770464 57.115222 -2.344916 0.561332 -2.309027
-20.587364 4.942002 12.818877 57.167300 -2.346668 0.568204 -2.325733
-20.692388 4.940799 12.866194 57.216918 -2.348180 0.575182 -2.342618
-20.793412 4.939810 12.912189 57.264148 -2.349478 0.582454 -2.359655
-20.890240 4.938998 12.956855 57.309061 -2.350568 0.589996 -2.376881
-20.982712 4.938394 13.000218 57.351785 -2.351449 0.597802 -2.394320
-21.070702 4.938050 13.042307 57.392456 -2.352121 0.605869 -2.411998
-21.154112 4.938006 13.083143 57.431177 -2.352585 0.614192 -2.429947
-21.233044 4.938329 13.122793 57.468127 -2.352838 0.622783 -2.448177
-21.307807 4.939100 13.161371 57.503616 -2.352867 0.631670 -2.466646
-21.378137 4.940061 13.198553 57.537549 -2.352859 0.640963 -2.485214
-21.443867 4.941194 13.234326 57.569985 -2.352815 0.650645 -2.503911
-21.504910 4.942553 13.268715 57.601021 -2.352731 0.660725 -2.522762
-21.561214 4.944214 13.301751 57.630755 -2.352602 0.671211 -2.541794
-21.612734 4.946257 13.333463 57.659268 -2.352425 0.682115 -2.561037
-21.659419 4.948740 13.363869 57.686627 -2.352197 0.693446 -2.580525
-21.701206 4.951677 13.392951 57.712892 -2.351916 0.705200 -2.600284
-21.738109 4.954922 13.420430 57.738157 -2.351607 0.717540 -2.620042
-21.770063 4.958480 13.446289 57.762468 -2.351268 0.730467 -2.639832
-21.796999 4.962396 13.470545 57.785851 -2.350898 0.743997 -2.659694
-21.818850 4.966717 13.493219 57.808312 -2.350491 0.758152 -2.679677
-21.835538 4.971472 13.514318 57.829837 -2.350047 0.772949 -2.699835
-21.847006 4.976640 13.533806 57.850414 -2.349566 0.788392 -2.720214
-21.853555 4.982143 13.551540 57.870308 -2.349072 0.804523 -2.740479
-21.855081 4.987937 13.567475 57.889477 -2.348567 0.821346 -2.760688
-21.851393 4.993993 13.581595 57.907803 -2.348053 0.838882 -2.780922
-21.842254 5.000248 13.593854 57.925072 -2.347537 0.857141 -2.801297
-21.828103 5.006804 13.604435 57.941451 -2.347002 0.876221 -2.821815
-21.808958 5.013615 13.613363 57.956794 -2.346452 0.896161 -2.842572
-21.784774 5.020578 13.620604 57.970897 -2.345894 0.916983 -2.863678
-21.756228 5.027692 13.626216 57.984040 -2.345320 0.938784 -2.884777
-21.723274 5.034866 13.630178 57.996067 -2.344735 0.961598 -2.905965
-21.685775 5.042037 13.632491 58.006821 -2.344141 0.985471 -2.927335
-21.643585 5.049157 13.633162 58.016166 -2.343537 1.010459 -2.948976
-21.596562 5.056175 13.632198 58.023963 -2.342922 1.036620 -2.970977
-21.544583 5.063031 13.629603 58.030060 -2.342298 1.064014 -2.993430
-21.487617 5.069643 13.625371 58.034311 -2.341667 1.092701 -3.016427
-21.426263 5.076037 13.619634 58.036932 -2.341036 1.122651 -3.039600
-21.360506 5.082119 13.612392 58.037769 -2.340407 1.153933 -3.063043
-21.290246 5.087797 13.603658 58.036644 -2.339781 1.186627 -3.086857
-21.215388 5.092985 13.593444 58.033395 -2.339159 1.220818 -3.111134
-21.135876 5.097600 13.581760 58.027895 -2.338538 1.256595 -3.135961
-21.051800 5.101575 13.568598 58.020150 -2.337922 1.294047 -3.161387
-20.964002 5.105037 13.554208 58.010743 -2.337280 1.332737 -3.186777
-20.872580 5.107909 13.538586 57.999674 -2.336614 1.372763 -3.212182
-20.777487 5.110090 13.521744 57.986793 -2.335922 1.414235 -3.237692
-20.678639 5.111467 13.503694 57.971900 -2.335205 1.457263 -3.263410
-20.575955 5.111924 13.484448 57.954790 -2.334464 1.501966 -3.289438
-20.469402 5.111349 13.464015 57.935302 -2.333697 1.548464 -3.315868
-20.359109 5.109662 13.442393 57.913446 -2.332904 1.596882 -3.342743
-20.245925 5.107041 13.420142 57.889858 -2.332042 1.645926 -3.369377
-20.129982 5.103390 13.397265 57.864535 -2.331111 1.695730 -3.395816
-20.011252 5.098566 13.373776 57.837274 -2.330110 1.746432 -3.422158
-19.889654 5.092412 13.349692 57.807799 -2.329039 1.798171 -3.448520
-19.765110 5.084764 13.325024 57.775816 -2.327898 1.851089 -3.475021
-19.637599 5.075463 13.299785 57.741095 -2.326687 1.905332 -3.501766
-19.507286 5.064400 13.273973 57.703622 -2.325404 1.961047 -3.528795
-19.375100 5.051797 13.248406 57.664169 -2.324022 2.016263 -3.555522
-19.241213 5.037526 13.223090 57.622708 -2.322540 2.071130 -3.581992
-19.105625 5.021407 13.198045 57.578970 -2.320957 2.125803 -3.608309
-18.968295 5.003244 13.173294 57.532617 -2.319273 2.180435 -3.634599
-18.829238 4.982861 13.148861 57.483374 -2.317485 2.235179 -3.660963
-18.688672 4.960161 13.124791 57.431259 -2.315588 2.290205 -3.687426
-18.547573 4.935462 13.101922 57.377246 -2.313537 2.343972 -3.713570
-18.406156 4.908663 13.080301 57.321344 -2.311327 2.396645 -3.739421
-18.264421 4.879581 13.059959 57.263231 -2.308954 2.448375 -3.765086
-18.122289 4.848009 13.040920 57.202460 -2.306417 2.499303 -3.790708
-17.979677 4.813744 13.023205 57.138571 -2.303710 2.549567 -3.816427
-17.836585 4.776612 13.006846 57.071201 -2.300831 2.599310 -3.842358
-17.693256 4.736540 12.991907 57.000339 -2.297769 2.648694 -3.868519
-17.550606 4.693892 12.979122 56.927025 -2.294541 2.696656 -3.894688
-17.408888 4.648600 12.968564 56.851241 -2.291135 2.743354 -3.920885
-17.268115 4.600503 12.960269 56.772582 -2.287546 2.788918 -3.947226
-17.128210 4.549421 12.954264 56.690507 -2.283767 2.833469 -3.973864
-16.989107 4.495186 12.950571 56.604466 -2.279791 2.877122 -4.000951
-16.850851 4.437671 12.949217 56.514073 -2.275611 2.919993 -4.028592
-16.713829 4.376878 12.950254 56.419475 -2.271215 2.962221 -4.056742
-16.579247 4.313277 12.954252 56.322254 -2.266728 3.002941 -4.084789
-16.447517 4.246881 12.961270 56.222558 -2.262137 3.042285 -4.112688
-16.318720 4.177593 12.971346 56.119967 -2.257433 3.080355 -4.140541
-16.192850 4.105302 12.984509 56.013920 -2.252606 3.117246 -4.168487
-16.070004 4.029936 13.000798 55.904029 -2.247643 3.153050 -4.196611
-15.950690 3.951575 13.020291 55.790638 -2.242530 3.187894 -4.224788
-15.835918 3.870719 13.043236 55.675893 -2.237502 3.221428 -4.252596
-15.726223 3.787465 13.069726 55.560158 -2.232544 3.253771 -4.279901
-15.621675 3.701779 13.099799 55.443008 -2.227643 3.284998 -4.306791
-15.522170 3.613606 13.133480 55.323759 -2.222788 3.315170 -4.333425
-15.427573 3.522902 13.170785 55.201715 -2.217969 3.344339 -4.359961
-15.337873 3.429657 13.211736 55.076426 -2.213175 3.372558 -4.386482
-15.253519 3.333991 13.256378 54.948316 -2.208392 3.399906 -4.412812
-15.175649 3.236412 13.304831 54.820180 -2.203800 3.426028 -4.438699
-15.104746 3.137047 13.357158 54.692488 -2.199386 3.450997 -4.463953
-15.040763 3.035908 13.413385 54.564802 -2.195139 3.474848 -4.488648
-14.983471 2.933001 13.473525 54.436414 -2.191052 3.497601 -4.512936
-14.932608 2.828336 13.537582 54.306602 -2.187115 3.519268 -4.536975
-14.888015 2.721950 13.605561 54.174847 -2.183324 3.539861 -4.560858
-14.849965 2.613978 13.677476 54.041399 -2.179671 3.559404 -4.584454
-14.819770 2.504917 13.753298 53.908906 -2.176215 3.578015 -4.607593
-14.797717 2.394899 13.833051 53.777675 -2.172952 3.595713 -4.630126
-14.783615 2.283976 13.916748 53.647251 -2.169878 3.612490 -4.652129
-14.777137 2.172196 14.004389 53.517022 -2.166989 3.628328 -4.673726
-14.778014 2.059638 14.095960 53.386506 -2.164285 3.643201 -4.695007
-14.786319 1.946473 14.191412 53.255807 -2.161770 3.657080 -4.715899
-14.803120 1.833146 14.290398 53.126923 -2.159446 3.670356 -4.736353
-14.828486 1.719844 14.392870 53.000036 -2.157319 3.682993 -4.756275
-14.862085 1.606692 14.498816 52.874786 -2.155390 3.694949 -4.775724
-14.903449 1.493809 14.608229 52.750683 -2.153659 3.706179 -4.794800
-14.952070 1.381325 14.721099 52.627251 -2.152127 3.716630 -4.813600
-15.007479 1.269379 14.837393 52.504130 -2.150797 3.726241 -4.832186
-15.069440 1.158138 14.956996 52.381370 -2.149680 3.734920 -4.850503
-15.138528 1.047815 15.079099 52.260457 -2.148717 3.743277 -4.868634
-15.214502 0.938597 15.203589 52.141495 -2.147918 3.751216 -4.886507
-15.296868 0.830667 15.330437 52.024232 -2.147289 3.758662 -4.904160
-15.385053 0.724222 15.459638 51.908341 -2.146832 3.765546 -4.921651
-15.478467 0.619462 15.591187 51.793504 -2.146552 3.771795 -4.939042
-15.576538 0.516585 15.725057 51.679475 -2.146453 3.777324 -4.956368
-15.678840 0.415759 15.861091 51.566260 -2.146552 3.781998 -4.973591
-15.785579 0.316974 15.998111 51.454924 -2.146730 3.786373 -4.991045
-15.896331 0.220410 16.135964 51.345512 -2.147004 3.790312 -5.008680
-16.010533 0.126284 16.274630 51.237852 -2.147380 3.793723 -5.026520
-16.127593 0.034826 16.414117 51.131744 -2.147864 3.796520 -5.044600
-16.246941 -0.053743 16.554417 51.027027 -2.148463 3.798611 -5.062943
-16.368108 -0.139255 16.695388 50.923710 -2.149195 3.799848 -5.081521
-16.491128 -0.221842 16.835585 50.822532 -2.149924 3.801175 -5.100493
-16.615554 -0.301336 16.974871 50.723543 -2.150668 3.802446 -5.119822
-16.740857 -0.377514 17.113256 50.626660 -2.151435 3.803569 -5.139521
-16.866506 -0.450144 17.250784 50.531790 -2.152229 3.804466 -5.159610
-16.991982 -0.518996 17.387500 50.438856 -2.153057 3.805060 -5.180110
-17.116792 -0.583865 17.523427 50.347828 -2.153927 3.805263 -5.201024
-17.240559 -0.644610 17.658422 50.258855 -2.154857 3.804922 -5.222301
-17.363383 -0.701473 17.790882 50.172739 -2.155752 3.804837 -5.243744
-17.484914 -0.754327 17.920671 50.089651 -2.156633 3.804857 -5.265300
-17.604722 -0.802991 18.047827 50.009604 -2.157506 3.804904 -5.286971
-17.722384 -0.847278 18.172430 49.932587 -2.158376 3.804913 -5.308772
-17.837492 -0.887012 18.294564 49.858592 -2.159250 3.804824 -5.330721
-17.949667 -0.922042 18.414288 49.787641 -2.160135 3.804567 -5.352826
-18.058618 -0.952295 18.531495 49.719865 -2.161048 3.804006 -5.375058
-18.164407 -0.978117 18.644632 49.655770 -2.161919 3.803747 -5.397152
-18.266776 -0.999455 18.753594 49.595497 -2.162765 3.803659 -5.419080
-18.365418 -1.016204 18.858458 49.539089 -2.163594 3.803685 -5.440853
-18.460032 -1.028257 18.959326 49.486576 -2.164411 3.803782 -5.462491
-18.550332 -1.035538 19.056283 49.437993 -2.165222 3.803899 -5.484012
-18.636061 -1.038058 19.149246 49.393410 -2.166044 3.803922 -5.505420
-18.717098 -1.036272 19.236832 49.352973 -2.166813 3.804197 -5.526568
-18.793235 -1.030215 19.318964 49.316764 -2.167546 3.804615 -5.547459
-18.864272 -1.019857 19.395735 49.284841 -2.168247 3.805145 -5.568114
-18.930042 -1.005163 19.467275 49.257270 -2.168922 3.805769 -5.588555
-18.990393 -0.986112 19.533710 49.234115 -2.169573 3.806476 -5.608806
-19.045184 -0.962708 19.595146 49.215439 -2.170205 3.807248 -5.628893
-19.094270 -0.935041 19.651546 49.201276 -2.170831 3.808010 -5.648850
-19.137506 -0.903587 19.701842 49.191493 -2.171401 3.808954 -5.668491
-19.174798 -0.868458 19.746000 49.186130 -2.171929 3.810016 -5.687852
-19.206101 -0.829706 19.784125 49.185254 -2.172418 3.811191 -5.706966
-19.231407 -0.787379 19.816345 49.188953 -2.172871 3.812492 -5.725863
-19.250728 -0.741532 19.842790 49.197318 -2.173290 3.813935 -5.744574
-19.264082 -0.692239 19.863560 49.210427 -2.173678 3.815532 -5.763137
-19.271456 -0.639644 19.878644 49.228286 -2.174045 3.817247 -5.781616
-19.272733 -0.584172 19.887378 49.250471 -2.174360 3.818986 -5.799717
-19.267957 -0.525984 19.889748 49.276993 -2.174631 3.820725 -5.817505
-19.257240 -0.465190 19.885846 49.307945 -2.174862 3.822488 -5.835023
-19.240724 -0.401901 19.875777 49.343439 -2.175054 3.824310 -5.852308
-19.218545 -0.336236 19.859630 49.383571 -2.175208 3.826225 -5.869409
-19.190781 -0.268363 19.837412 49.428319 -2.175329 3.828237 -5.886411
-19.157332 -0.198620 19.808881 49.477064 -2.175407 3.830065 -5.902963
-19.118333 -0.127189 19.774043 49.529788 -2.175448 3.831722 -5.919154
-19.074004 -0.054220 19.732965 49.586589 -2.175452 3.833253 -5.935036
-19.024605 0.020134 19.685727 49.647593 -2.175419 3.834710 -5.950654
-18.970401 0.095718 19.632399 49.712927 -2.175349 3.836150 -5.966054
-18.911645 0.172371 19.573036 49.782686 -2.175243 3.837626 -5.981297
-18.848493 0.249908 19.507669 49.856803 -2.175099 3.839188 -5.996499
-18.780830 0.328111 19.436527 49.934458 -2.174923 3.840480 -6.011174
-18.708873 0.406784 19.359635 50.015593 -2.174714 3.841558 -6.025439
-18.632950 0.485738 19.277022 50.100305 -2.174471 3.842485 -6.039359
-18.553429 0.564778 19.188720 50.188727 -2.174194 3.843327 -6.052990
-18.470690 0.643707 19.094751 50.280993 -2.173883 3.844155 -6.066388
-18.385090 0.722330 18.995127 50.377193 -2.173535 3.845037 -6.079628
-18.296850 0.800461 18.889901 50.477185 -2.173145 3.846065 -6.092865
-18.205770 0.878045 18.779841 50.579842 -2.172732 3.846799 -6.105573
-18.112148 0.954885 18.664993 50.685042 -2.172288 3.847336 -6.117904
-18.016454 1.030769 18.545346 50.792887 -2.171813 3.847755 -6.129937
-17.919233 1.105488 18.420886 50.903533 -2.171307 3.848137 -6.141737
-17.821068 1.178866 18.291610 51.017129 -2.170769 3.848574 -6.153377
-17.722493 1.250834 18.157651 51.133682 -2.170187 3.849221 -6.164989
-17.622424 1.321548 18.020143 51.251541 -2.169586 3.849486 -6.176043
-17.521336 1.390959 17.879166 51.370745 -2.168954 3.849516 -6.186670
-17.419841 1.458943 17.734649 51.491532 -2.168291 3.849397 -6.196931
-17.318604 1.525380 17.586485 51.614165 -2.167601 3.849203 -6.206876
-17.218310 1.590204 17.434531 51.738815 -2.166885 3.849004 -6.216598
-17.119498 1.653439 17.278625 51.865153 -2.166136 3.848853 -6.226285
-17.022247 1.715229 17.118797 51.991801 -2.165285 3.848822 -6.236109
-16.925730 1.775985 16.956674 52.117702 -2.164403 3.848322 -6.245563
-16.830418 1.835664 16.792373 52.243258 -2.163480 3.847542 -6.254717
-16.736844 1.894092 16.625793 52.368828 -2.162511 3.846576 -6.263584
-16.645527 1.951060 16.456786 52.494697 -2.161493 3.845498 -6.272186
-16.556964 2.006354 16.285200 52.621102 -2.160421 3.844378 -6.280558
-16.471589 2.059770 16.110917 52.748222 -2.159288 3.843304 -6.288756
-16.389627 2.111193 15.934069 52.876015 -2.158073 3.842466 -6.296925
-16.310403 2.161052 15.756731 53.003155 -2.156827 3.841269 -6.304464
-16.234152 2.209250 15.579013 53.129607 -2.155529 3.839900 -6.311518
-16.161303 2.255620 15.400757 53.255548 -2.154172 3.838439 -6.318141
-16.092316 2.299990 15.221759 53.381181 -2.152750 3.836949 -6.324376
-16.027589 2.342207 15.041848 53.506632 -2.151255 3.835507 -6.330292
-15.967297 2.382209 14.861118 53.631742 -2.149663 3.834296 -6.336055
-15.910816 2.420523 14.681690 53.755179 -2.148027 3.832728 -6.341138
-15.858336 2.457101 14.503648 53.876799 -2.146325 3.830984 -6.345703
-15.810261 2.491809 14.326805 53.996737 -2.144548 3.829134 -6.349814
-15.767046 2.524498 14.150923 54.115202 -2.142693 3.827233 -6.353510
-15.729141 2.555021 13.975766 54.232398 -2.140755 3.825334 -6.356830
-15.696932 2.583249 13.801141 54.348454 -2.138726 3.823507 -6.359839
-15.670596 2.609157 13.627136 54.463240 -2.136585 3.821928 -6.362685
-15.649353 2.633268 13.455667 54.575427 -2.134372 3.820076 -6.364932
-15.633377 2.655565 13.286816 54.684908 -2.132066 3.818125 -6.366723
-15.623029 2.675924 13.120390 54.791832 -2.129658 3.816141 -6.368111
-15.618708 2.694196 12.956144 54.896428 -2.127145 3.814171 -6.369126
-15.620814 2.710236 12.793837 54.998939 -2.124523 3.812261 -6.369792
-15.629718 2.723936 12.633282 55.099578 -2.121786 3.810478 -6.370143
-15.645623 2.735317 12.474561 55.198384 -2.118911 3.808989 -6.370273
-15.667606 2.744897 12.319280 55.294161 -2.115929 3.807285 -6.369842
-15.695819 2.752748 12.167482 55.386970 -2.112820 3.805523 -6.368961
-15.730491 2.758849 12.018931 55.476770 -2.109573 3.803742 -6.367697
-15.771846 2.763173 11.873347 55.563440 -2.106177 3.801957 -6.366107
-15.820126 2.765701 11.730490 55.647129 -2.102626 3.800211 -6.364240
-15.875492 2.766533 11.590392 55.727988 -2.098897 3.798645 -6.362146
-15.936973 2.766142 11.454268 55.805103 -2.094992 3.796807 -6.359705
-16.004708 2.764608 11.322162 55.878641 -2.090888 3.794836 -6.356954
-16.078920 2.761867 11.193883 55.948861 -2.086576 3.792779 -6.353893
-16.159801 2.757811 11.069183 56.016014 -2.082050 3.790658 -6.350517
-16.247521 2.752327 10.947817 56.080343 -2.077301 3.788490 -6.346819
-16.342236 2.745337 10.829589 56.142090 -2.072321 3.786312 -6.342796
-16.443985 2.736889 10.714514 56.201409 -2.067086 3.784236 -6.338471
-16.551775 2.727344 10.603506 56.257471 -2.061584 3.781888 -6.333858
-16.665607 2.716764 10.496576 56.310435 -2.055790 3.779373 -6.328977
-16.785560 2.705096 10.393528 56.360550 -2.049693 3.776716 -6.323811
-16.911686 2.692252 10.294117 56.408065 -2.043281 3.773921 -6.318335
-17.044018 2.678154 10.198095 56.453238 -2.036541 3.770984 -6.312523
-17.182577 2.662763 10.105257 56.496341 -2.029459 3.767920 -6.306340
-17.327282 2.646167 10.015577 56.537593 -2.022008 3.764808 -6.299778
-17.477123 2.628724 9.929725 56.576366 -2.014424 3.761435 -6.292910
-17.631992 2.610543 9.847673 56.612895 -2.006680 3.757875 -6.285720
-17.791863 2.591632 9.769214 56.647486 -1.998757 3.754131 -6.278157
-17.956687 2.571978 9.694107 56.680444 -1.990639 3.750188 -6.270168
-18.126381 2.551593 9.622138 56.712071 -1.982306 3.746042 -6.261697
-18.300722 2.530578 9.553235 56.742575 -1.973730 3.741735 -6.252719
-18.478623 2.509208 9.487813 56.771394 -1.965066 3.737199 -6.243583
-18.659838 2.487598 9.425802 56.798754 -1.956284 3.732471 -6.234259
-18.844240 2.465787 9.366993 56.824989 -1.947364 3.727536 -6.224671
-19.031705 2.443796 9.311146 56.850440 -1.938284 3.722364 -6.214742
-19.222091 2.421647 9.258022 56.875446 -1.929023 3.716920 -6.204389
-19.415220 2.399389 9.207418 56.900330 -1.919559 3.711181 -6.193534
-19.610729 2.377117 9.159232 56.925251 -1.909859 3.705154 -6.182146
-19.807343 2.354949 9.113560 56.949473 -1.900199 3.698930 -6.170706
-20.004700 2.332991 9.070305 56.973172 -1.890549 3.692513 -6.159177
-20.202618 2.311307 9.029280 56.996694 -1.880883 3.685876 -6.147470
-20.400950 2.289948 8.990272 57.020409 -1.871177 3.678979 -6.135487
-20.599544 2.268967 8.953079 57.044683 -1.861407 3.671781 -6.123127
-20.798199 2.248429 8.917529 57.069840 -1.851547 3.664253 -6.110302
-20.996500 2.228411 8.883531 57.095984 -1.841564 3.656382 -6.096980
-21.193051 2.208891 8.851027 57.122176 -1.831735 3.648253 -6.083659
-21.387447 2.189946 8.819935 57.148530 -1.822027 3.639854 -6.070305
-21.579507 2.171641 8.790111 57.175382 -1.812415 3.631155 -6.056824
-21.769100 2.154036 8.761401 57.203094 -1.802871 3.622120 -6.043112
-21.956056 2.137192 8.733678 57.231979 -1.793370 3.612717 -6.029077
-22.139980 2.121157 8.706875 57.262087 -1.783879 3.602928 -6.014696
-22.319442 2.105791 8.680849 57.292278 -1.774615 3.592774 -6.000364
-22.494075 2.091135 8.655546 57.322595 -1.765547 3.582236 -5.986061
-22.663768 2.077233 8.630865 57.353327 -1.756648 3.571283 -5.971699
-22.828484 2.064128 8.606684 57.384807 -1.747896 3.559878 -5.957181
-22.988211 2.051860 8.582891 57.417369 -1.739267 3.547984 -5.942406
-23.142909 2.040478 8.559404 57.451313 -1.730736 3.535571 -5.927282
-23.292345 2.030019 8.536174 57.486727 -1.722276 3.522613 -5.911771
-23.435300 2.020270 8.512913 57.522570 -1.714058 3.509082 -5.896125
-23.571567 2.011259 8.489586 57.558917 -1.706055 3.494954 -5.880312
-23.701163 2.003020 8.466133 57.596032 -1.698245 3.480197 -5.864245
-23.824161 1.995576 8.442480 57.634194 -1.690605 3.464775 -5.847836
-23.940649 1.988945 8.418558 57.673663 -1.683115 3.448651 -5.831000
-24.050677 1.983146 8.394323 57.714647 -1.675752 3.431793 -5.813664
-24.154113 1.978178 8.369767 57.757139 -1.668492 3.414172 -5.795809
-24.249953 1.973794 8.344698 57.800064 -1.661453 3.395675 -5.777472
-24.338089 1.969987 8.319118 57.843400 -1.654611 3.376272 -5.758636
-24.418616 1.966765 8.293005 57.887318 -1.647945 3.355929 -5.739234
-24.491681 1.964131 8.266326 57.932015 -1.641435 3.334607 -5.719188
-24.557420 1.962088 8.239057 57.977654 -1.635062 3.312268 -5.698428
-24.615845 1.960608 8.211178 58.024245 -1.628806 3.288863 -5.676919
-24.666351 1.959430 8.182423 58.071070 -1.622686 3.264304 -5.654730
-24.708971 1.958524 8.152778 58.118116 -1.616682 3.238542 -5.631827
-24.743889 1.957884 8.122225 58.165507 -1.610776 3.211527 -5.608143
-24.771335 1.957502 8.090737 58.213381 -1.604952 3.183209 -5.583606
-24.791552 1.957375 8.058291 58.261877 -1.599190 3.153532 -5.558141
-24.804784 1.957507 8.024886 58.311130 -1.593475 3.122449 -5.531669
-24.811213 1.957920 7.990587 58.361229 -1.587783 3.089927 -5.504119
-24.810709 1.958541 7.955089 58.412067 -1.582124 3.057232 -5.475934
-24.803470 1.959389 7.918456 58.463716 -1.576475 3.024329 -5.447043
-24.789774 1.960473 7.880694 58.516278 -1.570819 2.991165 -5.417368
-24.769918 1.961788 7.841783 58.569847 -1.565139 2.957680 -5.386833
-24.744212 1.963331 7.801701 58.624514 -1.559417 2.923811 -5.355361
-24.712966 1.965106 7.760440 58.680369 -1.553636 2.889500 -5.322871
-24.676471 1.967125 7.718030 58.737495 -1.547775 2.854702 -5.289278
-24.634889 1.969322 7.674168 58.796116 -1.542005 2.820384 -5.255463
-24.588520 1.971711 7.628885 58.856303 -1.536307 2.786502 -5.221342
-24.537692 1.974296 7.582173 58.918116 -1.530661 2.753003 -5.186837
-24.482737 1.977075 7.534015 58.981594 -1.525051 2.719829 -5.151878
-24.423976 1.980047 7.484411 59.046744 -1.519457 2.686933 -5.116400
-24.361684 1.983223 7.433425 59.113511 -1.513859 2.654287 -5.080351
-24.295967 1.986592 7.381071 59.181775 -1.508408 2.622497 -5.044225
-24.227104 1.990163 7.327407 59.251465 -1.503083 2.591537 -5.007975
-24.155422 1.993925 7.272423 59.322556 -1.497867 2.561365 -4.971544
-24.081260 1.997863 7.216084 59.395030 -1.492744 2.531932 -4.934880
-24.004957 2.001959 7.158355 59.468857 -1.487699 2.503192 -4.897931
-23.926826 2.006198 7.099233 59.543961 -1.482714 2.475112 -4.860658
-23.847104 2.010588 7.038809 59.620153 -1.477768 2.447693 -4.823046
-23.765759 2.015170 6.977381 59.696933 -1.472981 2.421157 -4.785248
-23.683025 2.019951 6.915035 59.774104 -1.468331 2.395507 -4.747249
-23.599213 2.024912 6.851756 59.851580 -1.463805 2.370718 -4.709014
-23.514652 2.030026 6.787496 59.929308 -1.459386 2.346755 -4.670498
-23.429673 2.035266 6.722205 60.007235 -1.455063 2.323589 -4.631655
-23.344579 2.040611 6.655867 60.085272 -1.450819 2.301200 -4.592449
-23.259602 2.046071 6.588569 60.163221 -1.446636 2.279608 -4.552865
-23.174692 2.051731 6.520728 60.240551 -1.442625 2.258807 -4.512956
-23.090072 2.057601 6.452429 60.317062 -1.438767 2.238818 -4.472708
-23.006026 2.063657 6.383647 60.392653 -1.435049 2.219632 -4.432081
-22.922850 2.069867 6.314334 60.467255 -1.431457 2.201234 -4.391030
-22.840820 2.076206 6.244466 60.540773 -1.427980 2.183619 -4.349513
-22.760133 2.082686 6.174129 60.613015 -1.424600 2.166820 -4.307511
-22.680708 2.089422 6.103820 60.683645 -1.421398 2.150619 -4.265837
-22.602726 2.096423 6.033618 60.752472 -1.418356 2.135049 -4.224472
-22.526430 2.103654 5.963489 60.819409 -1.415463 2.120112 -4.183367
-22.452072 2.111070 5.893365 60.884400 -1.412711 2.105796 -4.142469
-22.379888 2.118624 5.823183 60.947384 -1.410090 2.092096 -4.101726
-22.310077 2.126278 5.752919 61.008256 -1.407590 2.079018 -4.061094
-22.242731 2.134037 5.682685 61.066774 -1.405195 2.066616 -4.020566
-22.177576 2.142041 5.613097 61.122371 -1.402969 2.054615 -3.980717
-22.114684 2.150293 5.544263 61.174810 -1.400898 2.043068 -3.941536
-22.054210 2.158751 5.476160 61.223991 -1.398971 2.031989 -3.902979
-21.996325 2.167360 5.408720 61.269871 -1.397182 2.021376 -3.864987
-21.941196 2.176063 5.341876 61.312421 -1.395526 2.011229 -3.827495
-21.888963 2.184820 5.275596 61.351606 -1.393994 2.001561 -3.790441
-21.839708 2.193633 5.209957 61.387337 -1.392573 1.992422 -3.753773
-21.793283 2.202634 5.145453 61.419426 -1.391288 1.983569 -3.718000
-21.749746 2.211828 5.082163 61.447793 -1.390125 1.975054 -3.683069
-21.709191 2.221174 5.020059 61.472420 -1.389078 1.966895 -3.648910
-21.671716 2.230620 4.959089 61.493316 -1.388142 1.959098 -3.615448
-21.637404 2.240126 4.899217 61.510505 -1.387312 1.951677 -3.582603
-21.606307 2.249689 4.840491 61.524010 -1.386577 1.944677 -3.550293
-21.578353 2.259408 4.783254 61.533950 -1.385949 1.937899 -3.519119
-21.553571 2.269283 4.727556 61.540354 -1.385420 1.931387 -3.488996
-21.531998 2.279272 4.673363 61.543260 -1.384983 1.925155 -3.459841
-21.513662 2.289322 4.620617 61.542710 -1.384638 1.919209 -3.431572
-21.498585 2.299378 4.569259 61.538753 -1.384380 1.913554 -3.404106
-21.486775 2.309402 4.519255 61.531457 -1.384207 1.908205 -3.377351
-21.478225 2.319394 4.470642 61.520922 -1.384111 1.903201 -3.351208
-21.472850 2.329444 4.423707 61.507404 -1.384180 1.898348 -3.326174
-21.470624 2.339555 4.378489 61.491007 -1.384409 1.893687 -3.302149
-21.471516 2.349691 4.334964 61.471813 -1.384795 1.889232 -3.279042
-21.475488 2.359808 4.293082 61.449895 -1.385337 1.884989 -3.256764
-21.482493 2.369862 4.252795 61.425335 -1.386035 1.880966 -3.235228
-21.492484 2.379821 4.214072 61.398251 -1.386887 1.877173 -3.214333
-21.505418 2.389689 4.176932 61.368824 -1.387890 1.873641 -3.193964
-21.521217 2.399529 4.141531 61.337488 -1.389086 1.870249 -3.174670
-21.539824 2.409347 4.107890 61.304432 -1.390472 1.867028 -3.156334
-21.561165 2.419123 4.075990 61.269793 -1.392049 1.863990 -3.138855
-21.585157 2.428828 4.045794 61.233693 -1.393818 1.861142 -3.122141
-21.611714 2.438436 4.017271 61.196269 -1.395782 1.858492 -3.106092
-21.640752 2.447936 3.990401 61.157712 -1.397943 1.856051 -3.090596
-21.672157 2.457301 3.965132 61.118404 -1.400246 1.853752 -3.076053
-21.705837 2.466523 3.941448 61.078532 -1.402693 1.851605 -3.062355
-21.741691 2.475584 3.919319 61.038230 -1.405289 1.849616 -3.049412
-21.779607 2.484462 3.898716 60.997600 -1.408039 1.847789 -3.037142
-21.819471 2.493137 3.879604 60.956742 -1.410948 1.846126 -3.025468
-21.861166 2.501593 3.861957 60.915773 -1.414023 1.844631 -3.014308
-21.904572 2.509823 3.845745 60.874845 -1.417270 1.843307 -3.003573
-21.949506 2.517766 3.830829 60.834221 -1.420595 1.842178 -2.993641
-21.995846 2.525419 3.817182 60.794056 -1.424005 1.841247 -2.984425
-22.043475 2.532778 3.804780 60.754466 -1.427506 1.840517 -2.975851
-22.092271 2.539836 3.793599 60.715550 -1.431108 1.839991 -2.967852
-22.142112 2.546591 3.783615 60.677401 -1.434817 1.839669 -2.960363
-22.192874 2.553041 3.774803 60.640122 -1.438643 1.839554 -2.953320
-22.244424 2.559188 3.767140 60.603833 -1.442595 1.839645 -2.946654
-22.296563 2.564979 3.760471 60.568725 -1.446535 1.840022 -2.940724
-22.349160 2.570417 3.754772 60.534921 -1.450474 1.840683 -2.935466
-22.402102 2.575515 3.750023 60.502526 -1.454420 1.841631 -2.930821
-22.455275 2.580283 3.746204 60.471639 -1.458382 1.842868 -2.926738
-22.508572 2.584732 3.743289 60.442359 -1.462371 1.844396 -2.923165
-22.561884 2.588868 3.741238 60.414796 -1.466396 1.846208 -2.920049
-22.615052 2.592632 3.739879 60.389080 -1.470297 1.848293 -2.917543
-22.667974 2.596034 3.739172 60.365314 -1.474085 1.850644 -2.915601
-22.720561 2.599090 3.739093 60.343584 -1.477768 1.853264 -2.914185
-22.772727 2.601819 3.739623 60.323961 -1.481355 1.856156 -2.913263
-22.824386 2.604241 3.740741 60.306500 -1.484857 1.859321 -2.912812
-22.875448 2.606372 3.742429 60.291240 -1.488282 1.862764 -2.912812
-22.925800 2.608222 3.744663 60.278179 -1.491639 1.866485 -2.913261
-22.975209 2.609739 3.747325 60.267153 -1.494790 1.870484 -2.914147
-23.023573 2.610934 3.750391 60.258153 -1.497742 1.874763 -2.915472
-23.070822 2.611829 3.753844 60.251205 -1.500505 1.879325 -2.917231
-23.116903 2.612448 3.757666 60.246342 -1.503085 1.884177 -2.919420
-23.161764 2.612817 3.761840 60.243590 -1.505489 1.889323 -2.922038
-23.205355 2.612958 3.766349 60.242953 -1.507725 1.894769 -2.925091
-23.247599 2.612886 3.771166 60.244386 -1.509800 1.900517 -2.928603
-23.288310 2.612555 3.776185 60.247586 -1.511611 1.906563 -2.932295
-23.327423 2.611978 3.781381 60.252499 -1.513166 1.912909 -2.936195
-23.364908 2.611183 3.786737 60.259119 -1.514469 1.919564 -2.940319
-23.400751 2.610197 3.792234 60.267449 -1.515524 1.926534 -2.944686
-23.434941 2.609046 3.797851 60.277481 -1.516336 1.933828 -2.949316
-23.467461 2.607745 3.803544 60.289176 -1.516909 1.941445 -2.954239
-23.498228 2.606252 3.809218 60.302323 -1.517281 1.949226 -2.959315
-23.527234 2.604581 3.814829 60.316882 -1.517454 1.957170 -2.964578
-23.554493 2.602760 3.820358 60.332841 -1.517431 1.965288 -2.970055
-23.580027 2.600818 3.825788 60.350201 -1.517212 1.973593 -2.975770
-23.603859 2.598786 3.831103 60.368957 -1.516799 1.982095 -2.981752
-23.626014 2.596690 3.836286 60.389082 -1.516191 1.990808 -2.988036
-23.646501 2.594544 3.841307 60.410501 -1.515389 1.999738 -2.994672
-23.665249 2.592320 3.846111 60.432917 -1.514501 2.008727 -3.001465
-23.682274 2.590031 3.850669 60.456250 -1.513526 2.017784 -3.008469
-23.697616 2.587701 3.854965 60.480470 -1.512463 2.026923 -3.015725
-23.711325 2.585356 3.858985 60.505563 -1.511311 2.036159 -3.023270
-23.723452 2.583020 3.862714 60.531520 -1.510067 2.045508 -3.031141
-23.734054 2.580715 3.866132 60.558319 -1.508731 2.054983 -3.039380
-23.743186 2.578448 3.869199 60.585911 -1.507301 2.064592 -3.048038
-23.750879 2.576192 3.871867 60.614065 -1.505863 2.074119 -3.056746
-23.757193 2.573950 3.874096 60.642728 -1.504417 2.083571 -3.065557
-23.762193 2.571739 3.875866 60.671872 -1.502959 2.092964 -3.074518
-23.765946 2.569572 3.877164 60.701477 -1.501488 2.102316 -3.083675
-23.768521 2.567466 3.877976 60.731514 -1.500001 2.111643 -3.093077
-23.769978 2.565426 3.878286 60.761922 -1.498495 2.120961 -3.102781
-23.770343 2.563444 3.878070 60.792471 -1.497035 2.130232 -3.112496
-23.769678 2.561525 3.877310 60.823102 -1.495620 2.139471 -3.122280
-23.768053 2.559675 3.875994 60.853791 -1.494247 2.148697 -3.132182
-23.765540 2.557900 3.874114 60.884523 -1.492912 2.157932 -3.142250
-23.762211 2.556207 3.871660 60.915284 -1.491614 2.167195 -3.152531
-23.758133 2.554598 3.868625 60.946048 -1.490348 2.176509 -3.163075
-23.753362 2.553075 3.865009 60.976753 -1.489112 2.185897 -3.173944
-23.747903 2.551639 3.860834 61.007144 -1.487990 2.195371 -3.184824
-23.741811 2.550288 3.856100 61.037160 -1.486979 2.204954 -3.195775
-23.735151 2.549020 3.850799 61.066776 -1.486077 2.214673 -3.206851
-23.727992 2.547828 3.844921 61.095983 -1.485281 2.224550 -3.218098
-23.720400 2.546709 3.838460 61.124774 -1.484590 2.234611 -3.229564
-23.712440 2.545657 3.831411 61.153136 -1.484003 2.244884 -3.241298
-23.704168 2.544673 3.823789 61.181035 -1.483516 2.255405 -3.253354
-23.695616 2.543802 3.815748 61.208266 -1.483189 2.266030 -3.265297
-23.686836 2.543043 3.807302 61.234795 -1.483022 2.276797 -3.277182
-23.677888 2.542384 3.798447 61.260609 -1.483012 2.287736 -3.289056
-23.668825 2.541813 3.789175 61.285700 -1.483160 2.298878 -3.300968
-23.659700 2.541318 3.779484 61.310055 -1.483466 2.310255 -3.312964
-23.650551 2.540894 3.769390 61.333642 -1.483929 2.321909 -3.325098
-23.641387 2.540590 3.759109 61.356260 -1.484646 2.333560 -3.336944
-23.632243 2.540398 3.748660 61.377878 -1.485615 2.345250 -3.348553
-23.623162 2.540303 3.738037 61.398489 -1.486841 2.357013 -3.359970
-23.614187 2.540289 3.727228 61.418099 -1.488324 2.368884 -3.371232
-23.605361 2.540339 3.716223 61.436717 -1.490069 2.380894 -3.382377
-23.596729 2.540438 3.705015 61.454361 -1.492080 2.393079 -3.393439
-23.588338 2.540583 3.693610 61.471058 -1.494360 2.405481 -3.404449
-23.580248 2.540827 3.682218 61.486792 -1.496868 2.417748 -3.415165
-23.572499 2.541165 3.670845 61.501589 -1.499609 2.429925 -3.425615
-23.565128 2.541582 3.659484 61.515469 -1.502591 2.442045 -3.435830
-23.558162 2.542060 3.648122 61.528448 -1.505818 2.454143 -3.445839
-23.551627 2.542581 3.636749 61.540542 -1.509301 2.466254 -3.455671
-23.545545 2.543128 3.625356 61.551765 -1.513046 2.478414 -3.465353
-23.539932 2.543694 3.613958 61.562129 -1.517061 2.490666 -3.474913
-23.534791 2.544323 3.602741 61.571608 -1.521287 2.502715 -3.484250
-23.530132 2.545007 3.591719 61.580217 -1.525731 2.514604 -3.493388
-23.525968 2.545731 3.580886 61.587970 -1.530406 2.526369 -3.502352
-23.522309 2.546478 3.570232 61.594887 -1.535321 2.538043 -3.511163
-23.519162 2.547235 3.559753 61.600988 -1.540489 2.549663 -3.519844
-23.516528 2.547996 3.549461 61.606297 -1.545921 2.561268 -3.528412
-23.514384 2.548797 3.539514 61.610809 -1.551503 2.572595 -3.536830
-23.512725 2.549636 3.529924 61.614548 -1.557247 2.583682 -3.545116
-23.511552 2.550501 3.520686 61.617536 -1.563168 2.594563 -3.553286
-23.510862 2.551378 3.511790 61.619795 -1.569280 2.605269 -3.561357
-23.510651 2.552253 3.503224 61.621347 -1.575598 2.615830 -3.569346
-23.510914 2.553118 3.494980 61.622221 -1.582137 2.626275 -3.577266
-23.511643 2.553967 3.487056 61.622453 -1.588913 2.636638 -3.585129
-23.512809 2.554821 3.479562 61.622089 -1.595806 2.646651 -3.592981
-23.514401 2.555678 3.472496 61.621165 -1.602833 2.656345 -3.600834
-23.516407 2.556532 3.465850 61.619712 -1.610011 2.665748 -3.608699
-23.518814 2.557377 3.459616 61.617754 -1.617357 2.674885 -3.616589
-23.521608 2.558205 3.453781 61.615315 -1.624890 2.683781 -3.624517
-23.524770 2.559014 3.448337 61.612425 -1.632629 2.692461 -3.632493
-23.528283 2.559801 3.443273 61.609120 -1.640592 2.700946 -3.640526
-23.532102 2.560573 3.438663 61.605423 -1.648638 2.708953 -3.648570
-23.536207 2.561332 3.434498 61.601372 -1.656789 2.716503 -3.656632
-23.540578 2.562077 3.430770 61.596998 -1.665064 2.723615 -3.664723
-23.545196 2.562811 3.427468 61.592334 -1.673483 2.730309 -3.672851
-23.550043 2.563534 3.424581 61.587416 -1.682067 2.736601 -3.681026
-23.555105 2.564247 3.422087 61.582295 -1.690839 2.742501 -3.689251
-23.560361 2.564930 3.419943 61.577005 -1.699558 2.747921 -3.697387
-23.565797 2.565584 3.418128 61.571597 -1.708247 2.752870 -3.705439
-23.571393 2.566215 3.416630 61.566102 -1.716927 2.757359 -3.713416
-23.577130 2.566828 3.415444 61.560546 -1.725619 2.761398 -3.721327
-23.582983 2.567428 3.414562 61.554949 -1.734347 2.764999 -3.729185
-23.588929 2.568022 3.413977 61.549334 -1.743130 2.768168 -3.737000
-23.594944 2.568613 3.413676 61.543726 -1.751993 2.770910 -3.744781
-23.600980 2.569181 3.413605 61.538099 -1.760702 2.773212 -3.752373
-23.607012 2.569731 3.413751 61.532475 -1.769281 2.775077 -3.759783
-23.613018 2.570269 3.414109 61.526874 -1.777750 2.776509 -3.767023
-23.618978 2.570805 3.414675 61.521311 -1.786132 2.777508 -3.774103
-23.624872 2.571348 3.415445 61.515800 -1.794446 2.778078 -3.781036
-23.630680 2.571904 3.416414 61.510358 -1.802714 2.778219 -3.787830
-23.636382 2.572482 3.417575 61.505003 -1.810957 2.777928 -3.794495
-23.641936 2.573063 3.418843 61.499695 -1.818978 2.777312 -3.800861
-23.647323 2.573653 3.420212 61.494452 -1.826797 2.776367 -3.806936
-23.652527 2.574262 3.421678 61.489286 -1.834434 2.775090 -3.812729
-23.657532 2.574898 3.423240 61.484208 -1.841908 2.773475 -3.818249
-23.662325 2.575569 3.424894 61.479224 -1.849238 2.771518 -3.823505
-23.666889 2.576282 3.426636 61.474342 -1.856443 2.769211 -3.828505
-23.671193 2.577019 3.428383 61.469532 -1.863434 2.766695 -3.833170
-23.675225 2.577786 3.430129 61.464799 -1.870230 2.763961 -3.837506
-23.678972 2.578589 3.431876 61.460147 -1.876847 2.761000 -3.841522
-23.682426 2.579436 3.433621 61.455575 -1.883303 2.757805 -3.845224
-23.685578 2.580334 3.435367 61.451085 -1.889612 2.754367 -3.848619
-23.688422 2.581288 3.437116 61.446676 -1.895792 2.750677 -3.851713
-23.690951 2.582307 3.438872 61.442351 -1.901858 2.746726 -3.854511
-23.693163 2.583385 3.440545 61.438107 -1.907785 2.742820 -3.856990
-23.695055 2.584530 3.442141 61.433944 -1.913589 2.738950 -3.859157
-23.696623 2.585746 3.443662 61.429859 -1.919283 2.735107 -3.861013
-23.697867 2.587037 3.445112 61.425847 -1.924884 2.731280 -3.862563
-23.698785 2.588405 3.446492 61.421903 -1.930403 2.727461 -3.863809
-23.699380 2.589853 3.447805 61.418022 -1.935855 2.723637 -3.864753
-23.699661 2.591383 3.449053 61.414206 -1.941255 2.719801 -3.865396
-23.699658 2.592990 3.450158 61.410481 -1.946565 2.716204 -3.865756
-23.699382 2.594676 3.451122 61.406847 -1.951797 2.712835 -3.865832
-23.698839 2.596439 3.451948 61.403297 -1.956967 2.709688 -3.865625
-23.698035 2.598278 3.452639 61.399823 -1.962086 2.706754 -3.865134
-23.696979 2.600193 3.453198 61.396415 -1.967167 2.704026 -3.864358
-23.695683 2.602182 3.453629 61.393069 -1.972223 2.701497 -3.863294
-23.694177 2.604242 3.453887 61.389818 -1.977152 2.699334 -3.862042
-23.692473 2.606372 3.453974 61.386656 -1.981967 2.697532 -3.860599
-23.690581 2.608568 3.453895 61.383573 -1.986678 2.696087 -3.858962
-23.688510 2.610824 3.453653 61.380558 -1.991298 2.694996 -3.857127
-23.686267 2.613137 3.453252 61.377600 -1.995839 2.694256 -3.855091
-23.683865 2.615500 3.452695 61.374688 -2.000312 2.693868 -3.852850
-23.681319 2.617906 3.451981 61.371821 -2.004728 2.693830 -3.850398
-23.678671 2.620356 3.451113 61.369040 -2.009029 2.694152 -3.847805
-23.675939 2.622843 3.450091 61.366342 -2.013225 2.694834 -3.845066
-23.673133 2.625360 3.448916 61.363718 -2.017328 2.695881 -3.842175
-23.670262 2.627898 3.447591 61.361155 -2.021348 2.697294 -3.839125
-23.667334 2.630449 3.446118 61.358642 -2.025294 2.699078 -3.835910
-23.664358 2.633003 3.444496 61.356166 -2.029177 2.701239 -3.832525
-23.661350 2.635550 3.442721 61.353720 -2.033006 2.703780 -3.828960
-23.658353 2.638083 3.440811 61.351347 -2.036662 2.706608 -3.825301
-23.655381 2.640589 3.438762 61.349041 -2.040153 2.709729 -3.821538
-23.652443 2.643059 3.436571 61.346787 -2.043489 2.713152 -3.817664
-23.649546 2.645480 3.434238 61.344571 -2.046678 2.716884 -3.813673
-23.646693 2.647844 3.431764 61.342378 -2.049728 2.720938 -3.809556
-23.643893 2.650140 3.429149 61.340190 -2.052646 2.725323 -3.805307
-23.641165 2.652379 3.426484 61.338045 -2.055438 2.729830 -3.801081
-23.638517 2.654553 3.423769 61.335927 -2.058111 2.734472 -3.796871
-23.635951 2.656651 3.421004 61.333820 -2.060672 2.739259 -3.792670
-23.633469 2.658663 3.418186 61.331712 -2.063128 2.744207 -3.788468
-23.631073 2.660580 3.415315 61.329591 -2.065483 2.749327 -3.784256
-23.628767 2.662392 3.412389 61.327447 -2.067745 2.754635 -3.780027
-23.626558 2.664094 3.409408 61.325275 -2.069919 2.760145 -3.775770
-23.624473 2.665704 3.406461 61.323134 -2.072034 2.765676 -3.771623
-23.622521 2.667217 3.403546 61.321019 -2.074096 2.771244 -3.767577
-23.620702 2.668625 3.400660 61.318923 -2.076110 2.776863 -3.763621
-23.619014 2.669920 3.397801 61.316838 -2.078080 2.782548 -3.759748
-23.617455 2.671095 3.394965 61.314753 -2.080013 2.788314 -3.755949
-23.616024 2.672145 3.392147 61.312662 -2.081913 2.794176 -3.752215
-23.614721 2.673065 3.389344 61.310559 -2.083784 2.800150 -3.748538
-23.613562 2.673872 3.386630 61.308479 -2.085645 2.806086 -3.744982
-23.612548 2.674561 3.384001 61.306417 -2.087502 2.812000 -3.741539
-23.611674 2.675130 3.381451 61.304368 -2.089359 2.817907 -3.738201
-23.610934 2.675575 3.378975 61.302323 -2.091220 2.823821 -3.734961
-23.610322 2.675891 3.376567 61.300277 -2.093090 2.829758 -3.731810
-23.609834 2.676079 3.374222 61.298225 -2.094975 2.835732 -3.728742
-23.609481 2.676155 3.371995 61.296199 -2.096864 2.841634 -3.725813
-23.609257 2.676120 3.369883 61.294195 -2.098762 2.847480 -3.723015
-23.609156 2.675972 3.367876 61.292209 -2.100673 2.853284 -3.720342
-23.609168 2.675712 3.365970 61.290236 -2.102604 2.859059 -3.717788
-23.609286 2.675341 3.364156 61.288272 -2.104557 2.864819 -3.715346
-23.609500 2.674862 3.362426 61.286316 -2.106540 2.870578 -3.713009
-23.609805 2.674277 3.360776 61.284367 -2.108555 2.876350 -3.710771
-23.610207 2.673605 3.359244 61.282450 -2.110579 2.882057 -3.708645
-23.610700 2.672851 3.357824 61.280566 -2.112618 2.887711 -3.706624
-23.611276 2.672018 3.356508 61.278713 -2.114675 2.893327 -3.704703
-23.611924 2.671111 3.355289 61.276889 -2.116756 2.898917 -3.702877
-23.612634 2.670134 3.354158 61.275091 -2.118866 2.904494 -3.701141
-23.613397 2.669091 3.353108 61.273319 -2.121012 2.910071 -3.699490
-23.614206 2.667991 3.352132 61.271572 -2.123197 2.915661 -3.697920
-23.615062 2.666853 3.351270 61.269870 -2.125411 2.921192 -3.696430
-23.615957 2.665686 3.350516 61.268213 -2.127658 2.926678 -3.695016
-23.616882 2.664495 3.349863 61.266599 -2.129945 2.932130 -3.693675
-23.617826 2.663286 3.349302 61.265027 -2.132277 2.937561 -3.692403
-23.618779 2.662063 3.348824 61.263493 -2.134661 2.942982 -3.691197
-23.619732 2.660833 3.348420 61.261994 -2.137102 2.948405 -3.690053
-23.620678 2.659604 3.348113 61.260541 -2.139572 2.953721 -3.689002
-23.621608 2.658381 3.347894 61.259131 -2.142078 2.958942 -3.688040
-23.622512 2.657169 3.347754 61.257760 -2.144625 2.964078 -3.687166
-23.623381 2.655974 3.347687 61.256426 -2.147221 2.969141 -3.686377
-23.624206 2.654801 3.347686 61.255127 -2.149873 2.974141 -3.685671
-23.624976 2.653653 3.347742 61.253859 -2.152586 2.979088 -3.685048
-23.625686 2.652532 3.347841 61.252620 -2.155368 2.983991 -3.684504
-23.626328 2.651433 3.347978 61.251409 -2.158210 2.988758 -3.684022
-23.626897 2.650358 3.348139 61.250223 -2.161120 2.993397 -3.683600
-23.627383 2.649309 3.348317 61.249059 -2.164105 2.997917 -3.683239
-23.627779 2.648290 3.348507 61.247914 -2.167172 3.002327 -3.682936
-23.628076 2.647304 3.348702 61.246784 -2.170330 3.006638 -3.682693
-23.628269 2.646354 3.348896 61.245667 -2.173586 3.010858 -3.682507
-23.628349 2.645440 3.349079 61.244558 -2.176949 3.014993 -3.682381
-23.628311 2.644556 3.349249 61.243452 -2.180399 3.018974 -3.682291
-23.628149 2.643704 3.349394 61.242344 -2.183944 3.022806 -3.682238
-23.627858 2.642882 3.349510 61.241230 -2.187594 3.026497 -3.682223
-23.627430 2.642092 3.349593 61.240108 -2.191358 3.030056 -3.682245
-23.626862 2.641335 3.349637 61.238972 -2.195245 3.033489 -3.682306
-23.626150 2.640609 3.349636 61.237823 -2.199266 3.036804 -3.682406
-23.625302 2.639918 3.349603 61.236668 -2.203417 3.039950 -3.682519
-23.624317 2.639260 3.349532 61.235504 -2.207709 3.042933 -3.682645
-23.623190 2.638633 3.349419 61.234328 -2.212153 3.045760 -3.682785
-23.621919 2.638036 3.349263 61.233135 -2.216759 3.048437 -3.682941
-23.620500 2.637468 3.349062 61.231920 -2.221540 3.050970 -3.683113
-23.618930 2.636925 3.348817 61.230677 -2.226507 3.053367 -3.683302
-23.617206 2.636408 3.348531 61.229401 -2.231672 3.055633 -3.683510
-23.615332 2.635921 3.348216 61.228082 -2.236908 3.057788 -3.683692
-23.613308 2.635464 3.347876 61.226715 -2.242226 3.059836 -3.683848
-23.611130 2.635033 3.347511 61.225294 -2.247640 3.061785 -3.683980
-23.608799 2.634624 3.347122 61.223814 -2.253164 3.063638 -3.684088
-23.606313 2.634234 3.346709 61.222268 -2.258811 3.065402 -3.684173
-23.603672 2.633859 3.346275 61.220655 -2.264595 3.067080 -3.684235
-23.600879 2.633499 3.345824 61.218977 -2.270530 3.068680 -3.684273
-23.597941 2.633157 3.345364 61.217229 -2.276502 3.070225 -3.684224
-23.594859 2.632832 3.344900 61.215415 -2.282524 3.071719 -3.684085
-23.591637 2.632521 3.344434 61.213532 -2.288611 3.073168 -3.683857
-23.588277 2.632221 3.343967 61.211581 -2.294778 3.074577 -3.683536
-23.584782 2.631930 3.343503 61.209563 -2.301041 3.075949 -3.683120
-23.581160 2.631648 3.343042 61.207487 -2.307415 3.077290 -3.682604
-23.577419 2.631375 3.342586 61.205366 -2.313815 3.078607 -3.681938
-23.573567 2.631110 3.342136 61.203211 -2.320256 3.079905 -3.681118
-23.569609 2.630854 3.341695 61.201021 -2.326755 3.081187 -3.680138
-23.565548 2.630604 3.341265 61.198796 -2.333326 3.082459 -3.678995
-23.561388 2.630358 3.340848 61.196531 -2.339988 3.083725 -3.677686
-23.557132 2.630116 3.340446 61.194226 -2.346755 3.084988 -3.676205
-23.552781 2.629880 3.340064 61.191881 -2.353646 3.086254 -3.674547
-23.548331 2.629648 3.339697 61.189511 -2.360542 3.087547 -3.672764
-23.543783 2.629422 3.339347 61.187117 -2.367462 3.088872 -3.670851
-23.539140 2.629201 3.339019 61.184696 -2.374422 3.090234 -3.668801
-23.534407 2.628989 3.338713 61.182245 -2.381439 3.091638 -3.666607
-23.529586 2.628783 3.338433 61.179760 -2.388531 3.093087 -3.664264
-23.524681 2.628587 3.338178 61.177239 -2.395716 3.094586 -3.661764
-23.519695 2.628400 3.337948 61.174681 -2.403011 3.096138 -3.659098
-23.514626 2.628218 3.337745 61.172106 -2.410289 3.097709 -3.656294
-23.509479 2.628043 3.337568 61.169516 -2.417569 3.099302 -3.653342
-23.504257 2.627875 3.337418 61.166908 -2.424869 3.100921 -3.650233
-23.498964 2.627717 3.337296 61.164279 -2.432207 3.102572 -3.646957
-23.493604 2.627572 3.337204 61.161629 -2.439601 3.104260 -3.643505
-23.488184 2.627440 3.337139 61.158962 -2.447069 3.105987 -3.639865
-23.482704 2.627316 3.337093 61.156310 -2.454526 3.107725 -3.636115
-23.477172 2.627202 3.337064 61.153678 -2.461991 3.109477 -3.632245
-23.471592 2.627099 3.337053 61.151062 -2.469482 3.111248 -3.628243
-23.465970 2.627010 3.337061 61.148458 -2.477018 3.113044 -3.624098
-23.460313 2.626936 3.337090 61.145863 -2.484617 3.114869 -3.619797
-23.454629 2.626879 3.337140 61.143276 -2.492299 3.116728 -3.615329
-23.448931 2.626841 3.337207 61.140709 -2.500083 3.118624 -3.610676
-23.443236 2.626809 3.337250 61.138210 -2.507813 3.120587 -3.605905
-23.437559 2.626784 3.337266 61.135789 -2.515509 3.122620 -3.601000
-23.431906 2.626769 3.337254 61.133446 -2.523190 3.124729 -3.595946
-23.426285 2.626763 3.337216 61.131174 -2.530876 3.126919 -3.590730
-23.420700 2.626767 3.337152 61.128964 -2.538585 3.129196 -3.585339
-23.415156 2.626780 3.337064 61.126806 -2.546336 3.131566 -3.579761
-23.409656 2.626801 3.336948 61.124690 -2.554150 3.134033 -3.573984
-23.404195 2.626819 3.336798 61.122611 -2.561872 3.136554 -3.568038
-23.398776 2.626832 3.336612 61.120557 -2.569522 3.139136 -3.561912
-23.393403 2.626839 3.336388 61.118520 -2.577119 3.141783 -3.555591
-23.388080 2.626840 3.336127 61.116489 -2.584681 3.144502 -3.549059
-23.382815 2.626834 3.335828 61.114459 -2.592229 3.147301 -3.542300
-23.377614 2.626821 3.335487 61.112427 -2.599780 3.150185 -3.535297
-23.372488 2.626805 3.335130 61.110420 -2.607171 3.153053 -3.528086
-23.367447 2.626785 3.334753 61.108436 -2.614419 3.155914 -3.520647
-23.362494 2.626761 3.334355 61.106469 -2.621543 3.158772 -3.512963
-23.357635 2.626734 3.333935 61.104508 -2.628561 3.161636 -3.505015
-23.352872 2.626702 3.333492 61.102542 -2.635490 3.164512 -3.496785
-23.348210 2.626666 3.333024 61.100559 -2.642347 3.167408 -3.488253
-23.343649 2.626625 3.332528 61.098547 -2.649150 3.170329 -3.479402
-23.339191 2.626584 3.332032 61.096566 -2.655811 3.173175 -3.470513
-23.334837 2.626542 3.331531 61.094604 -2.662347 3.175951 -3.461569
-23.330590 2.626499 3.331025 61.092649 -2.668775 3.178665 -3.452547
-23.326452 2.626455 3.330510 61.090688 -2.675111 3.181323 -3.443427
-23.322424 2.626411 3.329986 61.088709 -2.681369 3.183930 -3.434189
-23.318509 2.626365 3.329449 61.086698 -2.687567 3.186494 -3.424810
-23.314706 2.626319 3.328897 61.084643 -2.693719 3.189019 -3.415272
-23.311014 2.626277 3.328351 61.082592 -2.699769 3.191429 -3.405817
-23.307432 2.626240 3.327810 61.080532 -2.705731 3.193729 -3.396427
-23.303961 2.626207 3.327269 61.078451 -2.711621 3.195925 -3.387080
-23.300600 2.626180 3.326726 61.076337 -2.717452 3.198021 -3.377753
-23.297351 2.626158 3.326177 61.074176 -2.723241 3.200022 -3.368425
-23.294211 2.626143 3.325621 61.071958 -2.729000 3.201932 -3.359076
-23.291177 2.626142 3.325081 61.069720 -2.734677 3.203701 -3.349890
-23.288247 2.626158 3.324553 61.067449 -2.740286 3.205333 -3.340847
-23.285421 2.626190 3.324035 61.065136 -2.745840 3.206831 -3.331926
-23.282698 2.626239 3.323525 61.062768 -2.751354 3.208198 -3.323106
-23.280077 2.626307 3.323020 61.060338 -2.756842 3.209438 -3.314364
-23.277559 2.626394 3.322517 61.057836 -2.762316 3.210554 -3.305681
-23.275142 2.626503 3.322017 61.055253 -2.767791 3.211548 -3.297036
-23.272825 2.626645 3.321536 61.052622 -2.773219 3.212398 -3.288564
-23.270606 2.626821 3.321073 61.049936 -2.778611 3.213105 -3.280244
-23.268485 2.627033 3.320627 61.047185 -2.783983 3.213673 -3.272057
-23.266461 2.627281 3.320195 61.044361 -2.789347 3.214101 -3.263983
-23.264535 2.627567 3.319775 61.041457 -2.794718 3.214391 -3.256001
-23.262706 2.627891 3.319365 61.038466 -2.800107 3.214543 -3.248091
-23.260978 2.628257 3.318964 61.035387 -2.805530 3.214558 -3.240233
-23.259355 2.628674 3.318585 61.032254 -2.810949 3.214426 -3.232522
-23.257841 2.629147 3.318226 61.029065 -2.816380 3.214147 -3.224940
-23.256434 2.629674 3.317886 61.025813 -2.821834 3.213720 -3.217467
-23.255136 2.630257 3.317563 61.022492 -2.827326 3.213144 -3.210084
-23.253944 2.630894 3.317255 61.019092 -2.832871 3.212416 -3.202773
-23.252861 2.631587 3.316963 61.015608 -2.838480 3.211537 -3.195515
-23.251898 2.632347 3.316695 61.012077 -2.844041 3.210528 -3.188409
-23.251054 2.633174 3.316451 61.008494 -2.849567 3.209387 -3.181436
-23.250329 2.634067 3.316231 61.004850 -2.855072 3.208111 -3.174579
-23.249721 2.635026 3.316033 61.001136 -2.860570 3.206697 -3.167821
-23.249229 2.636048 3.315857 60.997347 -2.866075 3.205141 -3.161145
-23.248852 2.637134 3.315700 60.993477 -2.871600 3.203439 -3.154532
-23.248597 2.638282 3.315559 60.989532 -2.877160 3.201585 -3.147963
-23.248501 2.639497 3.315421 60.985583 -2.882636 3.199624 -3.141529
-23.248569 2.640779 3.315282 60.981634 -2.888042 3.197550 -3.135211
-23.248801 2.642125 3.315141 60.977684 -2.893391 3.195358 -3.128992
-23.249195 2.643533 3.314998 60.973725 -2.898698 3.193041 -3.122856
-23.249748 2.645001 3.314851 60.969752 -2.903976 3.190594 -3.116786
-23.250460 2.646525 3.314699 60.965760 -2.909238 3.188010 -3.110765
-23.251334 2.648103 3.314540 60.961755 -2.914497 3.185282 -3.104777
-23.252403 2.649737 3.314356 60.957792 -2.919654 3.182486 -3.098885
-23.253671 2.651426 3.314145 60.953878 -2.924724 3.179615 -3.093073
-23.255136 2.653164 3.313905 60.950008 -2.929719 3.176661 -3.087324
-23.256794 2.654947 3.313637 60.946174 -2.934651 3.173617 -3.081624
-23.258639 2.656769 3.313340 60.942369 -2.939533 3.170474 -3.075959
-23.260670 2.658628 3.313017 60.938589 -2.944378 3.167227 -3.070314
-23.262894 2.660529 3.312670 60.934859 -2.949111 3.163936 -3.064757
-23.265307 2.662467 3.312303 60.931175 -2.953745 3.160594 -3.059273
-23.267905 2.664438 3.311915 60.927531 -2.958290 3.157193 -3.053849
-23.270680 2.666436 3.311507 60.923919 -2.962760 3.153725 -3.048472
-23.273624 2.668454 3.311079 60.920334 -2.967165 3.150180 -3.043126
-23.276730 2.670486 3.310631 60.916769 -2.971516 3.146550 -3.037800
-23.279993 2.672526 3.310165 60.913221 -2.975824 3.142826 -3.032480
-23.283420 2.674581 3.309696 60.909729 -2.980050 3.139028 -3.027263
-23.287005 2.676646 3.309225 60.906288 -2.984204 3.135147 -3.022136
-23.290740 2.678713 3.308752 60.902895 -2.988296 3.131174 -3.017086
-23.294616 2.680776 3.308277 60.899546 -2.992338 3.127097 -3.012100
-23.298625 2.682828 3.307801 60.896236 -2.996339 3.122908 -3.007166
-23.302760 2.684863 3.307323 60.892963 -3.000309 3.118595 -3.002269
-23.307012 2.686875 3.306849 60.889723 -3.004259 3.114150 -2.997399
-23.311385 2.688872 3.306386 60.886550 -3.008165 3.109627 -2.992643
-23.315871 2.690849 3.305939 60.883444 -3.012036 3.105017 -2.987989
-23.320464 2.692799 3.305509 60.880401 -3.015883 3.100308 -2.983426
-23.325154 2.694715 3.305094 60.877421 -3.019715 3.095488 -2.978939
-23.329935 2.696592 3.304695 60.874505 -3.023542 3.090545 -2.974518
-23.334803 2.698425 3.304316 60.871658 -3.027373 3.085470 -2.970149
-23.339763 2.700220 3.303947 60.868914 -3.031181 3.080350 -2.965889
-23.344810 2.701973 3.303590 60.866279 -3.034973 3.075175 -2.961726
-23.349937 2.703679 3.303246 60.863757 -3.038759 3.069932 -2.957646
-23.355137 2.705333 3.302916 60.861347 -3.042550 3.064608 -2.953640
-23.360401 2.706931 3.302597 60.859052 -3.046355 3.059190 -2.949695
-23.365719 2.708465 3.302292 60.856867 -3.050183 3.053663 -2.945802
-23.371080 2.709934 3.302001 60.854789 -3.054044 3.048016 -2.941953
-23.376478 2.711339 3.301724 60.852821 -3.057949 3.042328 -2.938173
-23.381902 2.712678 3.301465 60.850957 -3.061910 3.036585 -2.934456
-23.387342 2.713947 3.301221 60.849197 -3.065934 3.030773 -2.930791
-23.392789 2.715141 3.300993 60.847541 -3.070033 3.024878 -2.927169
-23.398236 2.716260 3.300780 60.845991 -3.074217 3.018884 -2.923580
-23.403672 2.717298 3.300581 60.844544 -3.078497 3.012776 -2.920014
-23.409086 2.718257 3.300401 60.843195 -3.082883 3.006541 -2.916465
-23.414469 2.719141 3.300234 60.841926 -3.087338 3.000302 -2.912896
-23.419810 2.719951 3.300085 60.840733 -3.091875 2.994045 -2.909298
-23.425100 2.720685 3.299953 60.839611 -3.096504 2.987753 -2.905663
-23.430332 2.721342 3.299836 60.838561 -3.101237 2.981412 -2.901983
-23.435497 2.721923 3.299737 60.837580 -3.106085 2.975005 -2.898248
-23.440583 2.722429 3.299662 60.836656 -3.111061 2.968519 -2.894452
-23.445573 2.722872 3.299596 60.835784 -3.116016 2.962124 -2.890663
-23.450458 2.723254 3.299547 60.834953 -3.120960 2.955806 -2.886872
-23.455231 2.723576 3.299516 60.834161 -3.125907 2.949552 -2.883072
-23.459889 2.723841 3.299501 60.833409 -3.130869 2.943343 -2.879252
-23.464429 2.724049 3.299500 60.832701 -3.135859 2.937165 -2.875402
-23.468852 2.724203 3.299513 60.832036 -3.140888 2.931002 -2.871512
-23.473154 2.724307 3.299544 60.831418 -3.145968 2.924840 -2.867572
-23.477336 2.724368 3.299562 60.830859 -3.150943 2.918826 -2.863644
-23.481397 2.724389 3.299570 60.830361 -3.155823 2.912946 -2.859718
-23.485338 2.724375 3.299569 60.829925 -3.160620 2.907184 -2.855784
-23.489160 2.724325 3.299555 60.829553 -3.165348 2.901527 -2.851833
-23.492864 2.724242 3.299527 60.829247 -3.170017 2.895960 -2.847853
-23.496453 2.724127 3.299483 60.829007 -3.174639 2.890468 -2.843834
-23.499926 2.723983 3.299424 60.828832 -3.179226 2.885039 -2.839768
-23.503285 2.723810 3.299315 60.828734 -3.183631 2.879790 -2.835728
-23.506530 2.723611 3.299158 60.828711 -3.187865 2.874710 -2.831707
-23.509665 2.723385 3.298949 60.828763 -3.191938 2.869785 -2.827694
-23.512693 2.723134 3.298689 60.828889 -3.195862 2.865004 -2.823680
-23.515617 2.722859 3.298375 60.829089 -3.199644 2.860353 -2.819654
-23.518440 2.722562 3.298014 60.829362 -3.203296 2.855824 -2.815610
-23.521162 2.722257 3.297606 60.829726 -3.206807 2.851522 -2.811643
-23.523786 2.721948 3.297154 60.830179 -3.210186 2.847440 -2.807747
-23.526316 2.721634 3.296660 60.830722 -3.213441 2.843567 -2.803912
-23.528757 2.721313 3.296123 60.831353 -3.216581 2.839894 -2.800129
-23.531114 2.720984 3.295539 60.832070 -3.219613 2.836411 -2.796389
-23.533392 2.720645 3.294911 60.832869 -3.222546 2.833110 -2.792686
-23.535589 2.720296 3.294240 60.833740 -3.225385 2.829984 -2.789013
-23.537692 2.719940 3.293538 60.834674 -3.228141 2.827055 -2.785456
-23.539701 2.719578 3.292808 60.835661 -3.230820 2.824318 -2.782010
-23.541621 2.719205 3.292049 60.836697 -3.233429 2.821766 -2.778669
-23.543457 2.718820 3.291262 60.837781 -3.235974 2.819392 -2.775426
-23.545217 2.718419 3.290444 60.838912 -3.238462 2.817192 -2.772272
-23.546908 2.717999 3.289592 60.840092 -3.240899 2.815158 -2.769200
-23.548537 2.717555 3.288706 60.841322 -3.243291 2.813286 -2.766204
-23.550107 2.717088 3.287786 60.842604 -3.245626 2.811560 -2.763293
-23.551627 2.716591 3.286833 60.843940 -3.247911 2.809975 -2.760461
-23.553103 2.716064 3.285842 60.845333 -3.250150 2.808527 -2.757701
-23.554545 2.715500 3.284811 60.846784 -3.252351 2.807212 -2.755006
-23.555963 2.714898 3.283738 60.848299 -3.254517 2.806027 -2.752370
-23.557367 2.714254 3.282618 60.849885 -3.256656 2.804969 -2.749784
-23.558763 2.713561 3.281444 60.851553 -3.258755 2.804019 -2.747246
-23.560163 2.712818 3.280213 60.853309 -3.260820 2.803174 -2.744748
-23.561575 2.712019 3.278920 60.855160 -3.262857 2.802433 -2.742284
-23.563007 2.711163 3.277563 60.857107 -3.264870 2.801793 -2.739849
-23.564467 2.710244 3.276137 60.859154 -3.266865 2.801253 -2.737437
-23.565959 2.709259 3.274640 60.861299 -3.268847 2.800810 -2.735043
-23.567487 2.708206 3.273070 60.863538 -3.270820 2.800465 -2.732665
-23.569029 2.707080 3.271437 60.865843 -3.272794 2.800178 -2.730301
-23.570587 2.705877 3.269739 60.868210 -3.274774 2.799949 -2.727949
-23.572167 2.704596 3.267972 60.870638 -3.276765 2.799776 -2.725604
-23.573776 2.703233 3.266131 60.873131 -3.278771 2.799660 -2.723260
-23.575419 2.701786 3.264211 60.875692 -3.280798 2.799600 -2.720914
-23.577104 2.700255 3.262210 60.878327 -3.282851 2.799597 -2.718560
-23.578834 2.698642 3.260134 60.881037 -3.284933 2.799654 -2.716192
-23.580589 2.696968 3.258033 60.883809 -3.286932 2.799715 -2.713795
-23.582374 2.695235 3.255914 60.886647 -3.288852 2.799783 -2.711364
-23.584194 2.693445 3.253771 60.889554 -3.290697 2.799860 -2.708893
-23.586055 2.691596 3.251600 60.892538 -3.292472 2.799945 -2.706377
-23.587962 2.689689 3.249397 60.895601 -3.294181 2.800040 -2.703810
-23.589917 2.687727 3.247163 60.898743 -3.295828 2.800147 -2.701189
-23.591895 2.685721 3.244935 60.901942 -3.297305 2.800216 -2.698503
-23.593896 2.683676 3.242715 60.905199 -3.298616 2.800249 -2.695748
-23.595927 2.681590 3.240498 60.908516 -3.299763 2.800248 -2.692917
-23.597992 2.679465 3.238277 60.911899 -3.300749 2.800211 -2.690004
-23.600098 2.677300 3.236046 60.915353 -3.301577 2.800139 -2.687004
-23.602251 2.675098 3.233801 60.918879 -3.302248 2.800033 -2.683911
-23.604448 2.672866 3.231554 60.922475 -3.302764 2.799898 -2.680719
-23.606670 2.670636 3.229379 60.926124 -3.303080 2.799691 -2.677438
-23.608916 2.668417 3.227287 60.929823 -3.303197 2.799420 -2.674062
-23.611192 2.666211 3.225276 60.933573 -3.303114 2.799083 -2.670585
-23.613503 2.664018 3.223339 60.937380 -3.302832 2.798680 -2.667000
-23.615858 2.661838 3.221471 60.941247 -3.302349 2.798209 -2.663299
-23.618264 2.659674 3.219666 60.945175 -3.301664 2.797670 -2.659475
-23.620722 2.657530 3.217931 60.949163 -3.300775 2.797066 -2.655522
-23.623224 2.655429 3.216302 60.953220 -3.299770 2.796425 -2.651545
-23.625773 2.653377 3.214785 60.957342 -3.298645 2.795749 -2.647539
-23.628376 2.651374 3.213376 60.961532 -3.297398 2.795037 -2.643495
-23.631040 2.649421 3.212072 60.965792 -3.296025 2.794287 -2.639406
-23.633774 2.647517 3.210866 60.970122 -3.294524 2.793497 -2.635264
-23.636583 2.645666 3.209760 60.974520 -3.292889 2.792666 -2.631063
-23.639462 2.643874 3.208765 60.978993 -3.291218 2.791819 -2.626884
-23.642417 2.642143 3.207881 60.983537 -3.289508 2.790955 -2.622721
-23.645454 2.640474 3.207105 60.988155 -3.287754 2.790071 -2.618566
-23.648583 2.638864 3.206432 60.992851 -3.285951 2.789164 -2.614411
-23.651811 2.637314 3.205860 60.997626 -3.284095 2.788232 -2.610248
-23.655143 2.635820 3.205386 61.002481 -3.282181 2.787272 -2.606069
-23.658581 2.634383 3.205011 61.007407 -3.280206 2.786282 -2.601870
-23.662105 2.633001 3.204726 61.012380 -3.278227 2.785321 -2.597696
-23.665718 2.631673 3.204532 61.017391 -3.276241 2.784389 -2.593543
-23.669423 2.630398 3.204428 61.022441 -3.274242 2.783482 -2.589404
-23.673227 2.629173 3.204412 61.027533 -3.272226 2.782597 -2.585270
-23.677135 2.627997 3.204484 61.032671 -3.270187 2.781732 -2.581134
-23.681152 2.626867 3.204642 61.037854 -3.268121 2.780884 -2.576989
-23.685272 2.625785 3.204892 61.043070 -3.266021 2.780053 -2.572831
-23.689471 2.624750 3.205239 61.048286 -3.263891 2.779287 -2.568699
-23.693742 2.623763 3.205687 61.053491 -3.261723 2.778585 -2.564589
-23.698089 2.622822 3.206239 61.058684 -3.259514 2.777946 -2.560493
-23.702514 2.621926 3.206893 61.063870 -3.257257 2.777367 -2.556405
-23.707019 2.621074 3.207649 61.069050 -3.254948 2.776846 -2.552316
-23.711602 2.620264 3.208506 61.074220 -3.252579 2.776381 -2.548223
-23.716246 2.619491 3.209452 61.079364 -3.250147 2.776017 -2.544157
-23.720947 2.618754 3.210487 61.084479 -3.247645 2.775753 -2.540111
-23.725708 2.618052 3.211609 61.089568 -3.245068 2.775587 -2.536080
-23.730530 2.617387 3.212819 61.094640 -3.242407 2.775518 -2.532053
-23.735418 2.616758 3.214116 61.099702 -3.239658 2.775544 -2.528023
-23.740370 2.616165 3.215499 61.104759 -3.236814 2.775664 -2.523982
-23.745384 2.615606 3.216960 61.109806 -3.233868 2.775874 -2.519924
-23.750436 2.615067 3.218480 61.114825 -3.230863 2.776172 -2.515894
-23.755521 2.614546 3.220052 61.119812 -3.227793 2.776556 -2.511887
-23.760640 2.614045 3.221674 61.124773 -3.224650 2.777024 -2.507893
-23.765793 2.613564 3.223346 61.129714 -3.221426 2.777577 -2.503906
-23.770982 2.613107 3.225067 61.134645 -3.218114 2.778213 -2.499916
-23.776208 2.612673 3.226836 61.139570 -3.214706 2.778934 -2.495915
-23.781465 2.612260 3.228642 61.144487 -3.211193 2.779735 -2.491898
-23.786724 2.611854 3.230473 61.149371 -3.207581 2.780550 -2.487899
-23.791980 2.611450 3.232321 61.154220 -3.203862 2.781376 -2.483913
-23.797231 2.611051 3.234182 61.159038 -3.200025 2.782212 -2.479932
-23.802478 2.610659 3.236055 61.163831 -3.196063 2.783059 -2.475948
-23.807718 2.610274 3.237938 61.168601 -3.191966 2.783917 -2.471954
-23.812943 2.609894 3.239823 61.173345 -3.187724 2.784783 -2.467945
-23.818124 2.609505 3.241702 61.178032 -3.183458 2.785592 -2.463952
-23.823253 2.609105 3.243568 61.182658 -3.179160 2.786343 -2.459972
-23.828328 2.608695 3.245417 61.187226 -3.174818 2.787034 -2.455995
-23.833348 2.608276 3.247250 61.191746 -3.170422 2.787666 -2.452014
-23.838315 2.607851 3.249067 61.196224 -3.165961 2.788239 -2.448019
-23.843228 2.607422 3.250867 61.200667 -3.161425 2.788753 -2.444003
-23.848080 2.606985 3.252643 61.205071 -3.156801 2.789205 -2.439959
-23.852840 2.606527 3.254387 61.209404 -3.152209 2.789541 -2.435898
-23.857503 2.606044 3.256091 61.213662 -3.147635 2.789759 -2.431814
-23.862067 2.605537 3.257755 61.217851 -3.143070 2.789855 -2.427699
-23.866532 2.605007 3.259380 61.221980 -3.138502 2.789831 -2.423543
-23.870901 2.604454 3.260967 61.226056 -3.133920 2.789685 -2.419335
-23.875170 2.603880 3.262516 61.230085 -3.129311 2.789416 -2.415069
-23.879334 2.603281 3.264026 61.234064 -3.124666 2.789020 -2.410735
-23.883362 2.602648 3.265495 61.237965 -3.120094 2.788468 -2.406379
-23.887245 2.601978 3.266922 61.241785 -3.115584 2.787755 -2.401992
-23.890984 2.601270 3.268309 61.245529 -3.111124 2.786880 -2.397565
-23.894577 2.600524 3.269657 61.249205 -3.106704 2.785839 -2.393088
-23.898024 2.599738 3.270970 61.252818 -3.102312 2.784631 -2.388551
-23.901319 2.598916 3.272260 61.256371 -3.097937 2.783254 -2.383945
-23.904440 2.598061 3.273522 61.259855 -3.093651 2.781821 -2.379336
-23.907379 2.597176 3.274767 61.263273 -3.089444 2.780332 -2.374717
-23.910137 2.596258 3.275999 61.266632 -3.085304 2.778783 -2.370076
-23.912713 2.595307 3.277222 61.269940 -3.081222 2.777169 -2.365400
-23.915109 2.594320 3.278439 61.273209 -3.077187 2.775488 -2.360679
-23.917323 2.593295 3.279655 61.276446 -3.073189 2.773736 -2.355901
-23.919352 2.592231 3.280878 61.279655 -3.069217 2.771910 -2.351055
-23.921179 2.591130 3.282097 61.282852 -3.065336 2.770108 -2.346273
-23.922799 2.589991 3.283321 61.286039 -3.061536 2.768328 -2.341544
-23.924213 2.588811 3.284553 61.289226 -3.057808 2.766566 -2.336856
-23.925423 2.587591 3.285798 61.292421 -3.054141 2.764818 -2.332198
-23.926432 2.586327 3.287058 61.295634 -3.050527 2.763080 -2.327558
-23.927240 2.585020 3.288336 61.298872 -3.046956 2.761346 -2.322924
-23.927846 2.583668 3.289635 61.302136 -3.043420 2.759613 -2.318287
-23.928237 2.582264 3.290933 61.305433 -3.040016 2.757955 -2.313753
-23.928412 2.580811 3.292231 61.308764 -3.036734 2.756367 -2.309312
-23.928378 2.579310 3.293530 61.312137 -3.033567 2.754846 -2.304953
-23.928144 2.577768 3.294832 61.315562 -3.030506 2.753387 -2.300665
-23.927721 2.576190 3.296133 61.319050 -3.027545 2.751984 -2.296437
-23.927125 2.574585 3.297426 61.322616 -3.024676 2.750632 -2.292255
-23.926377 2.572951 3.298673 61.326313 -3.021996 2.749382 -2.288251
-23.925498 2.571304 3.299863 61.330154 -3.019499 2.748227 -2.284412
-23.924511 2.569662 3.300989 61.334151 -3.017180 2.747161 -2.280728
-23.923443 2.568049 3.302043 61.338313 -3.015031 2.746181 -2.277189
-23.922325 2.566494 3.303016 61.342649 -3.013049 2.745281 -2.273787
-23.921194 2.565034 3.303894 61.347165 -3.011227 2.744455 -2.270514
-23.920095 2.563705 3.304654 61.351867 -3.009563 2.743695 -2.267361
-23.919092 2.562545 3.305240 61.356789 -3.008144 2.743043 -2.264442
-23.918241 2.561611 3.305632 61.361899 -3.006967 2.742493 -2.261760
-23.917597 2.560975 3.305825 61.367116 -3.006028 2.742041 -2.259331
-23.917209 2.560725 3.305839 61.372261 -3.005323 2.741693 -2.257196
-23.917109 2.560969 3.305737 61.376971 -3.004845 2.741463 -2.255439
-23.917290 2.561795 3.305595 61.380508 -3.004591 2.741353 -2.254221
-23.917801 2.563032 3.304962 61.381300 -3.004596 2.741223 -2.253979
-23.919156 2.564699 3.304298 61.380752 -3.004598 2.741067 -2.254049
