0.000000 -0.000000 0.000000 0.000000 0.000000 -0.000000 0.000000
0.329429 -0.039434 -0.093943 -0.893413 0.011520 0.112723 0.230898
0.667340 -0.104111 -0.198576 -1.803645 0.020290 0.206937 0.360301
1.033962 -0.190876 -0.302416 -2.713574 0.030268 0.285463 0.476378
1.439861 -0.296460 -0.404708 -3.622406 0.041119 0.351286 0.586182
1.887751 -0.417694 -0.505558 -4.530803 0.052316 0.406609 0.689378
2.379577 -0.551594 -0.605118 -5.439061 0.063491 0.453328 0.787250
2.901995 -0.695230 -0.702430 -6.347926 0.074729 0.492167 0.878079
3.441269 -0.845803 -0.795602 -7.255031 0.086014 0.523866 0.961634
3.988872 -1.000895 -0.884002 -8.160558 0.097486 0.549125 1.038761
4.539089 -1.158337 -0.967372 -9.064787 0.109189 0.568680 1.109687
5.087139 -1.316244 -1.045671 -9.968010 0.121142 0.583221 1.174573
5.629301 -1.472983 -1.119082 -10.870550 0.133324 0.593435 1.233380
6.163482 -1.627141 -1.188130 -11.772666 0.145696 0.600204 1.286249
6.686230 -1.777403 -1.252540 -12.674574 0.158352 0.603609 1.333481
7.193769 -1.922565 -1.312017 -13.574716 0.170848 0.603930 1.375239
7.684270 -2.061615 -1.366513 -14.473296 0.183258 0.601335 1.411789
8.156423 -2.193674 -1.416047 -15.370570 0.195631 0.595974 1.443116
8.608914 -2.317972 -1.460568 -16.266797 0.208024 0.587918 1.469176
9.040005 -2.433811 -1.499651 -17.162315 0.220503 0.576929 1.489681
9.448773 -2.540756 -1.534054 -18.057362 0.233041 0.563644 1.504564
9.834785 -2.638368 -1.564324 -18.952053 0.245627 0.548454 1.514221
10.196625 -2.726220 -1.590775 -19.845574 0.257842 0.531833 1.518552
10.533506 -2.803978 -1.613836 -20.738064 0.269691 0.514074 1.517874
10.845664 -2.871468 -1.634607 -21.629458 0.281163 0.495844 1.513061
11.132235 -2.928235 -1.652701 -22.520120 0.292319 0.476891 1.503568
11.393137 -2.973948 -1.668165 -23.410228 0.303218 0.457219 1.489408
11.628870 -3.008324 -1.681187 -24.299878 0.313907 0.436908 1.470899
11.840020 -3.031155 -1.692256 -25.188449 0.324120 0.416239 1.447984
12.027682 -3.042227 -1.701623 -26.076027 0.333890 0.395302 1.420962
12.193211 -3.041363 -1.709557 -26.962732 0.343240 0.374181 1.389953
12.338170 -3.028417 -1.716302 -27.848694 0.352190 0.352939 1.355026
12.464329 -3.003271 -1.722028 -28.734050 0.360762 0.331598 1.316214
12.573595 -2.965830 -1.726752 -29.618932 0.368987 0.310104 1.273578
12.667664 -2.916041 -1.730371 -30.503325 0.376914 0.288401 1.227866
12.747276 -2.853819 -1.734051 -31.386653 0.384320 0.266846 1.179218
12.812538 -2.779277 -1.738903 -32.268863 0.391195 0.245877 1.128048
12.863607 -2.692520 -1.746255 -33.149796 0.397556 0.225984 1.075049
12.901068 -2.593633 -1.756022 -34.029519 0.403415 0.207087 1.020590
12.925878 -2.482584 -1.768439 -34.908061 0.408811 0.189217 0.964999
12.939315 -2.359412 -1.783782 -35.785450 0.413769 0.172406 0.908558
12.942764 -2.224208 -1.802340 -36.661695 0.418307 0.156697 0.851633
12.937528 -2.077285 -1.825086 -37.536397 0.422259 0.142188 0.794220
12.924911 -1.918684 -1.852083 -38.409471 0.425669 0.128805 0.737050
12.907094 -1.748261 -1.883796 -39.281036 0.428538 0.116684 0.680045
12.885432 -1.565988 -1.920289 -40.151064 0.430904 0.105747 0.623704
12.861201 -1.371921 -1.961695 -41.019595 0.432784 0.095950 0.568276
12.835641 -1.166121 -2.008188 -41.886652 0.434191 0.087275 0.514082
12.810094 -0.948882 -2.060837 -42.752008 0.434982 0.079797 0.460874
12.785682 -0.720247 -2.119797 -43.615701 0.435166 0.073491 0.408932
12.763431 -0.480245 -2.185196 -44.477810 0.434753 0.068311 0.358380
12.744283 -0.228891 -2.257170 -45.338424 0.433747 0.064213 0.309305
12.729094 0.033821 -2.335844 -46.197628 0.432156 0.061150 0.261813
12.718634 0.307934 -2.421329 -47.055480 0.429990 0.059068 0.216132
12.713548 0.593515 -2.513827 -47.911901 0.427269 0.057954 0.173032
12.713682 0.890451 -2.614558 -48.764981 0.423937 0.057750 0.132844
12.716204 1.199288 -2.723607 -49.607932 0.419875 0.058415 0.092530
12.720891 1.520216 -2.841143 -50.439679 0.415111 0.059908 0.052913
12.728079 1.853330 -2.967300 -51.260396 0.409655 0.062167 0.014406
12.738175 2.198679 -3.102190 -52.070647 0.403514 0.065120 -0.022714
12.751577 2.556262 -3.245907 -52.871087 0.396682 0.068682 -0.058218
12.768393 2.925977 -3.398727 -53.662006 0.389160 0.072865 -0.091704
12.788618 3.307328 -3.561919 -54.443006 0.380837 0.077703 -0.123842
12.812330 3.700174 -3.735807 -55.214574 0.371715 0.083171 -0.154421
12.840032 4.104573 -3.920064 -55.978195 0.361778 0.089084 -0.183216
12.872061 4.520576 -4.114596 -56.735230 0.351022 0.095285 -0.210141
12.908578 4.948222 -4.319439 -57.486818 0.339437 0.101655 -0.235061
12.949547 5.387504 -4.534803 -58.233734 0.327001 0.108147 -0.257727
12.994814 5.838041 -4.761727 -58.975948 0.313590 0.114967 -0.279147
13.044278 6.299801 -5.000431 -59.714197 0.299179 0.122053 -0.299058
13.097905 6.772780 -5.251029 -60.449471 0.283749 0.129293 -0.317281
13.155680 7.256962 -5.513629 -61.182845 0.267278 0.136567 -0.333666
13.217559 7.752324 -5.788352 -61.915338 0.249742 0.143752 -0.348041
13.283418 8.258824 -6.075351 -62.647780 0.231113 0.150738 -0.360175
13.352982 8.776349 -6.374939 -63.380602 0.211351 0.157469 -0.369709
13.425764 9.304392 -6.688105 -64.113073 0.190362 0.164433 -0.378109
13.501527 9.842799 -7.015139 -64.845633 0.168105 0.171550 -0.385006
13.580176 10.391457 -7.356192 -65.579055 0.144544 0.178675 -0.390134
13.661665 10.950247 -7.711399 -66.314207 0.119642 0.185652 -0.393253
13.745930 11.519035 -8.080908 -67.051882 0.093355 0.192322 -0.394097
13.832810 12.097671 -8.464907 -67.792600 0.065640 0.198532 -0.392313
13.921913 12.685943 -8.863705 -68.536306 0.036443 0.204176 -0.387373
14.012302 13.283418 -9.277779 -69.281014 0.005949 0.210194 -0.381435
14.103632 13.889832 -9.707422 -70.026629 -0.025897 0.216446 -0.373941
14.195775 14.504938 -10.152833 -70.773475 -0.059146 0.222751 -0.364460
14.288638 15.128479 -10.614214 -71.521910 -0.093858 0.228916 -0.352568
14.382019 15.760178 -11.091805 -72.272005 -0.130094 0.234756 -0.337755
14.475393 16.399739 -11.585905 -73.023095 -0.167917 0.240106 -0.319296
14.567324 17.046950 -12.096144 -73.771656 -0.206519 0.247216 -0.300584
14.657353 17.701451 -12.622792 -74.517093 -0.245963 0.255888 -0.280900
14.745352 18.362861 -13.166081 -75.259508 -0.286317 0.265900 -0.259725
14.831295 19.030778 -13.726237 -75.999244 -0.327654 0.277024 -0.236614
14.915142 19.704794 -14.303477 -76.736596 -0.370049 0.289026 -0.211103
14.996724 20.384528 -14.897987 -77.471529 -0.413575 0.301654 -0.182633
15.075531 21.069684 -15.509809 -78.203245 -0.458302 0.314613 -0.150428
15.150043 21.760374 -16.137725 -78.928105 -0.502947 0.329962 -0.117356
15.219793 22.456235 -16.781750 -79.645366 -0.547573 0.347374 -0.082645
15.284640 23.156778 -17.442042 -80.354992 -0.592255 0.366566 -0.045728
15.344540 23.861463 -18.118799 -81.057190 -0.637072 0.387259 -0.006105
15.399451 24.569755 -18.812187 -81.752142 -0.682102 0.409165 0.036733
15.449255 25.281177 -19.522256 -82.439758 -0.727421 0.431954 0.083374
15.493613 25.995425 -20.248744 -83.119307 -0.773091 0.455200 0.134590
15.531544 26.712882 -20.989325 -83.787523 -0.819219 0.482216 0.187333
15.562766 27.433184 -21.743684 -84.443704 -0.865862 0.512545 0.242370
15.587201 28.155781 -22.511748 -85.087700 -0.913092 0.545807 0.300315
15.604826 28.880087 -23.293458 -85.719517 -0.960985 0.581625 0.361735
15.615624 29.605604 -24.088576 -86.339054 -1.009614 0.619571 0.427234
15.619532 30.332097 -24.896403 -86.945804 -1.059039 0.659073 0.497533
15.616278 31.060166 -25.713972 -87.537424 -1.107675 0.703334 0.570356
15.605895 31.789561 -26.540514 -88.113540 -1.155574 0.751760 0.646387
15.588497 32.519823 -27.375589 -88.674246 -1.202803 0.803859 0.726183
15.564244 33.250516 -28.218729 -89.219817 -1.249429 0.859138 0.810251
15.533376 33.981463 -29.069076 -89.750507 -1.295511 0.916985 0.899112
15.496079 34.713227 -29.924350 -90.266141 -1.341187 0.977776 0.993356
15.452368 35.446868 -30.781031 -90.765969 -1.386727 1.043555 1.093638
15.402585 36.182018 -31.638221 -91.248938 -1.429405 1.114559 1.197817
15.346853 36.918023 -32.495837 -91.715106 -1.469267 1.190168 1.306479
15.285180 37.654234 -33.353877 -92.164690 -1.506381 1.270075 1.420154
15.217513 38.390041 -34.212364 -92.597979 -1.540819 1.354077 1.539346
15.143762 39.124862 -35.071325 -93.015262 -1.572652 1.442005 1.664564
15.063815 39.858112 -35.930781 -93.416790 -1.601944 1.533664 1.796332
14.977561 40.589178 -36.790708 -93.802725 -1.628745 1.628719 1.935212
14.884925 41.317513 -37.650479 -94.171983 -1.653092 1.727716 2.077638
14.785784 42.042502 -38.510068 -94.524797 -1.675021 1.830330 2.224162
14.679976 42.763583 -39.369489 -94.861506 -1.694572 1.936383 2.375303
14.567308 43.480220 -40.228764 -95.182517 -1.711783 2.045741 2.531563
14.447569 44.191852 -41.087904 -95.488302 -1.726688 2.158237 2.693431
14.320495 44.897845 -41.946864 -95.779396 -1.739315 2.273515 2.861389
14.185260 45.597562 -42.805011 -96.054604 -1.750409 2.390541 3.029918
14.041651 46.290396 -43.662261 -96.314607 -1.759978 2.508834 3.199473
13.889663 46.975929 -44.518536 -96.560126 -1.768029 2.627912 3.370497
13.729527 47.654022 -45.373592 -96.791890 -1.774556 2.746702 3.543452
13.560554 48.325559 -46.224211 -97.009726 -1.779625 2.867466 3.718867
13.382833 48.990982 -47.068629 -97.214087 -1.783245 2.990126 3.897216
13.196676 49.650556 -47.905377 -97.405659 -1.785421 3.114072 4.078930
13.001245 50.304889 -48.731199 -97.583306 -1.787470 3.239629 4.259375
12.796705 50.954021 -49.545029 -97.747760 -1.789390 3.366322 4.438957
12.583198 51.597873 -50.346392 -97.899714 -1.791176 3.493841 4.618089
12.360806 52.236362 -51.135052 -98.039771 -1.792828 3.621950 4.797193
12.129641 52.869451 -51.910811 -98.168494 -1.794349 3.750431 4.976694
11.889946 53.497192 -52.673337 -98.286455 -1.795742 3.879028 5.157010
11.642123 54.119785 -53.421887 -98.394263 -1.797018 4.007375 5.338538
11.385812 54.737813 -54.154002 -98.491044 -1.798476 4.135538 5.517087
11.121446 55.351452 -54.868958 -98.577399 -1.800123 4.263174 5.693041
10.849380 55.960792 -55.566449 -98.653837 -1.801963 4.390056 5.866800
10.569935 56.565931 -56.246298 -98.720791 -1.804003 4.516003 6.038768
10.283547 57.167029 -56.908270 -98.778686 -1.806255 4.640814 6.209343
9.990858 57.764370 -57.551831 -98.827982 -1.808735 4.764209 6.378898
9.691754 58.358574 -58.174796 -98.868011 -1.811723 4.886458 6.544435
9.386851 58.949899 -58.776726 -98.899160 -1.815237 5.007321 6.706323
9.076548 59.538522 -59.357571 -98.921665 -1.819289 5.126682 6.864958
8.761101 60.124615 -59.917435 -98.935640 -1.823898 5.244474 7.020745
8.440766 60.708384 -60.456444 -98.941146 -1.829083 5.360646 7.174091
8.115951 61.290084 -60.974632 -98.938260 -1.834866 5.475118 7.325389
7.787354 61.870071 -61.471779 -98.927118 -1.841273 5.587734 7.475001
7.455134 62.448992 -61.946121 -98.906982 -1.848349 5.699133 7.620532
7.119996 63.027167 -62.397482 -98.877937 -1.856120 5.809190 7.762337
6.782351 63.604842 -62.825956 -98.839920 -1.864615 5.917876 7.900792
6.442441 64.182251 -63.231738 -98.792774 -1.873863 6.025205 8.036280
6.100497 64.759641 -63.615025 -98.736301 -1.883896 6.131202 8.169177
5.756896 65.337283 -63.975937 -98.670344 -1.894748 6.235870 8.299841
5.412331 65.915507 -64.314407 -98.594832 -1.906455 6.339151 8.428596
5.066891 66.494854 -64.628940 -98.509032 -1.919221 6.441551 8.553597
4.721307 67.075619 -64.919477 -98.412846 -1.933087 6.543037 8.675152
4.375999 67.658052 -65.186131 -98.306037 -1.948091 6.643649 8.793590
4.031262 68.242398 -65.429056 -98.188294 -1.964278 6.743456 8.909238
3.687463 68.828912 -65.648393 -98.059322 -1.981690 6.842527 9.022406
3.345274 69.417876 -65.844204 -97.918916 -2.000373 6.940898 9.133373
3.004953 70.009718 -66.015602 -97.766509 -2.020479 7.038471 9.241122
2.667148 70.604710 -66.162713 -97.601829 -2.042057 7.135325 9.345927
2.332108 71.203120 -66.285756 -97.424421 -2.065160 7.231604 9.448080
1.999880 71.805230 -66.384981 -97.233723 -2.089848 7.327487 9.547883
1.670460 72.411319 -66.460641 -97.029158 -2.116181 7.423166 9.645622
1.343943 73.021639 -66.512970 -96.810226 -2.144218 7.518834 9.741556
1.020759 73.636398 -66.542186 -96.576618 -2.174016 7.614656 9.835894
0.701666 74.255820 -66.548377 -96.328075 -2.205801 7.709997 9.928044
0.387104 74.880109 -66.531820 -96.064266 -2.239634 7.805065 10.018198
0.077083 75.509526 -66.492782 -95.784626 -2.275587 7.900118 10.106580
-0.228587 76.144363 -66.431536 -95.488486 -2.313738 7.995441 10.193418
-0.530171 76.784882 -66.348359 -95.175207 -2.354168 8.091339 10.278917
-0.827886 77.431219 -66.243546 -94.844347 -2.396952 8.188130 10.363227
-1.121679 78.083275 -66.117483 -94.495884 -2.442152 8.286135 10.446398
-1.410640 78.740530 -65.971592 -94.130383 -2.487673 8.382711 10.527764
-1.694706 79.402820 -65.806333 -93.747943 -2.533575 8.478224 10.607330
-1.974215 80.070150 -65.622055 -93.348343 -2.579931 8.573063 10.685146
-2.249681 80.742511 -65.419094 -92.931363 -2.626813 8.667637 10.761239
-2.521686 81.419627 -65.197850 -92.497140 -2.674279 8.762390 10.835545
-2.790640 82.100619 -64.958980 -92.046684 -2.722343 8.857809 10.907800
-3.051297 82.783534 -64.708776 -91.583615 -2.769424 8.949620 10.978494
-3.304018 83.467468 -64.448050 -91.109031 -2.815527 9.038354 11.047335
-3.549487 84.152142 -64.177288 -90.623137 -2.860695 9.124505 11.114197
-3.788493 84.837529 -63.896860 -90.125770 -2.904979 9.208546 11.179013
-4.021913 85.523527 -63.607122 -89.616837 -2.948428 9.290958 11.241687
-4.250726 86.209578 -63.308532 -89.096827 -2.991060 9.372264 11.301978
-4.475944 86.894082 -63.001891 -88.567583 -3.032833 9.453073 11.359348
-4.691261 87.573524 -62.695657 -88.035432 -3.072286 9.529214 11.416372
-4.897564 88.246231 -62.390788 -87.502366 -3.109357 9.601318 11.472486
-5.095750 88.911600 -62.087759 -86.968982 -3.144045 9.669898 11.527409
-5.286621 89.569533 -61.786804 -86.435225 -3.176365 9.735385 11.580994
-5.470924 90.220025 -61.488036 -85.900918 -3.206336 9.798171 11.633115
-5.649385 90.862769 -61.191550 -85.366295 -3.233955 9.858638 11.683549
-5.822711 91.496607 -60.897598 -84.832729 -3.259172 9.917201 11.731834
-5.986577 92.118726 -60.611368 -84.305322 -3.282528 9.972469 11.779985
-6.141541 92.727915 -60.333170 -83.785548 -3.303958 10.024841 11.827536
-6.288109 93.323869 -60.062987 -83.273663 -3.323445 10.074625 11.874270
-6.426671 93.906699 -59.800625 -82.769377 -3.340987 10.122059 11.920091
-6.557494 94.476593 -59.545774 -82.272313 -3.356588 10.167330 11.964926
-6.680671 95.033517 -59.298075 -81.782450 -3.370232 10.210573 12.008639
-6.792633 95.576949 -59.059749 -81.301201 -3.382375 10.252281 12.051317
-6.893368 96.106877 -58.830461 -80.828479 -3.392999 10.292569 12.092856
-6.982975 96.623618 -58.609831 -80.363656 -3.402105 10.331559 12.133249
-7.061573 97.127619 -58.397472 -79.905883 -3.409698 10.369372 12.172541
-7.129283 97.619306 -58.192996 -79.454304 -3.415783 10.406126 12.210771
-7.186238 98.098944 -57.996042 -79.008279 -3.420350 10.441942 12.247936
-7.232585 98.566402 -57.806309 -78.567712 -3.423368 10.476952 12.283912
-7.267083 99.020775 -57.624825 -78.133995 -3.425037 10.511301 12.319140
-7.289833 99.461882 -57.451341 -77.707110 -3.425315 10.545122 12.353488
-7.300889 99.889913 -57.285535 -77.286520 -3.424181 10.578530 12.386934
-7.300259 100.305204 -57.127070 -76.871487 -3.421616 10.611628 12.419496
-7.287947 100.708069 -56.975619 -76.461298 -3.417601 10.644522 12.451186
-7.263989 101.098634 -56.830906 -76.055505 -3.412101 10.677338 12.481955
-7.228547 101.476554 -56.692782 -75.654296 -3.405053 10.710246 12.511609
-7.182543 101.840442 -56.561118 -75.259555 -3.396813 10.742867 12.541163
-7.126097 102.189904 -56.435797 -74.871590 -3.387307 10.775377 12.570403
-7.059159 102.524984 -56.316583 -74.490151 -3.376485 10.807903 12.599242
-6.981610 102.845863 -56.203211 -74.114822 -3.364296 10.840556 12.627628
-6.893338 103.152620 -56.095448 -73.745341 -3.350685 10.873455 12.655477
-6.794358 103.444931 -55.993179 -73.381995 -3.335570 10.906770 12.682577
-6.686577 103.721480 -55.895416 -73.026429 -3.319812 10.939959 12.709210
-6.569963 103.981934 -55.802066 -72.678992 -3.303324 10.973195 12.735158
-6.444302 104.226389 -55.712919 -72.339480 -3.286040 11.006594 12.760332
-6.309291 104.455101 -55.627731 -72.007483 -3.267899 11.040248 12.784695
-6.164605 104.668323 -55.546263 -71.682610 -3.248840 11.074250 12.808205
-6.009962 104.866146 -55.468334 -71.364705 -3.228791 11.108719 12.830766
-5.845249 105.048218 -55.393910 -71.054218 -3.207653 11.143839 12.852138
-5.673589 105.213091 -55.321021 -70.753080 -3.186226 11.179157 12.873055
-5.494841 105.360382 -55.249656 -70.461828 -3.164405 11.214866 12.893266
-5.308664 105.490139 -55.179678 -70.180435 -3.142109 11.251096 12.912653
-5.114627 105.602569 -55.110903 -69.908664 -3.119262 11.287949 12.931155
-4.912276 105.697892 -55.043149 -69.646270 -3.095792 11.325528 12.948715
-4.701197 105.776210 -54.976285 -69.393181 -3.071614 11.363957 12.965234
-4.481114 105.837286 -54.910303 -69.149789 -3.046626 11.403422 12.980508
-4.255424 105.880060 -54.842553 -68.917645 -3.021689 11.444211 12.995506
-4.023852 105.904257 -54.773063 -68.697223 -2.996694 11.486528 13.010014
-3.785975 105.909910 -54.701765 -68.488601 -2.971550 11.530531 13.023912
-3.541335 105.897129 -54.628581 -68.291755 -2.946171 11.576373 13.037112
-3.289517 105.865949 -54.553486 -68.106766 -2.920463 11.624234 13.049505
-3.030272 105.816114 -54.476612 -67.934091 -2.894319 11.674371 13.060890
-2.768364 105.746624 -54.394489 -67.774998 -2.868535 11.726780 13.071963
-2.503568 105.657183 -54.307288 -67.629988 -2.843001 11.781745 13.082526
-2.235491 105.547769 -54.215033 -67.499216 -2.817623 11.839489 13.092473
-1.963685 105.418445 -54.117701 -67.382719 -2.792313 11.900221 13.101736
-1.687703 105.269272 -54.015272 -67.280535 -2.766987 11.964158 13.110252
-1.407158 105.100232 -53.907782 -67.192801 -2.741553 12.031552 13.117937
-1.121817 104.911089 -53.795412 -67.119913 -2.715909 12.102734 13.124650
-0.836586 104.701092 -53.674488 -67.062566 -2.690983 12.178212 13.130650
-0.551286 104.469945 -53.545234 -67.021199 -2.666671 12.258354 13.135798
-0.265609 104.217528 -53.407732 -66.996049 -2.642882 12.343483 13.140012
0.020794 103.943776 -53.262018 -66.987285 -2.619533 12.433912 13.143238
0.308262 103.648631 -53.108124 -66.995059 -2.596541 12.529972 13.145430
0.597088 103.332020 -52.946122 -67.019529 -2.573825 12.632022 13.146546
0.887458 102.993833 -52.776184 -67.060862 -2.551305 12.740482 13.146549
1.174219 102.633856 -52.594439 -67.118894 -2.529984 12.855482 13.146139
1.457459 102.251906 -52.401119 -67.193804 -2.509787 12.977502 13.145291
1.737320 101.847795 -52.196372 -67.285790 -2.490637 13.107007 13.143984
2.013944 101.421333 -51.980322 -67.395024 -2.472465 13.244480 13.142212
2.287450 100.972361 -51.753102 -67.521591 -2.455207 13.390425 13.140000
2.557908 100.500828 -51.514890 -67.665348 -2.438817 13.545378 13.137430
2.820816 100.006937 -51.262428 -67.825016 -2.423944 13.709045 13.134418
3.076138 99.490535 -50.995932 -68.000475 -2.410545 13.882031 13.131063
3.323832 98.951299 -50.715562 -68.191860 -2.398572 14.064964 13.127411
3.563845 98.388828 -50.421450 -68.399394 -2.387972 14.258497 13.123493
3.796101 97.802716 -50.113726 -68.623263 -2.378704 14.463313 13.119361
4.020509 97.192634 -49.792525 -68.863463 -2.370738 14.680119 13.115113
4.236980 96.558507 -49.457983 -69.119540 -2.364078 14.909623 13.110963
4.441679 95.900560 -49.109087 -69.389552 -2.359635 15.146048 13.106575
4.634386 95.218603 -48.746037 -69.673042 -2.357422 15.390186 13.102184
4.814814 94.512130 -48.369062 -69.969974 -2.357431 15.642895 13.097933
4.982643 93.780527 -47.978399 -70.280420 -2.359654 15.905065 13.093944
5.137546 93.023209 -47.574294 -70.604338 -2.364095 16.177611 13.090371
5.279237 92.239794 -47.156993 -70.941296 -2.370789 16.461447 13.087467
5.407579 91.430454 -46.726643 -71.290032 -2.379832 16.757414 13.085678
5.520056 90.596084 -46.283851 -71.646730 -2.390255 17.056195 13.083303
5.616427 89.736801 -45.828859 -72.010058 -2.402167 17.358703 13.080829
5.696311 88.852244 -45.362054 -72.379331 -2.415639 17.665967 13.078593
5.759382 87.942042 -44.883822 -72.753917 -2.430739 17.979023 13.076916
5.805604 87.006268 -44.394386 -73.132737 -2.447576 18.298820 13.076227
5.835743 86.046170 -43.893540 -73.513578 -2.466333 18.626044 13.077205
5.861746 85.065039 -43.389918 -73.893806 -2.485910 18.949727 13.077354
5.884273 84.064283 -42.882906 -74.271550 -2.506495 19.270468 13.077303
5.903432 83.044449 -42.372285 -74.645930 -2.528217 19.589091 13.077445
5.919442 82.006175 -41.857806 -75.016197 -2.551200 19.906396 13.078131
5.933233 80.951111 -41.338662 -75.381003 -2.575625 20.222910 13.079847
5.947505 79.883461 -40.812432 -75.737390 -2.601878 20.539027 13.083521
5.967439 78.810877 -40.274065 -76.080343 -2.630750 20.856714 13.090870
5.999511 77.736328 -39.727171 -76.407723 -2.660634 21.167230 13.099416
6.043735 76.660362 -39.171374 -76.718946 -2.691641 21.470934 13.109439
6.099821 75.582996 -38.606396 -77.013999 -2.723872 21.768706 13.121120
6.167472 74.504148 -38.031968 -77.292995 -2.757423 22.061509 13.134611
6.246392 73.423734 -37.447858 -77.555969 -2.792395 22.350311 13.150071
6.336248 72.341720 -36.853937 -77.802690 -2.828905 22.636054 13.167708
6.436697 71.258314 -36.250190 -78.032355 -2.867105 22.919459 13.187828
6.547933 70.174660 -35.637614 -78.243002 -2.908350 23.196051 13.210392
6.669457 69.090963 -35.016265 -78.433774 -2.952796 23.466564 13.235719
6.800756 68.007213 -34.386226 -78.604266 -3.000570 23.731949 13.264028
6.941305 66.923376 -33.747623 -78.754199 -3.051788 23.993192 13.295500
7.090501 65.839452 -33.100712 -78.883194 -3.106575 24.251271 13.330322
7.247579 64.755581 -32.445948 -78.990502 -3.165075 24.507066 13.368735
7.411477 63.672236 -31.785172 -79.074737 -3.227253 24.755861 13.411770
7.581389 62.589556 -31.118923 -79.135231 -3.293257 24.998566 13.459656
7.756659 61.507560 -30.447615 -79.171738 -3.363202 25.236175 13.512533
7.936701 60.426257 -29.771601 -79.184201 -3.437194 25.469674 13.570490
8.120929 59.345670 -29.091262 -79.172618 -3.515327 25.700039 13.633593
8.308689 58.265847 -28.407121 -79.136946 -3.597697 25.928252 13.701903
8.499270 57.186914 -27.719966 -79.077029 -3.684392 26.155282 13.775476
8.692604 56.108802 -27.033196 -78.993192 -3.774605 26.375579 13.855127
8.887947 55.031633 -26.347665 -78.885362 -3.868429 26.590145 13.940913
9.084608 53.955479 -25.664055 -78.753602 -3.965954 26.799973 14.032864
9.281946 52.880412 -24.983001 -78.598055 -4.067265 27.006035 14.130992
9.479329 51.806517 -24.305191 -78.418916 -4.172435 27.209291 14.235285
9.676128 50.733911 -23.631470 -78.216458 -4.281520 27.410711 14.345699
9.871890 49.662770 -22.962997 -77.991188 -4.394517 27.611304 14.462100
10.067826 48.592917 -22.303749 -77.745021 -4.509609 27.806530 14.584223
10.263735 47.524854 -21.654798 -77.478590 -4.626783 27.997079 14.711914
10.459730 46.460739 -21.014813 -77.191841 -4.746254 28.183715 14.845315
10.656066 45.403526 -20.381215 -76.884517 -4.868339 28.367234 14.984687
10.852718 44.354775 -19.753311 -76.557066 -4.993155 28.548093 15.130021
11.049670 43.315374 -19.131255 -76.210627 -5.120682 28.727080 15.281097
11.248832 42.284980 -18.518608 -75.848680 -5.249216 28.900440 15.436770
11.449985 41.264026 -17.915727 -75.472541 -5.378716 29.069070 15.596800
11.652614 40.252977 -17.322661 -75.082962 -5.509235 29.233719 15.761104
11.856149 39.252280 -16.739376 -74.680490 -5.640852 29.395079 15.929652
12.060020 38.262364 -16.165797 -74.265655 -5.773645 29.553816 16.102423
12.263734 37.283644 -15.601850 -73.839171 -5.907667 29.710595 16.279345
12.467147 36.316464 -15.047610 -73.402396 -6.042864 29.866157 16.460178
12.672083 35.360288 -14.505951 -72.958994 -6.177301 30.016327 16.643445
12.878405 34.415388 -13.976873 -72.510392 -6.310925 30.161835 16.828920
13.085635 33.482072 -13.460205 -72.057321 -6.443791 30.303287 17.016562
13.293213 32.560646 -12.955761 -71.600239 -6.575980 30.441251 17.206402
13.500571 31.651417 -12.463355 -71.139542 -6.707579 30.576271 17.398482
13.707219 30.754700 -11.982806 -70.675787 -6.838647 30.708891 17.592808
13.913005 29.870777 -11.514036 -70.210145 -6.969140 30.839713 17.789223
14.119526 28.999231 -11.059058 -69.745759 -7.097955 30.965813 17.985305
14.326645 28.140301 -10.617758 -69.283860 -7.225047 31.087781 18.180910
14.533896 27.294252 -10.189929 -68.825016 -7.350471 31.206111 18.376068
14.740736 26.461347 -9.775374 -68.369553 -7.474307 31.321262 18.570865
14.946665 25.641867 -9.373881 -67.917808 -7.596631 31.433676 18.765388
15.151449 24.836119 -8.985227 -67.470492 -7.717457 31.543808 18.959630
15.356228 24.044048 -8.610389 -67.029631 -7.835949 31.649558 19.151422
15.560772 23.265911 -8.249117 -66.595925 -7.952126 31.751356 19.340778
15.764582 22.501905 -7.901201 -66.169588 -8.066076 31.849589 19.527830
15.967097 21.752190 -7.566474 -65.750646 -8.177905 31.944628 19.712752
16.167747 21.016921 -7.244781 -65.339048 -8.287723 32.036829 19.895732
16.366014 20.296279 -6.935926 -64.934766 -8.395639 32.126525 20.076959
16.561612 19.590524 -6.639605 -64.538034 -8.501723 32.214026 20.256564
16.755432 18.899819 -6.355950 -64.150022 -8.605304 32.298039 20.432793
16.947183 18.224367 -6.084633 -63.770967 -8.706457 32.378847 20.605787
17.136348 17.564262 -5.825462 -63.400808 -8.805291 32.456729 20.775749
17.322365 16.919542 -5.578308 -63.039381 -8.901921 32.531966 20.942898
17.504675 16.290235 -5.343050 -62.686476 -8.996467 32.604826 21.107463
17.682765 15.676390 -5.119516 -62.341883 -9.089049 32.675553 21.269678
17.856335 15.078156 -4.907363 -62.005547 -9.179772 32.744347 21.429757
18.026138 14.495756 -4.706099 -61.678065 -9.268073 32.810476 21.586132
18.191869 13.929281 -4.515358 -61.359378 -9.354062 32.874110 21.739024
18.353031 13.378695 -4.334966 -61.049241 -9.437862 32.935446 21.888677
18.509110 12.843910 -4.164802 -60.747372 -9.519596 32.994682 22.035335
18.659646 12.324849 -4.004695 -60.453496 -9.599388 33.051996 22.179244
18.804413 11.821526 -3.854257 -60.167506 -9.677350 33.107515 22.320639
18.944276 11.334126 -3.712565 -59.890018 -9.753001 33.160829 22.458228
19.079019 10.862604 -3.579209 -59.620930 -9.826459 33.212039 22.592244
19.208226 10.406775 -3.454019 -59.359970 -9.897841 33.261287 22.722927
19.331462 9.966398 -3.336895 -59.106859 -9.967263 33.308738 22.850506
19.448326 9.541215 -3.227739 -58.861337 -10.034832 33.354553 22.975200
19.558510 9.130981 -3.126383 -58.623226 -10.100651 33.398869 23.097222
19.662027 8.735537 -3.032392 -58.392677 -10.164800 33.441775 23.216741
19.760207 8.354910 -2.944577 -58.171125 -10.226955 33.483045 23.332776
19.853090 7.988901 -2.862480 -57.958724 -10.287196 33.522745 23.445496
19.940444 7.637197 -2.785923 -57.755295 -10.345627 33.560980 23.555108
20.021988 7.299448 -2.714810 -57.560577 -10.402352 33.597868 23.661823
20.097460 6.975297 -2.649055 -57.374298 -10.457475 33.633524 23.765852
20.166672 6.664404 -2.588516 -57.196225 -10.511099 33.668045 23.867406
20.229695 6.366497 -2.532840 -57.026360 -10.563315 33.701489 23.966672
20.287671 6.081461 -2.480955 -56.865666 -10.613784 33.733700 24.062734
20.340706 5.809009 -2.432492 -56.714143 -10.662598 33.764719 24.155779
20.388697 5.548779 -2.387307 -56.571546 -10.709863 33.794624 24.246019
20.431514 5.300390 -2.345309 -56.437585 -10.755683 33.823498 24.333665
20.469076 5.063473 -2.306384 -56.311981 -10.800165 33.851416 24.418929
20.501476 4.837705 -2.270271 -56.194598 -10.843408 33.878430 24.502016
20.529553 4.622855 -2.236173 -56.085831 -10.885047 33.904377 24.582082
20.553435 4.418601 -2.203825 -55.985552 -10.925181 33.929298 24.659330
20.573108 4.224578 -2.173113 -55.893497 -10.963913 33.953255 24.733963
20.588544 4.040410 -2.143967 -55.809388 -11.001342 33.976315 24.806178
20.599731 3.865726 -2.116319 -55.732945 -11.037567 33.998545 24.876174
20.606696 3.700168 -2.090084 -55.663895 -11.072687 34.020004 24.944151
20.609573 3.543407 -2.065088 -55.602018 -11.106802 34.040740 25.010312
20.608901 3.395152 -2.040807 -55.547192 -11.139536 34.060585 25.073872
20.604842 3.255086 -2.017069 -55.499206 -11.170987 34.079582 25.135032
20.597480 3.122878 -1.993785 -55.457804 -11.201251 34.097781 25.193983
20.586890 2.998198 -1.970888 -55.422731 -11.230420 34.115234 25.250910
20.573158 2.880725 -1.948316 -55.393733 -11.258584 34.131994 25.305996
20.556388 2.770150 -1.925998 -55.370537 -11.285840 34.148110 25.359431
20.536725 2.666176 -1.903835 -55.352843 -11.312284 34.163628 25.411416
20.514493 2.568474 -1.881617 -55.340123 -11.337534 34.178378 25.461177
20.489854 2.476767 -1.859243 -55.332081 -11.361685 34.192401 25.508914
20.462945 2.390780 -1.836643 -55.328453 -11.384828 34.205742 25.554807
20.433897 2.310247 -1.813750 -55.328982 -11.407050 34.218440 25.599033
20.402836 2.234912 -1.790504 -55.333383 -11.428441 34.230535 25.641771
20.369883 2.164526 -1.766859 -55.341280 -11.449094 34.242075 25.683221
20.335190 2.098740 -1.742904 -55.351894 -11.468673 34.252897 25.722665
20.298877 2.037321 -1.718595 -55.364867 -11.487267 34.263045 25.760291
20.261078 1.980047 -1.693866 -55.379949 -11.504957 34.272552 25.796264
20.221928 1.926702 -1.668647 -55.396937 -11.521814 34.281449 25.830729
20.181560 1.877078 -1.642870 -55.415639 -11.537908 34.289764 25.863829
20.140103 1.830980 -1.616468 -55.435829 -11.553312 34.297527 25.895710
20.097676 1.788208 -1.589413 -55.457204 -11.568098 34.304781 25.926531
20.054456 1.748402 -1.562044 -55.479238 -11.582039 34.311368 25.955842
20.010558 1.711380 -1.534332 -55.501639 -11.595203 34.317332 25.983793
19.966099 1.676979 -1.506207 -55.524206 -11.607654 34.322693 26.010515
19.921199 1.645042 -1.477596 -55.546782 -11.619448 34.327471 26.036125
19.875971 1.615417 -1.448421 -55.569218 -11.630636 34.331684 26.060734
19.830526 1.587964 -1.418613 -55.591350 -11.641274 34.335350 26.084454
19.784971 1.562532 -1.388154 -55.612964 -11.651407 34.338509 26.107402
19.739501 1.538767 -1.357519 -55.633766 -11.660904 34.341013 26.129175
19.694214 1.516534 -1.326692 -55.653551 -11.669806 34.342899 26.149880
19.649197 1.495724 -1.295601 -55.672164 -11.678161 34.344180 26.169617
19.604531 1.476237 -1.264169 -55.689477 -11.686007 34.344863 26.188475
19.560297 1.457978 -1.232325 -55.705366 -11.693382 34.344957 26.206538
19.516590 1.440837 -1.200046 -55.719711 -11.700313 34.344496 26.223881
19.473647 1.424493 -1.167814 -55.732495 -11.706771 34.343461 26.240216
19.431549 1.408850 -1.135608 -55.743608 -11.712777 34.341883 26.255609
19.390342 1.393843 -1.103357 -55.752947 -11.718359 34.339763 26.270128
19.350065 1.379410 -1.070984 -55.760425 -11.723544 34.337101 26.283832
19.310746 1.365500 -1.038413 -55.765961 -11.728354 34.333891 26.296778
19.272413 1.352066 -1.005569 -55.769477 -11.732810 34.330130 26.309019
19.235125 1.339054 -0.972415 -55.770928 -11.736920 34.325837 26.320593
19.199160 1.326211 -0.939369 -55.770578 -11.740772 34.321163 26.331420
19.164562 1.313494 -0.906394 -55.768385 -11.744368 34.316124 26.341533
19.131327 1.300884 -0.873421 -55.764279 -11.747725 34.310711 26.350970
19.099438 1.288366 -0.840376 -55.758191 -11.750854 34.304912 26.359767
19.068873 1.275932 -0.807189 -55.750063 -11.753768 34.298714 26.367954
19.039613 1.263576 -0.773791 -55.739844 -11.756473 34.292107 26.375556
19.011679 1.251276 -0.740154 -55.727545 -11.758963 34.285104 26.382582
18.985282 1.238816 -0.706655 -55.713513 -11.761251 34.277974 26.389095
18.960431 1.226186 -0.673266 -55.697756 -11.763328 34.270730 26.395099
18.937083 1.213401 -0.639923 -55.680231 -11.765195 34.263357 26.400609
18.915185 1.200485 -0.606559 -55.660890 -11.766856 34.255841 26.405637
18.894687 1.187462 -0.573108 -55.639704 -11.768310 34.248165 26.410190
18.875584 1.174334 -0.539537 -55.616712 -11.769540 34.240338 26.414259
18.858060 1.160930 -0.506189 -55.592337 -11.770691 34.232559 26.417958
18.842098 1.147260 -0.473033 -55.566619 -11.771746 34.224834 26.421273
18.827628 1.133363 -0.440004 -55.539530 -11.772699 34.217148 26.424203
18.814564 1.119281 -0.407042 -55.511023 -11.773548 34.209483 26.426749
18.802814 1.105059 -0.374083 -55.481053 -11.774289 34.201821 26.428910
18.792298 1.090741 -0.341064 -55.449597 -11.774915 34.194147 26.430678
18.782985 1.076349 -0.307953 -55.416713 -11.775403 34.186469 26.432028
18.775039 1.061726 -0.275106 -55.382857 -11.775885 34.178898 26.433083
18.768420 1.046899 -0.242490 -55.348085 -11.776337 34.171442 26.433813
18.763038 1.031920 -0.210045 -55.312373 -11.776750 34.164085 26.434206
18.758784 1.016844 -0.177711 -55.275677 -11.777116 34.156811 26.434252
18.755549 1.001730 -0.145426 -55.237953 -11.777429 34.149601 26.433938
18.753240 0.986633 -0.113129 -55.199185 -11.777677 34.142443 26.433247
18.751818 0.971584 -0.080779 -55.159451 -11.777834 34.135342 26.432140
18.751458 0.956445 -0.048701 -55.119263 -11.777992 34.128349 26.430791
18.752118 0.941250 -0.016857 -55.078697 -11.778125 34.121472 26.429158
18.753705 0.926056 0.014818 -55.037738 -11.778219 34.114698 26.427220
18.756108 0.910925 0.046383 -54.996347 -11.778266 34.108010 26.424957
18.759227 0.895914 0.077901 -54.954497 -11.778254 34.101395 26.422347
18.763008 0.881062 0.109414 -54.912238 -11.778159 34.094859 26.419355
18.767585 0.866240 0.140595 -54.870024 -11.778094 34.088458 26.416218
18.772905 0.851486 0.171485 -54.827903 -11.778035 34.082197 26.412900
18.778864 0.836854 0.202147 -54.785845 -11.777970 34.076064 26.409375
18.785348 0.822402 0.232639 -54.743800 -11.777891 34.070043 26.405623
18.792241 0.808185 0.263023 -54.701716 -11.777791 34.064117 26.401622
18.799442 0.794255 0.293360 -54.659556 -11.777659 34.058275 26.397348
18.806892 0.780647 0.323696 -54.617352 -11.777476 34.052520 26.392764
18.814725 0.767237 0.353694 -54.575535 -11.777322 34.046858 26.388168
18.822888 0.754057 0.383399 -54.534137 -11.777179 34.041294 26.383523
18.831284 0.741153 0.412875 -54.493122 -11.777036 34.035814 26.378803
18.839810 0.728573 0.442182 -54.452434 -11.776887 34.030405 26.373986
18.848359 0.716363 0.471380 -54.412016 -11.776725 34.025050 26.369050
18.856833 0.704568 0.500530 -54.371815 -11.776543 34.019739 26.363973
18.865165 0.693211 0.529665 -54.331813 -11.776325 34.014475 26.358725
18.873415 0.682162 0.558434 -54.292276 -11.776120 34.009304 26.353558
18.881519 0.671444 0.586870 -54.253188 -11.775915 34.004231 26.348445
18.889392 0.661093 0.615034 -54.214497 -11.775702 33.999246 26.343361
18.896947 0.651146 0.642988 -54.176146 -11.775475 33.994334 26.338287
18.904103 0.641634 0.670791 -54.138086 -11.775227 33.989483 26.333199
18.910802 0.632572 0.698472 -54.100303 -11.774943 33.984700 26.328067
18.917094 0.623820 0.725669 -54.063039 -11.774696 33.979999 26.323101
18.922928 0.615386 0.752409 -54.026281 -11.774471 33.975385 26.318271
18.928235 0.607296 0.778753 -53.989984 -11.774262 33.970849 26.313554
18.932942 0.599572 0.804758 -53.954095 -11.774063 33.966376 26.308929
18.936978 0.592236 0.830484 -53.918563 -11.773868 33.961953 26.304376
18.940280 0.585308 0.855987 -53.883338 -11.773671 33.957569 26.299873
18.942801 0.578791 0.881301 -53.848404 -11.773459 33.953227 26.295391
18.944608 0.572556 0.906088 -53.813984 -11.773285 33.948920 26.291100
18.945663 0.566604 0.930380 -53.780062 -11.773135 33.944652 26.286970
18.945913 0.560947 0.954230 -53.746591 -11.773004 33.940413 26.282981
18.945308 0.555596 0.977696 -53.713524 -11.772887 33.936189 26.279115
18.943801 0.550561 1.000831 -53.680814 -11.772779 33.931967 26.275351
18.941349 0.545848 1.023689 -53.648422 -11.772673 33.927735 26.271669
18.937933 0.541455 1.046304 -53.616345 -11.772557 33.923494 26.268038
18.933642 0.537280 1.068425 -53.584813 -11.772476 33.919216 26.264605
18.928463 0.533316 1.090087 -53.553824 -11.772419 33.914901 26.261340
18.922370 0.529568 1.111337 -53.523345 -11.772379 33.910538 26.258224
18.915338 0.526036 1.132226 -53.493339 -11.772350 33.906114 26.255235
18.907352 0.522721 1.152802 -53.463781 -11.772324 33.901617 26.252354
18.898419 0.519616 1.173100 -53.434689 -11.772288 33.897045 26.249547
18.888652 0.516637 1.192957 -53.406302 -11.772288 33.892401 26.246889
18.878067 0.513778 1.212406 -53.378636 -11.772312 33.887683 26.244348
18.866659 0.511034 1.231490 -53.351666 -11.772351 33.882879 26.241906
18.854426 0.508405 1.250253 -53.325352 -11.772402 33.877977 26.239548
18.841364 0.505888 1.268736 -53.299657 -11.772461 33.872965 26.237258
18.827478 0.503481 1.286981 -53.274552 -11.772521 33.867829 26.235020
18.812796 0.501174 1.305014 -53.250050 -11.772569 33.862566 26.232804
18.797446 0.498900 1.322717 -53.226357 -11.772639 33.857234 26.230587
18.781461 0.496652 1.340117 -53.203485 -11.772718 33.851830 26.228341
18.764857 0.494425 1.357249 -53.181408 -11.772800 33.846339 26.226051
18.747646 0.492219 1.374148 -53.160083 -11.772882 33.840750 26.223704
18.729843 0.490032 1.390850 -53.139470 -11.772961 33.835050 26.221289
18.711468 0.487862 1.407386 -53.119532 -11.773033 33.829227 26.218793
18.692547 0.485703 1.423770 -53.100253 -11.773090 33.823273 26.216193
18.673146 0.483507 1.439904 -53.081710 -11.773189 33.817249 26.213474
18.653296 0.481268 1.455802 -53.063889 -11.773322 33.811149 26.210613
18.633023 0.478986 1.471490 -53.046756 -11.773486 33.804959 26.207596
18.612352 0.476662 1.486997 -53.030272 -11.773676 33.798667 26.204412
18.591312 0.474296 1.502350 -53.014405 -11.773892 33.792259 26.201046
18.569942 0.471887 1.517563 -52.999141 -11.774124 33.785726 26.197476
18.548323 0.469404 1.532563 -52.984563 -11.774416 33.779095 26.193683
18.526495 0.466848 1.547363 -52.970656 -11.774760 33.772357 26.189644
18.504491 0.464220 1.561988 -52.957388 -11.775156 33.765498 26.185346
18.482342 0.461525 1.576461 -52.944717 -11.775601 33.758503 26.180775
18.460077 0.458768 1.590807 -52.932603 -11.776096 33.751358 26.175920
18.437730 0.455955 1.605048 -52.921011 -11.776640 33.744049 26.170767
18.415342 0.453086 1.619190 -52.909925 -11.777226 33.736564 26.165291
18.393000 0.450132 1.633158 -52.899428 -11.777892 33.729012 26.159477
18.370745 0.447096 1.646958 -52.889504 -11.778633 33.721381 26.153301
18.348611 0.443985 1.660610 -52.880121 -11.779449 33.713655 26.146746
18.326629 0.440808 1.674133 -52.871239 -11.780340 33.705820 26.139795
18.304830 0.437575 1.687547 -52.862816 -11.781308 33.697857 26.132434
18.283243 0.434297 1.700868 -52.854813 -11.782356 33.689751 26.124645
18.261899 0.430978 1.714094 -52.847188 -11.783482 33.681493 26.116407
18.240813 0.427606 1.727197 -52.839978 -11.784660 33.673414 26.107981
18.220015 0.424187 1.740172 -52.833142 -11.785889 33.665506 26.099343
18.199531 0.420734 1.753036 -52.826641 -11.787173 33.657751 26.090473
18.179387 0.417261 1.765803 -52.820435 -11.788514 33.650134 26.081354
18.159604 0.413780 1.778489 -52.814478 -11.789916 33.642639 26.071965
18.140201 0.410304 1.791092 -52.808719 -11.791383 33.635256 26.062287
18.121174 0.406829 1.803565 -52.803155 -11.792897 33.628181 26.052583
18.102537 0.403368 1.815907 -52.797736 -11.794462 33.621406 26.042833
18.084309 0.399934 1.828131 -52.792421 -11.796082 33.614916 26.033015
18.066506 0.396544 1.840254 -52.787174 -11.797762 33.608698 26.023110
18.049147 0.393212 1.852294 -52.781961 -11.799505 33.602740 26.013094
18.032248 0.389953 1.864264 -52.776753 -11.801316 33.597032 26.002946
18.015829 0.386776 1.876169 -52.771527 -11.803196 33.591566 25.992637
17.999905 0.383667 1.887908 -52.766343 -11.805066 33.586335 25.982455
17.984490 0.380636 1.899484 -52.761179 -11.806929 33.581333 25.972374
17.969596 0.377697 1.910913 -52.756010 -11.808787 33.576552 25.962369
17.955231 0.374864 1.922211 -52.750808 -11.810647 33.571982 25.952418
17.941399 0.372152 1.933397 -52.745544 -11.812511 33.567614 25.942497
17.928105 0.369575 1.944485 -52.740190 -11.814386 33.563442 25.932585
17.915353 0.367142 1.955480 -52.734722 -11.816272 33.559462 25.922657
17.903156 0.364830 1.966270 -52.729190 -11.818116 33.555686 25.912919
17.891517 0.362648 1.976861 -52.723573 -11.819918 33.552114 25.903349
17.880431 0.360606 1.987267 -52.717844 -11.821685 33.548738 25.893922
17.869895 0.358719 1.997508 -52.711980 -11.823419 33.545553 25.884618
17.859905 0.356997 2.007601 -52.705963 -11.825124 33.542551 25.875413
17.850467 0.355447 2.017558 -52.699793 -11.826800 33.539734 25.866279
17.841629 0.354041 2.027285 -52.693591 -11.828407 33.537112 25.857381
17.833394 0.352786 2.036793 -52.687359 -11.829944 33.534686 25.848692
17.825752 0.351691 2.046101 -52.681082 -11.831414 33.532450 25.840189
17.818691 0.350766 2.055228 -52.674742 -11.832820 33.530401 25.831851
17.812197 0.350019 2.064194 -52.668323 -11.834166 33.528534 25.823659
17.806255 0.349459 2.073019 -52.661812 -11.835454 33.526846 25.815591
17.800862 0.349090 2.081716 -52.655213 -11.836683 33.525338 25.807623
17.796053 0.348879 2.090185 -52.648652 -11.837851 33.523992 25.799914
17.791820 0.348830 2.098440 -52.642133 -11.838956 33.522810 25.792442
17.788147 0.348950 2.106501 -52.635646 -11.840001 33.521789 25.785187
17.785013 0.349244 2.114387 -52.629178 -11.840987 33.520927 25.778130
17.782394 0.349718 2.122120 -52.622716 -11.841918 33.520222 25.771255
17.780270 0.350377 2.129720 -52.616248 -11.842795 33.519672 25.764543
17.778625 0.351223 2.137200 -52.609773 -11.843618 33.519279 25.757975
17.777478 0.352219 2.144458 -52.603391 -11.844387 33.519019 25.751674
17.776813 0.353364 2.151507 -52.597102 -11.845101 33.518895 25.745621
17.776607 0.354663 2.158368 -52.590897 -11.845763 33.518906 25.739802
17.776834 0.356117 2.165062 -52.584765 -11.846374 33.519051 25.734200
17.777469 0.357729 2.171608 -52.578698 -11.846935 33.519330 25.728803
17.778492 0.359496 2.178021 -52.572693 -11.847446 33.519749 25.723596
17.779905 0.361379 2.184205 -52.566817 -11.847915 33.520295 25.718654
17.781689 0.363374 2.190175 -52.561071 -11.848340 33.520974 25.713964
17.783816 0.365481 2.195949 -52.555446 -11.848723 33.521788 25.709513
17.786261 0.367700 2.201547 -52.549937 -11.849066 33.522736 25.705291
17.788997 0.370031 2.206988 -52.544535 -11.849368 33.523820 25.701286
17.791995 0.372472 2.212291 -52.539232 -11.849631 33.525040 25.697489
17.795229 0.375019 2.217467 -52.534018 -11.849855 33.526403 25.693890
17.798692 0.377631 2.222429 -52.528916 -11.850055 33.527900 25.690470
17.802359 0.380303 2.227187 -52.523919 -11.850229 33.529535 25.687219
17.806201 0.383031 2.231761 -52.519019 -11.850380 33.531313 25.684129
17.810195 0.385813 2.236167 -52.514213 -11.850506 33.533236 25.681193
17.814314 0.388645 2.240423 -52.509496 -11.850609 33.535307 25.678402
17.818537 0.391524 2.244548 -52.504869 -11.850690 33.537529 25.675748
17.822844 0.394443 2.248557 -52.500338 -11.850746 33.539908 25.673221
17.827244 0.397372 2.252398 -52.495954 -11.850766 33.542413 25.670815
17.831723 0.400306 2.256086 -52.491725 -11.850747 33.545049 25.668520
17.836257 0.403238 2.259639 -52.487650 -11.850689 33.547822 25.666329
17.840829 0.406165 2.263071 -52.483731 -11.850593 33.550737 25.664236
17.845417 0.409081 2.266400 -52.479966 -11.850458 33.553800 25.662235
17.850004 0.411982 2.269639 -52.476360 -11.850284 33.557019 25.660318
17.854590 0.414848 2.272760 -52.472935 -11.850050 33.560348 25.658483
17.859157 0.417674 2.275775 -52.469694 -11.849753 33.563795 25.656722
17.863692 0.420455 2.278700 -52.466638 -11.849395 33.567369 25.655030
17.868179 0.423188 2.281547 -52.463769 -11.848973 33.571077 25.653402
17.872605 0.425868 2.284330 -52.461086 -11.848487 33.574927 25.651833
17.876958 0.428491 2.287060 -52.458589 -11.847937 33.578929 25.650318
17.881220 0.431055 2.289750 -52.456272 -11.847321 33.583091 25.648855
17.885371 0.433550 2.292364 -52.454115 -11.846642 33.587293 25.647439
17.889396 0.435974 2.294915 -52.452111 -11.845901 33.591545 25.646068
17.893289 0.438324 2.297413 -52.450260 -11.845096 33.595858 25.644739
17.897042 0.440597 2.299868 -52.448564 -11.844224 33.600241 25.643446
17.900650 0.442791 2.302290 -52.447025 -11.843283 33.604707 25.642186
17.904109 0.444905 2.304687 -52.445644 -11.842271 33.609266 25.640954
17.907411 0.446935 2.307069 -52.444417 -11.841187 33.613928 25.639748
17.910527 0.448886 2.309412 -52.443317 -11.840033 33.618573 25.638600
17.913451 0.450754 2.311723 -52.442341 -11.838808 33.623211 25.637507
17.916184 0.452540 2.314010 -52.441490 -11.837509 33.627853 25.636466
17.918729 0.454243 2.316280 -52.440769 -11.836131 33.632513 25.635472
17.921088 0.455862 2.318541 -52.440185 -11.834671 33.637203 25.634522
17.923268 0.457398 2.320801 -52.439743 -11.833125 33.641935 25.633610
17.925266 0.458859 2.323047 -52.439457 -11.831510 33.646605 25.632784
17.927088 0.460245 2.325288 -52.439334 -11.829821 33.651224 25.632040
17.928744 0.461558 2.327529 -52.439379 -11.828054 33.655806 25.631374
17.930241 0.462799 2.329776 -52.439596 -11.826205 33.660364 25.630784
17.931588 0.463969 2.332034 -52.439987 -11.824267 33.664910 25.630268
17.932793 0.465070 2.334308 -52.440554 -11.822237 33.669457 25.629824
17.933864 0.466104 2.336602 -52.441296 -11.820109 33.674017 25.629451
17.934782 0.467078 2.338897 -52.442186 -11.817900 33.678511 25.629190
17.935555 0.467996 2.341197 -52.443223 -11.815604 33.682948 25.629041
17.936194 0.468859 2.343505 -52.444407 -11.813216 33.687344 25.629004
17.936711 0.469671 2.345826 -52.445742 -11.810729 33.691710 25.629078
17.937120 0.470435 2.348163 -52.447227 -11.808138 33.696059 25.629265
17.937430 0.471153 2.350519 -52.448862 -11.805435 33.700406 25.629563
17.937645 0.471828 2.352894 -52.450634 -11.802616 33.704761 25.629978
17.937733 0.472466 2.355258 -52.452487 -11.799699 33.709061 25.630541
17.937697 0.473071 2.357612 -52.454407 -11.796678 33.713320 25.631255
17.937550 0.473645 2.359956 -52.456396 -11.793545 33.717550 25.632123
17.937304 0.474191 2.362295 -52.458453 -11.790293 33.721763 25.633147
17.936973 0.474714 2.364630 -52.460582 -11.786913 33.725973 25.634330
17.936563 0.475215 2.366964 -52.462779 -11.783399 33.730190 25.635677
17.936062 0.475705 2.369277 -52.465012 -11.779841 33.734358 25.637162
17.935478 0.476186 2.371570 -52.467278 -11.776234 33.738488 25.638792
17.934822 0.476661 2.373847 -52.469580 -11.772567 33.742593 25.640569
17.934108 0.477134 2.376110 -52.471921 -11.768831 33.746684 25.642500
17.933351 0.477606 2.378363 -52.474305 -11.765017 33.750774 25.644588
17.932564 0.478080 2.380610 -52.476738 -11.761115 33.754876 25.646838
17.931757 0.478559 2.382852 -52.479223 -11.757115 33.759001 25.649256
17.930924 0.479048 2.385076 -52.481745 -11.753096 33.763082 25.651822
17.930075 0.479552 2.387284 -52.484310 -11.749048 33.767130 25.654541
17.929222 0.480071 2.389479 -52.486923 -11.744961 33.771157 25.657420
17.928379 0.480607 2.391666 -52.489588 -11.740824 33.775176 25.660466
17.927557 0.481162 2.393847 -52.492309 -11.736628 33.779199 25.663687
17.926769 0.481737 2.396027 -52.495093 -11.732361 33.783237 25.667091
17.926021 0.482333 2.398206 -52.497939 -11.728012 33.787302 25.670687
17.925305 0.482952 2.400363 -52.500806 -11.723695 33.791318 25.674336
17.924626 0.483594 2.402501 -52.503696 -11.719399 33.795296 25.678048
17.923996 0.484262 2.404621 -52.506612 -11.715112 33.799247 25.681832
17.923423 0.484954 2.406729 -52.509559 -11.710825 33.803183 25.685699
17.922914 0.485673 2.408827 -52.512538 -11.706526 33.807116 25.689658
17.922471 0.486419 2.410914 -52.515540 -11.702207 33.811058 25.693722
17.922066 0.487188 2.412960 -52.518497 -11.697953 33.814949 25.697768
17.921699 0.487981 2.414965 -52.521400 -11.693754 33.818801 25.701807
17.921376 0.488797 2.416931 -52.524252 -11.689599 33.822624 25.705851
17.921104 0.489638 2.418863 -52.527055 -11.685480 33.826431 25.709911
17.920887 0.490504 2.420766 -52.529813 -11.681386 33.830231 25.713997
17.920732 0.491394 2.422643 -52.532529 -11.677306 33.834037 25.718120
17.920639 0.492307 2.424495 -52.535204 -11.673232 33.837858 25.722290
17.920590 0.493238 2.426296 -52.537800 -11.669227 33.841655 25.726424
17.920585 0.494186 2.428047 -52.540317 -11.665281 33.845440 25.730531
17.920626 0.495150 2.429752 -52.542760 -11.661385 33.849222 25.734623
17.920717 0.496129 2.431416 -52.545132 -11.657528 33.853014 25.738709
17.920862 0.497122 2.433043 -52.547439 -11.653703 33.856824 25.742801
17.921061 0.498128 2.434638 -52.549687 -11.649898 33.860664 25.746907
17.921313 0.499144 2.436204 -52.551879 -11.646105 33.864544 25.751039
17.921607 0.500169 2.437718 -52.553997 -11.642369 33.868393 25.755144
17.921941 0.501199 2.439184 -52.556045 -11.638682 33.872219 25.759231
17.922313 0.502233 2.440607 -52.558029 -11.635034 33.876035 25.763310
17.922725 0.503269 2.441990 -52.559956 -11.631416 33.879850 25.767393
17.923176 0.504306 2.443339 -52.561833 -11.627820 33.883674 25.771487
17.923664 0.505341 2.444660 -52.563666 -11.624235 33.887517 25.775603
17.924189 0.506376 2.445935 -52.565464 -11.620729 33.891298 25.779707
17.924749 0.507408 2.447169 -52.567234 -11.617293 33.895026 25.783808
17.925341 0.508435 2.448367 -52.568983 -11.613919 33.898710 25.787917
17.925965 0.509457 2.449534 -52.570719 -11.610597 33.902361 25.792043
17.926619 0.510471 2.450674 -52.572447 -11.607320 33.905988 25.796195
17.927299 0.511475 2.451792 -52.574174 -11.604080 33.909601 25.800385
17.928000 0.512468 2.452893 -52.575903 -11.600868 33.913209 25.804622
17.928716 0.513450 2.453963 -52.577628 -11.597740 33.916747 25.808840
17.929440 0.514421 2.455007 -52.579353 -11.594690 33.920223 25.813048
17.930170 0.515378 2.456030 -52.581085 -11.591708 33.923646 25.817256
17.930902 0.516320 2.457036 -52.582830 -11.588788 33.927025 25.821475
17.931633 0.517247 2.458028 -52.584596 -11.585923 33.930371 25.825715
17.932358 0.518157 2.459010 -52.586390 -11.583104 33.933690 25.829986
17.933073 0.519049 2.459987 -52.588219 -11.580326 33.936992 25.834297
17.933771 0.519926 2.460948 -52.590077 -11.577652 33.940209 25.838556
17.934447 0.520787 2.461899 -52.591968 -11.575078 33.943350 25.842772
17.935096 0.521631 2.462842 -52.593903 -11.572596 33.946423 25.846956
17.935715 0.522458 2.463781 -52.595887 -11.570199 33.949436 25.851117
17.936299 0.523269 2.464718 -52.597927 -11.567883 33.952396 25.855266
17.936837 0.524063 2.465657 -52.600025 -11.565641 33.955312 25.859412
17.937308 0.524846 2.466593 -52.602153 -11.563499 33.958128 25.863521
17.937703 0.525619 2.467530 -52.604312 -11.561452 33.960850 25.867602
17.938018 0.526382 2.468470 -52.606508 -11.559495 33.963487 25.871666
17.938249 0.527136 2.469414 -52.608749 -11.557623 33.966045 25.875723
17.938394 0.527881 2.470367 -52.611042 -11.555832 33.968531 25.879782
17.938451 0.528620 2.471331 -52.613393 -11.554116 33.970952 25.883853
17.938413 0.529352 2.472307 -52.615806 -11.552471 33.973314 25.887946
17.938268 0.530083 2.473293 -52.618271 -11.550915 33.975578 25.892046
17.938011 0.530817 2.474291 -52.620792 -11.549444 33.977748 25.896163
17.937641 0.531553 2.475304 -52.623374 -11.548053 33.979830 25.900306
17.937156 0.532293 2.476332 -52.626025 -11.546740 33.981832 25.904487
17.936557 0.533041 2.477380 -52.628749 -11.545501 33.983757 25.908717
17.935844 0.533797 2.478450 -52.631553 -11.544333 33.985613 25.913005
17.935017 0.534564 2.479544 -52.634444 -11.543233 33.987404 25.917363
17.934079 0.535348 2.480660 -52.637426 -11.542225 33.989092 25.921772
17.933031 0.536150 2.481801 -52.640506 -11.541306 33.990684 25.926242
17.931874 0.536974 2.482969 -52.643689 -11.540474 33.992183 25.930786
17.930613 0.537823 2.484168 -52.646979 -11.539726 33.993595 25.935416
17.929251 0.538701 2.485400 -52.650383 -11.539062 33.994923 25.940144
17.927797 0.539609 2.486669 -52.653915 -11.538479 33.996172 25.944981
17.926276 0.540550 2.487981 -52.657584 -11.537975 33.997308 25.949819
17.924699 0.541526 2.489341 -52.661403 -11.537547 33.998334 25.954668
17.923071 0.542542 2.490753 -52.665379 -11.537196 33.999253 25.959542
17.921397 0.543601 2.492218 -52.669512 -11.536921 34.000069 25.964455
17.919682 0.544709 2.493741 -52.673807 -11.536722 34.000785 25.969422
17.917932 0.545870 2.495324 -52.678262 -11.536599 34.001403 25.974457
17.916154 0.547087 2.496968 -52.682881 -11.536553 34.001927 25.979576
17.914366 0.548352 2.498661 -52.687647 -11.536591 34.002363 25.984646
17.912577 0.549669 2.500403 -52.692561 -11.536713 34.002712 25.989683
17.910793 0.551042 2.502199 -52.697622 -11.536920 34.002978 25.994701
17.909019 0.552477 2.504053 -52.702832 -11.537215 34.003161 25.999718
17.907261 0.553978 2.505968 -52.708186 -11.537601 34.003262 26.004750
17.905524 0.555552 2.507947 -52.713679 -11.538079 34.003283 26.009815
17.903804 0.557199 2.509986 -52.719289 -11.538655 34.003228 26.014931
17.902085 0.558900 2.512040 -52.724933 -11.539300 34.003097 26.019970
17.900366 0.560658 2.514103 -52.730588 -11.540018 34.002894 26.024952
17.898650 0.562477 2.516180 -52.736248 -11.540813 34.002619 26.029894
17.896944 0.564361 2.518276 -52.741909 -11.541689 34.002272 26.034814
17.895253 0.566314 2.520395 -52.747568 -11.542651 34.001853 26.039728
17.893582 0.568337 2.522538 -52.753218 -11.543703 34.001364 26.044654
17.891934 0.570409 2.524664 -52.758820 -11.544842 34.000822 26.049484
17.890313 0.572530 2.526773 -52.764368 -11.546073 34.000229 26.054237
17.888726 0.574703 2.528872 -52.769863 -11.547400 33.999585 26.058927
17.887178 0.576931 2.530965 -52.775304 -11.548828 33.998887 26.063570
17.885677 0.579216 2.533061 -52.780697 -11.550362 33.998134 26.068179
17.884229 0.581560 2.535163 -52.786045 -11.552007 33.997325 26.072771
17.882842 0.583960 2.537276 -52.791352 -11.553768 33.996460 26.077357
17.881521 0.586398 2.539375 -52.796596 -11.555583 33.995544 26.081842
17.880272 0.588870 2.541463 -52.801782 -11.557457 33.994578 26.086239
17.879102 0.591377 2.543546 -52.806916 -11.559397 33.993559 26.090560
17.878016 0.593920 2.545631 -52.812002 -11.561407 33.992484 26.094820
17.877018 0.596501 2.547726 -52.817046 -11.563494 33.991351 26.099031
17.876111 0.599119 2.549837 -52.822049 -11.565666 33.990157 26.103207
17.875295 0.601771 2.551960 -52.827008 -11.567926 33.988902 26.107360
17.874553 0.604433 2.554071 -52.831877 -11.570220 33.987674 26.111411
17.873884 0.607100 2.556167 -52.836652 -11.572553 33.986474 26.115373
17.873290 0.609773 2.558254 -52.841337 -11.574932 33.985299 26.119258
17.872773 0.612452 2.560340 -52.845937 -11.577364 33.984146 26.123077
17.872336 0.615135 2.562430 -52.850458 -11.579856 33.983010 26.126842
17.871976 0.617820 2.564523 -52.854900 -11.582414 33.981894 26.130563
17.871669 0.620482 2.566592 -52.859219 -11.584971 33.980870 26.134174
17.871412 0.623116 2.568636 -52.863417 -11.587533 33.979940 26.137683
17.871206 0.625723 2.570659 -52.867501 -11.590107 33.979100 26.141102
17.871053 0.628301 2.572670 -52.871476 -11.592700 33.978349 26.144438
17.870955 0.630851 2.574675 -52.875353 -11.595320 33.977684 26.147703
17.870914 0.633373 2.576681 -52.879138 -11.597972 33.977103 26.150903
17.870926 0.635865 2.578688 -52.882836 -11.600664 33.976607 26.154049
17.870974 0.638309 2.580678 -52.886415 -11.603315 33.976237 26.157081
17.871056 0.640701 2.582651 -52.889880 -11.605930 33.975996 26.160008
17.871173 0.643043 2.584614 -52.893239 -11.608516 33.975881 26.162837
17.871325 0.645334 2.586573 -52.896499 -11.611081 33.975894 26.165576
17.871515 0.647576 2.588534 -52.899667 -11.613631 33.976032 26.168231
17.871742 0.649768 2.590504 -52.902751 -11.616172 33.976298 26.170810
17.872004 0.651910 2.592484 -52.905751 -11.618712 33.976692 26.173321
17.872283 0.653989 2.594446 -52.908634 -11.621181 33.977193 26.175715
17.872575 0.656004 2.596392 -52.911401 -11.623587 33.977806 26.178000
17.872881 0.657957 2.598328 -52.914058 -11.625935 33.978531 26.180181
17.873204 0.659849 2.600259 -52.916610 -11.628232 33.979370 26.182265
17.873543 0.661680 2.602190 -52.919061 -11.630484 33.980326 26.184257
17.873894 0.663452 2.604122 -52.921410 -11.632696 33.981402 26.186163
17.874238 0.665153 2.606017 -52.923619 -11.634832 33.982552 26.187946
17.874571 0.666784 2.607877 -52.925688 -11.636896 33.983781 26.189612
17.874895 0.668347 2.609704 -52.927618 -11.638895 33.985091 26.191164
17.875213 0.669842 2.611506 -52.929414 -11.640833 33.986487 26.192608
17.875530 0.671272 2.613286 -52.931079 -11.642716 33.987972 26.193946
17.875850 0.672639 2.615050 -52.932619 -11.644548 33.989550 26.195183
17.876176 0.673943 2.616800 -52.934036 -11.646334 33.991227 26.196321
17.876500 0.675179 2.618505 -52.935327 -11.648054 33.992957 26.197376
17.876825 0.676347 2.620168 -52.936497 -11.649713 33.994744 26.198351
17.877157 0.677448 2.621792 -52.937547 -11.651314 33.996595 26.199248
17.877502 0.678484 2.623382 -52.938482 -11.652863 33.998514 26.200070
17.877868 0.679457 2.624942 -52.939304 -11.654361 34.000507 26.200817
17.878262 0.680367 2.626478 -52.940022 -11.655813 34.002579 26.201491
17.878695 0.681216 2.627993 -52.940644 -11.657222 34.004737 26.202092
17.879172 0.682002 2.629472 -52.941195 -11.658583 34.006926 26.202645
17.879704 0.682726 2.630919 -52.941684 -11.659899 34.009153 26.203150
17.880299 0.683389 2.632338 -52.942119 -11.661172 34.011423 26.203607
17.880967 0.683991 2.633733 -52.942503 -11.662406 34.013743 26.204016
17.881714 0.684533 2.635108 -52.942839 -11.663603 34.016120 26.204378
17.882544 0.685014 2.636465 -52.943127 -11.664766 34.018560 26.204693
17.883441 0.685439 2.637791 -52.943349 -11.665890 34.020997 26.204988
17.884408 0.685806 2.639088 -52.943503 -11.666979 34.023438 26.205264
17.885452 0.686117 2.640361 -52.943593 -11.668034 34.025889 26.205520
17.886583 0.686371 2.641611 -52.943622 -11.669059 34.028358 26.205756
17.887807 0.686568 2.642842 -52.943592 -11.670055 34.030852 26.205973
17.889134 0.686707 2.644056 -52.943508 -11.671024 34.033377 26.206168
17.890565 0.686789 2.645254 -52.943370 -11.671968 34.035941 26.206343
17.892074 0.686816 2.646429 -52.943151 -11.672891 34.038476 26.206521
17.893664 0.686789 2.647583 -52.942852 -11.673794 34.040989 26.206700
17.895342 0.686707 2.648717 -52.942478 -11.674678 34.043488 26.206882
17.897115 0.686570 2.649833 -52.942034 -11.675546 34.045980 26.207063
17.898990 0.686376 2.650935 -52.941524 -11.676398 34.048471 26.207242
17.900976 0.686125 2.652024 -52.940954 -11.677236 34.050969 26.207419
17.903073 0.685817 2.653103 -52.940331 -11.678061 34.053479 26.207592
17.905257 0.685461 2.654170 -52.939637 -11.678885 34.055914 26.207794
17.907529 0.685056 2.655229 -52.938879 -11.679709 34.058278 26.208026
17.909895 0.684602 2.656280 -52.938064 -11.680535 34.060580 26.208284
17.912360 0.684097 2.657326 -52.937201 -11.681361 34.062824 26.208566
17.914930 0.683542 2.658369 -52.936300 -11.682190 34.065018 26.208870
17.917606 0.682937 2.659415 -52.935373 -11.683023 34.067164 26.209193
17.920374 0.682294 2.660468 -52.934427 -11.683873 34.069176 26.209580
17.923235 0.681614 2.661533 -52.933475 -11.684742 34.071056 26.210029
17.926192 0.680897 2.662612 -52.932526 -11.685631 34.072808 26.210536
17.929248 0.680142 2.663707 -52.931589 -11.686540 34.074439 26.211102
17.932408 0.679349 2.664821 -52.930675 -11.687471 34.075953 26.211723
17.935672 0.678518 2.665955 -52.929793 -11.688423 34.077352 26.212397
17.939038 0.677650 2.667112 -52.928954 -11.689398 34.078642 26.213124
17.942480 0.676750 2.668295 -52.928155 -11.690407 34.079795 26.213936
17.945995 0.675820 2.669505 -52.927408 -11.691452 34.080815 26.214832
17.949584 0.674859 2.670745 -52.926724 -11.692532 34.081704 26.215810
17.953248 0.673867 2.672017 -52.926115 -11.693650 34.082463 26.216869
17.956989 0.672845 2.673324 -52.925590 -11.694805 34.083096 26.218009
17.960808 0.671793 2.674666 -52.925163 -11.696000 34.083604 26.219229
17.964700 0.670711 2.676044 -52.924844 -11.697236 34.083989 26.220528
17.968634 0.669598 2.677457 -52.924615 -11.698527 34.084252 26.221882
17.972606 0.668456 2.678905 -52.924487 -11.699876 34.084395 26.223292
17.976617 0.667285 2.680389 -52.924475 -11.701284 34.084417 26.224755
17.980669 0.666084 2.681912 -52.924594 -11.702751 34.084319 26.226273
17.984764 0.664854 2.683477 -52.924865 -11.704280 34.084100 26.227844
17.988906 0.663594 2.685088 -52.925311 -11.705870 34.083760 26.229466
17.993087 0.662307 2.686760 -52.925958 -11.707454 34.083315 26.231168
17.997309 0.660991 2.688496 -52.926830 -11.709032 34.082762 26.232950
18.001576 0.659647 2.690301 -52.927946 -11.710606 34.082100 26.234811
18.005891 0.658277 2.692177 -52.929323 -11.712178 34.081328 26.236753
18.010256 0.656882 2.694126 -52.930971 -11.713751 34.080444 26.238778
18.014669 0.655463 2.696150 -52.932900 -11.715327 34.079444 26.240889
18.019121 0.654021 2.698244 -52.935105 -11.716911 34.078329 26.243091
18.023558 0.652550 2.700411 -52.937503 -11.718424 34.077167 26.245330
18.027971 0.651051 2.702647 -52.940088 -11.719869 34.075957 26.247610
18.032358 0.649526 2.704952 -52.942870 -11.721251 34.074696 26.249936
18.036724 0.647979 2.707331 -52.945858 -11.722571 34.073381 26.252313
18.041070 0.646411 2.709785 -52.949061 -11.723833 34.072007 26.254746
18.045396 0.644826 2.712316 -52.952481 -11.725039 34.070573 26.257241
18.049688 0.643225 2.714916 -52.956097 -11.726195 34.069074 26.259808
18.053871 0.641603 2.717574 -52.959776 -11.727234 34.067567 26.262379
18.057933 0.639964 2.720282 -52.963498 -11.728161 34.066050 26.264964
18.061873 0.638309 2.723042 -52.967260 -11.728979 34.064518 26.267571
18.065694 0.636643 2.725856 -52.971068 -11.729689 34.062968 26.270206
18.069398 0.634970 2.728726 -52.974920 -11.730295 34.061396 26.272878
18.072974 0.633293 2.731644 -52.978794 -11.730799 34.059800 26.275598
18.076364 0.631603 2.734586 -52.982572 -11.731167 34.058229 26.278284
18.079557 0.629903 2.737545 -52.986230 -11.731402 34.056682 26.280946
18.082555 0.628196 2.740523 -52.989767 -11.731504 34.055155 26.283592
18.085367 0.626488 2.743522 -52.993187 -11.731474 34.053644 26.286230
18.087997 0.624781 2.746548 -52.996497 -11.731312 34.052145 26.288867
18.090453 0.623080 2.749602 -52.999697 -11.731018 34.050655 26.291509
18.092732 0.621386 2.752681 -53.002778 -11.730590 34.049174 26.294166
18.094801 0.619690 2.755760 -53.005670 -11.730078 34.047764 26.296752
18.096658 0.617996 2.758836 -53.008362 -11.729481 34.046425 26.299278
18.098310 0.616307 2.761911 -53.010855 -11.728796 34.045155 26.301748
18.099764 0.614626 2.764989 -53.013152 -11.728023 34.043950 26.304171
18.101026 0.612958 2.768075 -53.015256 -11.727158 34.042808 26.306551
18.102103 0.611305 2.771170 -53.017169 -11.726201 34.041727 26.308895
18.102996 0.609670 2.774272 -53.018884 -11.725147 34.040706 26.311209
18.103683 0.608041 2.777343 -53.020358 -11.724052 34.039785 26.313421
18.104164 0.606420 2.780378 -53.021582 -11.722915 34.038963 26.315539
18.104444 0.604811 2.783381 -53.022557 -11.721731 34.038241 26.317565
18.104529 0.603217 2.786356 -53.023284 -11.720497 34.037617 26.319507
18.104425 0.601641 2.789305 -53.023764 -11.719209 34.037089 26.321367
18.104136 0.600084 2.792228 -53.023997 -11.717863 34.036660 26.323149
18.103649 0.598536 2.795089 -53.023966 -11.716507 34.036361 26.324804
18.102968 0.596998 2.797887 -53.023671 -11.715134 34.036194 26.326334
18.102096 0.595472 2.800624 -53.023109 -11.713741 34.036159 26.327743
18.101040 0.593961 2.803305 -53.022281 -11.712325 34.036257 26.329034
18.099803 0.592467 2.805933 -53.021187 -11.710880 34.036489 26.330209
18.098392 0.590994 2.808513 -53.019826 -11.709403 34.036857 26.331269
18.096812 0.589544 2.811049 -53.018205 -11.707887 34.037363 26.332215
18.095079 0.588110 2.813508 -53.016359 -11.706379 34.037997 26.333064
18.093199 0.586696 2.815896 -53.014292 -11.704872 34.038762 26.333816
18.091177 0.585303 2.818215 -53.012004 -11.703363 34.039661 26.334471
18.089015 0.583933 2.820470 -53.009490 -11.701846 34.040698 26.335031
18.086717 0.582589 2.822663 -53.006747 -11.700317 34.041875 26.335495
18.084287 0.581272 2.824798 -53.003774 -11.698771 34.043198 26.335864
18.081730 0.579984 2.826879 -53.000574 -11.697203 34.044671 26.336135
18.079065 0.578720 2.828875 -52.997188 -11.695653 34.046248 26.336340
18.076296 0.577481 2.830788 -52.993619 -11.694116 34.047936 26.336476
18.073427 0.576270 2.832622 -52.989866 -11.692587 34.049741 26.336544
18.070460 0.575087 2.834380 -52.985922 -11.691061 34.051667 26.336540
18.067399 0.573934 2.836067 -52.981788 -11.689533 34.053721 26.336463
18.064252 0.572813 2.837688 -52.977471 -11.687998 34.055909 26.336310
18.061043 0.571721 2.839212 -52.973029 -11.686492 34.058139 26.336119
18.057781 0.570660 2.840647 -52.968469 -11.685009 34.060418 26.335887
18.054466 0.569631 2.841996 -52.963787 -11.683546 34.062752 26.335611
18.051098 0.568635 2.843260 -52.958977 -11.682097 34.065149 26.335288
18.047677 0.567672 2.844441 -52.954029 -11.680659 34.067616 26.334919
18.044201 0.566745 2.845544 -52.948937 -11.679226 34.070160 26.334499
18.040676 0.565854 2.846574 -52.943707 -11.677794 34.072789 26.334025
18.037131 0.564996 2.847499 -52.938396 -11.676391 34.075419 26.333531
18.033568 0.564174 2.848327 -52.933008 -11.675012 34.078057 26.333013
18.029988 0.563389 2.849060 -52.927537 -11.673653 34.080712 26.332468
18.026387 0.562639 2.849699 -52.921973 -11.672310 34.083390 26.331893
18.022761 0.561926 2.850245 -52.916306 -11.670978 34.086100 26.331287
18.019111 0.561250 2.850701 -52.910530 -11.669654 34.088850 26.330646
18.015441 0.560611 2.851074 -52.904656 -11.668332 34.091648 26.329964
18.011783 0.560004 2.851336 -52.898754 -11.667036 34.094428 26.329272
18.008144 0.559431 2.851495 -52.892833 -11.665762 34.097200 26.328563
18.004521 0.558890 2.851552 -52.886889 -11.664504 34.099970 26.327834
18.000911 0.558382 2.851508 -52.880911 -11.663258 34.102747 26.327083
17.997310 0.557905 2.851366 -52.874891 -11.662022 34.105538 26.326305
17.993720 0.557461 2.851128 -52.868831 -11.660791 34.108352 26.325497
17.990162 0.557042 2.850777 -52.862773 -11.659578 34.111144 26.324672
17.986635 0.556650 2.850315 -52.856718 -11.658381 34.113921 26.323825
17.983136 0.556283 2.849744 -52.850657 -11.657194 34.116691 26.322952
17.979661 0.555939 2.849064 -52.844576 -11.656015 34.119462 26.322053
17.976205 0.555616 2.848273 -52.838464 -11.654841 34.122242 26.321123
17.972765 0.555312 2.847371 -52.832310 -11.653668 34.125038 26.320159
17.969339 0.555025 2.846361 -52.826111 -11.652493 34.127858 26.319158
17.965940 0.554752 2.845235 -52.819898 -11.651328 34.130695 26.318147
17.962567 0.554491 2.843997 -52.813668 -11.650170 34.133558 26.317123
17.959218 0.554239 2.842644 -52.807412 -11.649014 34.136454 26.316082
17.955886 0.553992 2.841174 -52.801115 -11.647859 34.139390 26.315021
17.952570 0.553746 2.839586 -52.794767 -11.646700 34.142376 26.313936
17.949266 0.553498 2.837878 -52.788357 -11.645535 34.145419 26.312824
17.945974 0.553246 2.836053 -52.781883 -11.644359 34.148525 26.311680
17.942707 0.552992 2.834121 -52.775378 -11.643202 34.151669 26.310535
17.939467 0.552736 2.832085 -52.768841 -11.642059 34.154858 26.309384
17.936250 0.552471 2.829941 -52.762262 -11.640927 34.158100 26.308223
17.933055 0.552193 2.827688 -52.755631 -11.639802 34.161404 26.307047
17.929878 0.551897 2.825321 -52.748940 -11.638682 34.164779 26.305852
17.926721 0.551580 2.822845 -52.742188 -11.637562 34.168231 26.304633
17.923600 0.551250 2.820279 -52.735406 -11.636467 34.171722 26.303416
17.920516 0.550903 2.817624 -52.728595 -11.635394 34.175258 26.302197
17.917465 0.550535 2.814878 -52.721745 -11.634339 34.178848 26.300969
17.914446 0.550138 2.812035 -52.714845 -11.633299 34.182504 26.299730
17.911454 0.549708 2.809090 -52.707884 -11.632271 34.186234 26.298474
17.908488 0.549240 2.806040 -52.700856 -11.631251 34.190048 26.297195
17.905553 0.548731 2.802892 -52.693768 -11.630237 34.193953 26.295888
17.902682 0.548199 2.799685 -52.686685 -11.629229 34.197884 26.294610
17.899880 0.547641 2.796427 -52.679615 -11.628225 34.201847 26.293353
17.897145 0.547052 2.793114 -52.672552 -11.627222 34.205854 26.292114
17.894473 0.546427 2.789739 -52.665485 -11.626216 34.209915 26.290886
17.891860 0.545759 2.786295 -52.658403 -11.625204 34.214041 26.289665
17.889302 0.545043 2.782779 -52.651301 -11.624183 34.218242 26.288445
17.886802 0.544279 2.779197 -52.644180 -11.623149 34.222525 26.287222
17.884388 0.543488 2.775591 -52.637097 -11.622099 34.226780 26.286052
17.882063 0.542671 2.771968 -52.630056 -11.621029 34.231014 26.284929
17.879824 0.541823 2.768323 -52.623050 -11.619937 34.235237 26.283849
17.877664 0.540937 2.764650 -52.616070 -11.618818 34.239461 26.282806
17.875579 0.540009 2.760942 -52.609106 -11.617670 34.243695 26.281797
17.873566 0.539039 2.757206 -52.602156 -11.616489 34.247947 26.280818
17.871639 0.538049 2.753471 -52.595252 -11.615306 34.252077 26.279913
17.869796 0.537041 2.749741 -52.588393 -11.614119 34.256090 26.279078
17.868031 0.536009 2.746012 -52.581568 -11.612924 34.259997 26.278311
17.866337 0.534948 2.742275 -52.574768 -11.611716 34.263808 26.277607
17.864709 0.533852 2.738523 -52.567983 -11.610494 34.267533 26.276963
17.863139 0.532718 2.734750 -52.561206 -11.609252 34.271182 26.276375
17.861626 0.531545 2.730961 -52.554438 -11.607988 34.274759 26.275840
17.860195 0.530353 2.727173 -52.547725 -11.606754 34.278108 26.275365
17.858844 0.529141 2.723391 -52.541068 -11.605545 34.281233 26.274946
17.857565 0.527904 2.719609 -52.534461 -11.604359 34.284141 26.274580
17.856352 0.526639 2.715819 -52.527895 -11.603192 34.286840 26.274265
17.855197 0.525339 2.712013 -52.521364 -11.602040 34.289337 26.273998
17.854091 0.524000 2.708185 -52.514861 -11.600899 34.291638 26.273775
17.853033 0.522620 2.704337 -52.508390 -11.599765 34.293746 26.273594
17.852042 0.521214 2.700497 -52.501994 -11.598681 34.295609 26.273451
17.851113 0.519779 2.696669 -52.495677 -11.597643 34.297229 26.273344
17.850240 0.518311 2.692845 -52.489436 -11.596647 34.298608 26.273269
17.849412 0.516805 2.689018 -52.483265 -11.595690 34.299750 26.273224
17.848623 0.515255 2.685181 -52.477160 -11.594769 34.300658 26.273206
17.847866 0.513661 2.681337 -52.471123 -11.593881 34.301329 26.273214
17.847153 0.512036 2.677526 -52.465188 -11.593050 34.301735 26.273247
17.846480 0.510378 2.673750 -52.459358 -11.592275 34.301874 26.273303
17.845837 0.508683 2.670002 -52.453630 -11.591553 34.301745 26.273379
17.845215 0.506945 2.666274 -52.447998 -11.590880 34.301346 26.273475
17.844606 0.505157 2.662559 -52.442455 -11.590254 34.300676 26.273588
17.844000 0.503314 2.658851 -52.436999 -11.589674 34.299732 26.273716
17.843396 0.501413 2.655151 -52.431635 -11.589137 34.298508 26.273857
17.842810 0.499468 2.651510 -52.426401 -11.588651 34.297014 26.274017
17.842240 0.497474 2.647929 -52.421304 -11.588217 34.295243 26.274194
17.841678 0.495427 2.644402 -52.416341 -11.587831 34.293190 26.274385
17.841114 0.493319 2.640923 -52.411509 -11.587493 34.290847 26.274591
17.840540 0.491145 2.637483 -52.406802 -11.587199 34.288207 26.274808
17.839947 0.488899 2.634077 -52.402220 -11.586949 34.285262 26.275036
17.839334 0.486578 2.630707 -52.397770 -11.586741 34.282002 26.275273
17.838719 0.484193 2.627423 -52.393490 -11.586574 34.278430 26.275510
17.838100 0.481741 2.624227 -52.389388 -11.586445 34.274535 26.275746
17.837470 0.479216 2.621114 -52.385464 -11.586354 34.270305 26.275979
17.836820 0.476613 2.618077 -52.381716 -11.586300 34.265726 26.276208
17.836142 0.473925 2.615110 -52.378144 -11.586282 34.260786 26.276432
17.835432 0.471150 2.612215 -52.374750 -11.586299 34.255469 26.276650
17.834694 0.468297 2.609439 -52.371552 -11.586326 34.249784 26.276865
17.833925 0.465365 2.606784 -52.368554 -11.586362 34.243714 26.277075
17.833117 0.462346 2.604243 -52.365755 -11.586407 34.237241 26.277281
17.832263 0.459237 2.601812 -52.363154 -11.586460 34.230347 26.277481
17.831355 0.456033 2.599482 -52.360751 -11.586520 34.223013 26.277674
17.830388 0.452727 2.597249 -52.358545 -11.586587 34.215217 26.277859
17.829360 0.449320 2.595114 -52.356545 -11.586660 34.206935 26.278034
17.828284 0.445822 2.593126 -52.354772 -11.586717 34.198167 26.278207
17.827159 0.442233 2.591287 -52.353235 -11.586756 34.188885 26.278377
17.825981 0.438551 2.589592 -52.351933 -11.586778 34.179065 26.278541
17.824747 0.434772 2.588034 -52.350867 -11.586781 34.168678 26.278701
17.823453 0.430895 2.586606 -52.350035 -11.586764 34.157696 26.278854
17.822097 0.426920 2.585303 -52.349436 -11.586728 34.146088 26.279002
17.820680 0.422851 2.584122 -52.349069 -11.586673 34.133820 26.279144
17.819208 0.418699 2.583107 -52.348926 -11.586583 34.120900 26.279245
17.817686 0.414470 2.582254 -52.349007 -11.586460 34.107291 26.279305
17.816116 0.410170 2.581558 -52.349307 -11.586303 34.092954 26.279325
17.814502 0.405805 2.581010 -52.349823 -11.586110 34.077852 26.279305
17.812850 0.401384 2.580600 -52.350547 -11.585882 34.061943 26.279244
17.811165 0.396919 2.580324 -52.351469 -11.585617 34.045182 26.279146
17.809447 0.392434 2.580214 -52.352556 -11.585357 34.027584 26.278980
17.807707 0.387949 2.580263 -52.353796 -11.585099 34.009099 26.278750
17.805959 0.383484 2.580458 -52.355177 -11.584845 33.989679 26.278455
17.804221 0.379063 2.580785 -52.356687 -11.584592 33.969271 26.278095
17.802511 0.374718 2.581230 -52.358312 -11.584339 33.947821 26.277671
17.800855 0.370484 2.581772 -52.360034 -11.584086 33.925273 26.277183
17.799275 0.366401 2.582389 -52.361825 -11.583832 33.901568 26.276631
17.797782 0.362520 2.583085 -52.363632 -11.583595 33.876768 26.276044
17.796411 0.358898 2.583826 -52.365411 -11.583376 33.850810 26.275424
17.795211 0.355601 2.584566 -52.367106 -11.583175 33.823627 26.274770
17.794247 0.352703 2.585231 -52.368624 -11.582990 33.795153 26.274082
17.793613 0.350258 2.585631 -52.369793 -11.582812 33.765345 26.273348
17.793532 0.348141 2.585043 -52.370384 -11.582526 33.734399 26.272469
17.794029 0.345886 2.585979 -52.370453 -11.582638 33.722539 26.272496
17.795097 0.343113 2.586946 -52.369905 -11.582830 33.722215 26.272674
