-0.000000
-0.002231
-0.002597
-0.002203
-0.001592
-0.000950
-0.000355
0.000176
0.000646
0.001059
0.001422
0.001740
0.002018
0.002260
0.002470
0.002656
0.002825
0.002966
0.003086
0.003185
0.003263
0.003321
0.003363
0.003392
0.003416
0.003435
0.003447
0.003451
0.003447
0.003436
0.003418
0.003395
0.003365
0.003330
0.003292
0.003249
0.003202
0.003152
0.003100
0.003046
0.002990
0.002932
0.002872
0.002810
0.002747
0.002683
0.002618
0.002553
0.002487
0.002420
0.002354
0.002288
0.002222
0.002156
0.002091
0.002026
0.001962
0.001897
0.001833
0.001770
0.001707
0.001645
0.001583
0.001523
0.001463
0.001404
0.001347
0.001290
0.001234
0.001179
0.001124
0.001071
0.001018
0.000966
0.000915
0.000865
0.000816
0.000768
0.000720
0.000674
0.000629
0.000585
0.000542
0.000500
0.000458
0.000417
0.000377
0.000337
0.000299
0.000261
0.000225
0.000189
0.000154
0.000120
0.000087
0.000055
0.000023
-0.000008
-0.000039
-0.000068
-0.000097
-0.000125
-0.000153
-0.000180
-0.000206
-0.000231
-0.000255
-0.000279
-0.000302
-0.000325
-0.000347
-0.000369
-0.000390
-0.000410
-0.000430
-0.000449
-0.000468
-0.000486
-0.000503
-0.000520
-0.000536
-0.000552
-0.000568
-0.000582
-0.000597
-0.000611
-0.000625
-0.000638
-0.000650
-0.000663
-0.000674
-0.000686
-0.000697
-0.000707
-0.000717
-0.000726
-0.000736
-0.000745
-0.000753
-0.000761
-0.000769
-0.000777
-0.000784
-0.000791
-0.000797
-0.000804
-0.000809
-0.000815
-0.000820
-0.000825
-0.000830
-0.000834
-0.000838
-0.000842
-0.000846
-0.000849
-0.000852
-0.000855
-0.000858
-0.000860
-0.000862
-0.000864
-0.000866
-0.000867
-0.000868
-0.000869
-0.000870
-0.000871
-0.000872
-0.000872
-0.000873
-0.000873
-0.000872
-0.000872
-0.000872
-0.000871
-0.000870
-0.000869
-0.000868
-0.000867
-0.000866
-0.000865
-0.000863
-0.000862
-0.000860
-0.000858
-0.000856
-0.000854
-0.000852
-0.000849
-0.000847
-0.000845
-0.000842
-0.000839
-0.000837
-0.000834
-0.000831
-0.000828
-0.000825
-0.000822
-0.000819
-0.000816
-0.000813
-0.000810
-0.000806
-0.000803
-0.000800
-0.000796
-0.000793
-0.000789
-0.000786
-0.000782
-0.000778
-0.000775
-0.000771
-0.000767
-0.000764
-0.000760
-0.000756
-0.000752
-0.000749
-0.000745
-0.000741
-0.000737
-0.000733
-0.000729
-0.000726
-0.000722
-0.000718
-0.000714
-0.000710
-0.000706
-0.000702
-0.000698
-0.000694
-0.000691
-0.000687
-0.000683
-0.000679
-0.000675
-0.000671
-0.000667
-0.000664
-0.000660
-0.000656
-0.000652
-0.000648
-0.000645
-0.000641
-0.000637
-0.000634
-0.000630
-0.000626
-0.000622
-0.000619
-0.000615
-0.000612
-0.000608
-0.000604
-0.000601
-0.000597
-0.000594
-0.000590
-0.000587
-0.000583
-0.000580
-0.000576
-0.000573
-0.000570
-0.000566
-0.000563
-0.000559
-0.000556
-0.000553
-0.000550
-0.000546
-0.000543
-0.000540
-0.000537
-0.000534
-0.000530
-0.000527
-0.000524
-0.000521
-0.000518
-0.000515
-0.000512
-0.000509
-0.000506
-0.000503
-0.000500
-0.000497
-0.000494
-0.000491
-0.000488
-0.000486
-0.000483
-0.000480
-0.000477
-0.000474
-0.000471
-0.000469
-0.000466
-0.000463
-0.000460
-0.000458
-0.000455
-0.000452
-0.000450
-0.000447
-0.000444
-0.000442
-0.000439
-0.000437
-0.000434
-0.000431
-0.000429
-0.000426
-0.000424
-0.000421
-0.000419
-0.000416
-0.000414
-0.000411
-0.000409
-0.000406
-0.000404
-0.000401
-0.000399
-0.000396
-0.000394
-0.000391
-0.000389
-0.000386
-0.000384
-0.000381
-0.000379
-0.000376
-0.000374
-0.000371
-0.000368
-0.000366
-0.000363
-0.000361
-0.000358
-0.000355
-0.000353
-0.000351
-0.000349
-0.000348
-0.000345
-0.000343
-0.000341
-0.000338
-0.000336
-0.000334
-0.000331
-0.000329
-0.000327
-0.000325
-0.000323
-0.000321
-0.000319
-0.000317
-0.000315
-0.000314
-0.000312
-0.000310
-0.000308
-0.000307
-0.000305
-0.000303
-0.000302
-0.000300
-0.000299
-0.000298
-0.000296
-0.000295
-0.000294
-0.000292
-0.000291
-0.000290
-0.000289
-0.000288
-0.000286
-0.000285
-0.000284
-0.000284
-0.000283
-0.000282
-0.000281
-0.000280
-0.000279
-0.000279
-0.000278
-0.000277
-0.000276
-0.000276
-0.000275
-0.000275
-0.000274
-0.000274
-0.000274
-0.000273
-0.000273
-0.000273
-0.000273
-0.000273
-0.000273
-0.000273
-0.000273
-0.000273
-0.000273
-0.000273
-0.000273
-0.000273
-0.000273
-0.000274
-0.000274
-0.000275
-0.000276
-0.000277
-0.000277
-0.000278
-0.000279
-0.000280
-0.000281
-0.000282
-0.000283
-0.000284
-0.000285
-0.000287
-0.000288
-0.000290
-0.000291
-0.000293
-0.000295
-0.000296
-0.000298
-0.000300
-0.000302
-0.000303
-0.000305
-0.000307
-0.000309
-0.000311
-0.000313
-0.000315
-0.000318
-0.000320
-0.000322
-0.000325
-0.000327
-0.000329
-0.000332
-0.000334
-0.000336
-0.000339
-0.000342
-0.000344
-0.000347
-0.000350
-0.000352
-0.000355
-0.000358
-0.000361
-0.000363
-0.000366
-0.000368
-0.000371
-0.000374
-0.000377
-0.000380
-0.000383
-0.000386
-0.000389
-0.000392
-0.000395
-0.000398
-0.000401
-0.000404
-0.000406
-0.000409
-0.000412
-0.000415
-0.000418
-0.000421
-0.000424
-0.000428
-0.000431
-0.000434
-0.000437
-0.000440
-0.000443
-0.000445
-0.000448
-0.000451
-0.000454
-0.000457
-0.000460
-0.000463
-0.000466
-0.000469
-0.000472
-0.000475
-0.000478
-0.000481
-0.000484
-0.000486
-0.000489
-0.000492
-0.000495
-0.000498
-0.000501
-0.000504
-0.000507
-0.000510
-0.000513
-0.000516
-0.000518
-0.000521
-0.000524
-0.000526
-0.000529
-0.000532
-0.000535
-0.000537
-0.000540
-0.000543
-0.000546
-0.000548
-0.000551
-0.000554
-0.000556
-0.000558
-0.000561
-0.000563
-0.000566
-0.000569
-0.000571
-0.000574
-0.000577
-0.000579
-0.000582
-0.000584
-0.000587
-0.000589
-0.000591
-0.000593
-0.000596
-0.000598
-0.000601
-0.000603
-0.000606
-0.000608
-0.000610
-0.000613
-0.000615
-0.000617
-0.000620
-0.000622
-0.000624
-0.000626
-0.000628
-0.000630
-0.000632
-0.000635
-0.000637
-0.000639
-0.000641
-0.000644
-0.000646
-0.000648
-0.000650
-0.000651
-0.000653
-0.000655
-0.000657
-0.000659
-0.000661
-0.000663
-0.000665
-0.000667
-0.000669
-0.000671
-0.000673
-0.000675
-0.000676
-0.000678
-0.000680
-0.000682
-0.000683
-0.000685
-0.000687
-0.000689
-0.000691
-0.000693
-0.000694
-0.000696
-0.000698
-0.000699
-0.000700
-0.000702
-0.000704
-0.000705
-0.000707
-0.000708
-0.000710
-0.000712
-0.000713
-0.000715
-0.000716
-0.000718
-0.000719
-0.000720
-0.000721
-0.000722
-0.000724
-0.000725
-0.000727
-0.000728
-0.000729
-0.000731
-0.000732
-0.000733
-0.000734
-0.000735
-0.000736
-0.000737
-0.000738
-0.000740
-0.000741
-0.000742
-0.000743
-0.000744
-0.000745
-0.000746
-0.000747
-0.000748
-0.000749
-0.000750
-0.000751
-0.000751
-0.000752
-0.000753
-0.000754
-0.000755
-0.000756
-0.000757
-0.000757
-0.000758
-0.000759
-0.000759
-0.000760
-0.000760
-0.000761
-0.000761
-0.000762
-0.000762
-0.000763
-0.000764
-0.000764
-0.000765
-0.000765
-0.000766
-0.000766
-0.000766
-0.000766
-0.000767
-0.000767
-0.000767
-0.000767
-0.000768
-0.000768
-0.000768
-0.000769
-0.000769
-0.000769
-0.000769
-0.000769
-0.000769
-0.000769
-0.000769
-0.000769
-0.000769
-0.000769
-0.000769
-0.000769
-0.000769
-0.000769
-0.000769
-0.000769
-0.000769
-0.000768
-0.000768
-0.000767
-0.000767
-0.000767
-0.000767
-0.000766
-0.000766
-0.000766
-0.000766
-0.000765
-0.000765
-0.000765
-0.000764
-0.000763
-0.000763
-0.000762
-0.000762
-0.000761
-0.000761
-0.000760
-0.000760
-0.000760
-0.000759
-0.000759
-0.000758
-0.000757
-0.000757
-0.000756
-0.000755
-0.000754
-0.000754
-0.000753
-0.000753
-0.000752
-0.000751
-0.000751
-0.000750
-0.000750
-0.000749
-0.000748
-0.000747
-0.000746
-0.000745
-0.000745
-0.000744
-0.000744
-0.000743
-0.000742
-0.000742
-0.000741
-0.000740
-0.000740
-0.000739
-0.000738
-0.000737
-0.000736
-0.000736
-0.000735
-0.000735
-0.000734
-0.000734
-0.000733
-0.000733
-0.000732
-0.000731
-0.000731
-0.000730
-0.000729
-0.000729
-0.000728
-0.000727
-0.000727
-0.000726
-0.000726
-0.000725
-0.000725
-0.000724
-0.000724
-0.000723
-0.000723
-0.000722
-0.000721
-0.000721
-0.000720
-0.000719
-0.000719
-0.000719
-0.000718
-0.000718
-0.000717
-0.000716
-0.000716
-0.000715
-0.000714
-0.000713
-0.000712
-0.000711
-0.000711
-0.000710
-0.000709
-0.000709
-0.000708
-0.000707
-0.000707
-0.000706
-0.000705
-0.000704
-0.000704
-0.000703
-0.000702
-0.000701
-0.000700
-0.000699
-0.000698
-0.000698
-0.000697
-0.000696
-0.000695
-0.000695
-0.000694
-0.000693
-0.000693
-0.000692
-0.000692
-0.000691
-0.000690
-0.000689
-0.000688
-0.000687
-0.000687
-0.000686
-0.000685
-0.000685
-0.000684
-0.000683
-0.000683
-0.000682
-0.000682
-0.000681
-0.000681
-0.000680
-0.000679
-0.000679
-0.000678
-0.000678
-0.000678
-0.000678
-0.000677
-0.000677
-0.000677
-0.000677
-0.000677
-0.000676
-0.000676
-0.000676
-0.000676
-0.000676
-0.000676
-0.000677
-0.000677
-0.000677
-0.000677
-0.000677
-0.000678
-0.000678
-0.000678
-0.000679
-0.000679
-0.000679
-0.000680
-0.000680
-0.000681
-0.000681
-0.000682
-0.000682
-0.000683
-0.000684
-0.000684
-0.000685
-0.000685
-0.000686
-0.000686
-0.000687
-0.000687
-0.000688
-0.000689
-0.000690
-0.000690
-0.000691
-0.000692
-0.000693
-0.000693
-0.000694
-0.000695
-0.000695
-0.000696
-0.000697
-0.000697
-0.000698
-0.000699
-0.000699
-0.000700
-0.000701
-0.000702
-0.000702
-0.000703
-0.000703
-0.000704
-0.000704
-0.000705
-0.000706
-0.000706
-0.000707
-0.000707
-0.000708
-0.000708
-0.000709
-0.000709
-0.000710
-0.000710
-0.000710
-0.000710
-0.000710
-0.000710
-0.000711
-0.000711
-0.000711
-0.000711
-0.000711
-0.000711
-0.000712
-0.000711
-0.000711
-0.000711
-0.000711
-0.000711
-0.000710
-0.000710
-0.000710
-0.000710
-0.000709
-0.000709
-0.000708
-0.000708
-0.000707
-0.000707
-0.000706
-0.000705
-0.000704
-0.000703
-0.000703
-0.000702
-0.000701
-0.000699
-0.000698
-0.000697
-0.000696
-0.000695
-0.000694
-0.000692
-0.000690
-0.000689
-0.000687
-0.000686
-0.000684
-0.000682
-0.000681
-0.000678
-0.000677
-0.000675
-0.000673
-0.000671
-0.000668
-0.000666
-0.000664
-0.000661
-0.000659
-0.000656
-0.000654
-0.000651
-0.000648
-0.000645
-0.000643
-0.000640
-0.000637
-0.000633
-0.000630
-0.000627
-0.000623
-0.000620
-0.000617
-0.000613
-0.000609
-0.000605
-0.000602
-0.000598
-0.000594
-0.000590
-0.000586
-0.000581
-0.000577
-0.000572
-0.000568
-0.000563
-0.000558
-0.000554
-0.000549
-0.000544
-0.000539
-0.000534
-0.000529
-0.000523
-0.000518
-0.000512
-0.000507
-0.000501
-0.000495
-0.000489
-0.000483
-0.000477
-0.000471
-0.000465
-0.000458
-0.000452
-0.000445
-0.000439
-0.000432
-0.000425
-0.000418
-0.000411
-0.000403
-0.000396
-0.000389
-0.000381
-0.000373
-0.000366
-0.000358
-0.000350
-0.000342
-0.000333
-0.000325
-0.000316
-0.000308
-0.000299
-0.000290
-0.000281
-0.000272
-0.000263
-0.000254
-0.000244
-0.000235
-0.000225
-0.000215
-0.000205
-0.000195
-0.000185
-0.000174
-0.000164
-0.000154
-0.000143
-0.000132
-0.000121
-0.000110
-0.000099
-0.000087
-0.000076
-0.000064
-0.000052
-0.000040
-0.000028
-0.000016
-0.000003
0.000009
0.000022
0.000035
0.000048
0.000061
0.000074
0.000088
0.000101
0.000115
0.000129
0.000143
0.000157
0.000172
0.000186
0.000200
0.000215
0.000230
0.000245
0.000260
0.000276
0.000291
0.000307
0.000323
0.000339
0.000355
0.000371
0.000387
0.000404
0.000421
0.000437
0.000454
0.000471
0.000488
0.000506
0.000523
0.000541
0.000558
0.000576
0.000594
0.000612
0.000630
0.000648
0.000666
0.000684
0.000702
0.000721
0.000739
0.000757
0.000776
0.000794
0.000812
0.000830
0.000849
0.000867
0.000884
0.000902
0.000920
0.000937
0.000954
0.000972
0.000988
0.001005
0.001021
0.001037
0.001052
0.001067
0.001081
0.001095
0.001108
0.001120
0.001132
0.001143
0.001153
0.001162
0.001170
0.001177
0.001183
0.001188
0.001191
0.001192
0.001192
0.001190
0.001186
0.001181
0.001173
0.001162
0.001150
0.001134
0.001116
0.001094
0.001070
0.001042
0.001010
0.000974
0.000933
0.000889
0.000839
0.000784
0.000724
0.000657
0.000585
0.000505
0.000419
0.000325
0.000222
0.000112
-0.000008
-0.000138
-0.000278
-0.000428
-0.000591
-0.000766
-0.000953
-0.001155
-0.001371
-0.001603
-0.001851
-0.002116
-0.002400
-0.002703
-0.003025
-0.003368
-0.003734
-0.004121
-0.004530
-0.004962
-0.005414
-0.005885
-0.006369
-0.006861
-0.007346
-0.007808
-0.008218
-0.008533
-0.008693
-0.008559
-0.008550
