1.747000 5.290000 -30.052007 -8.279026 0.000000 0.000000 -0.000000
1.669857 5.216639 -29.599242 -8.073281 0.026693 -0.039225 -0.042284
1.551263 5.120856 -29.146941 -7.782880 0.062145 -0.074276 -0.058734
1.421818 5.015706 -28.696034 -7.455787 0.100272 -0.099830 -0.065358
1.296831 4.906252 -28.246535 -7.111974 0.139963 -0.118912 -0.067924
1.183679 4.794741 -27.798414 -6.760286 0.180518 -0.134152 -0.068410
1.085123 4.682297 -27.351658 -6.404718 0.221661 -0.146449 -0.067964
1.001759 4.569538 -26.906246 -6.047320 0.263240 -0.156419 -0.067096
0.933134 4.456834 -26.462151 -5.689240 0.305180 -0.164530 -0.066037
0.878299 4.344433 -26.019345 -5.331164 0.347444 -0.171128 -0.064900
0.836105 4.232509 -25.577802 -4.973522 0.390020 -0.176468 -0.063748
0.805360 4.121194 -25.137495 -4.616599 0.432911 -0.180748 -0.062623
0.784916 4.010599 -24.698399 -4.260603 0.476127 -0.184118 -0.061560
0.773716 3.900821 -24.260490 -3.905727 0.519683 -0.186699 -0.060612
0.770840 3.791966 -23.823743 -3.552227 0.563590 -0.188592 -0.059869
0.775626 3.684205 -23.388100 -3.200817 0.607500 -0.189825 -0.058973
0.787314 3.577634 -22.953537 -2.851728 0.651431 -0.190424 -0.058030
0.805119 3.472285 -22.520034 -2.505002 0.695420 -0.190282 -0.057131
0.828462 3.368169 -22.087567 -2.160560 0.739469 -0.189711 -0.056200
0.856779 3.265312 -21.656111 -1.818327 0.783597 -0.188796 -0.055231
0.889536 3.163735 -21.225647 -1.478217 0.827825 -0.187606 -0.054226
0.926249 3.063459 -20.796152 -1.140153 0.872177 -0.186196 -0.053195
0.966503 2.964507 -20.367606 -0.804088 0.916674 -0.184617 -0.052164
1.009888 2.866902 -19.939998 -0.469989 0.961238 -0.182945 -0.051156
1.055959 2.770607 -19.522264 -0.137573 1.006082 -0.181161 -0.050109
1.104467 2.675567 -19.116396 0.193201 1.051179 -0.179290 -0.049058
1.155209 2.581737 -18.722174 0.522324 1.096527 -0.177354 -0.048061
1.208041 2.489084 -18.339357 0.849709 1.142149 -0.175364 -0.047211
1.263007 2.397632 -17.967198 1.174813 1.187688 -0.173301 -0.046137
1.319996 2.307345 -17.605465 1.497570 1.233167 -0.171170 -0.044923
1.378860 2.218175 -17.253930 1.818028 1.278612 -0.168981 -0.043614
1.439440 2.130067 -16.912366 2.136284 1.324050 -0.166742 -0.042232
1.501580 2.042967 -16.580552 2.452458 1.369506 -0.164460 -0.040794
1.565131 1.956821 -16.258274 2.766678 1.415009 -0.162145 -0.039313
1.629949 1.871581 -15.945324 3.079077 1.460586 -0.159803 -0.037798
1.695898 1.787197 -15.641500 3.389788 1.506265 -0.157440 -0.036262
1.762852 1.703625 -15.346606 3.698940 1.552072 -0.155063 -0.034716
1.830688 1.620824 -15.060456 4.006661 1.598037 -0.152677 -0.033173
1.899297 1.538756 -14.782865 4.313065 1.644186 -0.150289 -0.031651
1.968584 1.457388 -14.513660 4.618247 1.690546 -0.147902 -0.030174
2.038479 1.376692 -14.252676 4.922247 1.737142 -0.145522 -0.028788
2.108974 1.296657 -13.999754 5.224999 1.784001 -0.143145 -0.027578
2.180226 1.217327 -13.754229 5.525971 1.830762 -0.140760 -0.026172
2.252232 1.138689 -13.515951 5.825095 1.877452 -0.138363 -0.024655
2.324936 1.060722 -13.284774 6.122413 1.924095 -0.135956 -0.023071
2.398263 0.983397 -13.060555 6.418016 1.970720 -0.133544 -0.021445
2.472130 0.906690 -12.843152 6.712015 2.017354 -0.131130 -0.019794
2.546451 0.830572 -12.632428 7.004532 2.064026 -0.128719 -0.018131
2.621141 0.755021 -12.428250 7.295689 2.110763 -0.126313 -0.016468
2.696118 0.680012 -12.230491 7.585611 2.157594 -0.123917 -0.014818
2.771302 0.605523 -12.039026 7.874416 2.204547 -0.121534 -0.013193
2.846621 0.531536 -11.853737 8.162213 2.251650 -0.119167 -0.011610
2.922013 0.458033 -11.674512 8.449087 2.298931 -0.116820 -0.010096
2.997444 0.385003 -11.501244 8.735075 2.346417 -0.114494 -0.008694
3.072932 0.312443 -11.333828 9.020103 2.394135 -0.112180 -0.007488
3.148659 0.240410 -11.171655 9.303644 2.441722 -0.109881 -0.006104
3.224645 0.168903 -11.014628 9.585626 2.489206 -0.107588 -0.004627
3.300859 0.097911 -10.862653 9.866084 2.536614 -0.105301 -0.003098
3.377250 0.027421 -10.715640 10.145102 2.583973 -0.103024 -0.001543
3.453756 -0.042583 -10.573499 10.422787 2.631313 -0.100759 0.000021
3.530311 -0.112114 -10.436144 10.699252 2.678660 -0.098510 0.001582
3.606850 -0.181187 -10.303491 10.974617 2.726045 -0.096279 0.003129
3.683310 -0.249815 -10.175459 11.248999 2.773497 -0.094068 0.004650
3.759629 -0.318011 -10.051972 11.522511 2.821043 -0.091881 0.006133
3.835753 -0.385787 -9.932956 11.795256 2.868713 -0.089721 0.007560
3.911637 -0.453151 -9.818342 12.067314 2.916535 -0.087589 0.008906
3.987264 -0.520112 -9.708066 12.338714 2.964536 -0.085485 0.010129
4.062667 -0.586669 -9.602057 12.609377 3.012745 -0.083394 0.011145
4.138037 -0.652757 -9.499755 12.878787 3.060797 -0.081334 0.012329
4.213407 -0.718374 -9.401094 13.146864 3.108720 -0.079291 0.013601
4.288762 -0.783527 -9.306020 13.413640 3.156542 -0.077265 0.014918
4.364063 -0.848226 -9.214480 13.679192 3.204291 -0.075257 0.016254
4.439261 -0.912480 -9.126421 13.943622 3.251997 -0.073270 0.017595
4.514306 -0.976300 -9.041792 14.207040 3.299687 -0.071306 0.018927
4.589142 -1.039697 -8.960544 14.469561 3.347391 -0.069367 0.020240
4.663718 -1.102681 -8.882631 14.731300 3.395138 -0.067456 0.021524
4.737982 -1.165263 -8.808008 14.992372 3.442958 -0.065574 0.022769
4.811885 -1.227453 -8.736633 15.252885 3.490879 -0.063724 0.023962
4.885384 -1.289260 -8.668468 15.512936 3.538931 -0.061907 0.025087
4.958449 -1.350694 -8.603476 15.772599 3.587142 -0.060124 0.026118
5.031072 -1.411760 -8.541625 16.031898 3.635540 -0.058374 0.027012
5.103298 -1.472459 -8.482865 16.290750 3.684156 -0.056635 0.027690
5.175319 -1.532722 -8.426681 16.548649 3.732621 -0.054942 0.028526
5.247177 -1.592546 -8.373030 16.805514 3.780965 -0.053274 0.029442
5.318869 -1.651938 -8.321885 17.061369 3.829216 -0.051631 0.030395
5.390364 -1.710908 -8.273221 17.316288 3.877404 -0.050012 0.031360
5.461623 -1.769466 -8.227013 17.570367 3.925556 -0.048421 0.032321
5.532603 -1.827621 -8.183239 17.823710 3.973704 -0.046857 0.033266
5.603261 -1.885383 -8.141875 18.076429 4.021875 -0.045324 0.034185
5.673551 -1.942765 -8.102901 18.328632 4.070100 -0.043822 0.035065
5.743432 -1.999776 -8.066299 18.580423 4.118408 -0.042353 0.035894
5.812870 -2.056427 -8.032051 18.831895 4.166828 -0.040918 0.036656
5.881839 -2.112728 -8.000143 19.083117 4.215389 -0.039517 0.037326
5.950341 -2.168688 -7.970561 19.334108 4.264120 -0.038146 0.037859
6.018425 -2.224306 -7.943268 19.584781 4.313054 -0.036779 0.038178
6.086280 -2.279510 -7.917784 19.834645 4.361817 -0.035466 0.038659
6.153953 -2.334300 -7.894078 20.083616 4.410441 -0.034182 0.039224
6.221446 -2.388684 -7.872141 20.331714 4.458956 -0.032923 0.039832
6.288736 -2.442671 -7.851966 20.579007 4.507390 -0.031691 0.040457
6.355788 -2.496273 -7.833545 20.825587 4.555773 -0.030486 0.041084
6.422565 -2.549500 -7.816874 21.071557 4.604134 -0.029309 0.041698
6.489027 -2.602366 -7.801948 21.317023 4.652503 -0.028161 0.042290
6.555135 -2.654880 -7.788762 21.562090 4.700910 -0.027043 0.042848
6.620853 -2.707057 -7.777314 21.806860 4.749384 -0.025957 0.043360
6.686150 -2.758908 -7.767603 22.051419 4.797954 -0.024903 0.043809
6.751006 -2.810444 -7.759629 22.295834 4.846650 -0.023880 0.044168
6.815428 -2.861676 -7.753390 22.540117 4.895502 -0.022882 0.044395
6.879469 -2.912603 -7.748855 22.784179 4.944542 -0.021879 0.044413
6.943310 -2.963151 -7.745577 23.027546 4.993395 -0.020934 0.044599
7.007003 -3.013320 -7.743532 23.270131 5.042094 -0.020020 0.044878
7.070553 -3.063118 -7.742719 23.511949 5.090668 -0.019131 0.045207
7.133940 -3.112556 -7.743146 23.753065 5.139146 -0.018267 0.045561
7.197134 -3.161648 -7.744819 23.993568 5.187558 -0.017428 0.045924
7.260101 -3.210405 -7.747743 24.233555 5.235933 -0.016614 0.046283
7.322804 -3.258841 -7.751927 24.473133 5.284302 -0.015828 0.046627
7.385206 -3.306969 -7.757377 24.712406 5.332693 -0.015069 0.046947
7.447270 -3.354803 -7.764103 24.951479 5.381138 -0.014338 0.047232
7.508962 -3.402357 -7.772115 25.190448 5.429665 -0.013637 0.047468
7.570257 -3.449644 -7.781422 25.429399 5.478303 -0.012963 0.047639
7.631138 -3.496678 -7.792036 25.668391 5.527084 -0.012317 0.047718
7.691614 -3.543469 -7.803962 25.907432 5.576035 -0.011689 0.047662
7.751740 -3.590018 -7.817170 26.146433 5.625194 -0.011045 0.047398
7.811688 -3.636246 -7.831250 26.384935 5.674178 -0.010465 0.047301
7.871512 -3.682153 -7.846176 26.622852 5.723024 -0.009917 0.047299
7.931218 -3.727747 -7.861957 26.860194 5.771760 -0.009393 0.047349
7.990789 -3.773043 -7.878608 27.097020 5.820417 -0.008892 0.047426
8.050199 -3.818052 -7.896146 27.333416 5.869023 -0.008413 0.047512
8.109415 -3.862789 -7.914586 27.569475 5.917610 -0.007958 0.047594
8.168401 -3.907268 -7.933946 27.805297 5.966206 -0.007526 0.047660
8.227125 -3.951504 -7.954241 28.040982 6.014842 -0.007118 0.047699
8.285554 -3.995512 -7.975491 28.276624 6.063547 -0.006734 0.047698
8.343664 -4.039307 -7.997713 28.512302 6.112351 -0.006373 0.047637
8.401440 -4.082901 -8.020924 28.748071 6.161284 -0.006033 0.047490
8.458892 -4.126307 -8.045133 28.983937 6.210377 -0.005703 0.047215
8.516076 -4.169521 -8.070311 29.219808 6.259665 -0.005345 0.046740
8.573152 -4.212464 -8.096076 29.455244 6.308765 -0.005054 0.046440
8.630175 -4.255134 -8.122403 29.690158 6.357713 -0.004794 0.046244
8.687151 -4.297538 -8.149304 29.924556 6.406539 -0.004557 0.046110
8.744066 -4.339691 -8.176800 30.158495 6.455274 -0.004339 0.046012
8.800893 -4.381606 -8.204912 30.392053 6.503946 -0.004140 0.045932
8.857601 -4.423299 -8.233664 30.625324 6.552585 -0.003960 0.045856
8.914157 -4.464783 -8.263078 30.858404 6.601222 -0.003799 0.045773
8.970527 -4.506075 -8.293178 31.091388 6.649886 -0.003658 0.045670
9.026681 -4.547189 -8.323986 31.324367 6.698608 -0.003536 0.045533
9.082595 -4.588142 -8.355526 31.557418 6.747417 -0.003432 0.045342
9.138257 -4.628946 -8.387818 31.790592 6.796344 -0.003342 0.045073
9.193677 -4.669613 -8.420874 32.023888 6.845418 -0.003253 0.044680
9.248909 -4.710136 -8.454660 32.257216 6.894677 -0.003126 0.044096
9.304105 -4.750436 -8.488825 32.490155 6.943736 -0.003068 0.043694
9.359317 -4.790507 -8.523343 32.722616 6.992629 -0.003041 0.043406
9.414553 -4.830357 -8.558226 32.954604 7.041388 -0.003035 0.043190
9.469798 -4.869998 -8.593498 33.186169 7.090043 -0.003045 0.043019
9.525029 -4.909446 -8.629184 33.417388 7.138624 -0.003072 0.042876
9.580213 -4.948716 -8.665313 33.648353 7.187159 -0.003114 0.042747
9.635318 -4.987823 -8.701910 33.879159 7.235681 -0.003171 0.042619
9.690308 -5.026783 -8.739004 34.109902 7.284217 -0.003245 0.042482
9.745151 -5.065613 -8.776622 34.340679 7.332799 -0.003334 0.042323
9.799817 -5.104329 -8.814791 34.571576 7.381456 -0.003439 0.042129
9.854283 -5.142945 -8.853538 34.802666 7.430218 -0.003556 0.041879
9.908538 -5.181477 -8.892886 35.033996 7.479116 -0.003681 0.041547
9.962594 -5.219932 -8.932844 35.265564 7.528181 -0.003799 0.041091
10.016501 -5.258304 -8.973377 35.497278 7.577448 -0.003870 0.040443
10.070401 -5.296510 -9.014165 35.728738 7.626532 -0.004012 0.039977
10.124343 -5.334543 -9.055177 35.959856 7.675467 -0.004187 0.039625
10.178336 -5.372409 -9.096426 36.190630 7.724286 -0.004382 0.039347
10.232367 -5.410121 -9.137938 36.421110 7.773018 -0.004592 0.039116
10.286412 -5.447694 -9.179742 36.651367 7.821694 -0.004816 0.038912
10.340440 -5.485144 -9.221867 36.881486 7.870342 -0.005052 0.038720
10.394420 -5.522487 -9.264345 37.111558 7.918995 -0.005302 0.038527
10.448319 -5.559739 -9.307205 37.341673 7.967680 -0.005563 0.038320
10.502108 -5.596916 -9.350479 37.571913 8.016429 -0.005834 0.038083
10.555766 -5.634034 -9.394194 37.802347 8.065271 -0.006114 0.037797
10.609282 -5.671107 -9.438375 38.033017 8.114237 -0.006395 0.037433
10.662667 -5.708142 -9.483028 38.263919 8.163359 -0.006662 0.036949
10.715969 -5.745126 -9.528118 38.494962 8.212673 -0.006872 0.036282
10.769320 -5.781980 -9.573349 38.725763 8.261791 -0.007156 0.035801
10.822765 -5.818691 -9.618691 38.956236 8.310748 -0.007475 0.035443
10.876314 -5.855266 -9.664153 39.186377 8.359576 -0.007813 0.035166
10.929953 -5.891716 -9.709763 39.416231 8.408306 -0.008166 0.034943
10.983660 -5.928056 -9.755550 39.645866 8.456967 -0.008530 0.034755
11.037404 -5.964302 -9.801547 39.875364 8.505589 -0.008904 0.034586
11.091154 -6.000471 -9.847787 40.104812 8.554204 -0.009288 0.034421
11.144879 -6.036579 -9.894301 40.334296 8.602840 -0.009682 0.034248
11.198550 -6.072643 -9.941122 40.563897 8.651527 -0.010082 0.034049
11.252145 -6.108677 -9.988278 40.793679 8.700296 -0.010486 0.033804
11.305655 -6.144695 -10.035793 41.023680 8.749178 -0.010886 0.033485
11.359090 -6.180701 -10.083673 41.253893 8.798205 -0.011264 0.033051
11.412497 -6.216683 -10.131880 41.484231 8.847412 -0.011579 0.032440
11.465997 -6.252558 -10.180143 41.714326 8.896410 -0.011970 0.032019
11.519633 -6.288313 -10.228429 41.944095 8.945235 -0.012399 0.031728
11.573414 -6.323952 -10.276747 42.173532 8.993918 -0.012848 0.031526
11.627327 -6.359486 -10.325122 42.402678 9.042490 -0.013311 0.031386
11.681350 -6.394930 -10.373586 42.631600 9.090981 -0.013784 0.031287
11.735452 -6.430301 -10.422172 42.860377 9.139421 -0.014268 0.031214
11.789602 -6.465615 -10.470913 43.089098 9.187841 -0.014759 0.031154
11.843765 -6.500889 -10.519844 43.317850 9.236269 -0.015259 0.031093
11.897911 -6.536141 -10.568999 43.546719 9.284736 -0.015765 0.031018
11.952012 -6.571388 -10.618409 43.775783 9.333272 -0.016275 0.030912
12.006046 -6.606644 -10.668105 44.005103 9.381908 -0.016786 0.030755
12.060005 -6.641923 -10.718107 44.234717 9.430673 -0.017287 0.030519
12.113898 -6.677227 -10.768419 44.464612 9.479601 -0.017760 0.030163
12.167769 -6.712540 -10.819001 44.694705 9.528726 -0.018164 0.029628
12.221729 -6.747782 -10.869609 44.924646 9.577659 -0.018647 0.029278
12.275819 -6.782937 -10.920207 45.154354 9.626435 -0.019171 0.029056
12.330046 -6.818008 -10.970802 45.383821 9.675086 -0.019718 0.028920
12.384399 -6.853006 -11.021418 45.613083 9.723642 -0.020279 0.028843
12.438857 -6.887945 -11.072087 45.842201 9.772133 -0.020852 0.028805
12.493391 -6.922841 -11.122841 46.071251 9.820591 -0.021433 0.028787
12.547971 -6.957713 -11.173716 46.300311 9.869044 -0.022020 0.028776
12.602567 -6.992577 -11.224744 46.529463 9.917522 -0.022612 0.028754
12.657152 -7.027450 -11.275959 46.758777 9.966057 -0.023207 0.028706
12.711706 -7.062347 -11.327389 46.988312 10.014677 -0.023798 0.028609
12.766220 -7.097279 -11.379054 47.218098 10.063415 -0.024375 0.028435
12.820704 -7.132247 -11.430955 47.448125 10.112303 -0.024918 0.028143
12.875198 -7.167234 -11.483054 47.678309 10.161374 -0.025388 0.027677
12.929803 -7.202160 -11.535124 47.908317 10.210240 -0.025940 0.027399
12.984558 -7.237009 -11.587132 48.138070 10.258935 -0.026536 0.027252
13.039469 -7.271780 -11.639082 48.367559 10.307490 -0.027157 0.027197
13.094526 -7.306483 -11.690996 48.596816 10.355937 -0.027794 0.027205
13.149708 -7.341134 -11.742905 48.825898 10.404305 -0.028443 0.027255
13.204986 -7.375749 -11.794841 49.054878 10.452626 -0.029100 0.027329
13.260331 -7.410345 -11.846840 49.283832 10.500928 -0.029763 0.027412
13.315715 -7.444940 -11.898934 49.512835 10.549243 -0.030429 0.027488
13.371110 -7.479551 -11.951157 49.741957 10.597599 -0.031096 0.027538
13.426498 -7.514192 -12.003535 49.971251 10.646027 -0.031756 0.027540
13.481870 -7.548873 -12.056086 50.200745 10.694559 -0.032399 0.027466
13.537235 -7.583595 -12.108810 50.430428 10.743227 -0.033003 0.027276
13.592631 -7.618337 -12.161666 50.660216 10.792064 -0.033531 0.026917
13.648150 -7.653022 -12.214451 50.889795 10.840681 -0.034143 0.026746
13.703828 -7.687632 -12.267128 51.119087 10.889111 -0.034804 0.026709
13.759670 -7.722165 -12.319700 51.348081 10.937386 -0.035493 0.026769
13.815667 -7.756631 -12.372187 51.576809 10.985537 -0.036200 0.026896
13.871796 -7.791046 -12.424620 51.805326 11.033595 -0.036921 0.027070
13.928030 -7.825424 -12.477030 52.033702 11.081589 -0.037652 0.027273
13.984339 -7.859786 -12.529451 52.262015 11.129548 -0.038390 0.027490
14.040692 -7.894148 -12.581919 52.490344 11.177504 -0.039133 0.027707
14.097060 -7.928531 -12.634467 52.718763 11.225485 -0.039878 0.027907
14.153415 -7.962951 -12.687125 52.947342 11.273522 -0.040621 0.028072
14.209741 -7.997423 -12.739920 53.176131 11.321645 -0.041355 0.028182
14.266027 -8.031956 -12.792866 53.405157 11.369885 -0.042068 0.028207
14.322282 -8.066549 -12.845962 53.634404 11.418274 -0.042738 0.028109
14.378541 -8.101181 -12.899168 53.863796 11.466846 -0.043328 0.027836
14.434888 -8.135778 -12.952297 54.093032 11.515209 -0.044007 0.027743
14.491356 -8.170318 -13.005314 54.322035 11.563398 -0.044737 0.027778
14.547950 -8.204801 -13.058220 54.550795 11.611444 -0.045500 0.027904
14.604660 -8.239236 -13.111032 54.779336 11.659378 -0.046285 0.028091
14.661467 -8.273637 -13.163779 55.007709 11.707230 -0.047083 0.028317
14.718344 -8.308020 -13.216491 55.235979 11.755031 -0.047891 0.028564
14.775265 -8.342404 -13.269199 55.464213 11.802809 -0.048706 0.028815
14.832202 -8.376807 -13.321937 55.692480 11.850595 -0.049523 0.029051
14.889131 -8.411247 -13.374734 55.920840 11.898418 -0.050337 0.029255
14.946033 -8.445736 -13.427612 56.149341 11.946309 -0.051140 0.029403
15.002900 -8.480284 -13.480587 56.378005 11.994300 -0.051918 0.029466
15.059741 -8.514887 -13.533653 56.606816 12.042421 -0.052652 0.029407
15.116586 -8.549525 -13.586773 56.835697 12.090705 -0.053303 0.029176
15.173512 -8.584125 -13.639774 57.064361 12.138763 -0.054045 0.029123
15.230548 -8.618666 -13.692623 57.292735 12.186626 -0.054845 0.029200
15.287699 -8.653145 -13.745317 57.520805 12.234326 -0.055680 0.029368
15.344956 -8.687570 -13.797874 57.748594 12.281895 -0.056540 0.029600
15.402299 -8.721956 -13.850318 57.976149 12.329362 -0.057416 0.029872
15.459702 -8.756319 -13.902679 58.203529 12.376756 -0.058304 0.030165
15.517140 -8.790678 -13.954987 58.430800 12.424108 -0.059198 0.030462
15.574586 -8.825051 -14.007272 58.658025 12.471447 -0.060096 0.030745
15.632016 -8.859454 -14.059563 58.885263 12.518803 -0.060989 0.030994
15.689412 -8.893902 -14.111881 59.112554 12.566206 -0.061870 0.031186
15.746766 -8.928402 -14.164236 59.339920 12.613686 -0.062725 0.031292
15.804085 -8.962950 -14.216625 59.567344 12.661276 -0.063532 0.031276
15.861398 -8.997525 -14.269008 59.794751 12.709006 -0.064256 0.031089
15.918773 -9.032056 -14.321229 60.021866 12.756488 -0.065075 0.031079
15.976237 -9.066522 -14.373252 60.248619 12.803751 -0.065956 0.031200
16.033794 -9.100920 -14.425075 60.474996 12.850829 -0.066878 0.031413
16.091434 -9.135257 -14.476713 60.701018 12.897750 -0.067828 0.031692
16.149136 -9.169548 -14.528188 60.926731 12.944545 -0.068799 0.032014
16.206876 -9.203809 -14.579529 61.152193 12.991244 -0.069785 0.032361
16.264626 -9.238061 -14.630765 61.377470 13.037874 -0.070781 0.032714
16.322356 -9.272324 -14.681926 61.602630 13.084467 -0.071784 0.033059
16.380039 -9.306615 -14.733042 61.827738 13.131050 -0.072789 0.033378
16.437652 -9.340954 -14.784138 62.052848 13.177653 -0.073788 0.033651
16.495177 -9.375353 -14.835233 62.278003 13.224306 -0.074774 0.033856
16.552605 -9.409820 -14.886337 62.503220 13.271039 -0.075731 0.033966
16.609941 -9.444351 -14.937442 62.728481 13.317883 -0.076638 0.033942
16.667211 -9.478923 -14.988512 62.953715 13.364870 -0.077461 0.033741
16.724478 -9.513471 -15.039399 63.178658 13.411608 -0.078383 0.033706
16.781764 -9.547971 -15.090072 63.403240 13.458128 -0.079371 0.033791
16.839074 -9.582420 -15.140524 63.627445 13.504462 -0.080404 0.033960
16.896398 -9.616826 -15.190768 63.851290 13.550639 -0.081470 0.034186
16.953716 -9.651202 -15.240822 64.074813 13.596688 -0.082558 0.034444
17.011007 -9.685564 -15.290712 64.298064 13.642639 -0.083663 0.034714
17.068243 -9.719932 -15.340463 64.521100 13.688521 -0.084777 0.034979
17.125401 -9.754324 -15.390101 64.743976 13.734362 -0.085896 0.035218
17.182457 -9.788756 -15.439648 64.966741 13.780191 -0.087011 0.035413
17.239395 -9.823242 -15.489120 65.189429 13.826038 -0.088112 0.035538
17.296206 -9.857788 -15.538524 65.412053 13.871932 -0.089185 0.035566
17.352894 -9.892389 -15.587852 65.634593 13.917904 -0.090207 0.035461
17.409482 -9.927023 -15.637067 65.856978 13.963985 -0.091145 0.035178
17.466025 -9.961625 -15.686032 66.078953 14.009782 -0.092188 0.035059
17.522545 -9.996174 -15.734715 66.300450 14.055326 -0.093302 0.035059
17.579044 -10.030665 -15.783108 66.521450 14.100648 -0.094467 0.035142
17.635511 -10.065105 -15.831221 66.741966 14.145776 -0.095670 0.035280
17.691928 -10.099508 -15.879069 66.962032 14.190739 -0.096900 0.035450
17.748272 -10.133889 -15.926675 67.181694 14.235567 -0.098149 0.035631
17.804517 -10.168267 -15.974062 67.401003 14.280286 -0.099412 0.035805
17.860639 -10.202660 -16.021251 67.620010 14.324925 -0.100682 0.035952
17.916615 -10.237085 -16.068262 67.838758 14.369514 -0.101950 0.036051
17.972429 -10.271555 -16.115108 68.057278 14.414079 -0.103205 0.036079
18.028071 -10.306075 -16.161795 68.275580 14.458650 -0.104433 0.036007
18.083543 -10.340640 -16.208309 68.493641 14.503257 -0.105611 0.035801
18.138866 -10.375229 -16.254618 68.711392 14.547929 -0.106708 0.035417
18.194090 -10.409778 -16.300589 68.928586 14.592274 -0.107915 0.035194
18.249232 -10.444267 -16.346192 69.145156 14.636320 -0.109202 0.035089
18.304292 -10.478691 -16.391417 69.361082 14.680098 -0.110547 0.035068
18.359260 -10.513057 -16.436270 69.576375 14.723635 -0.111937 0.035102
18.414115 -10.547377 -16.480764 69.791068 14.766959 -0.113361 0.035170
18.468834 -10.581670 -16.524919 70.005204 14.810098 -0.114813 0.035251
18.523389 -10.615954 -16.568756 70.218836 14.853079 -0.116286 0.035327
18.577754 -10.650251 -16.612296 70.432016 14.895929 -0.117773 0.035381
18.631901 -10.684578 -16.655559 70.644795 14.938676 -0.119269 0.035394
18.685808 -10.718955 -16.698562 70.857214 14.981345 -0.120766 0.035347
18.739456 -10.753392 -16.741314 71.069301 15.023965 -0.122251 0.035217
18.792835 -10.787896 -16.783816 71.281063 15.066563 -0.123711 0.034975
18.845947 -10.822463 -16.826054 71.492475 15.109168 -0.125123 0.034588
18.898808 -10.857070 -16.867993 71.703468 15.151807 -0.126457 0.034015
18.951462 -10.891657 -16.909509 71.913802 15.194087 -0.127908 0.033590
19.003925 -10.926204 -16.950567 72.123408 15.236037 -0.129447 0.033272
19.056197 -10.960705 -16.991156 72.332261 15.277682 -0.131051 0.033026
19.108265 -10.995166 -17.031276 72.540366 15.319052 -0.132708 0.032826
19.160113 -11.029599 -17.070937 72.747746 15.360171 -0.134405 0.032647
19.211716 -11.064022 -17.110150 72.954436 15.401067 -0.136134 0.032469
19.263050 -11.098450 -17.148931 73.160474 15.441766 -0.137888 0.032272
19.314091 -11.132903 -17.187293 73.365900 15.482292 -0.139659 0.032036
19.364818 -11.167397 -17.225248 73.570745 15.522672 -0.141437 0.031739
19.415211 -11.201941 -17.262801 73.775028 15.562933 -0.143211 0.031359
19.465262 -11.236543 -17.299948 73.978750 15.603099 -0.144966 0.030868
19.514970 -11.271195 -17.336671 74.181882 15.643199 -0.146679 0.030232
19.564349 -11.305877 -17.372934 74.384351 15.683257 -0.148322 0.029409
19.613439 -11.340530 -17.408616 74.585920 15.722880 -0.150092 0.028733
19.662253 -11.375133 -17.443681 74.786519 15.762093 -0.151961 0.028163
19.710789 -11.409680 -17.478112 74.986119 15.800922 -0.153908 0.027666
19.759036 -11.444178 -17.511905 75.184718 15.839392 -0.155919 0.027214
19.806975 -11.478636 -17.545065 75.382334 15.877529 -0.157981 0.026783
19.854583 -11.513072 -17.577598 75.578994 15.915357 -0.160087 0.026353
19.901836 -11.547501 -17.609514 75.774731 15.952899 -0.162228 0.025904
19.948709 -11.581942 -17.640820 75.969576 15.990180 -0.164396 0.025416
19.995180 -11.616408 -17.671523 76.163556 16.027223 -0.166582 0.024869
20.041231 -11.650910 -17.701620 76.356685 16.064052 -0.168773 0.024238
20.086850 -11.685454 -17.731104 76.548957 16.100692 -0.170956 0.023498
20.132036 -11.720031 -17.759952 76.740340 16.137167 -0.173107 0.022615
20.176800 -11.754619 -17.788123 76.930759 16.173501 -0.175200 0.021550
20.221177 -11.789163 -17.815499 77.119981 16.209296 -0.177435 0.020634
20.265180 -11.823639 -17.842044 77.307930 16.244576 -0.179786 0.019826
20.308806 -11.858043 -17.867736 77.494573 16.279364 -0.182234 0.019095
20.352041 -11.892379 -17.892567 77.679904 16.313684 -0.184762 0.018413
20.394867 -11.926657 -17.916536 77.863936 16.347557 -0.187362 0.017758
20.437258 -11.960893 -17.939645 78.046693 16.381005 -0.190025 0.017110
20.479188 -11.995104 -17.961900 78.228206 16.414049 -0.192745 0.016452
20.520628 -12.029308 -17.983305 78.408507 16.446710 -0.195513 0.015764
20.561552 -12.063521 -18.003864 78.587624 16.479010 -0.198325 0.015029
20.601936 -12.097758 -18.023576 78.765577 16.510968 -0.201170 0.014227
20.641762 -12.132028 -18.042436 78.942375 16.542606 -0.204038 0.013335
20.681017 -12.166335 -18.060427 79.118006 16.573944 -0.206915 0.012328
20.719698 -12.200669 -18.077524 79.292430 16.605003 -0.209781 0.011172
20.757816 -12.235009 -18.093681 79.465569 16.635803 -0.212609 0.009831
20.795403 -12.269296 -18.108778 79.637188 16.665945 -0.215604 0.008633
20.832467 -12.303508 -18.122770 79.807207 16.695448 -0.218739 0.007539
20.869008 -12.337636 -18.135630 79.975585 16.724331 -0.221996 0.006519
20.905012 -12.371682 -18.147340 80.142307 16.752615 -0.225361 0.005546
20.940463 -12.405652 -18.157888 80.307371 16.780317 -0.228822 0.004597
20.975340 -12.439558 -18.167269 80.470788 16.807455 -0.232372 0.003651
21.009621 -12.473412 -18.175475 80.632573 16.834046 -0.236003 0.002691
21.043284 -12.507225 -18.182501 80.792738 16.860108 -0.239708 0.001695
21.076310 -12.541009 -18.188336 80.951292 16.885657 -0.243477 0.000644
21.108684 -12.574767 -18.192965 81.108228 16.910711 -0.247302 -0.000485
21.140396 -12.608499 -18.196364 81.263526 16.935285 -0.251166 -0.001717
21.171447 -12.642193 -18.198498 81.417135 16.959397 -0.255052 -0.003084
21.201850 -12.675822 -18.199316 81.568971 16.983062 -0.258935 -0.004622
21.231639 -12.709327 -18.198694 81.718793 17.005876 -0.263022 -0.006004
21.260825 -12.742680 -18.196579 81.866515 17.027854 -0.267289 -0.007268
21.289411 -12.775869 -18.192934 82.012087 17.049011 -0.271718 -0.008443
21.317390 -12.808889 -18.187734 82.155482 17.069361 -0.276296 -0.009555
21.344750 -12.841743 -18.180958 82.296691 17.088918 -0.281014 -0.010626
21.371475 -12.874436 -18.172589 82.435713 17.107694 -0.285865 -0.011675
21.397549 -12.906974 -18.162612 82.572552 17.125702 -0.290842 -0.012721
21.422958 -12.939364 -18.151009 82.707212 17.142953 -0.295939 -0.013782
21.447689 -12.971608 -18.137762 82.839689 17.159458 -0.301149 -0.014876
21.471732 -13.003706 -18.122845 82.969971 17.175229 -0.306464 -0.016026
21.495087 -13.035649 -18.106225 83.098025 17.190276 -0.311871 -0.017255
21.517761 -13.067418 -18.087859 83.223796 17.204610 -0.317354 -0.018592
21.539773 -13.098981 -18.067686 83.347192 17.218241 -0.322890 -0.020071
21.561163 -13.130273 -18.045578 83.467972 17.230757 -0.328693 -0.021365
21.581950 -13.161258 -18.021475 83.586046 17.242169 -0.334740 -0.022508
21.602144 -13.191918 -17.995331 83.701361 17.252483 -0.341018 -0.023526
21.621746 -13.222241 -17.967112 83.813889 17.261707 -0.347517 -0.024440
21.640750 -13.252223 -17.936792 83.923624 17.269847 -0.354232 -0.025269
21.659148 -13.281863 -17.904347 84.030571 17.276910 -0.361162 -0.026025
21.676928 -13.311163 -17.869758 84.134747 17.282898 -0.368305 -0.026722
21.694076 -13.340126 -17.833008 84.236175 17.287817 -0.375665 -0.027367
21.710580 -13.368758 -17.794080 84.334885 17.291669 -0.383244 -0.027970
21.726423 -13.397063 -17.752959 84.430909 17.294456 -0.391046 -0.028537
21.741593 -13.425045 -17.709629 84.524282 17.296180 -0.399077 -0.029075
21.756074 -13.452707 -17.664074 84.615042 17.296842 -0.407341 -0.029590
21.769854 -13.480053 -17.616280 84.703226 17.296443 -0.415846 -0.030085
21.782920 -13.507085 -17.566231 84.788873 17.294981 -0.424598 -0.030566
21.795260 -13.533804 -17.513911 84.872022 17.292456 -0.433605 -0.031037
21.806862 -13.560210 -17.459305 84.952713 17.288865 -0.442875 -0.031502
21.817718 -13.586303 -17.402396 85.030984 17.284206 -0.452417 -0.031964
21.827817 -13.612081 -17.343171 85.106874 17.278476 -0.462240 -0.032428
21.837152 -13.637542 -17.281615 85.180423 17.271670 -0.472356 -0.032896
21.845716 -13.662684 -17.217716 85.251670 17.263784 -0.482775 -0.033372
21.853502 -13.687505 -17.151465 85.320653 17.254812 -0.493511 -0.033861
21.860506 -13.712006 -17.082857 85.387410 17.244747 -0.504578 -0.034364
21.866726 -13.736189 -17.011893 85.451983 17.233582 -0.515994 -0.034888
21.872158 -13.760062 -16.938581 85.514409 17.221307 -0.527780 -0.035436
21.876804 -13.783640 -16.862945 85.574729 17.207913 -0.539959 -0.036014
21.880668 -13.806952 -16.785024 85.632985 17.193387 -0.552564 -0.036630
21.883757 -13.830042 -16.704888 85.689217 17.177717 -0.565632 -0.037294
21.886090 -13.853020 -16.622794 85.743481 17.161358 -0.578718 -0.037946
21.887676 -13.875928 -16.538808 85.795819 17.144296 -0.591861 -0.038595
21.888518 -13.898790 -16.452973 85.846269 17.126518 -0.605095 -0.039248
21.888622 -13.921616 -16.365308 85.894868 17.108009 -0.618446 -0.039912
21.887989 -13.944407 -16.275824 85.941652 17.088755 -0.631939 -0.040590
21.886621 -13.967155 -16.184522 85.986655 17.068743 -0.645597 -0.041286
21.884523 -13.989853 -16.091402 86.029912 17.047958 -0.659443 -0.042004
21.881695 -14.012490 -15.996462 86.071454 17.026386 -0.673498 -0.042748
21.878143 -14.035058 -15.899701 86.111315 17.004011 -0.687786 -0.043520
21.873872 -14.057551 -15.801128 86.149527 16.980817 -0.702333 -0.044325
21.868887 -14.079973 -15.700760 86.186124 16.956786 -0.717169 -0.045169
21.863198 -14.102338 -15.598633 86.221138 16.931900 -0.732328 -0.046057
21.856816 -14.124680 -15.494808 86.254605 16.906140 -0.747853 -0.046999
21.849764 -14.147093 -15.389535 86.286570 16.879954 -0.763302 -0.047935
21.842052 -14.169608 -15.282872 86.317069 16.853323 -0.778717 -0.048875
21.833689 -14.192239 -15.174854 86.346130 16.826225 -0.794134 -0.049825
21.824683 -14.214983 -15.065492 86.373784 16.798641 -0.809584 -0.050789
21.815039 -14.237829 -14.954789 86.400059 16.770552 -0.825094 -0.051772
21.804764 -14.260761 -14.842738 86.424980 16.741938 -0.840688 -0.052777
21.793863 -14.283758 -14.729326 86.448573 16.712780 -0.856390 -0.053806
21.782342 -14.306799 -14.614540 86.470864 16.683058 -0.872224 -0.054861
21.770207 -14.329863 -14.498366 86.491877 16.652751 -0.888213 -0.055947
21.757465 -14.352931 -14.380797 86.511635 16.621839 -0.904383 -0.057065
21.744125 -14.375988 -14.261829 86.530165 16.590300 -0.920763 -0.058218
21.730194 -14.399030 -14.141473 86.547490 16.558112 -0.937383 -0.059413
21.715683 -14.422064 -14.019755 86.563636 16.525251 -0.954282 -0.060654
21.700605 -14.445114 -13.896727 86.578630 16.491693 -0.971502 -0.061950
21.684981 -14.468270 -13.772631 86.592513 16.457880 -0.988605 -0.063243
21.668822 -14.491556 -13.647520 86.605309 16.423789 -1.005635 -0.064542
21.652138 -14.514980 -13.521419 86.617042 16.389394 -1.022629 -0.065853
21.634938 -14.538533 -13.394335 86.627736 16.354671 -1.039621 -0.067180
21.617228 -14.562201 -13.266263 86.637410 16.319595 -1.056640 -0.068526
21.599015 -14.585964 -13.137193 86.646085 16.284143 -1.073714 -0.069895
21.580307 -14.609798 -13.007107 86.653780 16.248291 -1.090868 -0.071289
21.561111 -14.633680 -12.875990 86.660515 16.212014 -1.108130 -0.072710
21.541434 -14.657588 -12.743829 86.666308 16.175289 -1.125527 -0.074162
21.521284 -14.681507 -12.610616 86.671178 16.138088 -1.143089 -0.075647
21.500670 -14.705428 -12.476356 86.675144 16.100387 -1.160850 -0.077170
21.479602 -14.729356 -12.341070 86.678227 16.062158 -1.178848 -0.078736
21.458090 -14.753312 -12.204805 86.680448 16.023373 -1.197128 -0.080353
21.436154 -14.777384 -12.067797 86.681840 15.984472 -1.215253 -0.081966
21.413802 -14.801594 -11.930092 86.682425 15.945428 -1.233269 -0.083583
21.391044 -14.825947 -11.791710 86.682220 15.906212 -1.251213 -0.085209
21.367887 -14.850433 -11.652652 86.681243 15.866796 -1.269121 -0.086849
21.344338 -14.875036 -11.512908 86.679509 15.827154 -1.287022 -0.088505
21.320403 -14.899733 -11.372462 86.677034 15.787259 -1.304946 -0.090181
21.296090 -14.924500 -11.231290 86.673831 15.747084 -1.322919 -0.091878
21.271404 -14.949312 -11.089372 86.669915 15.706602 -1.340969 -0.093599
21.246353 -14.974148 -10.946688 86.665299 15.665786 -1.359125 -0.095346
21.220944 -14.998989 -10.803225 86.659998 15.624607 -1.377416 -0.097123
21.195184 -15.023826 -10.658983 86.654026 15.583038 -1.395877 -0.098932
21.169084 -15.048662 -10.513976 86.647399 15.541048 -1.414548 -0.100781
21.142650 -15.073521 -10.368247 86.640133 15.498608 -1.433475 -0.102675
21.115898 -15.098489 -10.222026 86.632257 15.456155 -1.452219 -0.104563
21.088835 -15.123586 -10.075354 86.623787 15.413659 -1.470828 -0.106451
21.061468 -15.148818 -9.928245 86.614736 15.371089 -1.489340 -0.108345
21.033803 -15.174175 -9.780695 86.605117 15.328416 -1.507790 -0.110250
21.005847 -15.199637 -9.632687 86.594941 15.285611 -1.526208 -0.112167
20.977605 -15.225184 -9.484196 86.584220 15.242646 -1.544622 -0.114099
20.949082 -15.250786 -9.335192 86.572961 15.199491 -1.563059 -0.116048
20.920286 -15.276418 -9.185645 86.561175 15.156119 -1.581547 -0.118016
20.891222 -15.302053 -9.035526 86.548871 15.112500 -1.600110 -0.120005
20.861896 -15.327668 -8.884806 86.536057 15.068605 -1.618778 -0.122016
20.832316 -15.353243 -8.733468 86.522744 15.024405 -1.637581 -0.124053
20.802487 -15.378770 -8.581505 86.508941 14.979869 -1.656554 -0.126119
20.772417 -15.404252 -8.428926 86.494661 14.934965 -1.675736 -0.128220
20.742113 -15.429711 -8.275769 86.479915 14.889663 -1.695174 -0.130361
20.711584 -15.455234 -8.122262 86.464729 14.844397 -1.714429 -0.132495
20.680835 -15.480844 -7.968442 86.449114 14.799135 -1.733551 -0.134627
20.649872 -15.506544 -7.814318 86.433080 14.753845 -1.752577 -0.136763
20.618700 -15.532326 -7.659885 86.416637 14.708497 -1.771544 -0.138906
20.587325 -15.558172 -7.505122 86.399793 14.663058 -1.790483 -0.141060
20.555750 -15.584061 -7.350002 86.382555 14.617500 -1.809422 -0.143226
20.523983 -15.609966 -7.194496 86.364930 14.571791 -1.828391 -0.145407
20.492027 -15.635865 -7.038574 86.346924 14.525902 -1.847416 -0.147603
20.459889 -15.661735 -6.882207 86.328545 14.479801 -1.866528 -0.149818
20.427575 -15.687557 -6.725375 86.309800 14.433458 -1.885757 -0.152054
20.395089 -15.713324 -6.568069 86.290695 14.386841 -1.905139 -0.154314
20.362438 -15.739039 -6.410296 86.271241 14.339916 -1.924715 -0.156603
20.329626 -15.764724 -6.252092 86.251447 14.292651 -1.944530 -0.158928
20.296657 -15.790468 -6.093683 86.231334 14.245479 -1.964149 -0.161242
20.263535 -15.816293 -5.935104 86.210912 14.198369 -1.983618 -0.163553
20.230263 -15.842204 -5.776363 86.190190 14.151285 -2.002978 -0.165864
20.196847 -15.868191 -5.617449 86.169172 14.104197 -2.022265 -0.168180
20.163289 -15.894237 -5.458341 86.147866 14.057071 -2.041509 -0.170503
20.129594 -15.920322 -5.299009 86.126277 14.009878 -2.060741 -0.172834
20.095768 -15.946419 -5.139419 86.104408 13.962585 -2.079988 -0.175176
20.061815 -15.972505 -4.979539 86.082264 13.915161 -2.099279 -0.177531
20.027740 -15.998559 -4.819338 86.059849 13.867575 -2.118643 -0.179900
19.993549 -16.024563 -4.658793 86.037168 13.819794 -2.138112 -0.182285
19.959244 -16.050508 -4.497892 86.014228 13.771787 -2.157720 -0.184691
19.924832 -16.076399 -4.336640 85.991033 13.723518 -2.177508 -0.187121
19.890313 -16.102259 -4.175069 85.967594 13.674954 -2.197524 -0.189581
19.855689 -16.128177 -4.013406 85.943927 13.626529 -2.217330 -0.192030
19.820960 -16.154176 -3.851682 85.920040 13.578208 -2.236974 -0.194472
19.786129 -16.180261 -3.689902 85.895939 13.529958 -2.256496 -0.196913
19.751200 -16.206421 -3.528053 85.871629 13.481744 -2.275932 -0.199355
19.716175 -16.232642 -3.366108 85.847114 13.433536 -2.295312 -0.201802
19.681059 -16.258899 -3.204034 85.822394 13.385301 -2.314665 -0.204254
19.645857 -16.285167 -3.041792 85.797474 13.337007 -2.334019 -0.206713
19.610573 -16.311421 -2.879343 85.772354 13.288623 -2.353399 -0.209181
19.575214 -16.337634 -2.716647 85.747035 13.240117 -2.372834 -0.211659
19.539783 -16.363784 -2.553671 85.721521 13.191456 -2.392353 -0.214149
19.504286 -16.389854 -2.390386 85.695814 13.142608 -2.411985 -0.216653
19.468727 -16.415835 -2.226778 85.669917 13.093540 -2.431766 -0.219174
19.433109 -16.441731 -2.062850 85.643836 13.044217 -2.451736 -0.221715
19.397432 -16.467567 -1.898632 85.617576 12.994605 -2.471944 -0.224284
19.361693 -16.493432 -1.734349 85.591153 12.945137 -2.491951 -0.226840
19.325890 -16.519348 -1.570034 85.564574 12.895776 -2.511806 -0.229389
19.290026 -16.545322 -1.405689 85.537843 12.846490 -2.531550 -0.231936
19.254103 -16.571345 -1.241301 85.510963 12.797243 -2.551218 -0.234484
19.218124 -16.597401 -1.076842 85.483937 12.748004 -2.570841 -0.237034
19.182095 -16.623467 -0.912279 85.456766 12.698739 -2.590449 -0.239589
19.146018 -16.649521 -0.747575 85.429451 12.649416 -2.610071 -0.242150
19.109900 -16.675539 -0.582693 85.401993 12.600002 -2.629734 -0.244718
19.073745 -16.701500 -0.417599 85.374393 12.550465 -2.649468 -0.247295
19.037558 -16.727386 -0.252265 85.346654 12.500771 -2.669304 -0.249882
19.001342 -16.753190 -0.086677 85.318777 12.450887 -2.689279 -0.252484
18.965099 -16.778917 0.079164 85.290768 12.400778 -2.709432 -0.255102
18.928829 -16.804589 0.245227 85.262630 12.350408 -2.729811 -0.257744
18.892522 -16.830298 0.411285 85.234380 12.300209 -2.749981 -0.260373
18.856176 -16.856067 0.577308 85.206021 12.250146 -2.769989 -0.262993
18.819793 -16.881900 0.743293 85.177558 12.200184 -2.789876 -0.265611
18.783374 -16.907790 0.909256 85.148992 12.150289 -2.809678 -0.268227
18.746923 -16.933719 1.075223 85.120326 12.100427 -2.829426 -0.270844
18.710444 -16.959668 1.241231 85.091559 12.050566 -2.849150 -0.273464
18.673941 -16.985612 1.407318 85.062691 12.000672 -2.868878 -0.276088
18.637420 -17.011527 1.573521 85.033723 11.950713 -2.888638 -0.278717
18.600886 -17.037394 1.739877 85.004655 11.900655 -2.908460 -0.281352
18.564344 -17.063195 1.906413 84.975488 11.850466 -2.928375 -0.283995
18.527796 -17.088922 2.073147 84.946223 11.800110 -2.948419 -0.286649
18.491243 -17.114580 2.240076 84.916863 11.749554 -2.968631 -0.289318
18.454683 -17.140194 2.407172 84.887413 11.698761 -2.989061 -0.292006
18.418104 -17.165854 2.574208 84.857887 11.648162 -3.009272 -0.294680
18.381501 -17.191583 2.741153 84.828288 11.597722 -3.029311 -0.297346
18.344875 -17.217386 2.908007 84.798619 11.547406 -3.049220 -0.300008
18.308227 -17.243256 3.074786 84.768881 11.497180 -3.069035 -0.302668
18.271561 -17.269175 3.241523 84.739074 11.447010 -3.088784 -0.305328
18.234882 -17.295122 3.408253 84.709198 11.396863 -3.108499 -0.307989
18.198195 -17.321071 3.575020 84.679251 11.346707 -3.128205 -0.310651
18.161506 -17.346997 3.741867 84.649231 11.296508 -3.147930 -0.313317
18.124822 -17.372876 3.908837 84.619137 11.246233 -3.167701 -0.315986
18.088148 -17.398685 4.075968 84.588968 11.195850 -3.187545 -0.318661
18.051489 -17.424408 4.243292 84.558724 11.145325 -3.207495 -0.321342
18.014848 -17.450037 4.410826 84.528406 11.094623 -3.227585 -0.324032
17.978227 -17.475577 4.578571 84.498015 11.043710 -3.247856 -0.326734
17.941621 -17.501051 4.746496 84.467555 10.992550 -3.268357 -0.329454
17.905014 -17.526550 4.914375 84.437039 10.941572 -3.288649 -0.332161
17.868400 -17.552099 5.082178 84.406471 10.890743 -3.308782 -0.334860
17.831780 -17.577702 5.249903 84.375851 10.840025 -3.328798 -0.337555
17.795155 -17.603351 5.417568 84.345182 10.789385 -3.348731 -0.340249
17.758529 -17.629030 5.585202 84.314463 10.738789 -3.368614 -0.342941
17.721907 -17.654719 5.752842 84.283693 10.688203 -3.388474 -0.345635
17.685295 -17.680393 5.920528 84.252870 10.637594 -3.408341 -0.348330
17.648700 -17.706030 6.088301 84.221993 10.586929 -3.428243 -0.351027
17.612127 -17.731610 6.256198 84.191062 10.536175 -3.448208 -0.353728
17.575582 -17.757114 6.424248 84.160075 10.485297 -3.468269 -0.356434
17.539067 -17.782537 6.592470 84.129033 10.434262 -3.488460 -0.359147
17.502582 -17.807882 6.760862 84.097938 10.383033 -3.508823 -0.361869
17.466124 -17.833174 6.929396 84.066794 10.331575 -3.529406 -0.364606
17.429670 -17.858502 7.097842 84.035612 10.280317 -3.549773 -0.367330
17.393216 -17.883891 7.266169 84.004396 10.229225 -3.569973 -0.370048
17.356758 -17.909346 7.434376 83.973147 10.178262 -3.590047 -0.372761
17.320301 -17.934857 7.602482 83.941866 10.127394 -3.610030 -0.375471
17.283847 -17.960410 7.770516 83.910552 10.076586 -3.629954 -0.378181
17.247402 -17.985983 7.938515 83.879204 10.025806 -3.649849 -0.380890
17.210974 -18.011553 8.106521 83.847820 9.975019 -3.669742 -0.383600
17.174568 -18.037096 8.274574 83.816398 9.924193 -3.689661 -0.386311
17.138192 -18.062593 8.442712 83.784937 9.873295 -3.709636 -0.389024
17.101850 -18.088027 8.610965 83.753435 9.822290 -3.729697 -0.391741
17.065545 -18.113390 8.779353 83.721892 9.771143 -3.749881 -0.394463
17.029277 -18.138687 8.947874 83.690311 9.719820 -3.770227 -0.397192
16.993041 -18.163942 9.116499 83.658694 9.668284 -3.790786 -0.399933
16.956811 -18.189245 9.284998 83.627052 9.616965 -3.811120 -0.402662
16.920580 -18.214620 9.453340 83.595389 9.565827 -3.831277 -0.405385
16.884346 -18.240071 9.621526 83.563706 9.514834 -3.851301 -0.408104
16.848111 -18.265591 9.789574 83.532001 9.463953 -3.871224 -0.410820
16.811881 -18.291162 9.957517 83.500275 9.413148 -3.891079 -0.413535
16.775661 -18.316763 10.125394 83.468524 9.362387 -3.910893 -0.416249
16.739459 -18.342370 10.293249 83.436745 9.311637 -3.930694 -0.418963
16.703284 -18.367958 10.461128 83.404936 9.260864 -3.950508 -0.421677
16.667144 -18.393502 10.629075 83.373094 9.210036 -3.970362 -0.424392
16.631046 -18.418981 10.797130 83.341215 9.159120 -3.990285 -0.427108
16.594996 -18.444378 10.965326 83.309298 9.108080 -4.010307 -0.429827
16.558999 -18.469686 11.133682 83.277343 9.056884 -4.030462 -0.432550
16.523053 -18.494909 11.302198 83.245351 9.005494 -4.050793 -0.435279
16.487152 -18.520072 11.470845 83.213324 8.953876 -4.071348 -0.438017
16.451267 -18.545263 11.639391 83.181274 8.902459 -4.091691 -0.440747
16.415389 -18.570506 11.807805 83.149201 8.851206 -4.111869 -0.443470
16.379517 -18.595807 11.976086 83.117109 8.800082 -4.131926 -0.446190
16.343652 -18.621156 12.144253 83.084997 8.749053 -4.151895 -0.448908
16.307801 -18.646538 12.312336 83.052862 8.698084 -4.171810 -0.451625
16.271971 -18.671932 12.480375 83.020703 8.647142 -4.191697 -0.454342
16.236169 -18.697314 12.648411 82.988517 8.596193 -4.211586 -0.457058
16.200404 -18.722664 12.816484 82.956301 8.545205 -4.231504 -0.459774
16.164684 -18.747958 12.984633 82.924054 8.494144 -4.251481 -0.462491
16.129015 -18.773183 13.152891 82.891772 8.442975 -4.271546 -0.465209
16.093401 -18.798328 13.321274 82.859456 8.391665 -4.291736 -0.467930
16.057842 -18.823399 13.489784 82.827106 8.340177 -4.312092 -0.470655
16.022328 -18.848420 13.658388 82.794727 8.288476 -4.332663 -0.473388
15.986828 -18.873479 13.826854 82.762327 8.236990 -4.353012 -0.476113
15.951331 -18.898599 13.995149 82.729910 8.185684 -4.373189 -0.478833
15.915836 -18.923784 14.163273 82.697476 8.134521 -4.393236 -0.481550
15.880345 -18.949027 14.331244 82.665025 8.083468 -4.413188 -0.484265
15.844864 -18.974310 14.499093 82.632555 8.032489 -4.433076 -0.486979
15.809401 -18.999613 14.666859 82.600064 7.981553 -4.452929 -0.489692
15.773965 -19.024914 14.834582 82.567549 7.930625 -4.472775 -0.492404
15.738564 -19.050188 15.002305 82.535005 7.879672 -4.492641 -0.495116
15.703207 -19.075417 15.170067 82.502431 7.828660 -4.512556 -0.497828
15.667901 -19.100583 15.337897 82.469824 7.777557 -4.532552 -0.500540
15.632651 -19.125678 15.505817 82.437184 7.726328 -4.552663 -0.503254
15.597454 -19.150707 15.673824 82.404511 7.674935 -4.572931 -0.505970
15.562301 -19.175693 15.841888 82.371809 7.623346 -4.593405 -0.508693
15.527156 -19.200724 16.009773 82.339086 7.571986 -4.613649 -0.511408
15.492008 -19.225823 16.177448 82.306345 7.520821 -4.633711 -0.514120
15.456855 -19.250994 16.344912 82.273587 7.469814 -4.653633 -0.516829
15.421699 -19.276228 16.512184 82.240810 7.418932 -4.673450 -0.519536
15.386547 -19.301508 16.679297 82.208012 7.368141 -4.693193 -0.522243
15.351408 -19.326813 16.846290 82.175190 7.317408 -4.712890 -0.524949
15.316291 -19.352120 17.013209 82.142339 7.266698 -4.732567 -0.527654
15.281209 -19.377402 17.180098 82.109455 7.215981 -4.752251 -0.530359
15.246171 -19.402637 17.347003 82.076533 7.165223 -4.771968 -0.533063
15.211188 -19.427803 17.513964 82.043569 7.114390 -4.791746 -0.535766
15.176267 -19.452884 17.681013 82.010561 7.063449 -4.811616 -0.538470
15.141413 -19.477872 17.848169 81.977507 7.012366 -4.831612 -0.541174
15.106624 -19.502769 18.015434 81.944408 6.961105 -4.851775 -0.543879
15.071891 -19.527600 18.182774 81.911266 6.909630 -4.872156 -0.546589
15.037173 -19.552450 18.349951 81.878090 6.858370 -4.892317 -0.549294
15.002458 -19.577343 18.516934 81.844882 6.807288 -4.912307 -0.551996
14.967744 -19.602282 18.683720 81.811643 6.756350 -4.932170 -0.554698
14.933034 -19.627258 18.850328 81.778372 6.705520 -4.951938 -0.557398
14.898335 -19.652255 19.016789 81.745065 6.654765 -4.971644 -0.560098
14.863656 -19.677252 19.183141 81.711720 6.604052 -4.991316 -0.562798
14.829009 -19.702226 19.349424 81.678331 6.553348 -5.010982 -0.565497
14.794403 -19.727154 19.515681 81.644896 6.502620 -5.030669 -0.568196
14.759850 -19.752016 19.681950 81.611409 6.451834 -5.050405 -0.570893
14.725357 -19.776794 19.848261 81.577869 6.400957 -5.070221 -0.573591
14.690929 -19.801481 20.014632 81.544273 6.349955 -5.090153 -0.576288
14.656565 -19.826080 20.181063 81.510622 6.298792 -5.110241 -0.578985
14.622253 -19.850613 20.347519 81.476918 6.247433 -5.130536 -0.581685
14.587949 -19.875164 20.513761 81.443171 6.196305 -5.150600 -0.584382
14.553640 -19.899756 20.679753 81.409381 6.145372 -5.170485 -0.587078
14.519324 -19.924392 20.845494 81.375550 6.094599 -5.190230 -0.589773
14.485004 -19.949062 21.011002 81.341675 6.043952 -5.209872 -0.592468
14.450688 -19.973749 21.176306 81.307754 5.993398 -5.229441 -0.595163
14.416386 -19.998432 21.341444 81.273782 5.942902 -5.248966 -0.597858
14.382109 -20.023088 21.506457 81.239755 5.892433 -5.268474 -0.600553
14.347870 -20.047694 21.671386 81.205667 5.841958 -5.287992 -0.603247
14.313678 -20.072229 21.836269 81.171515 5.791443 -5.307549 -0.605939
14.279543 -20.096677 22.001135 81.137295 5.740856 -5.327175 -0.608631
14.245469 -20.121028 22.166002 81.103004 5.690161 -5.346904 -0.611322
14.211455 -20.145285 22.330869 81.068643 5.639324 -5.366779 -0.614012
14.177488 -20.169469 22.495700 81.034214 5.588310 -5.386849 -0.616703
14.143520 -20.193665 22.660252 80.999724 5.537546 -5.406677 -0.619393
14.109538 -20.217893 22.824491 80.965176 5.486996 -5.426314 -0.622083
14.075539 -20.242155 22.988415 80.930568 5.436625 -5.445799 -0.624774
14.041526 -20.266442 23.152039 80.895899 5.386399 -5.465169 -0.627466
14.007508 -20.290735 23.315396 80.861164 5.336286 -5.484453 -0.630158
13.973496 -20.315013 23.478523 80.826358 5.286252 -5.503679 -0.632851
13.939503 -20.339251 23.641464 80.791474 5.236265 -5.522873 -0.635543
13.905544 -20.363425 23.804262 80.756507 5.186293 -5.542060 -0.638235
13.871630 -20.387510 23.966960 80.721449 5.136304 -5.561268 -0.640927
13.837776 -20.411484 24.129597 80.686295 5.086264 -5.580522 -0.643617
13.803990 -20.435331 24.292202 80.651041 5.036142 -5.599853 -0.646307
13.770279 -20.459039 24.454794 80.615682 4.985903 -5.619296 -0.648994
13.736640 -20.482611 24.617369 80.580219 4.935512 -5.638890 -0.651681
13.703061 -20.506069 24.779890 80.544652 4.884934 -5.658688 -0.654367
13.669489 -20.529492 24.942112 80.508990 4.834597 -5.678250 -0.657053
13.635910 -20.552901 25.103997 80.473233 4.784465 -5.697628 -0.659742
13.602322 -20.576297 25.265540 80.437379 4.734503 -5.716863 -0.662432
13.568728 -20.599670 25.426758 80.401427 4.684678 -5.735989 -0.665124
13.535138 -20.623003 25.587677 80.365372 4.634957 -5.755036 -0.667817
13.501564 -20.646272 25.748334 80.329206 4.585307 -5.774034 -0.670511
13.468019 -20.669454 25.908767 80.292925 4.535697 -5.793008 -0.673205
13.434517 -20.692525 26.069015 80.256520 4.486093 -5.811985 -0.675899
13.401071 -20.715464 26.229112 80.219987 4.436464 -5.830993 -0.678592
13.367691 -20.738253 26.389087 80.183319 4.386777 -5.850063 -0.681283
13.334383 -20.760879 26.548954 80.146514 4.336999 -5.869228 -0.683973
13.301144 -20.783346 26.708708 80.109569 4.287094 -5.888530 -0.686660
13.267962 -20.805671 26.868309 80.072486 4.237028 -5.908020 -0.689345
13.234781 -20.827934 27.027507 80.035271 4.187229 -5.927259 -0.692033
13.201585 -20.850152 27.186263 79.997926 4.137660 -5.946298 -0.694724
13.168372 -20.872327 27.344568 79.960447 4.088288 -5.965179 -0.697418
13.135146 -20.894445 27.502438 79.922832 4.039080 -5.983935 -0.700114
13.101918 -20.916489 27.659897 79.885074 3.990003 -6.002598 -0.702811
13.068701 -20.938436 27.816979 79.847167 3.941025 -6.021195 -0.705510
13.035509 -20.960260 27.973722 79.809102 3.892114 -6.039752 -0.708209
13.002356 -20.981938 28.130161 79.770872 3.843238 -6.058295 -0.710907
12.969256 -21.003446 28.286330 79.732469 3.794367 -6.076852 -0.713604
12.936220 -21.024767 28.442254 79.693887 3.745467 -6.095454 -0.716299
12.903255 -21.045887 28.597945 79.655122 3.696505 -6.114133 -0.718991
12.870358 -21.066807 28.753397 79.616170 3.647449 -6.132931 -0.721680
12.837515 -21.087545 28.908567 79.577032 3.598263 -6.151898 -0.724366
12.804667 -21.108177 29.063200 79.537713 3.549374 -6.170596 -0.727055
12.771798 -21.128719 29.217253 79.498214 3.500748 -6.189076 -0.729749
12.738906 -21.149171 29.370717 79.458530 3.452351 -6.207378 -0.732446
12.705995 -21.169519 29.523605 79.418657 3.404152 -6.225536 -0.735145
12.673076 -21.189745 29.675940 79.378586 3.356117 -6.243580 -0.737847
12.640165 -21.209822 29.827755 79.338309 3.308217 -6.261535 -0.740549
12.607278 -21.229726 29.979087 79.297816 3.260419 -6.279427 -0.743252
12.574430 -21.249429 30.129973 79.257096 3.212694 -6.297281 -0.745954
12.541640 -21.268905 30.280450 79.216140 3.165010 -6.315121 -0.748655
12.508923 -21.288130 30.430549 79.174938 3.117337 -6.332974 -0.751354
12.476290 -21.307083 30.580294 79.133481 3.069642 -6.350869 -0.754049
12.443750 -21.325752 30.729696 79.091762 3.021895 -6.368839 -0.756740
12.411300 -21.344135 30.878742 79.049778 2.974062 -6.386924 -0.759426
12.378927 -21.362248 31.027386 79.007527 2.926110 -6.405175 -0.762106
12.346566 -21.380165 31.175369 78.965014 2.878465 -6.423152 -0.764790
12.314202 -21.397900 31.322641 78.922236 2.831094 -6.440907 -0.767479
12.281834 -21.415451 31.469190 78.879189 2.783965 -6.458480 -0.770171
12.249466 -21.432803 31.615022 78.835867 2.737046 -6.475903 -0.772865
12.217111 -21.449937 31.760158 78.792259 2.690305 -6.493207 -0.775560
12.184785 -21.466827 31.904624 78.748356 2.643713 -6.510418 -0.778254
12.152503 -21.483446 32.048451 78.704146 2.597239 -6.527561 -0.780947
12.120284 -21.499769 32.191667 78.659618 2.550853 -6.544661 -0.783637
12.088142 -21.515770 32.334300 78.614760 2.504525 -6.561744 -0.786323
12.056092 -21.531428 32.476367 78.569563 2.458225 -6.578840 -0.789005
12.024141 -21.546729 32.617874 78.524019 2.411922 -6.595981 -0.791679
11.992288 -21.561670 32.758805 78.478121 2.365582 -6.613207 -0.794346
11.960517 -21.576264 32.899107 78.431867 2.319175 -6.630569 -0.797002
11.928762 -21.590583 33.038511 78.385259 2.273127 -6.647626 -0.799664
11.897008 -21.604639 33.176966 78.338296 2.227406 -6.664429 -0.802328
11.865251 -21.618429 33.314452 78.290969 2.181980 -6.681018 -0.804993
11.833500 -21.631937 33.450971 78.243270 2.136818 -6.697426 -0.807658
11.801767 -21.645141 33.586538 78.195187 2.091892 -6.713681 -0.810322
11.770067 -21.658015 33.721175 78.146709 2.047172 -6.729808 -0.812983
11.738420 -21.670533 33.854909 78.097820 2.002628 -6.745832 -0.815638
11.706843 -21.682666 33.987762 78.048507 1.958233 -6.761777 -0.818288
11.675353 -21.694389 34.119758 77.998757 1.913957 -6.777669 -0.820931
11.643964 -21.705681 34.250908 77.948557 1.869771 -6.793534 -0.823564
11.612684 -21.716526 34.381214 77.897896 1.825645 -6.809405 -0.826187
11.581511 -21.726920 34.510652 77.846766 1.781549 -6.825321 -0.828796
11.550430 -21.736877 34.639166 77.795163 1.737452 -6.841330 -0.831390
11.519371 -21.746464 34.766477 77.743086 1.693783 -6.856993 -0.833985
11.488317 -21.755695 34.892525 77.690531 1.650510 -6.872359 -0.836580
11.457267 -21.764565 35.017288 77.637487 1.607603 -6.887467 -0.839171
11.426226 -21.773058 35.140761 77.583944 1.565034 -6.902347 -0.841759
11.395209 -21.781151 35.262954 77.529886 1.522775 -6.917026 -0.844339
11.364234 -21.788818 35.383887 77.475296 1.480798 -6.931527 -0.846911
11.333319 -21.796033 35.503579 77.420158 1.439076 -6.945874 -0.849473
11.302485 -21.802766 35.622055 77.364453 1.397582 -6.960086 -0.852024
11.271751 -21.808990 35.739335 77.308163 1.356291 -6.974185 -0.854561
11.241135 -21.814679 35.855435 77.251271 1.315175 -6.988196 -0.857084
11.210652 -21.819813 35.970364 77.193760 1.274207 -7.002142 -0.859589
11.180310 -21.824377 36.084114 77.135616 1.233360 -7.016053 -0.862074
11.150107 -21.828367 36.196656 77.076827 1.192605 -7.029968 -0.864537
11.120025 -21.831796 36.307926 77.017384 1.151913 -7.043933 -0.866974
11.089992 -21.834733 36.417632 76.957286 1.111716 -7.057506 -0.869406
11.059988 -21.837193 36.525707 76.896523 1.071983 -7.070735 -0.871828
11.030010 -21.839171 36.632118 76.835084 1.032687 -7.083658 -0.874239
11.000066 -21.840653 36.736854 76.772951 0.993803 -7.096302 -0.876634
10.970168 -21.841619 36.839917 76.710107 0.955304 -7.108694 -0.879013
10.940333 -21.842046 36.941315 76.646531 0.917165 -7.120854 -0.881372
10.910578 -21.841910 37.041061 76.582202 0.879361 -7.132802 -0.883710
10.880922 -21.841185 37.139166 76.517098 0.841870 -7.144560 -0.886023
10.851382 -21.839851 37.235638 76.451199 0.804665 -7.156147 -0.888310
10.821969 -21.837888 37.330476 76.384484 0.767724 -7.167587 -0.890568
10.792692 -21.835286 37.423665 76.316934 0.731020 -7.178907 -0.892793
10.763545 -21.832044 37.515169 76.248534 0.694529 -7.190143 -0.894982
10.734507 -21.828179 37.604912 76.179272 0.658223 -7.201339 -0.897131
10.705502 -21.823763 37.692591 76.109141 0.622536 -7.212051 -0.899261
10.676505 -21.818814 37.778128 76.038129 0.587443 -7.222325 -0.901369
10.647513 -21.813335 37.861484 75.966219 0.552918 -7.232193 -0.903450
10.618528 -21.807315 37.942639 75.893390 0.518938 -7.241682 -0.905501
10.589561 -21.800742 38.021586 75.819618 0.485481 -7.250814 -0.907519
10.560627 -21.793597 38.098329 75.744877 0.452525 -7.259606 -0.909501
10.531740 -21.785864 38.172870 75.669142 0.420049 -7.268075 -0.911444
10.502915 -21.777526 38.245215 75.592385 0.388032 -7.276237 -0.913345
10.474165 -21.768568 38.315365 75.514578 0.356454 -7.284108 -0.915201
10.445499 -21.758982 38.383310 75.435697 0.325294 -7.291708 -0.917008
10.416919 -21.748764 38.449031 75.355717 0.294531 -7.299060 -0.918763
10.388416 -21.737924 38.512480 75.274617 0.264142 -7.306193 -0.920460
10.359963 -21.726490 38.573575 75.192378 0.234106 -7.313152 -0.922095
10.331473 -21.714543 38.631998 75.108989 0.204860 -7.319483 -0.923691
10.302920 -21.702116 38.687663 75.024431 0.176382 -7.325230 -0.925242
10.274290 -21.689220 38.740522 74.938681 0.148652 -7.330421 -0.926744
10.245583 -21.675860 38.790551 74.851710 0.121650 -7.335076 -0.928192
10.216804 -21.662036 38.837737 74.763486 0.095360 -7.339209 -0.929584
10.187963 -21.647744 38.882081 74.673977 0.069764 -7.342833 -0.930914
10.159072 -21.632980 38.923585 74.583145 0.044846 -7.345954 -0.932181
10.130141 -21.617742 38.962256 74.490953 0.020591 -7.348580 -0.933380
10.101185 -21.602027 38.998103 74.397362 -0.003015 -7.350716 -0.934509
10.072216 -21.585833 39.031135 74.302332 -0.025988 -7.352367 -0.935565
10.043248 -21.569160 39.061363 74.205822 -0.048341 -7.353535 -0.936543
10.014293 -21.552012 39.088796 74.107790 -0.070087 -7.354224 -0.937441
9.985363 -21.534390 39.113444 74.008193 -0.091240 -7.354434 -0.938256
9.956470 -21.516301 39.135317 73.906989 -0.111813 -7.354168 -0.938984
9.927627 -21.497751 39.154425 73.804134 -0.131817 -7.353426 -0.939620
9.898843 -21.478749 39.170775 73.699586 -0.151264 -7.352208 -0.940161
9.870130 -21.459303 39.184378 73.593301 -0.170166 -7.350513 -0.940603
9.841497 -21.439425 39.195241 73.485237 -0.188534 -7.348341 -0.940939
9.812953 -21.419128 39.203373 73.375354 -0.206377 -7.345689 -0.941164
9.784507 -21.398423 39.208782 73.263614 -0.223707 -7.342555 -0.941272
9.756165 -21.377323 39.211477 73.149982 -0.240532 -7.338936 -0.941254
9.727933 -21.355839 39.211469 73.034431 -0.256860 -7.334827 -0.941099
9.699815 -21.333980 39.208772 72.916939 -0.272701 -7.330223 -0.940796
9.671811 -21.311749 39.203405 72.797500 -0.288059 -7.325114 -0.940326
9.643920 -21.289143 39.195398 72.676126 -0.302939 -7.319489 -0.939668
9.616137 -21.266140 39.184799 72.552857 -0.317345 -7.313331 -0.938791
9.588452 -21.242698 39.171683 72.427775 -0.331275 -7.306613 -0.937654
9.560871 -21.218709 39.156305 72.301127 -0.344832 -7.299671 -0.936609
9.533382 -21.194133 39.138742 72.172995 -0.358017 -7.292477 -0.935616
9.505979 -21.168951 39.119040 72.043421 -0.370829 -7.285013 -0.934641
9.478658 -21.143166 39.097226 71.912420 -0.383271 -7.277264 -0.933659
9.451417 -21.116789 39.073316 71.779985 -0.395347 -7.269217 -0.932651
9.424256 -21.089838 39.047319 71.646103 -0.407061 -7.260863 -0.931599
9.397176 -21.062334 39.019242 71.510751 -0.418418 -7.252190 -0.930488
9.370177 -21.034300 38.989089 71.373907 -0.429422 -7.243189 -0.929301
9.343260 -21.005757 38.956868 71.235553 -0.440075 -7.233847 -0.928022
9.316423 -20.976722 38.922589 71.095680 -0.450381 -7.224152 -0.926629
9.289663 -20.947202 38.886274 70.954298 -0.460342 -7.214087 -0.925097
9.262975 -20.917190 38.847961 70.811441 -0.469954 -7.203629 -0.923393
9.236347 -20.886652 38.807720 70.667188 -0.479215 -7.192747 -0.921474
9.209782 -20.855490 38.765803 70.521785 -0.488224 -7.181773 -0.919690
9.183269 -20.823673 38.722280 70.375309 -0.496978 -7.170674 -0.917997
9.156802 -20.791193 38.677189 70.227796 -0.505474 -7.159428 -0.916362
9.130376 -20.758062 38.630546 70.079250 -0.513712 -7.148015 -0.914757
9.103990 -20.724303 38.582357 69.929657 -0.521692 -7.136421 -0.913164
9.077646 -20.689942 38.532622 69.778991 -0.529418 -7.124631 -0.911564
9.051346 -20.655012 38.481334 69.627218 -0.536889 -7.112633 -0.909942
9.025094 -20.619545 38.428488 69.474302 -0.544110 -7.100413 -0.908282
8.998893 -20.583576 38.374077 69.320208 -0.551080 -7.087958 -0.906570
8.972745 -20.547133 38.318095 69.164906 -0.557802 -7.075253 -0.904788
8.946650 -20.510241 38.260543 69.008377 -0.564276 -7.062282 -0.902915
8.920608 -20.472916 38.201431 68.850620 -0.570499 -7.049026 -0.900925
8.894612 -20.435157 38.140787 68.691666 -0.576469 -7.035459 -0.898784
8.868652 -20.396936 38.078674 68.531585 -0.582177 -7.021544 -0.896447
8.842730 -20.358155 38.015343 68.370626 -0.587723 -7.007613 -0.894262
8.816835 -20.318786 37.950858 68.208862 -0.593100 -6.993630 -0.892186
8.790960 -20.278827 37.885246 68.046322 -0.598302 -6.979567 -0.890181
8.765102 -20.238295 37.818515 67.883007 -0.603327 -6.965404 -0.888222
8.739261 -20.197216 37.750660 67.718896 -0.608174 -6.951123 -0.886285
8.713439 -20.155620 37.681671 67.553960 -0.612843 -6.936708 -0.884353
8.687639 -20.113543 37.611534 67.388161 -0.617333 -6.922144 -0.882409
8.661865 -20.071018 37.540235 67.221462 -0.621644 -6.907414 -0.880434
8.636120 -20.028080 37.467761 67.053830 -0.625775 -6.892502 -0.878410
8.610406 -19.984754 37.394102 66.885243 -0.629725 -6.877391 -0.876316
8.584722 -19.941059 37.319261 66.715696 -0.633491 -6.862058 -0.874124
8.559061 -19.896996 37.243258 66.545213 -0.637067 -6.846477 -0.871800
8.533415 -19.852537 37.166149 66.373866 -0.640443 -6.830608 -0.869295
8.507782 -19.807583 37.088189 66.201905 -0.643717 -6.814781 -0.866959
8.482151 -19.762106 37.009436 66.029402 -0.646880 -6.798958 -0.864744
8.456515 -19.716106 36.929909 65.856381 -0.649925 -6.783109 -0.862615
8.430871 -19.669600 36.849608 65.682839 -0.652848 -6.767213 -0.860544
8.405222 -19.622617 36.768520 65.508750 -0.655647 -6.751251 -0.858508
8.379570 -19.575189 36.686628 65.334078 -0.658321 -6.735205 -0.856488
8.353921 -19.527352 36.603910 65.158781 -0.660867 -6.719058 -0.854468
8.328281 -19.479142 36.520342 64.982815 -0.663285 -6.702795 -0.852429
8.302653 -19.430592 36.435905 64.806142 -0.665572 -6.686397 -0.850353
8.277041 -19.381732 36.350581 64.628734 -0.667726 -6.669845 -0.848219
8.251444 -19.332579 36.264365 64.450582 -0.669743 -6.653118 -0.845998
8.225858 -19.283135 36.177270 64.271707 -0.671615 -6.636186 -0.843655
8.200272 -19.233371 36.089348 64.092178 -0.673332 -6.619009 -0.841141
8.174681 -19.183185 36.000860 63.912249 -0.674990 -6.601916 -0.838806
8.149075 -19.132545 35.911857 63.731991 -0.676578 -6.584865 -0.836600
8.123446 -19.081454 35.822355 63.551425 -0.678089 -6.567827 -0.834488
8.097794 -19.029929 35.732345 63.370541 -0.679518 -6.550779 -0.832440
8.072121 -18.977999 35.641808 63.189308 -0.680861 -6.533702 -0.830437
8.046433 -18.925698 35.550718 63.007682 -0.682117 -6.516578 -0.828459
8.020737 -18.873061 35.459046 62.825612 -0.683284 -6.499389 -0.826491
7.995043 -18.820129 35.366763 62.643044 -0.684359 -6.482119 -0.824516
7.969359 -18.766937 35.273836 62.459925 -0.685340 -6.464752 -0.822520
7.943692 -18.713521 35.180239 62.276210 -0.686226 -6.447269 -0.820484
7.918048 -18.659908 35.085947 62.091862 -0.687012 -6.429650 -0.818388
7.892427 -18.606118 34.990947 61.906869 -0.687693 -6.411874 -0.816203
7.866826 -18.552153 34.895247 61.721245 -0.688263 -6.393909 -0.813894
7.841233 -18.497982 34.798893 61.535061 -0.688707 -6.375715 -0.811410
7.815639 -18.443496 34.702155 61.348577 -0.689123 -6.357619 -0.809101
7.790033 -18.388664 34.605084 61.161863 -0.689498 -6.339577 -0.806917
7.764408 -18.333487 34.507687 60.974939 -0.689823 -6.321561 -0.804821
7.738763 -18.277983 34.409949 60.787790 -0.690093 -6.303546 -0.802784
7.713102 -18.222178 34.311847 60.600384 -0.690304 -6.285512 -0.800784
7.687432 -18.166108 34.213348 60.412673 -0.690453 -6.267441 -0.798803
7.661762 -18.109806 34.114419 60.224605 -0.690537 -6.249315 -0.796824
7.636100 -18.053310 34.015024 60.036129 -0.690553 -6.231117 -0.794829
7.610454 -17.996652 33.915131 59.847196 -0.690499 -6.212829 -0.792801
7.584831 -17.939861 33.814711 59.657769 -0.690370 -6.194431 -0.790718
7.559231 -17.882955 33.713746 59.467830 -0.690161 -6.175900 -0.788552
7.533651 -17.825935 33.612237 59.277396 -0.689863 -6.157205 -0.786266
7.508077 -17.768771 33.510230 59.086535 -0.689463 -6.138303 -0.783808
7.482498 -17.711347 33.408005 58.895516 -0.689055 -6.119520 -0.781529
7.456897 -17.653632 33.305610 58.704410 -0.688627 -6.100814 -0.779376
7.431269 -17.595625 33.203049 58.513233 -0.688170 -6.082152 -0.777313
7.405613 -17.537344 33.100302 58.321969 -0.687677 -6.063511 -0.775310
7.379935 -17.478818 32.997339 58.130581 -0.687145 -6.044871 -0.773345
7.354242 -17.420080 32.894125 57.939018 -0.686570 -6.026214 -0.771401
7.328545 -17.361163 32.790621 57.747225 -0.685949 -6.007521 -0.769461
7.302853 -17.302104 32.686789 57.555144 -0.685278 -5.988776 -0.767508
7.277177 -17.242935 32.582591 57.362724 -0.684555 -5.969960 -0.765525
7.251524 -17.183685 32.477993 57.169925 -0.683775 -5.951053 -0.763490
7.225894 -17.124371 32.372972 56.976725 -0.682933 -5.932032 -0.761375
7.200284 -17.064995 32.267527 56.783139 -0.682018 -5.912866 -0.759143
7.174679 -17.005523 32.161700 56.589236 -0.681018 -5.893510 -0.756741
7.149061 -16.945836 32.055786 56.395293 -0.680027 -5.874292 -0.754520
7.123413 -16.885899 31.949831 56.201381 -0.679029 -5.855165 -0.752427
7.097729 -16.825714 31.843833 56.007515 -0.678017 -5.836098 -0.750423
7.072008 -16.765298 31.737770 55.813674 -0.676984 -5.817068 -0.748481
7.046257 -16.704678 31.631607 55.619817 -0.675926 -5.798054 -0.746579
7.020487 -16.643887 31.525305 55.425887 -0.674838 -5.779039 -0.744700
6.994708 -16.582961 31.418821 55.231822 -0.673719 -5.760004 -0.742830
6.968937 -16.521936 31.312112 55.037556 -0.672565 -5.740932 -0.740953
6.943184 -16.460846 31.205134 54.843027 -0.671373 -5.721807 -0.739056
6.917464 -16.399725 31.097846 54.648175 -0.670139 -5.702609 -0.737120
6.891783 -16.338599 30.990211 54.452956 -0.668860 -5.683320 -0.735127
6.866147 -16.277488 30.882200 54.257344 -0.667529 -5.663916 -0.733048
6.840549 -16.216391 30.773807 54.061352 -0.666137 -5.644366 -0.730845
6.814974 -16.155276 30.665073 53.865049 -0.664668 -5.624625 -0.728465
6.789397 -16.094015 30.556310 53.668723 -0.663218 -5.605018 -0.726259
6.763799 -16.032575 30.447561 53.472445 -0.661771 -5.585497 -0.724172
6.738174 -15.970956 30.338821 53.276230 -0.660317 -5.566033 -0.722165
6.712522 -15.909175 30.230064 53.080055 -0.658850 -5.546600 -0.720211
6.686851 -15.847260 30.121252 52.883875 -0.657366 -5.527181 -0.718288
6.661171 -15.785241 30.012340 52.687633 -0.655860 -5.507755 -0.716379
6.635497 -15.723154 29.903285 52.491267 -0.654330 -5.488305 -0.714468
6.609842 -15.661032 29.794040 52.294713 -0.652772 -5.468815 -0.712540
6.584218 -15.598905 29.684562 52.097911 -0.651183 -5.449265 -0.710578
6.558635 -15.536803 29.574809 51.900816 -0.649557 -5.429636 -0.708562
6.533098 -15.474742 29.464749 51.703401 -0.647890 -5.409906 -0.706463
6.507599 -15.412723 29.354374 51.505675 -0.646171 -5.390044 -0.704244
6.482122 -15.350713 29.243722 51.307711 -0.644384 -5.370001 -0.701848
6.456634 -15.288580 29.133122 51.109806 -0.642624 -5.350104 -0.699629
6.431115 -15.226289 29.022617 50.912035 -0.640874 -5.330304 -0.697528
6.405558 -15.163842 28.912199 50.714408 -0.639125 -5.310569 -0.695508
6.379962 -15.101256 28.801837 50.516902 -0.637370 -5.290877 -0.693540
6.354338 -15.038559 28.691489 50.319468 -0.635605 -5.271207 -0.691604
6.328697 -14.975781 28.581111 50.122047 -0.633827 -5.251541 -0.689682
6.303055 -14.912955 28.470654 49.924573 -0.632030 -5.231863 -0.687761
6.277426 -14.850115 28.360071 49.726979 -0.630214 -5.212153 -0.685824
6.251825 -14.787292 28.249314 49.529205 -0.628373 -5.192395 -0.683855
6.226263 -14.724512 28.138340 49.331200 -0.626503 -5.172569 -0.681834
6.200743 -14.661793 28.027114 49.132935 -0.624598 -5.152654 -0.679735
6.175261 -14.599137 27.915623 48.934419 -0.622650 -5.132617 -0.677518
6.149793 -14.536508 27.803905 48.735727 -0.620640 -5.112411 -0.675125
6.124304 -14.473772 27.692307 48.537164 -0.618662 -5.092360 -0.672911
6.098769 -14.410893 27.580871 48.338808 -0.616701 -5.072413 -0.670816
6.073179 -14.347873 27.469585 48.140669 -0.614746 -5.052541 -0.668802
6.047537 -14.284730 27.358416 47.942718 -0.612790 -5.032719 -0.666841
6.021853 -14.221490 27.247319 47.744905 -0.610830 -5.012930 -0.664913
5.996141 -14.158185 27.136246 47.547165 -0.608862 -4.993154 -0.663003
5.970418 -14.094846 27.025149 47.349428 -0.606882 -4.973375 -0.661097
5.944704 -14.031508 26.913975 47.151620 -0.604888 -4.953576 -0.659181
5.919016 -13.968203 26.802675 46.953670 -0.602876 -4.933738 -0.657243
5.893370 -13.904961 26.691199 46.755510 -0.600843 -4.913844 -0.655266
5.867780 -13.841809 26.579501 46.557088 -0.598785 -4.893876 -0.653232
5.842250 -13.778764 26.467542 46.358372 -0.596695 -4.873811 -0.651114
5.816777 -13.715827 26.355304 46.159369 -0.594565 -4.853620 -0.648874
5.791334 -13.652965 26.242825 45.960153 -0.592376 -4.833253 -0.646451
5.765877 -13.590037 26.130473 45.761045 -0.590222 -4.813031 -0.644201
5.740381 -13.527009 26.018290 45.562123 -0.588085 -4.792906 -0.642062
5.714835 -13.463883 25.906259 45.363396 -0.585956 -4.772844 -0.639995
5.689243 -13.400677 25.794343 45.164833 -0.583828 -4.752825 -0.637974
5.663617 -13.337416 25.682495 44.966382 -0.581697 -4.732830 -0.635978
5.637973 -13.274132 25.570664 44.767978 -0.579560 -4.712840 -0.633991
5.612328 -13.210855 25.458801 44.569549 -0.577413 -4.692838 -0.632000
5.586703 -13.147617 25.346852 44.371025 -0.575253 -4.672807 -0.629991
5.561114 -13.084447 25.234766 44.172339 -0.573076 -4.652729 -0.627947
5.535575 -13.021371 25.122495 43.973435 -0.570878 -4.632586 -0.625850
5.510092 -12.958407 25.009997 43.774281 -0.568654 -4.612356 -0.623674
5.484660 -12.895556 24.897251 43.574882 -0.566393 -4.592009 -0.621379
5.459253 -12.832786 24.784291 43.375315 -0.564078 -4.571496 -0.618904
5.433815 -12.769953 24.671510 43.175913 -0.561801 -4.551136 -0.616604
5.408320 -12.707025 24.558946 42.976754 -0.559545 -4.530878 -0.614416
5.382757 -12.644003 24.446579 42.777847 -0.557299 -4.510691 -0.612301
5.357132 -12.580906 24.334370 42.579159 -0.555057 -4.490554 -0.610233
5.331456 -12.517761 24.222269 42.380636 -0.552816 -4.470449 -0.608191
5.305748 -12.454597 24.110224 42.182210 -0.550571 -4.450356 -0.606161
5.280027 -12.391443 23.998183 41.983808 -0.548320 -4.430260 -0.604129
5.254315 -12.328332 23.886091 41.785357 -0.546059 -4.410143 -0.602082
5.228629 -12.265291 23.773897 41.586787 -0.543785 -4.389986 -0.600003
5.202985 -12.202345 23.661549 41.388043 -0.541494 -4.369773 -0.597875
5.177391 -12.139513 23.549004 41.189087 -0.539180 -4.349483 -0.595672
5.151841 -12.076796 23.436236 40.989926 -0.536833 -4.329086 -0.593354
5.126305 -12.014164 23.323277 40.790638 -0.534435 -4.308530 -0.590859
5.100722 -11.951469 23.210545 40.591567 -0.532079 -4.288136 -0.588542
5.075059 -11.888680 23.098074 40.392794 -0.529744 -4.267849 -0.586338
5.049308 -11.825800 22.985842 40.194327 -0.527423 -4.247640 -0.584208
5.023474 -11.762849 22.873805 39.996130 -0.525109 -4.227488 -0.582127
4.997572 -11.699851 22.761913 39.798147 -0.522797 -4.207376 -0.580075
4.971621 -11.636836 22.650113 39.600306 -0.520485 -4.187284 -0.578038
4.945643 -11.573832 22.538350 39.402531 -0.518169 -4.167197 -0.576003
4.919663 -11.510871 22.426570 39.204743 -0.515847 -4.147097 -0.573958
4.893702 -11.447982 22.314716 39.006865 -0.513516 -4.126967 -0.571892
4.867784 -11.385192 22.202736 38.808824 -0.511171 -4.106790 -0.569791
4.841926 -11.322525 22.090576 38.610561 -0.508810 -4.086547 -0.567636
4.816136 -11.260000 21.978189 38.412036 -0.506427 -4.066220 -0.565402
4.790409 -11.197618 21.865546 38.213256 -0.504012 -4.045780 -0.563050
4.764714 -11.135350 21.752676 38.014299 -0.501547 -4.025174 -0.560515
4.738979 -11.073046 21.640023 37.815525 -0.499122 -4.004719 -0.558152
4.713171 -11.010679 21.527618 37.617015 -0.496720 -3.984361 -0.555896
4.687280 -10.948250 21.415436 37.418775 -0.494329 -3.964071 -0.553708
4.661314 -10.885780 21.303430 37.220771 -0.491945 -3.943829 -0.551560
4.635290 -10.823293 21.191547 37.022941 -0.489563 -3.923617 -0.549436
4.609228 -10.760817 21.079732 36.825216 -0.487180 -3.903418 -0.547320
4.583153 -10.698380 20.967930 36.627518 -0.484794 -3.883214 -0.545199
4.557089 -10.636010 20.856085 36.429772 -0.482400 -3.862989 -0.543061
4.531059 -10.573733 20.744141 36.231904 -0.479996 -3.842725 -0.540893
4.505082 -10.511574 20.632044 36.033853 -0.477579 -3.822404 -0.538675
4.479169 -10.449550 20.519745 35.835580 -0.475142 -3.802007 -0.536384
4.453314 -10.387665 20.407211 35.637088 -0.472676 -3.781508 -0.533978
4.427484 -10.325890 20.294466 35.438461 -0.470162 -3.760853 -0.531393
4.401598 -10.264077 20.181982 35.240068 -0.467692 -3.740355 -0.528983
4.375620 -10.202199 20.069788 35.041994 -0.465244 -3.719960 -0.526682
4.349542 -10.140259 19.957852 34.844245 -0.462809 -3.699641 -0.524450
4.323373 -10.078279 19.846125 34.646781 -0.460383 -3.679377 -0.522260
4.297130 -10.016281 19.734555 34.449544 -0.457960 -3.659151 -0.520096
4.270838 -9.954293 19.623084 34.252459 -0.455539 -3.638945 -0.517942
4.244522 -9.892342 19.511657 34.055449 -0.453116 -3.618744 -0.515786
4.218208 -9.830454 19.400216 33.858437 -0.450688 -3.598528 -0.513617
4.191921 -9.768657 19.288706 33.661349 -0.448252 -3.578283 -0.511421
4.165682 -9.706972 19.177069 33.464121 -0.445804 -3.557990 -0.509180
4.139503 -9.645416 19.065256 33.266714 -0.443339 -3.537630 -0.506870
4.113379 -9.583995 18.953230 33.069130 -0.440849 -3.517177 -0.504450
4.087275 -9.522682 18.841010 32.871454 -0.438312 -3.496580 -0.501853
4.061100 -9.461328 18.729097 32.674069 -0.435821 -3.476146 -0.499435
4.034816 -9.399909 18.617515 32.477061 -0.433352 -3.455821 -0.497127
4.008415 -9.338431 18.506229 32.280436 -0.430899 -3.435580 -0.494889
3.981909 -9.276913 18.395189 32.084153 -0.428455 -3.415402 -0.492696
3.955317 -9.215378 18.284339 31.888150 -0.426017 -3.395271 -0.490530
3.928665 -9.153852 18.173623 31.692354 -0.423582 -3.375169 -0.488379
3.901980 -9.092361 18.062984 31.496683 -0.421147 -3.355080 -0.486230
3.875292 -9.030932 17.952364 31.301056 -0.418709 -3.334987 -0.484074
3.848631 -8.969590 17.841704 31.105393 -0.416266 -3.314872 -0.481898
3.822023 -8.908359 17.730948 30.909618 -0.413815 -3.294721 -0.479691
3.795492 -8.847261 17.620038 30.713667 -0.411351 -3.274514 -0.477434
3.769053 -8.786312 17.508922 30.517498 -0.408871 -3.254234 -0.475105
3.742702 -8.725518 17.397559 30.321113 -0.406365 -3.233856 -0.472663
3.716401 -8.664852 17.285964 30.124600 -0.403813 -3.213330 -0.470039
3.690050 -8.604171 17.174668 29.928353 -0.401305 -3.192957 -0.467587
3.663610 -8.543451 17.063689 29.732464 -0.398819 -3.172685 -0.465240
3.637075 -8.482700 16.952990 29.536936 -0.396346 -3.152488 -0.462955
3.610456 -8.421936 16.842517 29.341728 -0.393882 -3.132347 -0.460709
3.583778 -8.361180 16.732215 29.146777 -0.391423 -3.112246 -0.458484
3.557067 -8.300459 16.622025 28.952009 -0.388966 -3.092168 -0.456267
3.530354 -8.239795 16.511890 28.757345 -0.386509 -3.072096 -0.454046
3.503669 -8.179215 16.401751 28.562705 -0.384048 -3.052013 -0.451810
3.477042 -8.118739 16.291550 28.368015 -0.381580 -3.031903 -0.449546
3.450498 -8.058391 16.181229 28.173210 -0.379103 -3.011748 -0.447238
3.424054 -7.998185 16.070734 27.978247 -0.376611 -2.991531 -0.444860
3.397706 -7.938127 15.960021 27.783128 -0.374096 -2.971228 -0.442373
3.371417 -7.878194 15.849100 27.587943 -0.371538 -2.950791 -0.439707
3.345077 -7.818247 15.738532 27.393100 -0.369024 -2.930513 -0.437217
3.318644 -7.758266 15.628329 27.198692 -0.366533 -2.910345 -0.434831
3.292114 -7.698257 15.518450 27.004722 -0.364057 -2.890262 -0.432510
3.265502 -7.638240 15.408841 26.811150 -0.361591 -2.870246 -0.430228
3.238832 -7.578236 15.299445 26.617910 -0.359132 -2.850279 -0.427968
3.212135 -7.518268 15.190203 26.424930 -0.356676 -2.830346 -0.425719
3.185443 -7.458360 15.081059 26.232129 -0.354221 -2.810430 -0.423468
3.158788 -7.398535 14.971951 26.039428 -0.351765 -2.790514 -0.421204
3.132203 -7.338814 14.862823 25.846754 -0.349304 -2.770581 -0.418916
3.105714 -7.279219 14.753615 25.654040 -0.346835 -2.750616 -0.416586
3.079340 -7.219763 14.644273 25.461244 -0.344354 -2.730601 -0.414190
3.053079 -7.160454 14.534751 25.268367 -0.341853 -2.710512 -0.411689
3.026893 -7.101270 14.425052 25.075503 -0.339310 -2.690304 -0.409011
3.000660 -7.042078 14.315767 24.883073 -0.336813 -2.670264 -0.406510
2.974340 -6.982860 14.206902 24.691172 -0.334340 -2.650344 -0.404115
2.947929 -6.923625 14.098415 24.499803 -0.331883 -2.630520 -0.401784
2.921444 -6.864390 13.990250 24.308926 -0.329438 -2.610774 -0.399494
2.894911 -6.805175 13.882350 24.118476 -0.327001 -2.591092 -0.397228
2.868364 -6.746004 13.774657 23.928378 -0.324569 -2.571455 -0.394975
2.841837 -6.686898 13.667112 23.738554 -0.322140 -2.551847 -0.392723
2.815365 -6.627879 13.559657 23.548922 -0.319712 -2.532253 -0.390462
2.788985 -6.568969 13.452232 23.359403 -0.317282 -2.512656 -0.388183
2.762730 -6.510188 13.344778 23.169922 -0.314846 -2.493040 -0.385872
2.736632 -6.451554 13.237237 22.980414 -0.312403 -2.473389 -0.383514
2.710709 -6.393081 13.129554 22.790837 -0.309948 -2.453685 -0.381087
2.684963 -6.334774 13.021679 22.601192 -0.307473 -2.433908 -0.378548
2.659354 -6.276618 12.913612 22.411577 -0.304957 -2.414014 -0.375827
2.633751 -6.218484 12.805974 22.222427 -0.302486 -2.394281 -0.373277
2.608114 -6.160358 12.698764 22.033839 -0.300037 -2.374665 -0.370823
2.582440 -6.102249 12.591939 21.845818 -0.297604 -2.355144 -0.368427
2.556750 -6.044174 12.485441 21.658323 -0.295181 -2.335700 -0.366064
2.531072 -5.986152 12.379214 21.471292 -0.292767 -2.316317 -0.363718
2.505441 -5.928204 12.273200 21.284650 -0.290357 -2.296979 -0.361377
2.479896 -5.870350 12.167340 21.098322 -0.287950 -2.277670 -0.359029
2.454472 -5.812611 12.061575 20.912230 -0.285544 -2.258374 -0.356665
2.429206 -5.755006 11.955847 20.726301 -0.283134 -2.239075 -0.354272
2.404131 -5.697552 11.850097 20.540472 -0.280719 -2.219756 -0.351834
2.379268 -5.640263 11.744270 20.354700 -0.278295 -2.200403 -0.349329
2.354621 -5.583145 11.638316 20.168991 -0.275853 -2.180994 -0.346716
2.330148 -5.526184 11.532227 19.983443 -0.273375 -2.161488 -0.343921
2.305711 -5.469262 11.426655 19.798505 -0.270941 -2.142157 -0.341298
2.281267 -5.412367 11.321595 19.614279 -0.268532 -2.122958 -0.338772
2.256818 -5.355510 11.216998 19.430769 -0.266140 -2.103870 -0.336304
2.232384 -5.298706 11.112810 19.247937 -0.263761 -2.084877 -0.333868
2.207997 -5.241975 11.008975 19.065720 -0.261391 -2.065962 -0.331450
2.183695 -5.185336 10.905434 18.884049 -0.259030 -2.047111 -0.329038
2.159515 -5.128809 10.802131 18.702847 -0.256673 -2.028307 -0.326620
2.135498 -5.072412 10.699005 18.522040 -0.254319 -2.009535 -0.324188
2.111682 -5.016165 10.596001 18.341558 -0.251965 -1.990778 -0.321728
2.088099 -4.960082 10.493061 18.161339 -0.249608 -1.972023 -0.319225
2.064775 -4.904178 10.390128 17.981343 -0.247244 -1.953251 -0.316657
2.041714 -4.848459 10.287156 17.801576 -0.244866 -1.934446 -0.313983
2.018872 -4.792914 10.184130 17.622144 -0.242455 -1.915568 -0.311129
1.996105 -4.737435 10.081729 17.443504 -0.240091 -1.896881 -0.308448
1.973367 -4.682014 9.979943 17.265765 -0.237752 -1.878346 -0.305864
1.950661 -4.626662 9.878726 17.088935 -0.235434 -1.859944 -0.303337
1.928011 -4.571394 9.778023 16.912975 -0.233131 -1.841658 -0.300844
1.905449 -4.516228 9.677779 16.737827 -0.230840 -1.823473 -0.298370
1.883014 -4.461183 9.577938 16.563423 -0.228560 -1.805374 -0.295903
1.860747 -4.406278 9.478442 16.389689 -0.226288 -1.787345 -0.293434
1.838689 -4.351531 9.379236 16.216552 -0.224022 -1.769371 -0.290952
1.816881 -4.296959 9.280263 16.043941 -0.221759 -1.751438 -0.288448
1.795363 -4.242579 9.181467 15.871787 -0.219497 -1.733531 -0.285912
1.774170 -4.188407 9.082793 15.700033 -0.217233 -1.715634 -0.283327
1.753327 -4.134456 8.984186 15.528641 -0.214964 -1.697732 -0.280671
1.732841 -4.080732 8.885598 15.357621 -0.212684 -1.679807 -0.277905
1.712667 -4.027226 8.787014 15.187085 -0.210372 -1.661826 -0.274954
1.692650 -3.973844 8.689140 15.017504 -0.208107 -1.644044 -0.272168
1.672747 -3.920582 8.591961 14.848991 -0.205869 -1.626425 -0.269474
1.652959 -3.867449 8.495432 14.681558 -0.203651 -1.608950 -0.266830
1.633313 -3.814462 8.399501 14.515172 -0.201451 -1.591605 -0.264214
1.613841 -3.761638 8.304115 14.349776 -0.199264 -1.574375 -0.261611
1.594585 -3.708996 8.209218 14.185308 -0.197090 -1.557245 -0.259010
1.575584 -3.656552 8.114758 14.021701 -0.194925 -1.540201 -0.256400
1.556881 -3.604326 8.020680 13.858887 -0.192767 -1.523227 -0.253773
1.538515 -3.552333 7.926930 13.696804 -0.190615 -1.506311 -0.251116
1.520522 -3.500589 7.833455 13.535398 -0.188465 -1.489436 -0.248415
1.502929 -3.449108 7.740205 13.374638 -0.186314 -1.472590 -0.245648
1.485740 -3.397898 7.647132 13.214536 -0.184156 -1.455754 -0.242776
1.468910 -3.346954 7.554221 13.055210 -0.181972 -1.438899 -0.239722
1.452276 -3.296197 7.462200 12.897146 -0.179838 -1.422273 -0.236839
1.435792 -3.245624 7.371055 12.740463 -0.177735 -1.405844 -0.234050
1.419461 -3.195249 7.280742 12.585177 -0.175657 -1.389594 -0.231316
1.403307 -3.145088 7.191212 12.431259 -0.173600 -1.373509 -0.228615
1.387365 -3.095159 7.102416 12.278660 -0.171562 -1.357576 -0.225931
1.371673 -3.045482 7.014301 12.127322 -0.169540 -1.341780 -0.223255
1.356273 -2.996075 6.926819 11.977182 -0.167533 -1.326108 -0.220577
1.341204 -2.946957 6.839918 11.828182 -0.165539 -1.310545 -0.217887
1.326505 -2.898146 6.753549 11.680264 -0.163554 -1.295079 -0.215175
1.312212 -2.849659 6.667664 11.533380 -0.161578 -1.279696 -0.212428
1.298348 -2.801511 6.582214 11.387504 -0.159606 -1.264381 -0.209622
1.284917 -2.753713 6.497158 11.242657 -0.157633 -1.249121 -0.206720
1.271871 -2.706264 6.412480 11.098964 -0.155640 -1.233887 -0.203645
1.259038 -2.659102 6.328932 10.956923 -0.153702 -1.218921 -0.200750
1.246368 -2.612229 6.246501 10.816663 -0.151800 -1.204196 -0.197958
1.233862 -2.565661 6.165147 10.678205 -0.149929 -1.189695 -0.195230
1.221542 -2.519418 6.084826 10.541528 -0.148084 -1.175405 -0.192545
1.209441 -2.473520 6.005494 10.406590 -0.146265 -1.161314 -0.189890
1.197594 -2.427989 5.927104 10.273340 -0.144468 -1.147407 -0.187254
1.186040 -2.382846 5.849613 10.141723 -0.142692 -1.133673 -0.184629
1.174817 -2.338113 5.772975 10.011685 -0.140936 -1.120098 -0.182007
1.163963 -2.293812 5.697147 9.883174 -0.139196 -1.106671 -0.179381
1.153512 -2.249965 5.622086 9.756141 -0.137473 -1.093378 -0.176740
1.143498 -2.206591 5.547749 9.630548 -0.135762 -1.080208 -0.174072
1.133939 -2.163711 5.474096 9.506377 -0.134061 -1.067147 -0.171356
1.124835 -2.121342 5.401092 9.383658 -0.132365 -1.054182 -0.168554
1.116132 -2.079491 5.328725 9.262527 -0.130657 -1.041290 -0.165590
1.107648 -2.038114 5.257770 9.143498 -0.129008 -1.028706 -0.162818
1.099329 -1.997223 5.188218 9.026707 -0.127400 -1.016405 -0.160161
1.091170 -1.956839 5.120037 8.912190 -0.125829 -1.004375 -0.157582
1.083189 -1.916990 5.053191 8.799933 -0.124291 -0.992602 -0.155060
1.075413 -1.877702 4.987644 8.689905 -0.122784 -0.981075 -0.152584
1.067874 -1.839004 4.923358 8.582066 -0.121307 -0.969781 -0.150144
1.060603 -1.800927 4.860298 8.476373 -0.119858 -0.958709 -0.147732
1.053632 -1.763499 4.798428 8.372785 -0.118434 -0.947847 -0.145343
1.046992 -1.726751 4.737713 8.271266 -0.117035 -0.937184 -0.142967
1.040708 -1.690715 4.678121 8.171786 -0.115658 -0.926708 -0.140593
1.034795 -1.655420 4.619620 8.074341 -0.114301 -0.916408 -0.138201
1.029243 -1.620895 4.562184 7.978971 -0.112958 -0.906270 -0.135756
1.023994 -1.587162 4.505811 7.885824 -0.111612 -0.896274 -0.133182
1.018855 -1.554198 4.451297 7.795430 -0.110335 -0.886653 -0.130834
1.013763 -1.522031 4.398640 7.707938 -0.109109 -0.877383 -0.128637
1.008707 -1.490698 4.347820 7.623396 -0.107930 -0.868452 -0.126555
1.003697 -1.460237 4.298811 7.541803 -0.106794 -0.859849 -0.124569
0.998756 -1.430692 4.251589 7.463140 -0.105699 -0.851562 -0.122670
0.993905 -1.402107 4.206127 7.387380 -0.104645 -0.843581 -0.120851
0.989170 -1.374528 4.162404 7.314495 -0.103630 -0.835894 -0.119106
0.984575 -1.348002 4.120395 7.244457 -0.102651 -0.828491 -0.117431
0.980142 -1.322580 4.080079 7.177243 -0.101709 -0.821360 -0.115818
0.975889 -1.298310 4.041436 7.112841 -0.100800 -0.814491 -0.114259
0.971822 -1.275243 4.004449 7.051260 -0.099923 -0.807873 -0.112736
0.967923 -1.253430 3.969106 6.992558 -0.099072 -0.801495 -0.111215
0.964125 -1.232914 3.935418 6.936899 -0.098231 -0.795337 -0.109623
0.960221 -1.213703 3.904201 6.884834 -0.097472 -0.789632 -0.108316
0.956142 -1.195843 3.875468 6.836533 -0.096776 -0.784360 -0.107220
0.951866 -1.179388 3.849212 6.792063 -0.096140 -0.779513 -0.106301
0.947395 -1.164392 3.825422 6.751447 -0.095561 -0.775086 -0.105541
0.942740 -1.150904 3.804084 6.714691 -0.095039 -0.771074 -0.104929
0.937914 -1.138965 3.785185 6.681797 -0.094573 -0.767478 -0.104458
0.932932 -1.128606 3.768708 6.652765 -0.094163 -0.764306 -0.104120
0.927812 -1.119834 3.754636 6.627600 -0.093812 -0.761570 -0.103907
0.922572 -1.112626 3.742943 6.606308 -0.093520 -0.759299 -0.103811
0.917234 -1.106911 3.733594 6.588892 -0.093294 -0.757536 -0.103824
0.911831 -1.102548 3.726540 6.575343 -0.093141 -0.756352 -0.103942
0.906423 -1.099292 3.721707 6.565616 -0.093076 -0.755852 -0.104172
0.901138 -1.096747 3.718988 6.559554 -0.093119 -0.756192 -0.104562
0.896302 -1.094277 3.718254 6.556660 -0.093290 -0.757411 -0.105180
0.893115 -1.090277 3.718136 6.554889 -0.093318 -0.757545 -0.105579
