1.747000 -5.290000 30.052007 -8.279026 0.000000 -0.000000 0.000000
1.790725 -5.293059 29.605026 -8.332853 -0.027174 -0.075661 -0.010513
1.843564 -5.289150 29.157138 -8.403196 -0.063933 -0.123057 -0.030569
1.891657 -5.280457 28.709690 -8.476492 -0.103140 -0.156566 -0.052283
1.927468 -5.267752 28.263045 -8.548463 -0.143658 -0.181639 -0.072843
1.947634 -5.251025 27.817427 -8.618773 -0.184824 -0.201988 -0.091327
1.951186 -5.230384 27.372907 -8.687473 -0.226391 -0.219031 -0.107642
1.938557 -5.205913 26.929515 -8.755004 -0.268244 -0.233598 -0.121877
1.910913 -5.177682 26.487263 -8.821989 -0.310334 -0.246232 -0.134202
1.869728 -5.145771 26.046151 -8.889068 -0.352645 -0.257296 -0.144813
1.816550 -5.110277 25.606174 -8.956823 -0.395185 -0.267046 -0.153899
1.752876 -5.071316 25.167320 -9.025751 -0.437970 -0.275661 -0.161623
1.680087 -5.029018 24.729576 -9.096245 -0.481023 -0.283276 -0.168119
1.599410 -4.983537 24.292926 -9.168578 -0.524368 -0.289989 -0.173472
1.511891 -4.935056 23.857355 -9.242841 -0.568031 -0.295862 -0.177714
1.418346 -4.883803 23.422805 -9.318700 -0.611666 -0.300906 -0.181348
1.319635 -4.829948 22.989256 -9.396195 -0.655301 -0.305148 -0.184380
1.216561 -4.773690 22.556685 -9.475366 -0.698970 -0.308555 -0.186883
1.109787 -4.715135 22.125084 -9.556494 -0.742685 -0.311324 -0.188863
0.999966 -4.654400 21.694442 -9.639838 -0.786466 -0.313573 -0.190388
0.887692 -4.591612 21.264740 -9.725604 -0.830338 -0.315375 -0.191517
0.773492 -4.526907 20.835963 -9.813950 -0.874324 -0.316795 -0.192293
0.657815 -4.460411 20.408108 -9.904992 -0.918364 -0.318048 -0.192747
0.540925 -4.391822 19.986822 -9.998934 -0.962594 -0.318920 -0.192937
0.423098 -4.320880 19.576894 -10.095968 -1.007116 -0.319263 -0.192921
0.304630 -4.247696 19.178265 -10.196107 -1.051882 -0.319248 -0.192690
0.185755 -4.172406 18.790727 -10.299313 -1.096912 -0.318917 -0.192209
0.066628 -4.095158 18.414062 -10.405455 -1.142232 -0.318285 -0.191408
-0.052758 -4.016174 18.047550 -10.513968 -1.187477 -0.317368 -0.190699
-0.172296 -3.935586 17.690979 -10.624724 -1.232673 -0.316171 -0.190009
-0.291849 -3.853505 17.344144 -10.737698 -1.277847 -0.314712 -0.189309
-0.411271 -3.770030 17.006848 -10.852914 -1.323024 -0.313011 -0.188582
-0.530423 -3.685256 16.678893 -10.970415 -1.368231 -0.311085 -0.187824
-0.649171 -3.599271 16.360090 -11.090253 -1.413497 -0.308952 -0.187030
-0.767393 -3.512160 16.050253 -11.212482 -1.458849 -0.306627 -0.186197
-0.884977 -3.424006 15.749202 -11.337158 -1.504313 -0.304126 -0.185322
-1.001819 -3.334887 15.456761 -11.464333 -1.549919 -0.301465 -0.184401
-1.117827 -3.244881 15.172762 -11.594054 -1.595692 -0.298658 -0.183425
-1.232921 -3.154060 14.897040 -11.726356 -1.641661 -0.295718 -0.182383
-1.347036 -3.062500 14.629438 -11.861255 -1.687853 -0.292659 -0.181252
-1.460139 -2.970275 14.369806 -11.998713 -1.734292 -0.289490 -0.179991
-1.572256 -2.877469 14.117990 -12.138588 -1.781007 -0.286209 -0.178518
-1.683555 -2.784237 13.873346 -12.280311 -1.827631 -0.282829 -0.177233
-1.794068 -2.690653 13.635728 -12.423740 -1.874192 -0.279346 -0.176055
-1.903779 -2.596778 13.405002 -12.568841 -1.920715 -0.275767 -0.174939
-2.012648 -2.502662 13.181037 -12.715630 -1.967229 -0.272103 -0.173862
-2.120628 -2.408354 12.963705 -12.864143 -2.013760 -0.268362 -0.172808
-2.227668 -2.313898 12.752880 -13.014430 -2.060336 -0.264555 -0.171766
-2.333719 -2.219335 12.548442 -13.166543 -2.106986 -0.260689 -0.170726
-2.438731 -2.124707 12.350274 -13.320536 -2.153738 -0.256775 -0.169676
-2.542661 -2.030050 12.158262 -13.476457 -2.200620 -0.252820 -0.168604
-2.645472 -1.935403 11.972298 -13.634349 -2.247659 -0.248833 -0.167494
-2.747138 -1.840802 11.792278 -13.794228 -2.294884 -0.244820 -0.166319
-2.847662 -1.746285 11.618103 -13.956064 -2.342320 -0.240787 -0.165035
-2.947098 -1.651898 11.449666 -14.119724 -2.389999 -0.236722 -0.163558
-3.045641 -1.557756 11.286380 -14.284651 -2.437549 -0.232647 -0.162286
-3.143349 -1.463900 11.128145 -14.450712 -2.485001 -0.228550 -0.161134
-3.240225 -1.370358 10.974873 -14.617882 -2.532382 -0.224435 -0.160058
-3.336252 -1.277153 10.826481 -14.786183 -2.579719 -0.220307 -0.159033
-3.431399 -1.184306 10.682885 -14.955662 -2.627041 -0.216172 -0.158041
-3.525634 -1.091836 10.544006 -15.126377 -2.674376 -0.212036 -0.157068
-3.618922 -0.999758 10.409767 -15.298389 -2.721753 -0.207905 -0.156102
-3.711228 -0.908088 10.280092 -15.471760 -2.769200 -0.203783 -0.155133
-3.802521 -0.816841 10.154912 -15.646549 -2.816747 -0.199677 -0.154146
-3.892775 -0.726029 10.034157 -15.822806 -2.864421 -0.195590 -0.153123
-3.981977 -0.635668 9.917763 -16.000557 -2.912252 -0.191527 -0.152038
-4.070138 -0.545771 9.805669 -16.179780 -2.960266 -0.187490 -0.150845
-4.157322 -0.456361 9.697801 -16.360351 -3.008494 -0.183458 -0.149461
-4.243729 -0.367530 9.593615 -16.541730 -3.056565 -0.179466 -0.148282
-4.329421 -0.279300 9.493044 -16.723796 -3.104510 -0.175496 -0.147226
-4.414410 -0.191678 9.396034 -16.906531 -3.152355 -0.171548 -0.146248
-4.498684 -0.104670 9.302536 -17.089967 -3.200130 -0.167625 -0.145322
-4.582220 -0.018281 9.212500 -17.274159 -3.247863 -0.163731 -0.144429
-4.664989 0.067487 9.125879 -17.459172 -3.295583 -0.159869 -0.143557
-4.746960 0.152634 9.042627 -17.645079 -3.343319 -0.156043 -0.142693
-4.828102 0.237160 8.962702 -17.831953 -3.391101 -0.152256 -0.141827
-4.908387 0.321064 8.886061 -18.019865 -3.438956 -0.148511 -0.140946
-4.987787 0.404347 8.812665 -18.208885 -3.486916 -0.144812 -0.140038
-5.066279 0.487012 8.742479 -18.399070 -3.535008 -0.141161 -0.139084
-5.143856 0.569060 8.675467 -18.590453 -3.583261 -0.137559 -0.138056
-5.220531 0.650490 8.611596 -18.783021 -3.631704 -0.134005 -0.136910
-5.296370 0.731294 8.550814 -18.976658 -3.680368 -0.130473 -0.135563
-5.371569 0.811393 8.492621 -19.170843 -3.728880 -0.127011 -0.134412
-5.446192 0.890779 8.436970 -19.365466 -3.777271 -0.123594 -0.133376
-5.520252 0.969455 8.383833 -19.560513 -3.825571 -0.120221 -0.132410
-5.593739 1.047427 8.333187 -19.756025 -3.873806 -0.116893 -0.131487
-5.666632 1.124701 8.285008 -19.952062 -3.922008 -0.113612 -0.130588
-5.738902 1.201285 8.239275 -20.148698 -3.970204 -0.110379 -0.129701
-5.810522 1.277188 8.195967 -20.346010 -4.018426 -0.107197 -0.128813
-5.881462 1.352419 8.155065 -20.544075 -4.066701 -0.104068 -0.127911
-5.951697 1.426988 8.116551 -20.742967 -4.115061 -0.100993 -0.126981
-6.021204 1.500903 8.080409 -20.942748 -4.163533 -0.097974 -0.126006
-6.089976 1.574176 8.046625 -21.143458 -4.212148 -0.095010 -0.124956
-6.158027 1.646813 8.015184 -21.345087 -4.260934 -0.092098 -0.123788
-6.225421 1.718813 7.986045 -21.547525 -4.309924 -0.089207 -0.122420
-6.292349 1.790102 7.958743 -21.750271 -4.358742 -0.086397 -0.121248
-6.358871 1.860678 7.933241 -21.953218 -4.407421 -0.083641 -0.120195
-6.425002 1.930551 7.909530 -22.156361 -4.455990 -0.080934 -0.119214
-6.490731 1.999731 7.887603 -22.359742 -4.504478 -0.078275 -0.118279
-6.556036 2.068232 7.867453 -22.563426 -4.552914 -0.075667 -0.117370
-6.620889 2.136065 7.849076 -22.767490 -4.601328 -0.073110 -0.116476
-6.685263 2.203246 7.832467 -22.972018 -4.649750 -0.070605 -0.115582
-6.749127 2.269788 7.817622 -23.177090 -4.698210 -0.068153 -0.114676
-6.812454 2.335706 7.804540 -23.382783 -4.746737 -0.065755 -0.113744
-6.875225 2.401013 7.793220 -23.589164 -4.795360 -0.063413 -0.112768
-6.937429 2.465725 7.783661 -23.796274 -4.844110 -0.061123 -0.111719
-6.999083 2.529854 7.775860 -24.004107 -4.893016 -0.058879 -0.110552
-7.060248 2.593399 7.769781 -24.212556 -4.942113 -0.056649 -0.109188
-7.121104 2.656290 7.764993 -24.421140 -4.991020 -0.054504 -0.108025
-7.181713 2.718526 7.761465 -24.629757 -5.039771 -0.052413 -0.106984
-7.242087 2.780120 7.759196 -24.838403 -5.088396 -0.050371 -0.106020
-7.302215 2.841086 7.758193 -25.047122 -5.136925 -0.048376 -0.105107
-7.362076 2.901440 7.758461 -25.255983 -5.185387 -0.046427 -0.104226
-7.421641 2.961197 7.760007 -25.465067 -5.233812 -0.044526 -0.103364
-7.480879 3.020375 7.762838 -25.674460 -5.282230 -0.042674 -0.102507
-7.539759 3.078990 7.766963 -25.884249 -5.330671 -0.040871 -0.101646
-7.598251 3.137060 7.772390 -26.094521 -5.379163 -0.039117 -0.100767
-7.656328 3.194602 7.779129 -26.305357 -5.427738 -0.037413 -0.099856
-7.713968 3.251634 7.787190 -26.516822 -5.476426 -0.035759 -0.098894
-7.771163 3.308171 7.796583 -26.728962 -5.525254 -0.034151 -0.097854
-7.827926 3.364228 7.807310 -26.941768 -5.574255 -0.032580 -0.096689
-7.884318 3.419806 7.819342 -27.155141 -5.623463 -0.031010 -0.095325
-7.940508 3.474833 7.832276 -27.368618 -5.672496 -0.029527 -0.094156
-7.996554 3.529309 7.846085 -27.582102 -5.721388 -0.028098 -0.093108
-8.052469 3.583247 7.860777 -27.795589 -5.770170 -0.026713 -0.092134
-8.108240 3.636662 7.876364 -28.009124 -5.818871 -0.025371 -0.091209
-8.163845 3.689573 7.892864 -28.222777 -5.867521 -0.024070 -0.090313
-8.219256 3.741998 7.910292 -28.436629 -5.916151 -0.022812 -0.089430
-8.274441 3.793953 7.928664 -28.650765 -5.964789 -0.021595 -0.088549
-8.329369 3.845458 7.947998 -28.865272 -6.013467 -0.020421 -0.087656
-8.384014 3.896530 7.968310 -29.080229 -6.062214 -0.019288 -0.086736
-8.438352 3.947190 7.989619 -29.295705 -6.111060 -0.018197 -0.085770
-8.492375 3.997452 8.011941 -29.511741 -6.160035 -0.017143 -0.084728
-8.546095 4.047333 8.035283 -29.728331 -6.209170 -0.016114 -0.083565
-8.599569 4.096830 8.059612 -29.945378 -6.258500 -0.015070 -0.082209
-8.652958 4.145870 8.084558 -30.162438 -6.307642 -0.014114 -0.081053
-8.706315 4.194452 8.110093 -30.379417 -6.356629 -0.013208 -0.080023
-8.759651 4.242588 8.136227 -30.596312 -6.405494 -0.012341 -0.079077
-8.812955 4.290294 8.162979 -30.813166 -6.454265 -0.011509 -0.078185
-8.866203 4.337588 8.190372 -31.030049 -6.502973 -0.010713 -0.077328
-8.919365 4.384488 8.218427 -31.247042 -6.551649 -0.009951 -0.076491
-8.972411 4.431013 8.247167 -31.464232 -6.600321 -0.009224 -0.075661
-9.025309 4.477182 8.276614 -31.681703 -6.649020 -0.008531 -0.074824
-9.078030 4.523013 8.306793 -31.899537 -6.697776 -0.007872 -0.073964
-9.130552 4.568524 8.337725 -32.117798 -6.746619 -0.007244 -0.073062
-9.182865 4.613734 8.369429 -32.336530 -6.795580 -0.006644 -0.072087
-9.234983 4.658654 8.401916 -32.555724 -6.844689 -0.006057 -0.070996
-9.286959 4.703282 8.435151 -32.775286 -6.893982 -0.005442 -0.069718
-9.338942 4.747542 8.468790 -32.994791 -6.943074 -0.004912 -0.068644
-9.390983 4.791430 8.502805 -33.214148 -6.991999 -0.004430 -0.067704
-9.443094 4.834957 8.537207 -33.433352 -7.040789 -0.003981 -0.066855
-9.495262 4.878138 8.572019 -33.652447 -7.089474 -0.003562 -0.066068
-9.547463 4.920993 8.607267 -33.871502 -7.138083 -0.003172 -0.065323
-9.599667 4.963537 8.642976 -34.090598 -7.186647 -0.002809 -0.064606
-9.651841 5.005792 8.679175 -34.309822 -7.235195 -0.002474 -0.063902
-9.703952 5.047774 8.715889 -34.529265 -7.283759 -0.002167 -0.063200
-9.755967 5.089505 8.753145 -34.749013 -7.332367 -0.001886 -0.062487
-9.807858 5.131002 8.790972 -34.969146 -7.381050 -0.001632 -0.061746
-9.859601 5.172284 8.829394 -35.189730 -7.429839 -0.001400 -0.060957
-9.911187 5.213368 8.868434 -35.410803 -7.478763 -0.001186 -0.060090
-9.962629 5.254264 8.908099 -35.632359 -7.527855 -0.000973 -0.059102
-10.013978 5.294967 8.948354 -35.854305 -7.577149 -0.000719 -0.057925
-10.065370 5.335399 8.988885 -36.076236 -7.626258 -0.000550 -0.056948
-10.116856 5.375553 9.029660 -36.298064 -7.675218 -0.000426 -0.056103
-10.168443 5.415440 9.070691 -36.519783 -7.724061 -0.000332 -0.055348
-10.220120 5.455073 9.112002 -36.741434 -7.772815 -0.000264 -0.054652
-10.271865 5.494471 9.153622 -36.963083 -7.821512 -0.000218 -0.053996
-10.323646 5.533651 9.195579 -37.184808 -7.870182 -0.000193 -0.053363
-10.375432 5.572632 9.237906 -37.406695 -7.918855 -0.000190 -0.052738
-10.427190 5.611434 9.280630 -37.628826 -7.967560 -0.000207 -0.052108
-10.478894 5.650074 9.323783 -37.851278 -8.016329 -0.000242 -0.051454
-10.530519 5.688570 9.367391 -38.074113 -8.065192 -0.000292 -0.050756
-10.582057 5.726939 9.411478 -38.297370 -8.114178 -0.000350 -0.049983
-10.633518 5.765188 9.456050 -38.521039 -8.163321 -0.000398 -0.049093
-10.684952 5.803308 9.501069 -38.745029 -8.212655 -0.000393 -0.048019
-10.736483 5.841221 9.546248 -38.968956 -8.261792 -0.000472 -0.047149
-10.788159 5.878918 9.591553 -39.192732 -8.310768 -0.000595 -0.046417
-10.839988 5.916406 9.636995 -39.416351 -8.359614 -0.000746 -0.045781
-10.891957 5.953699 9.682598 -39.639852 -8.408360 -0.000917 -0.045211
-10.944044 5.990813 9.728392 -39.863298 -8.457037 -0.001106 -0.044686
-10.996219 6.027767 9.774409 -40.086766 -8.505675 -0.001312 -0.044188
-11.048449 6.064578 9.820681 -40.310339 -8.554304 -0.001533 -0.043704
-11.100704 6.101267 9.867240 -40.534097 -8.602954 -0.001768 -0.043217
-11.152954 6.137849 9.914117 -40.758115 -8.651656 -0.002015 -0.042710
-11.205178 6.174344 9.961341 -40.982455 -8.700440 -0.002270 -0.042161
-11.257367 6.210765 10.008933 -41.207149 -8.749337 -0.002524 -0.041540
-11.309531 6.247118 10.056898 -41.432189 -8.798378 -0.002758 -0.040803
-11.361715 6.283392 10.105199 -41.657486 -8.847599 -0.002930 -0.039890
-11.414036 6.319507 10.153570 -41.882673 -8.896612 -0.003185 -0.039182
-11.466538 6.355452 10.201976 -42.107665 -8.945449 -0.003484 -0.038618
-11.519227 6.391232 10.250428 -42.332456 -8.994145 -0.003809 -0.038155
-11.572093 6.426859 10.298948 -42.557082 -9.042728 -0.004152 -0.037765
-11.625112 6.462349 10.347567 -42.781606 -9.091230 -0.004509 -0.037426
-11.678253 6.497722 10.396318 -43.006104 -9.139680 -0.004880 -0.037121
-11.731485 6.532994 10.445234 -43.230659 -9.188109 -0.005262 -0.036835
-11.784773 6.568185 10.494349 -43.455355 -9.236546 -0.005654 -0.036554
-11.838086 6.603314 10.543697 -43.680274 -9.285023 -0.006055 -0.036264
-11.891394 6.638399 10.593308 -43.905490 -9.333568 -0.006462 -0.035946
-11.944678 6.673457 10.643211 -44.131063 -9.382213 -0.006870 -0.035578
-11.997926 6.708501 10.693427 -44.357022 -9.430988 -0.007269 -0.035131
-12.051151 6.743535 10.743959 -44.583359 -9.479926 -0.007639 -0.034563
-12.104394 6.778543 10.794767 -44.809987 -9.529061 -0.007938 -0.033812
-12.157761 6.813449 10.845610 -45.036558 -9.578003 -0.008321 -0.033261
-12.211293 6.848238 10.896453 -45.262991 -9.626788 -0.008748 -0.032849
-12.264997 6.882913 10.947303 -45.489276 -9.675446 -0.009200 -0.032534
-12.318862 6.917486 10.998183 -45.715447 -9.724009 -0.009669 -0.032287
-12.372865 6.951972 11.049122 -45.941561 -9.772507 -0.010150 -0.032086
-12.426979 6.986390 11.100153 -46.167691 -9.820970 -0.010640 -0.031912
-12.481173 7.020757 11.151312 -46.393913 -9.869429 -0.011136 -0.031748
-12.535416 7.055092 11.202630 -46.620303 -9.917913 -0.011638 -0.031578
-12.589681 7.089413 11.254139 -46.846931 -9.966453 -0.012140 -0.031383
-12.643948 7.123736 11.305868 -47.073850 -10.015080 -0.012637 -0.031141
-12.698207 7.158073 11.357836 -47.301090 -10.063824 -0.013117 -0.030820
-12.752469 7.192424 11.410043 -47.528639 -10.112718 -0.013561 -0.030379
-12.806772 7.226775 11.462451 -47.756414 -10.161796 -0.013925 -0.029760
-12.861214 7.261047 11.514837 -47.984082 -10.210667 -0.014374 -0.029342
-12.915832 7.295224 11.567168 -48.211565 -10.259367 -0.014868 -0.029066
-12.970633 7.329307 11.619448 -48.438853 -10.307927 -0.015388 -0.028891
-13.025605 7.363308 11.671698 -48.665976 -10.356377 -0.015923 -0.028787
-13.080728 7.397240 11.723947 -48.892990 -10.404749 -0.016468 -0.028732
-13.135973 7.431122 11.776229 -49.119962 -10.453073 -0.017019 -0.028707
-13.191310 7.464973 11.828577 -49.346967 -10.501378 -0.017574 -0.028694
-13.246710 7.498809 11.881024 -49.574078 -10.549695 -0.018130 -0.028676
-13.302147 7.532650 11.933601 -49.801360 -10.598054 -0.018681 -0.028634
-13.357601 7.566510 11.986336 -50.028866 -10.646485 -0.019222 -0.028544
-13.413063 7.600399 12.039245 -50.256622 -10.695021 -0.019740 -0.028376
-13.468542 7.634318 12.092327 -50.484614 -10.743692 -0.020213 -0.028089
-13.524075 7.668247 12.145544 -50.712764 -10.792532 -0.020601 -0.027629
-13.579750 7.702113 12.198693 -50.940753 -10.841152 -0.021074 -0.027368
-13.635602 7.735896 12.251739 -51.168507 -10.889584 -0.021593 -0.027252
-13.691637 7.769596 12.304685 -51.396015 -10.937861 -0.022139 -0.027241
-13.747843 7.803222 12.357550 -51.623306 -10.986013 -0.022701 -0.027305
-13.804200 7.836791 12.410363 -51.850433 -11.034072 -0.023271 -0.027422
-13.860680 7.870319 12.463156 -52.077464 -11.082066 -0.023846 -0.027572
-13.917251 7.903825 12.515963 -52.304475 -11.130026 -0.024424 -0.027740
-13.973883 7.937328 12.568818 -52.531541 -11.177981 -0.025001 -0.027910
-14.030545 7.970848 12.621753 -52.758737 -11.225963 -0.025573 -0.028064
-14.087211 8.004403 12.674799 -52.986127 -11.274000 -0.026137 -0.028183
-14.143863 8.038007 12.727980 -53.213761 -11.322124 -0.026683 -0.028245
-14.200491 8.071670 12.781312 -53.441664 -11.370365 -0.027199 -0.028219
-14.257104 8.105390 12.834793 -53.669822 -11.418755 -0.027663 -0.028065
-14.313736 8.139148 12.888383 -53.898159 -11.467327 -0.028035 -0.027730
-14.370466 8.172871 12.941898 -54.126372 -11.515692 -0.028492 -0.027585
-14.427326 8.206538 12.995304 -54.354389 -11.563881 -0.028997 -0.027578
-14.484323 8.240149 13.048601 -54.582197 -11.611927 -0.029528 -0.027668
-14.541445 8.273713 13.101807 -54.809821 -11.659861 -0.030074 -0.027825
-14.598674 8.307244 13.154948 -55.037310 -11.707712 -0.030626 -0.028026
-14.655983 8.340760 13.208054 -55.264726 -11.755511 -0.031180 -0.028252
-14.713345 8.374278 13.261158 -55.492134 -11.803288 -0.031731 -0.028482
-14.770732 8.407817 13.314290 -55.719601 -11.851073 -0.032275 -0.028699
-14.828119 8.441395 13.367479 -55.947187 -11.898896 -0.032805 -0.028882
-14.885489 8.475026 13.420747 -56.174935 -11.946787 -0.033312 -0.029007
-14.942834 8.508718 13.474109 -56.402868 -11.994776 -0.033783 -0.029044
-15.000160 8.542468 13.527560 -56.630970 -12.042897 -0.034194 -0.028954
-15.057498 8.576256 13.581062 -56.859167 -12.091182 -0.034507 -0.028684
-15.114922 8.610011 13.634446 -57.087170 -12.139239 -0.034905 -0.028604
-15.172459 8.643712 13.687679 -57.314908 -12.187101 -0.035352 -0.028660
-15.230116 8.677357 13.740758 -57.542367 -12.234801 -0.035825 -0.028816
-15.287881 8.710954 13.793700 -57.769570 -12.282368 -0.036311 -0.029039
-15.345736 8.744516 13.846530 -57.996563 -12.329833 -0.036803 -0.029308
-15.403656 8.778062 13.899275 -58.223402 -12.377225 -0.037294 -0.029600
-15.461613 8.811608 13.951965 -58.450150 -12.424575 -0.037779 -0.029897
-15.519581 8.845175 14.004631 -58.676871 -12.471912 -0.038251 -0.030180
-15.577537 8.878778 14.057299 -58.903620 -12.519267 -0.038705 -0.030428
-15.635462 8.912432 14.109990 -59.130438 -12.566668 -0.039130 -0.030616
-15.693348 8.946143 14.162716 -59.357343 -12.614147 -0.039512 -0.030715
-15.751203 8.979909 14.215470 -59.584321 -12.661736 -0.039826 -0.030685
-15.809054 9.013707 14.268216 -59.811299 -12.709465 -0.040038 -0.030478
-15.866966 9.047470 14.320798 -60.038001 -12.756945 -0.040333 -0.030457
-15.924965 9.081175 14.373182 -60.264358 -12.804207 -0.040676 -0.030575
-15.983056 9.114821 14.425367 -60.490356 -12.851283 -0.041047 -0.030792
-16.041228 9.148414 14.477365 -60.716018 -12.898202 -0.041430 -0.031079
-16.099462 9.181969 14.529199 -60.941386 -12.944995 -0.041817 -0.031413
-16.157731 9.215504 14.580897 -61.166518 -12.991690 -0.042201 -0.031774
-16.216008 9.249036 14.632488 -61.391478 -13.038318 -0.042578 -0.032143
-16.274263 9.282587 14.684002 -61.616332 -13.084908 -0.042941 -0.032503
-16.332471 9.316177 14.735466 -61.841143 -13.131489 -0.043285 -0.032836
-16.390605 9.349821 14.786905 -62.065965 -13.178090 -0.043602 -0.033120
-16.448650 9.383534 14.838339 -62.290838 -13.224741 -0.043883 -0.033333
-16.506596 9.417324 14.889777 -62.515780 -13.271472 -0.044110 -0.033444
-16.564448 9.451185 14.941209 -62.740772 -13.318315 -0.044262 -0.033416
-16.622232 9.485097 14.992603 -62.965747 -13.365300 -0.044302 -0.033202
-16.680007 9.518993 15.043812 -63.190438 -13.412037 -0.044422 -0.033162
-16.737796 9.552853 15.094805 -63.414779 -13.458555 -0.044589 -0.033249
-16.795602 9.586672 15.145576 -63.638753 -13.504887 -0.044779 -0.033425
-16.853415 9.620458 15.196137 -63.862377 -13.551062 -0.044978 -0.033661
-16.911217 9.654223 15.246506 -64.085689 -13.597109 -0.045176 -0.033932
-16.968985 9.687986 15.296708 -64.308737 -13.643058 -0.045363 -0.034217
-17.026694 9.721763 15.346766 -64.531576 -13.688937 -0.045534 -0.034495
-17.084318 9.755574 15.396707 -64.754260 -13.734776 -0.045681 -0.034747
-17.141835 9.789435 15.446552 -64.976836 -13.780603 -0.045794 -0.034950
-17.199228 9.823358 15.496317 -65.199337 -13.826448 -0.045862 -0.035080
-17.256489 9.857351 15.546007 -65.421777 -13.872341 -0.045868 -0.035108
-17.313622 9.891408 15.595615 -65.644135 -13.918313 -0.045790 -0.034995
-17.370649 9.925507 15.645105 -65.866345 -13.964392 -0.045592 -0.034696
-17.427623 9.959586 15.694342 -66.088148 -14.010188 -0.045470 -0.034568
-17.484565 9.993622 15.743294 -66.309478 -14.055731 -0.045391 -0.034566
-17.541476 10.027611 15.791955 -66.530318 -14.101051 -0.045332 -0.034652
-17.598346 10.061561 15.840332 -66.750680 -14.146177 -0.045278 -0.034796
-17.655157 10.095483 15.888442 -66.970598 -14.191139 -0.045217 -0.034974
-17.711887 10.129394 15.936305 -67.190117 -14.235964 -0.045140 -0.035165
-17.768510 10.163312 15.983945 -67.409285 -14.280682 -0.045039 -0.035347
-17.825001 10.197256 16.031381 -67.628152 -14.325319 -0.044905 -0.035500
-17.881339 10.231241 16.078634 -67.846760 -14.369906 -0.044729 -0.035602
-17.937506 10.265281 16.125716 -68.065140 -14.414470 -0.044499 -0.035629
-17.993494 10.299380 16.172630 -68.283301 -14.459040 -0.044196 -0.035550
-18.049305 10.333533 16.219366 -68.501220 -14.503646 -0.043798 -0.035330
-18.104958 10.367720 16.265890 -68.718833 -14.548317 -0.043271 -0.034923
-18.160501 10.401878 16.312074 -68.935889 -14.592661 -0.042814 -0.034685
-18.215951 10.435987 16.357885 -69.152324 -14.636707 -0.042395 -0.034571
-18.271309 10.470043 16.403316 -69.368119 -14.680483 -0.041991 -0.034544
-18.326563 10.504051 16.448371 -69.583284 -14.724019 -0.041586 -0.034577
-18.381694 10.538025 16.493065 -69.797852 -14.767342 -0.041168 -0.034645
-18.436679 10.571982 16.537415 -70.011865 -14.810479 -0.040729 -0.034727
-18.491489 10.605941 16.581441 -70.225373 -14.853458 -0.040259 -0.034804
-18.546099 10.639923 16.625165 -70.438430 -14.896307 -0.039751 -0.034857
-18.600481 10.673946 16.668606 -70.651082 -14.939051 -0.039196 -0.034866
-18.654613 10.708028 16.711779 -70.863371 -14.981720 -0.038585 -0.034811
-18.708477 10.742180 16.754693 -71.075323 -15.024339 -0.037903 -0.034667
-18.762063 10.776410 16.797350 -71.286947 -15.066937 -0.037135 -0.034404
-18.815372 10.810710 16.839736 -71.498217 -15.109541 -0.036255 -0.033988
-18.868421 10.845061 16.881816 -71.709068 -15.152181 -0.035230 -0.033376
-18.921251 10.879403 16.923467 -71.919256 -15.194461 -0.034265 -0.032919
-18.973877 10.913716 16.964658 -72.128716 -15.236410 -0.033327 -0.032574
-19.026300 10.947995 17.005374 -72.337423 -15.278056 -0.032392 -0.032305
-19.078508 10.982245 17.045618 -72.545383 -15.319425 -0.031443 -0.032084
-19.130484 11.016479 17.085397 -72.752618 -15.360544 -0.030468 -0.031885
-19.182204 11.050712 17.124724 -72.959161 -15.401439 -0.029455 -0.031686
-19.233644 11.084961 17.163612 -73.165051 -15.442137 -0.028394 -0.031467
-19.284781 11.119245 17.202075 -73.370325 -15.482663 -0.027274 -0.031205
-19.335593 11.153577 17.240123 -73.575013 -15.523043 -0.026083 -0.030880
-19.386062 11.187971 17.277761 -73.779135 -15.563304 -0.024808 -0.030466
-19.436180 11.222430 17.314984 -73.982692 -15.603471 -0.023431 -0.029934
-19.485945 11.256949 17.351776 -74.185653 -15.643571 -0.021925 -0.029249
-19.535372 11.291506 17.388100 -74.387952 -15.683631 -0.020260 -0.028368
-19.584499 11.326044 17.423838 -74.589348 -15.723254 -0.018642 -0.027641
-19.633338 11.360543 17.458954 -74.789772 -15.762468 -0.017038 -0.027025
-19.681888 11.394997 17.493432 -74.989197 -15.801297 -0.015424 -0.026485
-19.730138 11.429411 17.527268 -75.187622 -15.839768 -0.013783 -0.025993
-19.778070 11.463795 17.560464 -75.385063 -15.877905 -0.012101 -0.025524
-19.825662 11.498165 17.593029 -75.581546 -15.915733 -0.010366 -0.025055
-19.872890 11.532538 17.624971 -75.777104 -15.953275 -0.008566 -0.024566
-19.919730 11.566930 17.656296 -75.971767 -15.990556 -0.006690 -0.024035
-19.966162 11.601355 17.687011 -76.165559 -16.027599 -0.004726 -0.023441
-20.012168 11.635824 17.717114 -76.358493 -16.064429 -0.002658 -0.022758
-20.057737 11.670341 17.746597 -76.550563 -16.101070 -0.000467 -0.021958
-20.102870 11.704899 17.775438 -76.741737 -16.137546 0.001871 -0.021007
-20.147576 11.739476 17.803599 -76.931944 -16.173881 0.004387 -0.019864
-20.191889 11.774016 17.830961 -77.120947 -16.209677 0.006874 -0.018876
-20.235817 11.808499 17.857486 -77.308677 -16.244957 0.009363 -0.018002
-20.279355 11.842919 17.883151 -77.495104 -16.279745 0.011877 -0.017210
-20.322491 11.877279 17.907948 -77.680222 -16.314065 0.014435 -0.016471
-20.365206 11.911590 17.931876 -77.864042 -16.347937 0.017051 -0.015762
-20.407477 11.945867 17.954937 -78.046588 -16.381384 0.019737 -0.015061
-20.449277 11.980127 17.977136 -78.227889 -16.414428 0.022505 -0.014349
-20.490579 12.014387 17.998478 -78.407974 -16.447089 0.025364 -0.013607
-20.531360 12.048664 18.018966 -78.586871 -16.479388 0.028326 -0.012814
-20.571595 12.082971 18.038599 -78.764599 -16.511345 0.031403 -0.011950
-20.611266 12.117317 18.057370 -78.941167 -16.542983 0.034611 -0.010991
-20.650363 12.151705 18.075266 -79.116561 -16.574322 0.037970 -0.009909
-20.688882 12.186127 18.092258 -79.290745 -16.605382 0.041503 -0.008672
-20.726834 12.220558 18.108304 -79.463642 -16.636183 0.045242 -0.007240
-20.764249 12.254945 18.123285 -79.635015 -16.666326 0.048976 -0.005958
-20.801138 12.289263 18.137157 -79.804787 -16.695829 0.052736 -0.004786
-20.837497 12.323503 18.149892 -79.972918 -16.724712 0.056547 -0.003692
-20.873317 12.357667 18.161473 -80.139393 -16.752995 0.060427 -0.002648
-20.908581 12.391761 18.171889 -80.304211 -16.780695 0.064393 -0.001630
-20.943268 12.425795 18.181131 -80.467382 -16.807831 0.068457 -0.000617
-20.977358 12.459781 18.189195 -80.628919 -16.834421 0.072634 0.000412
-21.010828 12.493730 18.196071 -80.788837 -16.860481 0.076937 0.001477
-21.043662 12.527652 18.201750 -80.947141 -16.886028 0.081378 0.002600
-21.075843 12.561550 18.206216 -81.103826 -16.911080 0.085975 0.003804
-21.107365 12.595424 18.209446 -81.258872 -16.935653 0.090748 0.005116
-21.138228 12.629260 18.211405 -81.412230 -16.959764 0.095722 0.006568
-21.168445 12.663032 18.212043 -81.563819 -16.983429 0.100928 0.008199
-21.198048 12.696682 18.211236 -81.713395 -17.006241 0.106153 0.009665
-21.227050 12.730183 18.208935 -81.860875 -17.028216 0.111428 0.011004
-21.255453 12.763521 18.205102 -82.006210 -17.049370 0.116778 0.012248
-21.283251 12.796691 18.199713 -82.149375 -17.069715 0.122223 0.013423
-21.310433 12.829694 18.192745 -82.290360 -17.089267 0.127778 0.014552
-21.336985 12.862535 18.184183 -82.429166 -17.108037 0.133459 0.015656
-21.362891 12.895221 18.174010 -82.565794 -17.126038 0.139277 0.016753
-21.388137 12.927754 18.162209 -82.700249 -17.143282 0.145247 0.017864
-21.412711 12.960139 18.148761 -82.832527 -17.159780 0.151384 0.019007
-21.436606 12.992372 18.133640 -82.962616 -17.175543 0.157703 0.020206
-21.459820 13.024445 18.116815 -83.090485 -17.190583 0.164224 0.021486
-21.482361 13.056338 18.098241 -83.216079 -17.204910 0.170972 0.022875
-21.504250 13.088018 18.077862 -83.339312 -17.218533 0.177977 0.024410
-21.525523 13.119422 18.055549 -83.459938 -17.231040 0.185024 0.025747
-21.546202 13.150514 18.031244 -83.577870 -17.242440 0.192143 0.026920
-21.566295 13.181273 18.004905 -83.693059 -17.252741 0.199356 0.027957
-21.585805 13.211689 17.976496 -83.805478 -17.261951 0.206682 0.028881
-21.604727 13.241755 17.945992 -83.915118 -17.270074 0.214134 0.029709
-21.623053 13.271469 17.913371 -84.021988 -17.277118 0.221723 0.030456
-21.640770 13.300834 17.878612 -84.126103 -17.283087 0.229459 0.031135
-21.657867 13.329851 17.841699 -84.227486 -17.287984 0.237349 0.031755
-21.674330 13.358525 17.802617 -84.326166 -17.291813 0.245399 0.032325
-21.690144 13.386859 17.761351 -84.422175 -17.294577 0.253616 0.032854
-21.705295 13.414857 17.717885 -84.515549 -17.296276 0.262002 0.033347
-21.719769 13.442522 17.672205 -84.606323 -17.296912 0.270564 0.033810
-21.733553 13.469856 17.624296 -84.694536 -17.296484 0.279305 0.034250
-21.746635 13.496861 17.574145 -84.780225 -17.294994 0.288227 0.034670
-21.759001 13.523537 17.521736 -84.863430 -17.292439 0.297335 0.035075
-21.770642 13.549884 17.467055 -84.944190 -17.288818 0.306631 0.035471
-21.781546 13.575901 17.410089 -85.022543 -17.284128 0.316118 0.035860
-21.791706 13.601585 17.350824 -85.098528 -17.278366 0.325796 0.036246
-21.801111 13.626934 17.289248 -85.172184 -17.271527 0.335667 0.036634
-21.809755 13.651946 17.225351 -85.243551 -17.263608 0.345730 0.037028
-21.817633 13.676620 17.159126 -85.312667 -17.254602 0.355985 0.037431
-21.824738 13.700955 17.090571 -85.379572 -17.244503 0.366428 0.037847
-21.831068 13.724955 17.019690 -85.444305 -17.233303 0.377054 0.038281
-21.836621 13.748629 16.946495 -85.506906 -17.220993 0.387855 0.038738
-21.841397 13.771994 16.871014 -85.567417 -17.207564 0.398817 0.039225
-21.845400 13.795079 16.793291 -85.625878 -17.193004 0.409922 0.039749
-21.848638 13.817936 16.713399 -85.682332 -17.177301 0.421140 0.040321
-21.851129 13.840660 16.631527 -85.736816 -17.160907 0.432628 0.040878
-21.852881 13.863299 16.547747 -85.789370 -17.143809 0.444357 0.041431
-21.853901 13.885879 16.462103 -85.840034 -17.125992 0.456307 0.041986
-21.854191 13.908411 16.374623 -85.888847 -17.107443 0.468464 0.042551
-21.853752 13.930898 16.285321 -85.935845 -17.088149 0.480815 0.043129
-21.852588 13.953334 16.194203 -85.981064 -17.068096 0.493354 0.043725
-21.850700 13.975710 16.101271 -86.024539 -17.047269 0.506071 0.044343
-21.848091 13.998017 16.006530 -86.066302 -17.025654 0.518959 0.044986
-21.844764 14.020248 15.909982 -86.106389 -17.003237 0.532009 0.045658
-21.840724 14.042398 15.811642 -86.144834 -16.980000 0.545210 0.046364
-21.835977 14.064472 15.711531 -86.181669 -16.955927 0.558547 0.047109
-21.830532 14.086488 15.609691 -86.216931 -16.931000 0.571999 0.047900
-21.824400 14.108482 15.506190 -86.250653 -16.905200 0.585537 0.048748
-21.817603 14.130536 15.401206 -86.282865 -16.878972 0.599316 0.049589
-21.810152 14.152687 15.294805 -86.313600 -16.852297 0.613306 0.050432
-21.802056 14.174948 15.187025 -86.342892 -16.825153 0.627487 0.051286
-21.793322 14.197319 15.077886 -86.370770 -16.797523 0.641845 0.052155
-21.783956 14.219790 14.967393 -86.397263 -16.769387 0.656367 0.053043
-21.773963 14.242344 14.855544 -86.422400 -16.740726 0.671047 0.053953
-21.763347 14.264962 14.742331 -86.446206 -16.711519 0.685877 0.054888
-21.752116 14.287622 14.627746 -86.468709 -16.681748 0.700850 0.055852
-21.740273 14.310303 14.511780 -86.489934 -16.651393 0.715959 0.056846
-21.727827 14.332985 14.394429 -86.509906 -16.620433 0.731197 0.057874
-21.714784 14.355657 14.275696 -86.528652 -16.588846 0.746552 0.058940
-21.701152 14.378314 14.155596 -86.546197 -16.556611 0.762010 0.060049
-21.686943 14.400964 14.034160 -86.562569 -16.523703 0.777550 0.061206
-21.672167 14.423637 13.911449 -86.577796 -16.490100 0.793143 0.062421
-21.656848 14.446409 13.787634 -86.591899 -16.456240 0.808944 0.063633
-21.640995 14.469308 13.662774 -86.604905 -16.422101 0.824923 0.064852
-21.624620 14.492343 13.536899 -86.616840 -16.387656 0.841060 0.066082
-21.607730 14.515508 13.410024 -86.627728 -16.352883 0.857340 0.067330
-21.590331 14.538788 13.282148 -86.637590 -16.317756 0.873752 0.068599
-21.572430 14.562164 13.153265 -86.646450 -16.282253 0.890286 0.069892
-21.554035 14.585612 13.023364 -86.654326 -16.246349 0.906935 0.071210
-21.535151 14.609109 12.892434 -86.661240 -16.210021 0.923691 0.072558
-21.515785 14.632634 12.760466 -86.667212 -16.173245 0.940545 0.073938
-21.495946 14.656171 12.627460 -86.672262 -16.135994 0.957485 0.075353
-21.475641 14.679714 12.493425 -86.676410 -16.098243 0.974497 0.076807
-21.454881 14.703267 12.358388 -86.679680 -16.059965 0.991561 0.078307
-21.433676 14.726859 12.222404 -86.682092 -16.021134 1.008647 0.079862
-21.412046 14.750561 12.085637 -86.683664 -15.982185 1.025909 0.081412
-21.390000 14.774401 11.948142 -86.684418 -15.943091 1.043321 0.082967
-21.367546 14.798385 11.809943 -86.684372 -15.903824 1.060860 0.084532
-21.344693 14.822504 11.671048 -86.683547 -15.864358 1.078511 0.086111
-21.321446 14.846743 11.531453 -86.681959 -15.824664 1.096265 0.087709
-21.297812 14.871079 11.391145 -86.679625 -15.784717 1.114112 0.089327
-21.273796 14.895488 11.250108 -86.676560 -15.744490 1.132045 0.090968
-21.249407 14.919945 11.108324 -86.672779 -15.703957 1.150056 0.092634
-21.224649 14.944428 10.965781 -86.668299 -15.663089 1.168137 0.094328
-21.199530 14.968920 10.822470 -86.663134 -15.621861 1.186277 0.096053
-21.174058 14.993412 10.678396 -86.657300 -15.580242 1.204462 0.097813
-21.148241 15.017911 10.533581 -86.650815 -15.538205 1.222672 0.099614
-21.122087 15.042441 10.388074 -86.643695 -15.495719 1.240877 0.101463
-21.095613 15.067076 10.242034 -86.635953 -15.453218 1.259234 0.103306
-21.068825 15.091843 10.095510 -86.627607 -15.410673 1.277715 0.105150
-21.041732 15.116745 9.948522 -86.618672 -15.368054 1.296298 0.107001
-21.014338 15.141775 9.801071 -86.609162 -15.325331 1.314971 0.108863
-20.986649 15.166915 9.653145 -86.599088 -15.282475 1.333723 0.110738
-20.958672 15.192142 9.504726 -86.588464 -15.239459 1.352547 0.112630
-20.930411 15.217428 9.355788 -86.577300 -15.196254 1.371437 0.114540
-20.901873 15.242746 9.206304 -86.565607 -15.152832 1.390387 0.116470
-20.873063 15.268069 9.056251 -86.553394 -15.109163 1.409392 0.118422
-20.843988 15.293374 8.905607 -86.540672 -15.065220 1.428445 0.120398
-20.814654 15.318642 8.754358 -86.527453 -15.020971 1.447535 0.122400
-20.785068 15.343865 8.602503 -86.513748 -14.976389 1.466650 0.124434
-20.755236 15.369048 8.450059 -86.499569 -14.931440 1.485769 0.126503
-20.725165 15.394217 8.297069 -86.484931 -14.886095 1.504865 0.128616
-20.694866 15.419445 8.143691 -86.469841 -14.840784 1.524093 0.130720
-20.664345 15.444760 7.989968 -86.454315 -14.795476 1.543426 0.132823
-20.633608 15.470166 7.835918 -86.438363 -14.750140 1.562843 0.134931
-20.602658 15.495655 7.681539 -86.421996 -14.704744 1.582330 0.137047
-20.571501 15.521211 7.526817 -86.405223 -14.659259 1.601878 0.139175
-20.540142 15.546811 7.371731 -86.388054 -14.613654 1.621478 0.141315
-20.508586 15.572432 7.216255 -86.370495 -14.567899 1.641124 0.143470
-20.476839 15.598047 7.060365 -86.352556 -14.521963 1.660810 0.145643
-20.444905 15.623635 6.904037 -86.334244 -14.475817 1.680528 0.147835
-20.412790 15.649179 6.747257 -86.315567 -14.429430 1.700269 0.150048
-20.380500 15.674670 6.590021 -86.296535 -14.382769 1.720017 0.152287
-20.348039 15.700115 6.432344 -86.277158 -14.335802 1.739754 0.154557
-20.315412 15.725539 6.274268 -86.257445 -14.288498 1.759452 0.156864
-20.282626 15.751017 6.115949 -86.237406 -14.241286 1.779266 0.159160
-20.249684 15.776577 5.957428 -86.217050 -14.194133 1.799169 0.161452
-20.216590 15.802223 5.798719 -86.196386 -14.147007 1.819140 0.163746
-20.183348 15.827948 5.639819 -86.175424 -14.099876 1.839167 0.166045
-20.149961 15.853735 5.480711 -86.154169 -14.052708 1.859239 0.168351
-20.116434 15.879563 5.321369 -86.132627 -14.005471 1.879348 0.170666
-20.082772 15.905406 5.161768 -86.110806 -13.958136 1.899490 0.172993
-20.048979 15.931242 5.001877 -86.088709 -13.910670 1.919657 0.175333
-20.015060 15.957046 4.841673 -86.066343 -13.863043 1.939842 0.177688
-19.981021 15.982804 4.681136 -86.043713 -13.815222 1.960037 0.180060
-19.946864 16.008506 4.520262 -86.020827 -13.767175 1.980226 0.182452
-19.912595 16.034160 4.359061 -85.997691 -13.718869 2.000392 0.184870
-19.878214 16.059793 4.197574 -85.974315 -13.670270 2.020506 0.187321
-19.843725 16.085479 4.035954 -85.950704 -13.621808 2.040724 0.189758
-19.809130 16.111246 3.874242 -85.926867 -13.573450 2.061020 0.192189
-19.774431 16.137101 3.712448 -85.902811 -13.525161 2.081373 0.194619
-19.739629 16.163034 3.550565 -85.878541 -13.476909 2.101770 0.197052
-19.704730 16.189030 3.388571 -85.854062 -13.428662 2.122203 0.199488
-19.669736 16.215066 3.226439 -85.829377 -13.380389 2.142665 0.201931
-19.634653 16.241115 3.064134 -85.804490 -13.332057 2.163152 0.204382
-19.599486 16.267151 2.901621 -85.779404 -13.283635 2.183659 0.206841
-19.564240 16.293148 2.738866 -85.754121 -13.235091 2.204182 0.209310
-19.528919 16.319083 2.575841 -85.728645 -13.186394 2.224714 0.211792
-19.493529 16.344939 2.412522 -85.702978 -13.137510 2.245247 0.214288
-19.458073 16.370709 2.248900 -85.677127 -13.088408 2.265768 0.216800
-19.422553 16.396398 2.084985 -85.651096 -13.039052 2.286258 0.219335
-19.386971 16.422035 1.920815 -85.624891 -12.989410 2.306688 0.221897
-19.351325 16.447695 1.756544 -85.598519 -12.939909 2.327217 0.224446
-19.315616 16.473406 1.592210 -85.571985 -12.890515 2.347816 0.226989
-19.279842 16.499175 1.427823 -85.545296 -12.841195 2.368465 0.229529
-19.244008 16.524995 1.263376 -85.518454 -12.791915 2.389151 0.232070
-19.208117 16.550849 1.098846 -85.491464 -12.742641 2.409866 0.234614
-19.172171 16.576716 0.934206 -85.464329 -12.693343 2.430602 0.237163
-19.136177 16.602572 0.769423 -85.437050 -12.643986 2.451354 0.239717
-19.100139 16.628394 0.604465 -85.409629 -12.594540 2.472116 0.242279
-19.064062 16.654159 0.439303 -85.382069 -12.544971 2.492882 0.244850
-19.027950 16.679852 0.273915 -85.354373 -12.495245 2.513643 0.247431
-18.991806 16.705466 0.108293 -85.326543 -12.445331 2.534385 0.250026
-18.955631 16.731006 -0.057556 -85.298586 -12.395193 2.555090 0.252639
-18.919425 16.756501 -0.223592 -85.270505 -12.344797 2.575728 0.255275
-18.883182 16.782027 -0.389662 -85.242307 -12.294569 2.596458 0.257898
-18.846901 16.807613 -0.555727 -85.213996 -12.244477 2.617250 0.260513
-18.810580 16.833264 -0.721777 -85.185578 -12.194486 2.638086 0.263124
-18.774223 16.858975 -0.887824 -85.157055 -12.144561 2.658952 0.265735
-18.737831 16.884728 -1.053887 -85.128429 -12.094670 2.679839 0.268347
-18.701409 16.910502 -1.219998 -85.099702 -12.044779 2.700741 0.270961
-18.664963 16.936274 -1.386190 -85.070875 -11.994856 2.721653 0.273579
-18.628497 16.962019 -1.552495 -85.041950 -11.944868 2.742568 0.276202
-18.592015 16.987717 -1.718946 -85.012926 -11.894782 2.763481 0.278831
-18.555523 17.013352 -1.885564 -84.983807 -11.844565 2.784383 0.281469
-18.519022 17.038916 -2.052360 -84.954594 -11.794183 2.805261 0.284116
-18.482514 17.064417 -2.219327 -84.925291 -11.743601 2.826096 0.286778
-18.445995 17.089882 -2.386426 -84.895903 -11.692785 2.846859 0.289461
-18.409456 17.115388 -2.553503 -84.866434 -11.642162 2.867708 0.292129
-18.372895 17.140965 -2.720522 -84.836888 -11.591697 2.888615 0.294789
-18.336310 17.166617 -2.887473 -84.807270 -11.541355 2.909560 0.297444
-18.299702 17.192338 -3.054370 -84.777581 -11.491103 2.930531 0.300098
-18.263075 17.218112 -3.221236 -84.747821 -11.440908 2.951520 0.302751
-18.226434 17.243916 -3.388104 -84.717991 -11.390735 2.972520 0.305406
-18.189784 17.269724 -3.555013 -84.688091 -11.340553 2.993529 0.308062
-18.153131 17.295512 -3.722002 -84.658120 -11.290329 3.014542 0.310721
-18.116482 17.321253 -3.889108 -84.628077 -11.240029 3.035555 0.313384
-18.079842 17.346926 -4.056365 -84.597962 -11.189622 3.056563 0.316051
-18.043216 17.372514 -4.223799 -84.567776 -11.139073 3.077558 0.318724
-18.006607 17.398010 -4.391422 -84.537519 -11.088349 3.098526 0.321406
-17.970015 17.423420 -4.559228 -84.507196 -11.037414 3.119451 0.324100
-17.933435 17.448773 -4.727179 -84.476808 -10.986234 3.140302 0.326811
-17.896856 17.474146 -4.895119 -84.446361 -10.935235 3.161238 0.329509
-17.860272 17.499567 -5.063013 -84.415859 -10.884383 3.182229 0.332199
-17.823682 17.525044 -5.230850 -84.385304 -10.833643 3.203257 0.334885
-17.787087 17.550569 -5.398644 -84.354698 -10.782980 3.224308 0.337569
-17.750492 17.576126 -5.566418 -84.324041 -10.732362 3.245374 0.340253
-17.713900 17.601694 -5.734203 -84.293334 -10.681754 3.266449 0.342938
-17.677318 17.627250 -5.902036 -84.262575 -10.631123 3.287528 0.345623
-17.640753 17.652771 -6.069951 -84.231764 -10.580436 3.308606 0.348311
-17.604210 17.678234 -6.237981 -84.200901 -10.529660 3.329677 0.351002
-17.567693 17.703625 -6.406150 -84.169987 -10.478762 3.350732 0.353697
-17.531207 17.728936 -6.574471 -84.139021 -10.427706 3.371758 0.356398
-17.494748 17.754174 -6.742935 -84.108006 -10.376458 3.392737 0.359108
-17.458313 17.779367 -6.911504 -84.076946 -10.324983 3.413639 0.361833
-17.421886 17.804592 -7.080023 -84.045847 -10.273707 3.434622 0.364545
-17.385459 17.829878 -7.248454 -84.014711 -10.222595 3.455657 0.367251
-17.349031 17.855231 -7.416787 -83.983540 -10.171612 3.476724 0.369952
-17.312603 17.880644 -7.585035 -83.952336 -10.120724 3.497811 0.372650
-17.276179 17.906100 -7.753222 -83.921099 -10.069897 3.518909 0.375348
-17.239764 17.931579 -7.921381 -83.889828 -10.019097 3.540011 0.378045
-17.203366 17.957057 -8.089548 -83.858522 -9.968291 3.561114 0.380743
-17.166990 17.982512 -8.257759 -83.827179 -9.917447 3.582213 0.383441
-17.130644 18.007921 -8.426046 -83.795800 -9.866530 3.603301 0.386141
-17.094332 18.033269 -8.594435 -83.764383 -9.815506 3.624370 0.388844
-17.058057 18.058549 -8.762938 -83.732929 -9.764342 3.645407 0.391551
-17.021818 18.083768 -8.931548 -83.701440 -9.713002 3.666393 0.394265
-16.985606 18.108953 -9.100227 -83.669919 -9.661451 3.687300 0.396991
-16.949405 18.134183 -9.268818 -83.638371 -9.610115 3.708284 0.399705
-16.913204 18.159485 -9.437283 -83.606800 -9.558960 3.729317 0.402413
-16.877003 18.184865 -9.605614 -83.575207 -9.507951 3.750379 0.405117
-16.840801 18.210317 -9.773826 -83.543591 -9.457052 3.771459 0.407818
-16.804604 18.235823 -9.941944 -83.511953 -9.406231 3.792547 0.410519
-16.768418 18.261361 -10.110004 -83.480290 -9.355453 3.813639 0.413218
-16.732252 18.286907 -10.278044 -83.448601 -9.304687 3.834732 0.415917
-16.696113 18.312436 -10.446107 -83.416882 -9.253898 3.855821 0.418616
-16.660009 18.337922 -10.614232 -83.385132 -9.203054 3.876904 0.421316
-16.623949 18.363344 -10.782454 -83.353348 -9.152121 3.897975 0.424016
-16.587939 18.388685 -10.950800 -83.321530 -9.101066 3.919027 0.426718
-16.551981 18.413938 -11.119284 -83.289676 -9.049854 3.940048 0.429423
-16.516074 18.439110 -11.287899 -83.257789 -8.998450 3.961017 0.432133
-16.480210 18.464228 -11.456608 -83.225870 -8.946818 3.981907 0.434853
-16.444366 18.489371 -11.625251 -83.193926 -8.895386 4.002874 0.437562
-16.408533 18.514564 -11.793791 -83.161960 -8.844119 4.023888 0.440267
-16.372709 18.539816 -11.962218 -83.129972 -8.792980 4.044932 0.442969
-16.336894 18.565117 -12.130546 -83.097963 -8.741936 4.065991 0.445669
-16.301094 18.590454 -12.298801 -83.065931 -8.690952 4.087058 0.448368
-16.265317 18.615804 -12.467014 -83.033875 -8.639996 4.108127 0.451066
-16.229569 18.641144 -12.635224 -83.001794 -8.589033 4.129193 0.453764
-16.193860 18.666451 -12.803467 -82.969684 -8.538031 4.150252 0.456462
-16.158198 18.691705 -12.971776 -82.937543 -8.486955 4.171297 0.459160
-16.122588 18.716889 -13.140177 -82.905372 -8.435772 4.192321 0.461858
-16.087034 18.741996 -13.308683 -82.873168 -8.384448 4.213312 0.464559
-16.051534 18.767032 -13.477286 -82.840934 -8.332947 4.234249 0.467262
-16.016078 18.792024 -13.645948 -82.808671 -8.281234 4.255103 0.469973
-15.980640 18.817050 -13.814506 -82.776387 -8.229735 4.276030 0.472676
-15.945210 18.842137 -13.982923 -82.744085 -8.178416 4.297002 0.475375
-15.909785 18.867289 -14.151189 -82.711764 -8.127240 4.317999 0.478071
-15.874366 18.892501 -14.319317 -82.679426 -8.076174 4.339008 0.480766
-15.838958 18.917755 -14.487333 -82.647067 -8.025184 4.360020 0.483460
-15.803570 18.943030 -14.655269 -82.614688 -7.974236 4.381031 0.486154
-15.768211 18.968304 -14.823164 -82.582284 -7.923296 4.402034 0.488846
-15.732889 18.993552 -14.991053 -82.549853 -7.872331 4.423027 0.491538
-15.697613 19.018755 -15.158971 -82.517393 -7.821309 4.444003 0.494230
-15.662391 19.043896 -15.326942 -82.484903 -7.770194 4.464954 0.496921
-15.627224 19.068967 -15.494981 -82.452380 -7.718953 4.485868 0.499612
-15.592110 19.093976 -15.663079 -82.419827 -7.667550 4.506725 0.502306
-15.557039 19.118948 -15.831197 -82.387245 -7.615950 4.527495 0.505005
-15.521981 19.143961 -15.999173 -82.354641 -7.564580 4.548336 0.507697
-15.486925 19.169040 -16.166967 -82.322018 -7.513404 4.569216 0.510387
-15.451866 19.194191 -16.334571 -82.289376 -7.462388 4.590118 0.513075
-15.416808 19.219407 -16.501999 -82.256714 -7.411497 4.611028 0.515763
-15.381755 19.244671 -16.669277 -82.224029 -7.360698 4.631939 0.518450
-15.346718 19.269960 -16.836442 -82.191320 -7.309956 4.652846 0.521137
-15.311705 19.295250 -17.003532 -82.158581 -7.259239 4.673746 0.523823
-15.276730 19.320516 -17.170590 -82.125809 -7.208514 4.694635 0.526508
-15.241802 19.345734 -17.337655 -82.093000 -7.157748 4.715510 0.529193
-15.206932 19.370882 -17.504763 -82.060151 -7.106908 4.736366 0.531877
-15.172127 19.395943 -17.671941 -82.027259 -7.055959 4.757196 0.534559
-15.137391 19.420911 -17.839203 -81.994322 -7.004868 4.777988 0.537242
-15.102722 19.445789 -18.006541 -81.961341 -6.953599 4.798721 0.539925
-15.068107 19.470605 -18.173915 -81.928316 -6.902117 4.819366 0.542611
-15.033514 19.495435 -18.341160 -81.895257 -6.850849 4.840080 0.545294
-14.998931 19.520304 -18.508237 -81.862165 -6.799761 4.860832 0.547975
-14.964352 19.545217 -18.675135 -81.829040 -6.748816 4.881602 0.550656
-14.929782 19.570167 -18.841868 -81.795881 -6.697981 4.902378 0.553337
-14.895226 19.595137 -19.008460 -81.762685 -6.647221 4.923152 0.556019
-14.860693 19.620106 -19.174945 -81.729450 -6.596504 4.943918 0.558700
-14.826195 19.645050 -19.341360 -81.696170 -6.545796 4.964672 0.561382
-14.791743 19.669947 -19.507740 -81.662844 -6.495064 4.985408 0.564062
-14.757347 19.694775 -19.674119 -81.629466 -6.444275 5.006123 0.566742
-14.723015 19.719519 -19.840523 -81.596035 -6.393394 5.026807 0.569420
-14.688751 19.744169 -20.006964 -81.562549 -6.342388 5.047447 0.572098
-14.654551 19.768731 -20.173433 -81.529007 -6.291221 5.068025 0.574775
-14.620403 19.793231 -20.339887 -81.495411 -6.239858 5.088509 0.577454
-14.586270 19.817742 -20.506160 -81.461770 -6.188727 5.109056 0.580131
-14.552140 19.842290 -20.672210 -81.428086 -6.137792 5.129634 0.582808
-14.518007 19.866880 -20.838027 -81.394357 -6.087018 5.150225 0.585487
-14.483873 19.891501 -21.003623 -81.360583 -6.036372 5.170815 0.588166
-14.449748 19.916138 -21.169021 -81.326761 -5.985819 5.191395 0.590847
-14.415640 19.940769 -21.334256 -81.292886 -5.935325 5.211961 0.593528
-14.381561 19.965371 -21.499362 -81.258954 -5.884859 5.232508 0.596209
-14.347523 19.989920 -21.664377 -81.224961 -5.834387 5.253031 0.598889
-14.313537 20.014395 -21.829332 -81.190902 -5.783875 5.273524 0.601569
-14.279612 20.038779 -21.994253 -81.156775 -5.733291 5.293981 0.604247
-14.245751 20.063064 -22.159151 -81.122577 -5.682599 5.314387 0.606923
-14.211952 20.087254 -22.324017 -81.088307 -5.631766 5.334724 0.609598
-14.178199 20.111374 -22.488807 -81.053965 -5.580755 5.354959 0.612274
-14.144454 20.135497 -22.653353 -81.019562 -5.529995 5.375250 0.614950
-14.110701 20.159647 -22.817611 -80.985098 -5.479451 5.395565 0.617628
-14.076936 20.183828 -22.981571 -80.950572 -5.429089 5.415883 0.620308
-14.043162 20.208030 -23.145244 -80.915982 -5.378873 5.436194 0.622991
-14.009387 20.232235 -23.308656 -80.881323 -5.328771 5.456488 0.625676
-13.975622 20.256422 -23.471842 -80.846589 -5.278749 5.476761 0.628363
-13.941881 20.280565 -23.634838 -80.811777 -5.228776 5.497010 0.631050
-13.908178 20.304639 -23.797685 -80.776878 -5.178818 5.517230 0.633737
-13.874527 20.328619 -23.960421 -80.741887 -5.128843 5.537420 0.636424
-13.840940 20.352482 -24.123080 -80.706799 -5.078818 5.557573 0.639110
-13.807428 20.376213 -24.285686 -80.671609 -5.028710 5.577682 0.641794
-13.773994 20.399800 -24.448252 -80.636314 -4.978485 5.597735 0.644476
-13.740635 20.423249 -24.610767 -80.600911 -4.928109 5.617711 0.647156
-13.707337 20.446581 -24.773185 -80.565399 -4.877546 5.637579 0.649835
-13.674057 20.469869 -24.935334 -80.529791 -4.827225 5.657494 0.652517
-13.640778 20.493136 -25.097170 -80.494087 -4.777111 5.677426 0.655202
-13.607496 20.516384 -25.258679 -80.458283 -4.727170 5.697353 0.657892
-13.574214 20.539603 -25.419872 -80.422376 -4.677367 5.717263 0.660585
-13.540942 20.562776 -25.580770 -80.386363 -4.627671 5.737147 0.663281
-13.507691 20.585879 -25.741405 -80.350236 -4.578047 5.756999 0.665979
-13.474475 20.608890 -25.901810 -80.313990 -4.528463 5.776815 0.668678
-13.441308 20.631784 -26.062019 -80.277619 -4.478888 5.796590 0.671377
-13.408203 20.654538 -26.222062 -80.241117 -4.429287 5.816318 0.674076
-13.375170 20.677135 -26.381962 -80.204478 -4.379629 5.835991 0.676773
-13.342213 20.699565 -26.541728 -80.167698 -4.329879 5.855595 0.679467
-13.309330 20.721830 -26.701345 -80.130774 -4.280003 5.875111 0.682159
-13.276504 20.743951 -26.860768 -80.093706 -4.229967 5.894506 0.684848
-13.243689 20.765999 -27.019818 -80.056505 -4.180199 5.913934 0.687542
-13.210868 20.787993 -27.178448 -80.019171 -4.130666 5.933364 0.690242
-13.178037 20.809937 -27.336644 -79.981700 -4.081332 5.952775 0.692948
-13.145199 20.831818 -27.494413 -79.944089 -4.032164 5.972153 0.695658
-13.112365 20.853617 -27.651775 -79.906330 -3.983130 5.991491 0.698371
-13.079547 20.875313 -27.808759 -79.868418 -3.934197 6.010781 0.701087
-13.046759 20.896879 -27.965397 -79.830345 -3.885333 6.030019 0.703805
-13.014017 20.918290 -28.121722 -79.792103 -3.836506 6.049200 0.706522
-12.981335 20.939525 -28.277761 -79.753686 -3.787683 6.068318 0.709239
-12.948722 20.960564 -28.433534 -79.715086 -3.738833 6.087365 0.711954
-12.916185 20.981396 -28.589049 -79.676298 -3.689922 6.106326 0.714666
-12.883720 21.002022 -28.744290 -79.637319 -3.640916 6.125182 0.717374
-12.851309 21.022463 -28.899205 -79.598146 -3.591781 6.143899 0.720078
-12.818904 21.042786 -29.053616 -79.558792 -3.542947 6.162631 0.722789
-12.786486 21.063010 -29.207470 -79.519253 -3.494380 6.181347 0.725507
-12.754051 21.083135 -29.360751 -79.479526 -3.446046 6.200024 0.728232
-12.721604 21.103149 -29.513464 -79.439605 -3.397913 6.218650 0.730962
-12.689155 21.123033 -29.665630 -79.399482 -3.349948 6.237216 0.733696
-12.656719 21.142761 -29.817275 -79.359147 -3.302119 6.255716 0.736433
-12.624312 21.162307 -29.968434 -79.318592 -3.254397 6.274146 0.739171
-12.591952 21.181644 -30.119137 -79.277806 -3.206748 6.292502 0.741911
-12.559656 21.200745 -30.269419 -79.236780 -3.159143 6.310781 0.744649
-12.527440 21.219586 -30.419306 -79.195504 -3.111549 6.328976 0.747386
-12.495315 21.238146 -30.568816 -79.153970 -3.063935 6.347079 0.750120
-12.463288 21.256414 -30.717954 -79.112169 -3.016269 6.365075 0.752849
-12.431356 21.274390 -30.866701 -79.070097 -2.968518 6.382945 0.755573
-12.399499 21.292090 -31.015002 -79.027750 -2.920647 6.400654 0.758289
-12.367668 21.309582 -31.162671 -78.985139 -2.873088 6.418355 0.761014
-12.335844 21.326881 -31.309652 -78.942261 -2.825808 6.436016 0.763746
-12.304021 21.343988 -31.455923 -78.899110 -2.778774 6.453614 0.766485
-12.272205 21.360888 -31.601486 -78.855678 -2.731955 6.471135 0.769228
-12.240407 21.377561 -31.746355 -78.811956 -2.685317 6.488570 0.771974
-12.208644 21.393982 -31.890553 -78.767933 -2.638831 6.505912 0.774722
-12.176931 21.410124 -32.034105 -78.723599 -2.592467 6.523155 0.777470
-12.145286 21.425961 -32.177036 -78.678942 -2.546192 6.540293 0.780216
-12.113725 21.441468 -32.319368 -78.633952 -2.499978 6.557320 0.782959
-12.082261 21.456624 -32.461114 -78.588618 -2.453793 6.574227 0.785697
-12.050900 21.471416 -32.602273 -78.542931 -2.407604 6.590997 0.788428
-12.019639 21.485841 -32.742821 -78.496885 -2.361381 6.607610 0.791150
-11.988459 21.499916 -32.882699 -78.450473 -2.315090 6.624032 0.793863
-11.957307 21.513704 -33.021711 -78.403708 -2.269164 6.640413 0.796583
-11.926161 21.527221 -33.159796 -78.356584 -2.223570 6.656720 0.799309
-11.895019 21.540464 -33.296929 -78.309092 -2.178277 6.672929 0.802041
-11.863886 21.553417 -33.433105 -78.261223 -2.133254 6.689027 0.804775
-11.832774 21.566060 -33.568335 -78.212966 -2.088470 6.705002 0.807509
-11.801699 21.578367 -33.702635 -78.164309 -2.043896 6.720848 0.810243
-11.770680 21.590311 -33.836027 -78.115236 -1.999501 6.736559 0.812973
-11.739734 21.601863 -33.968532 -78.065736 -1.955258 6.752127 0.815698
-11.708879 21.613000 -34.100165 -78.015794 -1.911136 6.767546 0.818417
-11.678128 21.623699 -34.230935 -77.965398 -1.867105 6.782806 0.821126
-11.647487 21.633947 -34.360837 -77.914537 -1.823136 6.797891 0.823824
-11.616953 21.643740 -34.489841 -77.863201 -1.779198 6.812779 0.826508
-11.586505 21.653094 -34.617880 -77.811382 -1.735258 6.827434 0.829176
-11.556087 21.662070 -34.744751 -77.759091 -1.691752 6.842007 0.831849
-11.525679 21.670684 -34.870388 -77.706318 -1.648650 6.856462 0.834525
-11.495274 21.678932 -34.994758 -77.653055 -1.605919 6.870776 0.837201
-11.464880 21.686799 -35.117852 -77.599287 -1.563531 6.884935 0.839876
-11.434509 21.694263 -35.239676 -77.545001 -1.521458 6.898927 0.842546
-11.404179 21.701299 -35.360244 -77.490179 -1.479671 6.912746 0.845210
-11.373909 21.707878 -35.479572 -77.434805 -1.438143 6.926384 0.847866
-11.343720 21.713973 -35.597682 -77.378861 -1.396846 6.939838 0.850510
-11.313630 21.719556 -35.714588 -77.322329 -1.355754 6.953101 0.853142
-11.283658 21.724603 -35.830304 -77.265192 -1.314838 6.966165 0.855759
-11.253817 21.729092 -35.944833 -77.207434 -1.274072 6.979021 0.858358
-11.224115 21.733010 -36.058162 -77.149040 -1.233426 6.991652 0.860936
-11.194547 21.736354 -36.170256 -77.089995 -1.192872 7.004034 0.863491
-11.165090 21.739142 -36.281039 -77.030289 -1.152381 7.016132 0.866018
-11.135685 21.741434 -36.390298 -76.969931 -1.112390 7.028095 0.868543
-11.106308 21.743247 -36.497956 -76.908908 -1.072870 7.039885 0.871062
-11.076953 21.744579 -36.603972 -76.847207 -1.033793 7.051479 0.873572
-11.047626 21.745418 -36.708331 -76.784811 -0.995131 7.062860 0.876069
-11.018339 21.745742 -36.811029 -76.721701 -0.956858 7.074018 0.878551
-10.989108 21.745531 -36.912071 -76.657858 -0.918949 7.084942 0.881014
-10.959950 21.744759 -37.011465 -76.593261 -0.881378 7.095626 0.883456
-10.930884 21.743403 -37.109218 -76.527889 -0.844120 7.106062 0.885874
-10.901925 21.741442 -37.205334 -76.461721 -0.807150 7.116241 0.888265
-10.873085 21.738858 -37.299807 -76.394736 -0.770443 7.126153 0.890626
-10.844369 21.735640 -37.392619 -76.326916 -0.733973 7.135780 0.892952
-10.815770 21.731790 -37.483723 -76.258244 -0.697713 7.145098 0.895239
-10.787263 21.727327 -37.573037 -76.188705 -0.661636 7.154069 0.897484
-10.758781 21.722319 -37.660334 -76.118303 -0.626185 7.162841 0.899713
-10.730298 21.716785 -37.745527 -76.047023 -0.591331 7.171376 0.901922
-10.701804 21.710729 -37.828568 -75.974847 -0.557050 7.179649 0.904106
-10.673303 21.704143 -37.909433 -75.901753 -0.523318 7.187643 0.906262
-10.644804 21.697014 -37.988112 -75.827719 -0.490110 7.195346 0.908385
-10.616319 21.689325 -38.064602 -75.752718 -0.457405 7.202749 0.910473
-10.587863 21.681061 -38.138905 -75.676725 -0.425181 7.209844 0.912520
-10.559451 21.672204 -38.211020 -75.599713 -0.393415 7.216624 0.914525
-10.531095 21.662742 -38.280945 -75.521657 -0.362087 7.223079 0.916482
-10.502801 21.652665 -38.348668 -75.442529 -0.331174 7.229199 0.918388
-10.474571 21.641974 -38.414161 -75.362306 -0.300655 7.234965 0.920239
-10.446392 21.630678 -38.477372 -75.280965 -0.270506 7.240352 0.922028
-10.418232 21.618807 -38.538208 -75.198484 -0.240704 7.245323 0.923751
-10.390016 21.606441 -38.596430 -75.114864 -0.211695 7.250025 0.925437
-10.361711 21.593611 -38.651943 -75.030083 -0.183457 7.254419 0.927079
-10.333302 21.580333 -38.704691 -74.944115 -0.155967 7.258480 0.928673
-10.304787 21.566613 -38.754646 -74.856933 -0.129207 7.262192 0.930214
-10.276168 21.552450 -38.801793 -74.768503 -0.103157 7.265543 0.931697
-10.247454 21.537843 -38.846127 -74.678793 -0.077800 7.268526 0.933119
-10.218657 21.522788 -38.887649 -74.587767 -0.053118 7.271136 0.934476
-10.189787 21.507284 -38.926364 -74.495387 -0.029096 7.273369 0.935763
-10.160859 21.491328 -38.962280 -74.401616 -0.005717 7.275222 0.936978
-10.131884 21.474919 -38.995403 -74.306413 0.017033 7.276692 0.938116
-10.102876 21.458059 -39.025744 -74.209738 0.039170 7.277779 0.939175
-10.073847 21.440750 -39.053311 -74.111549 0.060708 7.278480 0.940151
-10.044808 21.422996 -39.078112 -74.011805 0.081661 7.278793 0.941039
-10.015773 21.404803 -39.100158 -73.910461 0.102042 7.278718 0.941837
-9.986751 21.386179 -39.119456 -73.807477 0.121866 7.278254 0.942539
-9.957754 21.367133 -39.136014 -73.702808 0.141144 7.277398 0.943141
-9.928791 21.347674 -39.149841 -73.596412 0.159890 7.276151 0.943639
-9.899873 21.327816 -39.160945 -73.488246 0.178115 7.274511 0.944027
-9.871007 21.307570 -39.169334 -73.378271 0.195832 7.272478 0.944299
-9.842201 21.286950 -39.175015 -73.266448 0.213053 7.270053 0.944448
-9.813461 21.265969 -39.177999 -73.152743 0.229789 7.267234 0.944464
-9.784792 21.244638 -39.178298 -73.037127 0.246050 7.264025 0.944338
-9.756197 21.222968 -39.175925 -72.919580 0.261849 7.260428 0.944055
-9.727678 21.200961 -39.170904 -72.800095 0.277196 7.256451 0.943599
-9.699232 21.178610 -39.163269 -72.678684 0.292101 7.252103 0.942946
-9.670860 21.155895 -39.153071 -72.555386 0.306574 7.247404 0.942066
-9.642560 21.132764 -39.140400 -72.430280 0.320624 7.242386 0.940917
-9.614338 21.109114 -39.125441 -72.303617 0.334271 7.236976 0.939861
-9.586192 21.084896 -39.108281 -72.175478 0.347521 7.231206 0.938856
-9.558119 21.060093 -39.088974 -72.045904 0.360385 7.225097 0.937870
-9.530116 21.034702 -39.067551 -71.914908 0.372872 7.218658 0.936878
-9.502180 21.008737 -39.044032 -71.782485 0.384989 7.211898 0.935858
-9.474309 20.982214 -39.018428 -71.648619 0.396746 7.204822 0.934792
-9.446504 20.955157 -38.990747 -71.513288 0.408151 7.197430 0.933665
-9.418763 20.927588 -38.960998 -71.376471 0.419213 7.189728 0.932459
-9.391086 20.899530 -38.929187 -71.238147 0.429939 7.181718 0.931156
-9.363470 20.870998 -38.895331 -71.098310 0.440336 7.173408 0.929735
-9.335913 20.842000 -38.859455 -70.956966 0.450413 7.164807 0.928171
-9.308410 20.812526 -38.821604 -70.814151 0.460176 7.155934 0.926430
-9.280960 20.782537 -38.781859 -70.669940 0.469630 7.146824 0.924467
-9.253566 20.751936 -38.740406 -70.524584 0.478794 7.137399 0.922642
-9.226225 20.720686 -38.697325 -70.378159 0.487672 7.127694 0.920912
-9.198934 20.688778 -38.652662 -70.230697 0.496272 7.117727 0.919242
-9.171689 20.656222 -38.606438 -70.082205 0.504598 7.107508 0.917605
-9.144486 20.623042 -38.558663 -69.932668 0.512658 7.097045 0.915980
-9.117327 20.589265 -38.509337 -69.782059 0.520457 7.086339 0.914349
-9.090210 20.554924 -38.458457 -69.630344 0.528000 7.075392 0.912696
-9.063139 20.520054 -38.406017 -69.477487 0.535295 7.064205 0.911005
-9.036114 20.484689 -38.352014 -69.323452 0.542346 7.052777 0.909260
-9.009136 20.448860 -38.296443 -69.168210 0.549159 7.041112 0.907443
-8.982203 20.412593 -38.239308 -69.011741 0.555738 7.029214 0.905532
-8.955314 20.375901 -38.180623 -68.854045 0.562089 7.017093 0.903501
-8.928465 20.338783 -38.120424 -68.695150 0.568216 7.004767 0.901314
-8.901654 20.301204 -38.058785 -68.535127 0.574121 6.992268 0.898927
-8.874884 20.263069 -37.995892 -68.374228 0.579824 6.979519 0.896697
-8.848151 20.224344 -37.931821 -68.212523 0.585325 6.966553 0.894580
-8.821451 20.185025 -37.866606 -68.050043 0.590630 6.953390 0.892538
-8.794781 20.145129 -37.800259 -67.886786 0.595742 6.940038 0.890543
-8.768138 20.104681 -37.732780 -67.722733 0.600666 6.926502 0.888574
-8.741523 20.063714 -37.664162 -67.557853 0.605404 6.912784 0.886611
-8.714936 20.022264 -37.594391 -67.392109 0.609963 6.898885 0.884636
-8.688379 19.980368 -37.523454 -67.225464 0.614344 6.884804 0.882630
-8.661853 19.938058 -37.451342 -67.057885 0.618552 6.870543 0.880575
-8.635357 19.895364 -37.378047 -66.889348 0.622591 6.856105 0.878447
-8.608890 19.852303 -37.303577 -66.719850 0.626464 6.841499 0.876220
-8.582447 19.808875 -37.227959 -66.549413 0.630172 6.826742 0.873856
-8.556027 19.765046 -37.151261 -66.378108 0.633718 6.811869 0.871310
-8.529630 19.720718 -37.073675 -66.206188 0.637119 6.796798 0.868937
-8.503251 19.675857 -36.995269 -66.033726 0.640377 6.781565 0.866690
-8.476887 19.630463 -36.916072 -65.860744 0.643494 6.766187 0.864534
-8.450534 19.584552 -36.836089 -65.687239 0.646473 6.750674 0.862438
-8.424191 19.538153 -36.755309 -65.513185 0.649315 6.735027 0.860381
-8.397859 19.491301 -36.673717 -65.338545 0.652024 6.719249 0.858342
-8.371541 19.444032 -36.591293 -65.163278 0.654603 6.703337 0.856303
-8.345240 19.396386 -36.508016 -64.987339 0.657054 6.687291 0.854246
-8.318957 19.348397 -36.423866 -64.810691 0.659380 6.671111 0.852153
-8.292694 19.300094 -36.338830 -64.633304 0.661582 6.654800 0.849999
-8.266449 19.251496 -36.252906 -64.455170 0.663663 6.638363 0.847758
-8.240218 19.202604 -36.166115 -64.276308 0.665624 6.621819 0.845392
-8.213998 19.153384 -36.078522 -64.096787 0.667464 6.605202 0.842852
-8.187788 19.103731 -35.990324 -63.916867 0.669203 6.588430 0.840496
-8.161583 19.053612 -35.901587 -63.736616 0.670840 6.571539 0.838275
-8.135378 19.003025 -35.812334 -63.556055 0.672378 6.554545 0.836152
-8.109170 18.951989 -35.722560 -63.375173 0.673816 6.537457 0.834098
-8.082960 18.900533 -35.632249 -63.193939 0.675156 6.520276 0.832091
-8.056751 18.848692 -35.541378 -63.012310 0.676401 6.503002 0.830111
-8.030548 18.796507 -35.449919 -62.830234 0.677552 6.485631 0.828143
-8.004358 18.744016 -35.357842 -62.647656 0.678610 6.468162 0.826169
-7.978185 18.691260 -35.265117 -62.464525 0.679577 6.450591 0.824174
-7.952035 18.638275 -35.171718 -62.280794 0.680454 6.432916 0.822139
-7.925911 18.585091 -35.077624 -62.096427 0.681243 6.415138 0.820042
-7.899812 18.531727 -34.982825 -61.911411 0.681945 6.397264 0.817855
-7.873735 18.478183 -34.887336 -61.725760 0.682559 6.379309 0.815541
-7.847676 18.424425 -34.791218 -61.539543 0.683083 6.361310 0.813049
-7.821630 18.370342 -34.694679 -61.353026 0.683539 6.343183 0.810738
-7.795591 18.315898 -34.597783 -61.166278 0.683926 6.324965 0.808556
-7.769554 18.261091 -34.500545 -60.979317 0.684242 6.306672 0.806465
-7.743516 18.205941 -34.402956 -60.792130 0.684490 6.288312 0.804437
-7.717480 18.150476 -34.304993 -60.604682 0.684668 6.269886 0.802449
-7.691448 18.094731 -34.206627 -60.416927 0.684780 6.251391 0.800482
-7.665428 18.038746 -34.107825 -60.228813 0.684824 6.232825 0.798517
-7.639425 17.982556 -34.008553 -60.040287 0.684803 6.214184 0.796537
-7.613444 17.926199 -33.908778 -59.851301 0.684716 6.195466 0.794524
-7.587489 17.869704 -33.808475 -59.661817 0.684565 6.176671 0.792455
-7.561559 17.813090 -33.707629 -59.471817 0.684349 6.157804 0.790301
-7.535652 17.756357 -33.606249 -59.281318 0.684068 6.138882 0.788024
-7.509760 17.699469 -33.504395 -59.090385 0.683719 6.119940 0.785574
-7.483875 17.642309 -33.402288 -58.899295 0.683325 6.100896 0.783306
-7.457989 17.584840 -33.299988 -58.708116 0.682883 6.081787 0.781170
-7.432097 17.527061 -33.197509 -58.516865 0.682393 6.062630 0.779127
-7.406195 17.468990 -33.094834 -58.325525 0.681854 6.043431 0.777148
-7.380287 17.410656 -32.991937 -58.134058 0.681267 6.024189 0.775209
-7.354378 17.352095 -32.888783 -57.942413 0.680631 6.004903 0.773293
-7.328476 17.293344 -32.785334 -57.750535 0.679948 5.985568 0.771382
-7.302587 17.234441 -32.681551 -57.558367 0.679218 5.966181 0.769459
-7.276719 17.175421 -32.577400 -57.365855 0.678440 5.946737 0.767505
-7.250875 17.116313 -32.472847 -57.172961 0.677615 5.927236 0.765499
-7.225057 17.057137 -32.367873 -56.979662 0.676742 5.907682 0.763411
-7.199260 16.997892 -32.262484 -56.785972 0.675821 5.888092 0.761204
-7.173476 16.938542 -32.156738 -56.591958 0.674846 5.868502 0.758824
-7.147691 16.878961 -32.050869 -56.397905 0.673843 5.848829 0.756629
-7.121895 16.819112 -31.944940 -56.203883 0.672810 5.829113 0.754567
-7.096081 16.758993 -31.838957 -56.009904 0.671744 5.809370 0.752598
-7.070249 16.698623 -31.732901 -55.815949 0.670644 5.789605 0.750694
-7.044403 16.638031 -31.626740 -55.621976 0.669510 5.769816 0.748833
-7.018548 16.577253 -31.520435 -55.427927 0.668343 5.750001 0.746997
-6.992696 16.516326 -31.413943 -55.233740 0.667141 5.730154 0.745170
-6.966857 16.455288 -31.307223 -55.039351 0.665906 5.710270 0.743338
-6.941042 16.394177 -31.200231 -54.844693 0.664636 5.690344 0.741485
-6.915260 16.333029 -31.092925 -54.649711 0.663331 5.670371 0.739593
-6.889518 16.271873 -30.985270 -54.454357 0.661992 5.650349 0.737642
-6.863817 16.210727 -30.877240 -54.258606 0.660617 5.630282 0.735603
-6.838152 16.149593 -30.768837 -54.062471 0.659204 5.610184 0.733438
-6.812513 16.088431 -30.660118 -53.866018 0.657748 5.590096 0.731093
-6.786882 16.027109 -30.551336 -53.669543 0.656278 5.569933 0.728926
-6.761246 15.965589 -30.442552 -53.473117 0.654787 5.549738 0.726882
-6.735597 15.903870 -30.333768 -53.276752 0.653275 5.529525 0.724921
-6.709936 15.841970 -30.224961 -53.080425 0.651741 5.509299 0.723016
-6.684266 15.779918 -30.116093 -52.884091 0.650182 5.489059 0.721143
-6.658597 15.717748 -30.007124 -52.687694 0.648600 5.468799 0.719287
-6.632938 15.655498 -29.898007 -52.491169 0.646994 5.448515 0.717429
-6.607302 15.593202 -29.788697 -52.294453 0.645363 5.428201 0.715554
-6.581697 15.530895 -29.679151 -52.097487 0.643706 5.407852 0.713644
-6.556131 15.468607 -29.569328 -51.900223 0.642024 5.387466 0.711678
-6.530606 15.406357 -29.459200 -51.702635 0.640315 5.367046 0.709629
-6.505117 15.344144 -29.348763 -51.504732 0.638576 5.346605 0.707456
-6.479650 15.281930 -29.238075 -51.306585 0.636800 5.326184 0.705104
-6.454181 15.219578 -29.127407 -51.108497 0.635021 5.305703 0.702932
-6.428695 15.157047 -29.016819 -50.910543 0.633230 5.285202 0.700883
-6.403183 15.094337 -28.906311 -50.712733 0.631426 5.264697 0.698917
-6.377645 15.031468 -28.795855 -50.515041 0.629607 5.244193 0.697007
-6.352087 14.968469 -28.685410 -50.317420 0.627773 5.223685 0.695131
-6.326520 14.905373 -28.574931 -50.119809 0.625922 5.203170 0.693270
-6.300954 14.842215 -28.464372 -49.922143 0.624054 5.182641 0.691410
-6.275404 14.779033 -28.353683 -49.724354 0.622168 5.162093 0.689535
-6.249880 14.715858 -28.242818 -49.526380 0.620264 5.141520 0.687628
-6.224391 14.652720 -28.131734 -49.328172 0.618340 5.120918 0.685667
-6.198939 14.589639 -28.020399 -49.129700 0.616396 5.100290 0.683626
-6.173518 14.526615 -27.908805 -48.930972 0.614428 5.079649 0.681465
-6.148112 14.463608 -27.797008 -48.732060 0.612428 5.059038 0.679126
-6.122690 14.400475 -27.685301 -48.533280 0.610432 5.038376 0.676969
-6.097234 14.337176 -27.573744 -48.334706 0.608432 5.017707 0.674935
-6.071736 14.273712 -27.462332 -48.136347 0.606424 4.997045 0.672985
-6.046195 14.210102 -27.351033 -47.938176 0.604408 4.976394 0.671092
-6.020619 14.146375 -27.239804 -47.740140 0.602381 4.955750 0.669234
-5.995019 14.082564 -27.128598 -47.542175 0.600344 4.935108 0.667394
-5.969412 14.018704 -27.017365 -47.344210 0.598295 4.914460 0.665560
-5.943812 13.954832 -26.906053 -47.146172 0.596234 4.893801 0.663716
-5.918236 13.890982 -26.794613 -46.947987 0.594159 4.873123 0.661850
-5.892698 13.827188 -26.682994 -46.749590 0.592069 4.852421 0.659944
-5.867209 13.763477 -26.571150 -46.550926 0.589964 4.831690 0.657980
-5.841771 13.699870 -26.459045 -46.351964 0.587842 4.810931 0.655930
-5.816379 13.636366 -26.346667 -46.152709 0.585699 4.790156 0.653754
-5.791014 13.572928 -26.234071 -45.953235 0.583527 4.769411 0.651394
-5.765639 13.509405 -26.121573 -45.753870 0.581364 4.748616 0.649209
-5.740231 13.445758 -26.009234 -45.554691 0.579200 4.727816 0.647139
-5.714781 13.381989 -25.897043 -45.355706 0.577033 4.707027 0.645145
-5.689293 13.318116 -25.784965 -45.156883 0.574860 4.686249 0.643198
-5.663772 13.254170 -25.672954 -44.958170 0.572680 4.665479 0.641278
-5.638235 13.190181 -25.560958 -44.759501 0.570493 4.644711 0.639369
-5.612696 13.126185 -25.448928 -44.560805 0.568297 4.623937 0.637456
-5.587172 13.062214 -25.336809 -44.362010 0.566091 4.603151 0.635525
-5.561678 12.998301 -25.224551 -44.163049 0.563875 4.582347 0.633559
-5.536226 12.934475 -25.112106 -43.963867 0.561646 4.561519 0.631538
-5.510821 12.870754 -24.999432 -43.764429 0.559404 4.540668 0.629436
-5.485455 12.807141 -24.886514 -43.564741 0.557144 4.519806 0.627212
-5.460107 12.743597 -24.773405 -43.364877 0.554857 4.498977 0.624807
-5.434731 12.679969 -24.660447 -43.165180 0.552583 4.478107 0.622579
-5.409304 12.616218 -24.547698 -42.965726 0.550313 4.457242 0.620467
-5.383815 12.552347 -24.435144 -42.766522 0.548043 4.436396 0.618432
-5.358267 12.488377 -24.322746 -42.567535 0.545770 4.415568 0.616446
-5.332670 12.424335 -24.210454 -42.368710 0.543494 4.394755 0.614489
-5.307040 12.360254 -24.098218 -42.169980 0.541213 4.373949 0.612544
-5.281394 12.296166 -23.985983 -41.971270 0.538927 4.353145 0.610598
-5.255751 12.232105 -23.873697 -41.772507 0.536634 4.332334 0.608637
-5.230127 12.168101 -23.761305 -41.573622 0.534333 4.311510 0.606644
-5.204536 12.104183 -23.648756 -41.374557 0.532022 4.290668 0.604601
-5.178983 12.040371 -23.536008 -41.175277 0.529700 4.269806 0.602481
-5.153461 11.976667 -23.423040 -40.975784 0.527363 4.248936 0.600244
-5.127946 11.913033 -23.309902 -40.776157 0.525000 4.228104 0.597827
-5.102384 11.849313 -23.196965 -40.576749 0.522654 4.207237 0.595590
-5.076747 11.785469 -23.084283 -40.377638 0.520315 4.186385 0.593473
-5.051026 11.721505 -22.971839 -40.178831 0.517978 4.165558 0.591433
-5.025224 11.657442 -22.859589 -39.980292 0.515642 4.144757 0.589443
-4.999353 11.593308 -22.747483 -39.781963 0.513305 4.123976 0.587485
-4.973430 11.529133 -22.635467 -39.583774 0.510966 4.103208 0.585543
-4.947477 11.464951 -22.523487 -39.385648 0.508623 4.082447 0.583605
-4.921515 11.400793 -22.411488 -39.187505 0.506276 4.061685 0.581657
-4.895564 11.336692 -22.299414 -38.989267 0.503923 4.040914 0.579688
-4.869646 11.272679 -22.187210 -38.790863 0.501562 4.020126 0.577683
-4.843775 11.208779 -22.074823 -38.592231 0.499193 3.999317 0.575623
-4.817959 11.145012 -21.962207 -38.393334 0.496813 3.978484 0.573482
-4.792191 11.081383 -21.849336 -38.194174 0.494419 3.957636 0.571220
-4.766444 11.017855 -21.736256 -37.994831 0.491997 3.936821 0.568772
-4.740655 10.954267 -21.623371 -37.795671 0.489596 3.915971 0.566500
-4.714793 10.890585 -21.510730 -37.596775 0.487201 3.895136 0.564339
-4.688851 10.826814 -21.398309 -37.398148 0.484811 3.874325 0.562248
-4.662832 10.762974 -21.286065 -37.199753 0.482421 3.853538 0.560201
-4.636752 10.699093 -21.173943 -37.001530 0.480031 3.832769 0.558179
-4.610628 10.635201 -21.061888 -36.803408 0.477640 3.812011 0.556166
-4.584484 10.571330 -20.949844 -36.605311 0.475246 3.791256 0.554149
-4.558343 10.507509 -20.837756 -36.407161 0.472848 3.770496 0.552115
-4.532224 10.443769 -20.725566 -36.208885 0.470444 3.749726 0.550050
-4.506146 10.380135 -20.613221 -36.010422 0.468033 3.728937 0.547935
-4.480117 10.316628 -20.500669 -35.811733 0.465613 3.708127 0.545744
-4.454130 10.253252 -20.387883 -35.612819 0.463180 3.687304 0.543435
-4.428157 10.189975 -20.274905 -35.413761 0.460720 3.666516 0.540945
-4.402124 10.126634 -20.162166 -35.214940 0.458283 3.645701 0.538633
-4.376000 10.063196 -20.049713 -35.016436 0.455855 3.624909 0.536435
-4.349776 9.999669 -19.937519 -34.818255 0.453433 3.604148 0.534308
-4.323458 9.936074 -19.825535 -34.620358 0.451014 3.583416 0.532227
-4.297062 9.872437 -19.713706 -34.422684 0.448596 3.562707 0.530172
-4.270610 9.808789 -19.601977 -34.225159 0.446178 3.542014 0.528130
-4.244126 9.745159 -19.490291 -34.027707 0.443759 3.521330 0.526086
-4.217634 9.681578 -19.378590 -33.830248 0.441337 3.500646 0.524030
-4.191159 9.618073 -19.266816 -33.632709 0.438911 3.479955 0.521945
-4.164718 9.554672 -19.154915 -33.435028 0.436479 3.459250 0.519815
-4.138322 9.491392 -19.042833 -33.237163 0.434039 3.438529 0.517613
-4.111965 9.428242 -18.930538 -33.039115 0.431587 3.417796 0.515299
-4.085616 9.365189 -18.818066 -32.840968 0.429110 3.397099 0.512805
-4.059192 9.302071 -18.705883 -32.643114 0.426657 3.376385 0.510493
-4.032659 9.238859 -18.594029 -32.445637 0.424216 3.355701 0.508296
-4.006008 9.175562 -18.482473 -32.248541 0.421781 3.335055 0.506173
-3.979247 9.112199 -18.371164 -32.051785 0.419351 3.314444 0.504096
-3.952396 9.048799 -18.260046 -31.855308 0.416924 3.293862 0.502049
-3.925477 8.985389 -18.149063 -31.659033 0.414499 3.273302 0.500018
-3.898518 8.921999 -18.038156 -31.462883 0.412074 3.252755 0.497989
-3.871546 8.858658 -17.927268 -31.266774 0.409647 3.232214 0.495954
-3.844590 8.795396 -17.816340 -31.070626 0.407218 3.211671 0.493898
-3.817675 8.732238 -17.705314 -30.874364 0.404784 3.191118 0.491810
-3.790824 8.669210 -17.594133 -30.677924 0.402344 3.170549 0.489672
-3.764048 8.606332 -17.482743 -30.481262 0.399896 3.149958 0.487458
-3.737343 8.543610 -17.371106 -30.284381 0.397435 3.129351 0.485127
-3.710676 8.481016 -17.259252 -30.087364 0.394948 3.108773 0.482611
-3.683954 8.418389 -17.147683 -29.890619 0.392486 3.088179 0.480271
-3.657141 8.355704 -17.036432 -29.694232 0.390036 3.067617 0.478038
-3.630229 8.292969 -16.925463 -29.498205 0.387592 3.047092 0.475872
-3.603231 8.230206 -16.814724 -29.302498 0.385154 3.026602 0.473745
-3.576165 8.167441 -16.704158 -29.107048 0.382718 3.006138 0.471641
-3.549060 8.104702 -16.593705 -28.911779 0.380284 2.985694 0.469546
-3.521944 8.042016 -16.483309 -28.716614 0.377850 2.965262 0.467446
-3.494847 7.979413 -16.372909 -28.521472 0.375414 2.944834 0.465331
-3.467795 7.916918 -16.262448 -28.326279 0.372975 2.924402 0.463186
-3.440815 7.854555 -16.151868 -28.130971 0.370531 2.903959 0.460995
-3.413919 7.792345 -16.041112 -27.935504 0.368080 2.883501 0.458732
-3.387105 7.730295 -15.930139 -27.739879 0.365618 2.863030 0.456356
-3.360337 7.668382 -15.818973 -27.544184 0.363129 2.842590 0.453797
-3.333514 7.606447 -15.708149 -27.348837 0.360669 2.822146 0.451416
-3.306598 7.544469 -15.597693 -27.153927 0.358221 2.801743 0.449144
-3.279582 7.482459 -15.487567 -26.959457 0.355781 2.781387 0.446938
-3.252481 7.420438 -15.377716 -26.765385 0.353348 2.761072 0.444773
-3.225316 7.358432 -15.268082 -26.571647 0.350920 2.740791 0.442631
-3.198119 7.296469 -15.158606 -26.378170 0.348494 2.720538 0.440500
-3.170918 7.234576 -15.049230 -26.184874 0.346070 2.700304 0.438367
-3.143747 7.172780 -14.939895 -25.991680 0.343645 2.680082 0.436220
-3.116636 7.111107 -14.830542 -25.798513 0.341218 2.659864 0.434046
-3.089610 7.049581 -14.721112 -25.605310 0.338788 2.639643 0.431828
-3.062688 6.988222 -14.611548 -25.412026 0.336352 2.619413 0.429541
-3.035866 6.927038 -14.501807 -25.218663 0.333906 2.599176 0.427144
-3.009107 6.866011 -14.391904 -25.025312 0.331434 2.578974 0.424565
-2.982302 6.804986 -14.282409 -24.832402 0.328992 2.558782 0.422166
-2.955409 6.743945 -14.173342 -24.640027 0.326565 2.538642 0.419876
-2.928425 6.682902 -14.064660 -24.448189 0.324147 2.518560 0.417652
-2.901366 6.621878 -13.956307 -24.256845 0.321738 2.498528 0.415470
-2.874256 6.560898 -13.848227 -24.065933 0.319334 2.478541 0.413312
-2.847128 6.499990 -13.740359 -23.875379 0.316935 2.458591 0.411166
-2.820015 6.439180 -13.632647 -23.685102 0.314539 2.438670 0.409020
-2.792953 6.378495 -13.525029 -23.495023 0.312144 2.418771 0.406864
-2.765977 6.317961 -13.417448 -23.305062 0.309748 2.398886 0.404687
-2.739120 6.257602 -13.309845 -23.115146 0.307351 2.379007 0.402475
-2.712410 6.197442 -13.202160 -22.925210 0.304949 2.359128 0.400213
-2.685869 6.137501 -13.094337 -22.735210 0.302541 2.339242 0.397876
-2.659496 6.077787 -12.986327 -22.545150 0.300123 2.319349 0.395422
-2.633251 6.018286 -12.878141 -22.355123 0.297679 2.299490 0.392778
-2.607016 5.958851 -12.770383 -22.165572 0.295265 2.279649 0.390307
-2.580749 5.899468 -12.663065 -21.976594 0.292866 2.259868 0.387935
-2.554449 5.840152 -12.556142 -21.788191 0.290477 2.240149 0.385621
-2.528134 5.780924 -12.449558 -21.600322 0.288096 2.220487 0.383339
-2.501832 5.721810 -12.343255 -21.412926 0.285721 2.200873 0.381073
-2.475579 5.662835 -12.237173 -21.225930 0.283351 2.181301 0.378809
-2.449409 5.604027 -12.131256 -21.039256 0.280983 2.161764 0.376537
-2.423361 5.545409 -12.025443 -20.852830 0.278616 2.142254 0.374245
-2.397470 5.487008 -11.919676 -20.666577 0.276249 2.122764 0.371919
-2.371768 5.428845 -11.813897 -20.480436 0.273880 2.103286 0.369545
-2.346276 5.370942 -11.708048 -20.294365 0.271506 2.083816 0.367096
-2.320996 5.313309 -11.602080 -20.108368 0.269123 2.064351 0.364532
-2.295889 5.255935 -11.495996 -19.922541 0.266715 2.044928 0.361778
-2.270826 5.198682 -11.390433 -19.737340 0.264340 2.025544 0.359197
-2.245765 5.141543 -11.285396 -19.552865 0.261982 2.006238 0.356714
-2.220707 5.084531 -11.180838 -19.369121 0.259635 1.987011 0.354288
-2.195672 5.027671 -11.076703 -19.186068 0.257299 1.967856 0.351893
-2.170692 4.970987 -10.972933 -19.003644 0.254971 1.948766 0.349513
-2.145802 4.914504 -10.869471 -18.821781 0.252649 1.929736 0.347135
-2.121043 4.858250 -10.766260 -18.640402 0.250332 1.910757 0.344749
-2.096452 4.802248 -10.663240 -18.459436 0.248018 1.891822 0.342342
-2.072067 4.746524 -10.560353 -18.278810 0.245705 1.872925 0.339903
-2.047923 4.691100 -10.457544 -18.098465 0.243392 1.854059 0.337415
-2.024043 4.635997 -10.354754 -17.918362 0.241076 1.835217 0.334854
-2.000429 4.581226 -10.251934 -17.738505 0.238753 1.816398 0.332177
-1.977043 4.526782 -10.149082 -17.558997 0.236407 1.797635 0.329311
-1.953745 4.472536 -10.046864 -17.380307 0.234096 1.778937 0.326618
-1.930495 4.418484 -9.945280 -17.202536 0.231804 1.760339 0.324021
-1.907292 4.364644 -9.844282 -17.025692 0.229527 1.741841 0.321480
-1.884161 4.311037 -9.743815 -16.849739 0.227262 1.723436 0.318970
-1.861134 4.257689 -9.643824 -16.674618 0.225008 1.705119 0.316475
-1.838249 4.204625 -9.544252 -16.500261 0.222762 1.686883 0.313982
-1.815547 4.151871 -9.445042 -16.326596 0.220524 1.668721 0.311481
-1.793070 4.099451 -9.346138 -16.153552 0.218291 1.650627 0.308962
-1.770859 4.047390 -9.247484 -15.981056 0.216062 1.632593 0.306414
-1.748954 3.995712 -9.149022 -15.809042 0.213835 1.614613 0.303825
-1.727389 3.944438 -9.050698 -15.637452 0.211609 1.596681 0.301181
-1.706192 3.893588 -8.952456 -15.466251 0.209380 1.578790 0.298456
-1.685364 3.843175 -8.854247 -15.295448 0.207146 1.560938 0.295608
-1.664867 3.793196 -8.756062 -15.125150 0.204889 1.543155 0.292563
-1.644552 3.743536 -8.658601 -14.955838 0.202669 1.525462 0.289683
-1.624377 3.694195 -8.561858 -14.787620 0.200469 1.507891 0.286891
-1.604344 3.645188 -8.465784 -14.620508 0.198285 1.490440 0.284147
-1.584479 3.596540 -8.370327 -14.454468 0.196116 1.473104 0.281425
-1.564814 3.548274 -8.275433 -14.289447 0.193958 1.455877 0.278710
-1.545390 3.500415 -8.181048 -14.125382 0.191811 1.438753 0.275990
-1.526249 3.452986 -8.087116 -13.962205 0.189672 1.421725 0.273254
-1.507431 3.406011 -7.993585 -13.799852 0.187540 1.404788 0.270492
-1.488978 3.359514 -7.900400 -13.638260 0.185414 1.387935 0.267692
-1.470925 3.313517 -7.807508 -13.477377 0.183292 1.371160 0.264839
-1.453298 3.268037 -7.714856 -13.317170 0.181170 1.354458 0.261908
-1.436101 3.223089 -7.622396 -13.157654 0.179046 1.337825 0.258859
-1.419290 3.178673 -7.530119 -12.998943 0.176904 1.321288 0.255614
-1.402712 3.134685 -7.438747 -12.841528 0.174802 1.304881 0.252537
-1.386321 3.091128 -7.348273 -12.685524 0.172724 1.288630 0.249552
-1.370119 3.048019 -7.258651 -12.530948 0.170666 1.272536 0.246617
-1.354130 3.005380 -7.169831 -12.377771 0.168626 1.256591 0.243708
-1.338389 2.963233 -7.081762 -12.225945 0.166603 1.240792 0.240810
-1.322934 2.921602 -6.994394 -12.075411 0.164594 1.225131 0.237912
-1.307807 2.880507 -6.907674 -11.926109 0.162598 1.209605 0.235004
-1.293048 2.839972 -6.821554 -11.777979 0.160614 1.194206 0.232075
-1.278696 2.800017 -6.735981 -11.630965 0.158639 1.178930 0.229114
-1.264786 2.760661 -6.650908 -11.485020 0.156672 1.163771 0.226106
-1.251341 2.721922 -6.566284 -11.340118 0.154712 1.148724 0.223030
-1.238364 2.683813 -6.482067 -11.196279 0.152753 1.133785 0.219842
-1.225809 2.646333 -6.398245 -11.053625 0.150781 1.118979 0.216468
-1.213509 2.609390 -6.315567 -10.912659 0.148855 1.104349 0.213270
-1.201418 2.572987 -6.234023 -10.773505 0.146958 1.089920 0.210173
-1.189534 2.537138 -6.153571 -10.636184 0.145087 1.075689 0.207135
-1.177879 2.501862 -6.074168 -10.500674 0.143239 1.061654 0.204133
-1.166485 2.467177 -5.995766 -10.366935 0.141414 1.047807 0.201155
-1.155388 2.433101 -5.918320 -10.234914 0.139610 1.034146 0.198188
-1.144625 2.399654 -5.841784 -10.104557 0.137825 1.020664 0.195224
-1.134234 2.366850 -5.766112 -9.975811 0.136057 1.007356 0.192255
-1.124253 2.334708 -5.691260 -9.848622 0.134306 0.994218 0.189273
-1.114716 2.303241 -5.617183 -9.722942 0.132570 0.981245 0.186266
-1.105653 2.272463 -5.543838 -9.598732 0.130847 0.968431 0.183223
-1.097086 2.242385 -5.471182 -9.475975 0.129136 0.955772 0.180120
-1.089009 2.213015 -5.399178 -9.354700 0.127432 0.943266 0.176918
-1.081370 2.184346 -5.327818 -9.235036 0.125721 0.930933 0.173540
-1.073993 2.156294 -5.257872 -9.117501 0.124061 0.918827 0.170354
-1.066822 2.128856 -5.189336 -9.002228 0.122438 0.906970 0.167280
-1.059851 2.102038 -5.122173 -8.889249 0.120848 0.895359 0.164282
-1.053096 2.075850 -5.056347 -8.778550 0.119289 0.883992 0.161336
-1.046582 2.050300 -4.991817 -8.670098 0.117759 0.872863 0.158431
-1.040338 2.025396 -4.928546 -8.563854 0.116258 0.861968 0.155557
-1.034396 2.001145 -4.866496 -8.459772 0.114783 0.851304 0.152706
-1.028784 1.977552 -4.805630 -8.357811 0.113335 0.840864 0.149872
-1.023532 1.954621 -4.745910 -8.257932 0.111911 0.830647 0.147045
-1.018660 1.932354 -4.687301 -8.160106 0.110510 0.820646 0.144213
-1.014182 1.910748 -4.629770 -8.064325 0.109132 0.810858 0.141356
-1.010085 1.889799 -4.573286 -7.970629 0.107771 0.801281 0.138437
-1.006307 1.869490 -4.517848 -7.879158 0.106413 0.791933 0.135378
-1.002659 1.849731 -4.464248 -7.790444 0.105119 0.782876 0.132549
-0.999076 1.830505 -4.412486 -7.704630 0.103873 0.774129 0.129875
-0.995543 1.811801 -4.362537 -7.621759 0.102673 0.765691 0.127318
-0.992066 1.793610 -4.314372 -7.541829 0.101516 0.757558 0.124858
-0.988661 1.775922 -4.267962 -7.464819 0.100401 0.749727 0.122485
-0.985348 1.758723 -4.223279 -7.390700 0.099328 0.742193 0.120192
-0.982148 1.742000 -4.180295 -7.319440 0.098295 0.734953 0.117974
-0.979079 1.725734 -4.138984 -7.251008 0.097303 0.728003 0.115825
-0.976161 1.709905 -4.099320 -7.185378 0.096349 0.721340 0.113739
-0.973405 1.694490 -4.061279 -7.122534 0.095434 0.714961 0.111708
-0.970813 1.679463 -4.024840 -7.062480 0.094556 0.708862 0.109713
-0.968362 1.664792 -3.989984 -7.005268 0.093712 0.703042 0.107720
-0.965981 1.650436 -3.956721 -6.951052 0.092887 0.697520 0.105655
-0.963468 1.636285 -3.925866 -6.900376 0.092142 0.692364 0.103892
-0.960749 1.622297 -3.897430 -6.853395 0.091463 0.687595 0.102359
-0.957801 1.608437 -3.871402 -6.810163 0.090847 0.683215 0.101023
-0.954624 1.594673 -3.847770 -6.770685 0.090292 0.679226 0.099871
-0.951230 1.580980 -3.826524 -6.734946 0.089797 0.675634 0.098899
-0.947636 1.567339 -3.807655 -6.702921 0.089362 0.672446 0.098108
-0.943863 1.553741 -3.791160 -6.674577 0.088985 0.669676 0.097504
-0.939938 1.540202 -3.777040 -6.649879 0.088664 0.667347 0.097095
-0.935890 1.526763 -3.765306 -6.628785 0.088396 0.665491 0.096891
-0.931756 1.513517 -3.755977 -6.611248 0.088178 0.664159 0.096909
-0.927581 1.500626 -3.749091 -6.597216 0.088004 0.663426 0.097167
-0.923422 1.488359 -3.744703 -6.586626 0.087866 0.663396 0.097693
-0.919341 1.477149 -3.742853 -6.579416 0.087771 0.664158 0.098509
-0.915334 1.467827 -3.742918 -6.575594 0.087780 0.664544 0.099569
-0.912191 1.462194 -3.742716 -6.573725 0.087806 0.664210 0.100006
