-0.000000 0.000000 -0.000000
0.004793 -0.051686 -0.002881
0.013464 -0.143137 -0.007083
0.022465 -0.257415 -0.011982
0.030306 -0.379082 -0.017251
0.036600 -0.497169 -0.022736
0.041411 -0.606072 -0.028335
0.044926 -0.703337 -0.033974
0.047328 -0.788299 -0.039598
0.048779 -0.861275 -0.045165
0.049418 -0.923072 -0.050644
0.049363 -0.974715 -0.056010
0.048715 -1.017291 -0.061246
0.047560 -1.051874 -0.066340
0.045970 -1.079494 -0.071281
0.044033 -1.101145 -0.076064
0.041848 -1.117782 -0.080697
0.039430 -1.130321 -0.085118
0.036783 -1.139117 -0.089344
0.033941 -1.144609 -0.093382
0.030934 -1.147255 -0.097237
0.027785 -1.147492 -0.100908
0.024514 -1.145714 -0.104395
0.021212 -1.142289 -0.107703
0.017905 -1.137537 -0.110837
0.014586 -1.131720 -0.113796
0.011267 -1.125059 -0.116578
0.007958 -1.117745 -0.119184
0.004665 -1.109956 -0.121610
0.001400 -1.101828 -0.123860
-0.001827 -1.093471 -0.125936
-0.005007 -1.084973 -0.127843
-0.008134 -1.076405 -0.129587
-0.011200 -1.067825 -0.131172
-0.014201 -1.059278 -0.132602
-0.017132 -1.050803 -0.133882
-0.019990 -1.042429 -0.135018
-0.022771 -1.034180 -0.136013
-0.025473 -1.026075 -0.136872
-0.028093 -1.018129 -0.137601
-0.030627 -1.010360 -0.138202
-0.033072 -1.002785 -0.138680
-0.035432 -0.995435 -0.139036
-0.037704 -0.988324 -0.139271
-0.039886 -0.981459 -0.139392
-0.041977 -0.974839 -0.139404
-0.043979 -0.968461 -0.139309
-0.045891 -0.962323 -0.139115
-0.047714 -0.956419 -0.138823
-0.049449 -0.950741 -0.138440
-0.051098 -0.945284 -0.137969
-0.052661 -0.940040 -0.137414
-0.054140 -0.935005 -0.136780
-0.055534 -0.930176 -0.136069
-0.056845 -0.925556 -0.135285
-0.058075 -0.921163 -0.134428
-0.059227 -0.917001 -0.133503
-0.060299 -0.913066 -0.132511
-0.061294 -0.909351 -0.131458
-0.062213 -0.905847 -0.130347
-0.063059 -0.902545 -0.129180
-0.063833 -0.899436 -0.127962
-0.064538 -0.896508 -0.126696
-0.065176 -0.893752 -0.125385
-0.065749 -0.891160 -0.124031
-0.066258 -0.888724 -0.122637
-0.066705 -0.886441 -0.121207
-0.067090 -0.884313 -0.119742
-0.067417 -0.882357 -0.118243
-0.067688 -0.880577 -0.116712
-0.067903 -0.878968 -0.115151
-0.068063 -0.877524 -0.113564
-0.068172 -0.876236 -0.111953
-0.068230 -0.875095 -0.110320
-0.068240 -0.874091 -0.108667
-0.068204 -0.873214 -0.106996
-0.068124 -0.872456 -0.105309
-0.068002 -0.871805 -0.103609
-0.067840 -0.871256 -0.101897
-0.067638 -0.870800 -0.100175
-0.067399 -0.870436 -0.098444
-0.067123 -0.870167 -0.096706
-0.066812 -0.870011 -0.094961
-0.066468 -0.869972 -0.093211
-0.066092 -0.870048 -0.091457
-0.065684 -0.870233 -0.089700
-0.065247 -0.870519 -0.087942
-0.064782 -0.870898 -0.086185
-0.064290 -0.871361 -0.084430
-0.063774 -0.871901 -0.082677
-0.063234 -0.872508 -0.080929
-0.062672 -0.873176 -0.079185
-0.062089 -0.873899 -0.077448
-0.061486 -0.874676 -0.075718
-0.060863 -0.875512 -0.073996
-0.060223 -0.876424 -0.072282
-0.059566 -0.877420 -0.070577
-0.058892 -0.878496 -0.068882
-0.058203 -0.879649 -0.067197
-0.057500 -0.880871 -0.065523
-0.056784 -0.882155 -0.063862
-0.056056 -0.883493 -0.062213
-0.055317 -0.884878 -0.060578
-0.054568 -0.886301 -0.058958
-0.053811 -0.887758 -0.057351
-0.053045 -0.889243 -0.055760
-0.052272 -0.890755 -0.054185
-0.051491 -0.892301 -0.052625
-0.050705 -0.893900 -0.051082
-0.049913 -0.895557 -0.049555
-0.049116 -0.897272 -0.048044
-0.048315 -0.899041 -0.046551
-0.047509 -0.900858 -0.045076
-0.046701 -0.902715 -0.043618
-0.045891 -0.904606 -0.042179
-0.045080 -0.906523 -0.040758
-0.044267 -0.908459 -0.039356
-0.043455 -0.910407 -0.037973
-0.042644 -0.912361 -0.036609
-0.041834 -0.914317 -0.035264
-0.041025 -0.916275 -0.033939
-0.040217 -0.918243 -0.032633
-0.039412 -0.920239 -0.031346
-0.038610 -0.922270 -0.030080
-0.037810 -0.924336 -0.028832
-0.037014 -0.926434 -0.027605
-0.036221 -0.928558 -0.026397
-0.035431 -0.930703 -0.025209
-0.034647 -0.932860 -0.024041
-0.033867 -0.935023 -0.022893
-0.033093 -0.937187 -0.021765
-0.032325 -0.939345 -0.020656
-0.031563 -0.941496 -0.019568
-0.030806 -0.943638 -0.018499
-0.030056 -0.945780 -0.017450
-0.029312 -0.947941 -0.016421
-0.028575 -0.950128 -0.015411
-0.027846 -0.952341 -0.014420
-0.027123 -0.954579 -0.013449
-0.026407 -0.956835 -0.012498
-0.025698 -0.959103 -0.011565
-0.024998 -0.961378 -0.010652
-0.024305 -0.963652 -0.009758
-0.023621 -0.965920 -0.008882
-0.022946 -0.968177 -0.008026
-0.022279 -0.970419 -0.007188
-0.021620 -0.972649 -0.006368
-0.020969 -0.974873 -0.005567
-0.020328 -0.977111 -0.004783
-0.019696 -0.979370 -0.004018
-0.019072 -0.981652 -0.003271
-0.018457 -0.983953 -0.002541
-0.017851 -0.986269 -0.001829
-0.017254 -0.988594 -0.001134
-0.016666 -0.990921 -0.000457
-0.016088 -0.993243 0.000204
-0.015519 -0.995555 0.000848
-0.014960 -0.997849 0.001476
-0.014411 -1.000122 0.002087
-0.013871 -1.002371 0.002681
-0.013340 -1.004596 0.003260
-0.012819 -1.006807 0.003824
-0.012307 -1.009021 0.004371
-0.011806 -1.011248 0.004903
-0.011313 -1.013487 0.005420
-0.010831 -1.015737 0.005922
-0.010357 -1.017993 0.006409
-0.009893 -1.020248 0.006882
-0.009438 -1.022498 0.007340
-0.008993 -1.024736 0.007784
-0.008558 -1.026956 0.008214
-0.008132 -1.029153 0.008631
-0.007715 -1.031325 0.009034
-0.007307 -1.033474 0.009423
-0.006908 -1.035607 0.009800
-0.006519 -1.037745 0.010164
-0.006139 -1.039893 0.010515
-0.005769 -1.042055 0.010853
-0.005407 -1.044227 0.011179
-0.005054 -1.046406 0.011493
-0.004709 -1.048585 0.011795
-0.004374 -1.050758 0.012085
-0.004047 -1.052919 0.012364
-0.003729 -1.055062 0.012632
-0.003420 -1.057184 0.012889
-0.003119 -1.059281 0.013135
-0.002827 -1.061356 0.013370
-0.002542 -1.063416 0.013595
-0.002266 -1.065480 0.013810
-0.001998 -1.067556 0.014015
-0.001739 -1.069646 0.014209
-0.001487 -1.071747 0.014394
-0.001243 -1.073854 0.014570
-0.001007 -1.075963 0.014736
-0.000779 -1.078066 0.014893
-0.000558 -1.080156 0.015041
-0.000345 -1.082227 0.015181
-0.000139 -1.084274 0.015312
0.000059 -1.086292 0.015435
0.000250 -1.088278 0.015550
0.000433 -1.090235 0.015657
0.000610 -1.092170 0.015756
0.000780 -1.094101 0.015848
0.000943 -1.096037 0.015932
0.001099 -1.097979 0.016009
0.001248 -1.099925 0.016078
0.001391 -1.101870 0.016141
0.001527 -1.103809 0.016197
0.001657 -1.105735 0.016247
0.001781 -1.107643 0.016290
0.001898 -1.109526 0.016326
0.002009 -1.111381 0.016357
0.002115 -1.113205 0.016382
0.002215 -1.114999 0.016401
0.002310 -1.116773 0.016415
0.002399 -1.118543 0.016423
0.002482 -1.120318 0.016426
0.002559 -1.122099 0.016424
0.002632 -1.123884 0.016416
0.002699 -1.125670 0.016403
0.002761 -1.127449 0.016386
0.002818 -1.129216 0.016364
0.002870 -1.130964 0.016338
0.002918 -1.132689 0.016307
0.002961 -1.134384 0.016272
0.002999 -1.136050 0.016233
0.003034 -1.137686 0.016191
0.003064 -1.139301 0.016144
0.003090 -1.140913 0.016094
0.003112 -1.142530 0.016040
0.003129 -1.144152 0.015982
0.003142 -1.145778 0.015921
0.003152 -1.147403 0.015857
0.003158 -1.149022 0.015790
0.003160 -1.150627 0.015719
0.003159 -1.152212 0.015646
0.003154 -1.153769 0.015570
0.003146 -1.155294 0.015491
0.003135 -1.156781 0.015410
0.003120 -1.158228 0.015326
0.003103 -1.159638 0.015241
0.003083 -1.161017 0.015153
0.003060 -1.162383 0.015062
0.003033 -1.163744 0.014970
0.003004 -1.165101 0.014875
0.002972 -1.166453 0.014779
0.002938 -1.167794 0.014681
0.002901 -1.169119 0.014581
0.002861 -1.170421 0.014479
0.002820 -1.171695 0.014375
0.002776 -1.172934 0.014271
0.002730 -1.174135 0.014165
0.002682 -1.175295 0.014057
0.002633 -1.176416 0.013949
0.002582 -1.177505 0.013840
0.002529 -1.178579 0.013729
0.002474 -1.179647 0.013617
0.002417 -1.180710 0.013504
0.002358 -1.181765 0.013390
0.002298 -1.182808 0.013275
0.002237 -1.183834 0.013160
0.002174 -1.184837 0.013043
0.002110 -1.185809 0.012927
0.002045 -1.186745 0.012809
0.001979 -1.187641 0.012691
0.001913 -1.188494 0.012573
0.001845 -1.189307 0.012454
0.001777 -1.190087 0.012335
0.001708 -1.190851 0.012216
0.001637 -1.191606 0.012096
0.001566 -1.192354 0.011976
0.001495 -1.193092 0.011856
0.001422 -1.193816 0.011735
0.001349 -1.194521 0.011615
0.001276 -1.195198 0.011494
0.001202 -1.195842 0.011374
0.001128 -1.196445 0.011253
0.001053 -1.197002 0.011133
0.000979 -1.197507 0.011013
0.000904 -1.197960 0.010893
0.000830 -1.198361 0.010774
0.000755 -1.198718 0.010655
0.000681 -1.199048 0.010536
0.000606 -1.199357 0.010417
0.000531 -1.199648 0.010299
0.000456 -1.199919 0.010181
0.000381 -1.200165 0.010064
0.000306 -1.200380 0.009947
0.000231 -1.200559 0.009830
0.000157 -1.200695 0.009714
0.000083 -1.200783 0.009598
0.000010 -1.200817 0.009484
-0.000063 -1.200798 0.009370
-0.000135 -1.200725 0.009257
-0.000206 -1.200606 0.009144
-0.000276 -1.200459 0.009032
-0.000347 -1.200290 0.008921
-0.000417 -1.200102 0.008810
-0.000486 -1.199892 0.008700
-0.000555 -1.199656 0.008591
-0.000623 -1.199389 0.008482
-0.000690 -1.199085 0.008374
-0.000757 -1.198736 0.008267
-0.000822 -1.198339 0.008161
-0.000886 -1.197889 0.008056
-0.000949 -1.197383 0.007952
-0.001011 -1.196825 0.007849
-0.001072 -1.196220 0.007747
-0.001132 -1.195587 0.007645
-0.001191 -1.194932 0.007545
-0.001249 -1.194257 0.007445
-0.001307 -1.193560 0.007347
-0.001363 -1.192837 0.007249
-0.001418 -1.192082 0.007152
-0.001472 -1.191288 0.007056
-0.001525 -1.190450 0.006961
-0.001576 -1.189561 0.006867
-0.001627 -1.188614 0.006774
-0.001676 -1.187607 0.006683
-0.001723 -1.186536 0.006592
-0.001769 -1.185405 0.006503
-0.001813 -1.184220 0.006415
-0.001857 -1.182999 0.006329
-0.001899 -1.181749 0.006243
-0.001940 -1.180471 0.006158
-0.001980 -1.179166 0.006074
-0.002019 -1.177827 0.005991
-0.002056 -1.176452 0.005909
-0.002092 -1.175034 0.005829
-0.002127 -1.173567 0.005749
-0.002160 -1.172046 0.005671
-0.002191 -1.170468 0.005594
-0.002221 -1.168832 0.005518
-0.002249 -1.167140 0.005444
-0.002275 -1.165400 0.005371
-0.002300 -1.163628 0.005298
-0.002324 -1.161833 0.005227
-0.002346 -1.160017 0.005157
-0.002367 -1.158179 0.005087
-0.002387 -1.156316 0.005019
-0.002406 -1.154422 0.004952
-0.002423 -1.152494 0.004885
-0.002439 -1.150525 0.004820
-0.002454 -1.148513 0.004756
-0.002468 -1.146454 0.004693
-0.002481 -1.144349 0.004631
-0.002494 -1.142202 0.004570
-0.002508 -1.140024 0.004511
-0.002523 -1.137834 0.004452
-0.002537 -1.135640 0.004395
-0.002547 -1.133446 0.004339
-0.002554 -1.131249 0.004284
-0.002560 -1.129047 0.004231
-0.002564 -1.126833 0.004179
-0.002566 -1.124604 0.004128
-0.002567 -1.122355 0.004079
-0.002568 -1.120081 0.004032
-0.002567 -1.117780 0.003986
-0.002565 -1.115450 0.003941
-0.002562 -1.113092 0.003898
-0.002558 -1.110710 0.003857
-0.002554 -1.108315 0.003817
-0.002548 -1.105925 0.003778
-0.002543 -1.103551 0.003741
-0.002537 -1.101198 0.003705
-0.002531 -1.098868 0.003670
-0.002524 -1.096558 0.003636
-0.002516 -1.094268 0.003603
-0.002508 -1.091996 0.003572
-0.002500 -1.089738 0.003541
-0.002491 -1.087492 0.003512
-0.002481 -1.085260 0.003485
-0.002471 -1.083041 0.003459
-0.002460 -1.080843 0.003434
-0.002449 -1.078676 0.003410
-0.002437 -1.076561 0.003387
-0.002426 -1.074508 0.003366
-0.002415 -1.072523 0.003345
-0.002403 -1.070609 0.003325
-0.002391 -1.068766 0.003306
-0.002380 -1.066994 0.003288
-0.002368 -1.065291 0.003271
-0.002356 -1.063655 0.003255
-0.002345 -1.062086 0.003240
-0.002333 -1.060585 0.003226
-0.002321 -1.059154 0.003214
-0.002308 -1.057800 0.003202
-0.002296 -1.056536 0.003191
-0.002284 -1.055382 0.003180
-0.002273 -1.054349 0.003171
-0.002263 -1.053446 0.003162
-0.002253 -1.052675 0.003154
-0.002243 -1.052035 0.003146
-0.002235 -1.051527 0.003139
-0.002227 -1.051148 0.003133
-0.002219 -1.050895 0.003127
-0.002213 -1.050765 0.003123
-0.002207 -1.050753 0.003119
-0.002203 -1.050857 0.003115
-0.002199 -1.051071 0.003113
-0.002197 -1.051393 0.003112
-0.002196 -1.051817 0.003112
-0.002197 -1.052341 0.003113
-0.002199 -1.052958 0.003114
-0.002203 -1.053667 0.003118
-0.002209 -1.054462 0.003122
-0.002216 -1.055339 0.003128
-0.002225 -1.056296 0.003135
-0.002237 -1.057327 0.003144
-0.002251 -1.058429 0.003154
-0.002266 -1.059597 0.003166
-0.002285 -1.060829 0.003179
-0.002305 -1.062120 0.003195
-0.002328 -1.063467 0.003211
-0.002354 -1.064867 0.003229
-0.002381 -1.066319 0.003249
-0.002409 -1.067822 0.003269
-0.002438 -1.069371 0.003291
-0.002468 -1.070963 0.003314
-0.002500 -1.072596 0.003339
-0.002533 -1.074265 0.003364
-0.002567 -1.075968 0.003391
-0.002603 -1.077701 0.003419
-0.002641 -1.079461 0.003449
-0.002680 -1.081246 0.003481
-0.002722 -1.083053 0.003514
-0.002765 -1.084878 0.003549
-0.002809 -1.086722 0.003585
-0.002854 -1.088583 0.003622
-0.002900 -1.090460 0.003661
-0.002946 -1.092351 0.003701
-0.002993 -1.094253 0.003742
-0.003040 -1.096165 0.003784
-0.003088 -1.098084 0.003828
-0.003136 -1.100008 0.003873
-0.003186 -1.101934 0.003919
-0.003236 -1.103861 0.003967
-0.003287 -1.105787 0.004017
-0.003340 -1.107709 0.004068
-0.003393 -1.109625 0.004121
-0.003448 -1.111535 0.004175
-0.003503 -1.113438 0.004231
-0.003559 -1.115334 0.004288
-0.003614 -1.117222 0.004347
-0.003669 -1.119102 0.004407
-0.003724 -1.120972 0.004467
-0.003779 -1.122830 0.004529
-0.003835 -1.124674 0.004593
-0.003890 -1.126504 0.004657
-0.003946 -1.128317 0.004723
-0.004001 -1.130112 0.004791
-0.004058 -1.131888 0.004860
-0.004115 -1.133643 0.004930
-0.004172 -1.135378 0.005002
-0.004230 -1.137090 0.005075
-0.004287 -1.138783 0.005149
-0.004343 -1.140455 0.005225
-0.004399 -1.142107 0.005301
-0.004454 -1.143736 0.005378
-0.004509 -1.145342 0.005457
-0.004563 -1.146924 0.005536
-0.004617 -1.148481 0.005616
-0.004671 -1.150011 0.005698
-0.004724 -1.151515 0.005781
-0.004777 -1.152990 0.005865
-0.004831 -1.154436 0.005951
-0.004885 -1.155854 0.006037
-0.004938 -1.157242 0.006125
-0.004991 -1.158602 0.006214
-0.005042 -1.159936 0.006303
-0.005093 -1.161243 0.006393
-0.005142 -1.162522 0.006484
-0.005191 -1.163772 0.006576
-0.005239 -1.164993 0.006668
-0.005286 -1.166184 0.006761
-0.005332 -1.167345 0.006856
-0.005379 -1.168475 0.006951
-0.005425 -1.169573 0.007047
-0.005470 -1.170639 0.007144
-0.005516 -1.171673 0.007243
-0.005562 -1.172675 0.007342
-0.005607 -1.173644 0.007442
-0.005651 -1.174584 0.007543
-0.005695 -1.175495 0.007645
-0.005737 -1.176376 0.007747
-0.005778 -1.177228 0.007850
-0.005818 -1.178049 0.007953
-0.005857 -1.178840 0.008056
-0.005895 -1.179600 0.008161
-0.005933 -1.180328 0.008266
-0.005970 -1.181024 0.008372
-0.006008 -1.181688 0.008479
-0.006044 -1.182320 0.008586
-0.006081 -1.182918 0.008695
-0.006117 -1.183485 0.008803
-0.006152 -1.184023 0.008913
-0.006186 -1.184532 0.009023
-0.006219 -1.185012 0.009133
-0.006250 -1.185463 0.009243
-0.006280 -1.185885 0.009354
-0.006310 -1.186277 0.009465
-0.006338 -1.186639 0.009576
-0.006366 -1.186971 0.009688
-0.006393 -1.187272 0.009801
-0.006420 -1.187542 0.009914
-0.006447 -1.187781 0.010028
-0.006473 -1.187989 0.010142
-0.006499 -1.188167 0.010257
-0.006523 -1.188317 0.010372
-0.006546 -1.188440 0.010487
-0.006568 -1.188537 0.010602
-0.006589 -1.188606 0.010718
-0.006608 -1.188649 0.010833
-0.006627 -1.188664 0.010949
-0.006645 -1.188651 0.011065
-0.006662 -1.188611 0.011181
-0.006678 -1.188542 0.011297
-0.006694 -1.188446 0.011415
-0.006710 -1.188322 0.011532
-0.006725 -1.188169 0.011650
-0.006741 -1.187988 0.011769
-0.006756 -1.187780 0.011887
-0.006770 -1.187547 0.012006
-0.006783 -1.187291 0.012125
-0.006794 -1.187010 0.012244
-0.006805 -1.186706 0.012363
-0.006814 -1.186377 0.012482
-0.006823 -1.186024 0.012601
-0.006831 -1.185646 0.012720
-0.006839 -1.185243 0.012839
-0.006846 -1.184815 0.012958
-0.006853 -1.184361 0.013078
-0.006860 -1.183882 0.013199
-0.006866 -1.183377 0.013319
-0.006873 -1.182847 0.013440
-0.006878 -1.182296 0.013560
-0.006882 -1.181723 0.013681
-0.006885 -1.181129 0.013801
-0.006887 -1.180514 0.013922
-0.006888 -1.179877 0.014042
-0.006888 -1.179217 0.014162
-0.006887 -1.178536 0.014282
-0.006886 -1.177832 0.014402
-0.006885 -1.177106 0.014522
-0.006883 -1.176356 0.014643
-0.006881 -1.175584 0.014764
-0.006879 -1.174788 0.014885
-0.006877 -1.173970 0.015005
-0.006874 -1.173132 0.015126
-0.006870 -1.172275 0.015247
-0.006864 -1.171399 0.015367
-0.006858 -1.170505 0.015487
-0.006850 -1.169591 0.015607
-0.006842 -1.168657 0.015727
-0.006834 -1.167704 0.015846
-0.006824 -1.166731 0.015965
-0.006815 -1.165738 0.016085
-0.006805 -1.164724 0.016204
-0.006796 -1.163690 0.016324
-0.006786 -1.162636 0.016444
-0.006777 -1.161561 0.016564
-0.006768 -1.160466 0.016684
-0.006758 -1.159354 0.016803
-0.006747 -1.158225 0.016923
-0.006735 -1.157080 0.017042
-0.006722 -1.155919 0.017160
-0.006709 -1.154740 0.017279
-0.006695 -1.153543 0.017397
-0.006681 -1.152329 0.017515
-0.006667 -1.151097 0.017632
-0.006652 -1.149846 0.017750
-0.006638 -1.148577 0.017868
-0.006624 -1.147289 0.017986
-0.006610 -1.145981 0.018103
-0.006597 -1.144656 0.018221
-0.006582 -1.143314 0.018338
-0.006567 -1.141958 0.018455
-0.006551 -1.140586 0.018571
-0.006534 -1.139199 0.018687
-0.006516 -1.137796 0.018803
-0.006499 -1.136376 0.018918
-0.006481 -1.134940 0.019032
-0.006463 -1.133487 0.019147
-0.006444 -1.132017 0.019261
-0.006427 -1.130529 0.019376
-0.006409 -1.129023 0.019490
-0.006392 -1.127499 0.019604
-0.006374 -1.125957 0.019717
-0.006357 -1.124400 0.019831
-0.006338 -1.122829 0.019943
-0.006319 -1.121244 0.020055
-0.006299 -1.119644 0.020167
-0.006279 -1.118029 0.020278
-0.006259 -1.116398 0.020388
-0.006238 -1.114752 0.020498
-0.006218 -1.113089 0.020608
-0.006197 -1.111410 0.020717
-0.006177 -1.109715 0.020826
-0.006158 -1.108003 0.020934
-0.006139 -1.106274 0.021043
-0.006121 -1.104527 0.021151
-0.006103 -1.102764 0.021258
-0.006085 -1.100987 0.021366
-0.006067 -1.099196 0.021472
-0.006048 -1.097391 0.021578
-0.006029 -1.095571 0.021683
-0.006010 -1.093737 0.021787
-0.005991 -1.091888 0.021890
-0.005973 -1.090023 0.021993
-0.005954 -1.088143 0.022096
-0.005936 -1.086245 0.022198
-0.005919 -1.084331 0.022299
-0.005903 -1.082399 0.022400
-0.005887 -1.080450 0.022501
-0.005873 -1.078484 0.022601
-0.005858 -1.076504 0.022700
-0.005843 -1.074509 0.022799
-0.005827 -1.072500 0.022896
-0.005812 -1.070476 0.022993
-0.005797 -1.068436 0.023089
-0.005781 -1.066381 0.023183
-0.005767 -1.064310 0.023278
-0.005753 -1.062222 0.023371
-0.005739 -1.060116 0.023464
-0.005726 -1.057993 0.023556
-0.005715 -1.055852 0.023647
-0.005704 -1.053692 0.023738
-0.005694 -1.051515 0.023828
-0.005685 -1.049322 0.023917
-0.005675 -1.047114 0.024005
-0.005665 -1.044890 0.024091
-0.005656 -1.042651 0.024177
-0.005646 -1.040395 0.024261
-0.005638 -1.038122 0.024345
-0.005629 -1.035832 0.024427
-0.005622 -1.033525 0.024509
-0.005615 -1.031200 0.024589
-0.005610 -1.028856 0.024669
-0.005606 -1.026494 0.024748
-0.005603 -1.024113 0.024826
-0.005602 -1.021713 0.024903
-0.005603 -1.019294 0.024979
-0.005603 -1.016858 0.025054
-0.005604 -1.014406 0.025127
-0.005606 -1.011937 0.025200
-0.005608 -1.009451 0.025271
-0.005611 -1.006948 0.025340
-0.005615 -1.004426 0.025409
-0.005620 -1.001885 0.025476
-0.005626 -0.999325 0.025542
-0.005634 -0.996745 0.025606
-0.005643 -0.994145 0.025670
-0.005653 -0.991524 0.025733
-0.005666 -0.988883 0.025794
-0.005680 -0.986220 0.025854
-0.005695 -0.983539 0.025913
-0.005710 -0.980839 0.025970
-0.005726 -0.978121 0.026026
-0.005743 -0.975384 0.026080
-0.005761 -0.972626 0.026133
-0.005780 -0.969849 0.026184
-0.005800 -0.967050 0.026234
-0.005822 -0.964231 0.026282
-0.005845 -0.961389 0.026329
-0.005871 -0.958525 0.026375
-0.005898 -0.955639 0.026419
-0.005926 -0.952729 0.026462
-0.005957 -0.949796 0.026503
-0.005989 -0.946842 0.026543
-0.006021 -0.943868 0.026581
-0.006055 -0.940873 0.026617
-0.006089 -0.937857 0.026652
-0.006125 -0.934818 0.026684
-0.006162 -0.931758 0.026715
-0.006201 -0.928674 0.026745
-0.006241 -0.925568 0.026773
-0.006283 -0.922438 0.026799
-0.006327 -0.919285 0.026824
-0.006374 -0.916108 0.026847
-0.006422 -0.912906 0.026868
-0.006473 -0.909680 0.026888
-0.006527 -0.906429 0.026906
-0.006582 -0.903156 0.026923
-0.006638 -0.899860 0.026937
-0.006695 -0.896542 0.026950
-0.006754 -0.893201 0.026961
-0.006815 -0.889837 0.026970
-0.006877 -0.886448 0.026977
-0.006941 -0.883036 0.026982
-0.007007 -0.879598 0.026986
-0.007075 -0.876135 0.026988
-0.007146 -0.872647 0.026988
-0.007219 -0.869133 0.026986
-0.007295 -0.865593 0.026983
-0.007373 -0.862026 0.026978
-0.007453 -0.858436 0.026972
-0.007534 -0.854823 0.026963
-0.007616 -0.851185 0.026952
-0.007700 -0.847523 0.026939
-0.007786 -0.843837 0.026924
-0.007873 -0.840126 0.026908
-0.007962 -0.836390 0.026890
-0.008053 -0.832628 0.026869
-0.008147 -0.828840 0.026847
-0.008243 -0.825027 0.026824
-0.008341 -0.821187 0.026798
-0.008442 -0.817320 0.026771
-0.008545 -0.813428 0.026742
-0.008649 -0.809512 0.026712
-0.008755 -0.805572 0.026679
-0.008862 -0.801609 0.026645
-0.008971 -0.797622 0.026608
-0.009081 -0.793611 0.026570
-0.009193 -0.789576 0.026530
-0.009306 -0.785517 0.026488
-0.009422 -0.781435 0.026445
-0.009539 -0.777329 0.026399
-0.009659 -0.773200 0.026353
-0.009782 -0.769047 0.026304
-0.009906 -0.764871 0.026254
-0.010034 -0.760671 0.026203
-0.010163 -0.756449 0.026150
-0.010294 -0.752206 0.026095
-0.010426 -0.747944 0.026039
-0.010560 -0.743662 0.025981
-0.010694 -0.739361 0.025921
-0.010831 -0.735041 0.025860
-0.010968 -0.730701 0.025797
-0.011107 -0.726343 0.025733
-0.011248 -0.721966 0.025668
-0.011391 -0.717571 0.025601
-0.011535 -0.713158 0.025533
-0.011682 -0.708727 0.025464
-0.011830 -0.704279 0.025393
-0.011981 -0.699816 0.025322
-0.012132 -0.695338 0.025249
-0.012283 -0.690848 0.025175
-0.012435 -0.686346 0.025099
-0.012588 -0.681832 0.025023
-0.012741 -0.677307 0.024946
-0.012895 -0.672772 0.024867
-0.013050 -0.668227 0.024788
-0.013205 -0.663673 0.024707
-0.013362 -0.659111 0.024626
-0.013520 -0.654542 0.024545
-0.013678 -0.649966 0.024462
-0.013838 -0.645385 0.024379
-0.013998 -0.640799 0.024296
-0.014158 -0.636212 0.024211
-0.014317 -0.631624 0.024126
-0.014476 -0.627038 0.024041
-0.014635 -0.622454 0.023955
-0.014792 -0.617873 0.023869
-0.014950 -0.613297 0.023783
-0.015107 -0.608726 0.023696
-0.015263 -0.604163 0.023609
-0.015419 -0.599609 0.023522
-0.015575 -0.595065 0.023436
-0.015731 -0.590533 0.023349
-0.015886 -0.586015 0.023262
-0.016041 -0.581511 0.023176
-0.016196 -0.577024 0.023090
-0.016348 -0.572557 0.023004
-0.016499 -0.568112 0.022919
-0.016648 -0.563691 0.022834
-0.016794 -0.559294 0.022749
-0.016938 -0.554924 0.022666
-0.017080 -0.550582 0.022582
-0.017220 -0.546271 0.022500
-0.017358 -0.541992 0.022419
-0.017494 -0.537746 0.022338
-0.017627 -0.533537 0.022258
-0.017758 -0.529366 0.022180
-0.017886 -0.525234 0.022102
-0.018012 -0.521144 0.022026
-0.018133 -0.517100 0.021951
-0.018251 -0.513103 0.021878
-0.018364 -0.509155 0.021806
-0.018473 -0.505259 0.021735
-0.018577 -0.501415 0.021666
-0.018676 -0.497627 0.021599
-0.018771 -0.493897 0.021533
-0.018861 -0.490226 0.021469
-0.018946 -0.486616 0.021407
-0.019027 -0.483071 0.021347
-0.019102 -0.479591 0.021288
-0.019172 -0.476178 0.021232
-0.019237 -0.472834 0.021179
-0.019295 -0.469563 0.021127
-0.019347 -0.466366 0.021077
-0.019391 -0.463246 0.021030
-0.019428 -0.460204 0.020985
-0.019457 -0.457241 0.020943
-0.019479 -0.454361 0.020903
-0.019494 -0.451565 0.020866
-0.019502 -0.448855 0.020832
-0.019502 -0.446235 0.020800
-0.019495 -0.443707 0.020771
-0.019481 -0.441273 0.020744
-0.019459 -0.438937 0.020721
-0.019430 -0.436701 0.020700
-0.019394 -0.434568 0.020682
-0.019352 -0.432540 0.020667
-0.019302 -0.430620 0.020654
-0.019245 -0.428810 0.020645
-0.019181 -0.427113 0.020638
-0.019111 -0.425531 0.020635
-0.019034 -0.424066 0.020634
-0.018951 -0.422720 0.020636
-0.018862 -0.421495 0.020640
-0.018767 -0.420392 0.020647
-0.018667 -0.419409 0.020657
-0.018563 -0.418547 0.020670
-0.018454 -0.417799 0.020685
-0.018341 -0.417157 0.020702
-0.018222 -0.416601 0.020723
-0.018098 -0.416121 0.020747
-0.017968 -0.415713 0.020773
-0.017833 -0.415374 0.020802
-0.017694 -0.415106 0.020834
-0.017551 -0.414907 0.020869
-0.017405 -0.414781 0.020906
-0.017255 -0.414726 0.020946
-0.017103 -0.414746 0.020988
-0.016949 -0.414839 0.021031
-0.016794 -0.415004 0.021077
-0.016637 -0.415236 0.021125
-0.016478 -0.415527 0.021175
-0.016318 -0.415858 0.021227
-0.016154 -0.416219 0.021281
-0.015987 -0.416606 0.021337
-0.015819 -0.417019 0.021396
-0.015649 -0.417457 0.021456
-0.015478 -0.417922 0.021518
-0.015305 -0.418416 0.021582
-0.015132 -0.418941 0.021647
-0.014959 -0.419500 0.021713
-0.014785 -0.420094 0.021781
-0.014612 -0.420723 0.021850
-0.014440 -0.421387 0.021920
-0.014268 -0.422083 0.021991
-0.014098 -0.422803 0.022063
-0.013927 -0.423527 0.022136
-0.013755 -0.424249 0.022210
-0.013582 -0.424965 0.022286
-0.013410 -0.425674 0.022362
-0.013237 -0.426378 0.022439
-0.013065 -0.427080 0.022517
-0.012895 -0.427780 0.022595
-0.012725 -0.428484 0.022674
-0.012556 -0.429192 0.022753
-0.012390 -0.429906 0.022832
-0.012226 -0.430626 0.022911
-0.012064 -0.431351 0.022991
-0.011905 -0.432071 0.023070
-0.011746 -0.432771 0.023149
-0.011588 -0.433442 0.023229
-0.011430 -0.434083 0.023309
-0.011273 -0.434692 0.023388
-0.011118 -0.435274 0.023468
-0.010965 -0.435830 0.023547
-0.010813 -0.436364 0.023626
-0.010664 -0.436878 0.023704
-0.010517 -0.437378 0.023782
-0.010373 -0.437863 0.023859
-0.010232 -0.438336 0.023935
-0.010094 -0.438794 0.024010
-0.009959 -0.439231 0.024084
-0.009826 -0.439630 0.024158
-0.009694 -0.439984 0.024231
-0.009563 -0.440291 0.024303
-0.009434 -0.440553 0.024374
-0.009307 -0.440772 0.024444
-0.009182 -0.440951 0.024513
-0.009059 -0.441095 0.024581
-0.008939 -0.441208 0.024648
-0.008822 -0.441294 0.024714
-0.008707 -0.441356 0.024778
-0.008595 -0.441398 0.024840
-0.008486 -0.441420 0.024901
-0.008382 -0.441422 0.024960
-0.008280 -0.441397 0.025018
-0.008180 -0.441329 0.025074
-0.008081 -0.441212 0.025129
-0.007984 -0.441044 0.025182
-0.007889 -0.440826 0.025233
-0.007795 -0.440563 0.025283
-0.007704 -0.440257 0.025332
-0.007615 -0.439914 0.025378
-0.007529 -0.439536 0.025422
-0.007446 -0.439129 0.025465
-0.007366 -0.438695 0.025505
-0.007289 -0.438236 0.025543
-0.007216 -0.437751 0.025579
-0.007146 -0.437234 0.025613
-0.007078 -0.436669 0.025645
-0.007011 -0.436051 0.025674
-0.006945 -0.435377 0.025702
-0.006882 -0.434650 0.025728
-0.006820 -0.433873 0.025751
-0.006760 -0.433051 0.025772
-0.006703 -0.432187 0.025791
-0.006649 -0.431287 0.025807
-0.006597 -0.430354 0.025821
-0.006548 -0.429391 0.025833
-0.006502 -0.428402 0.025841
-0.006460 -0.427384 0.025847
-0.006421 -0.426333 0.025851
-0.006383 -0.425232 0.025852
-0.006346 -0.424076 0.025850
-0.006311 -0.422864 0.025847
-0.006277 -0.421597 0.025840
-0.006245 -0.420280 0.025831
-0.006215 -0.418916 0.025820
-0.006186 -0.417511 0.025806
-0.006160 -0.416069 0.025789
-0.006136 -0.414595 0.025769
-0.006115 -0.413094 0.025747
-0.006096 -0.411568 0.025722
-0.006080 -0.410021 0.025694
-0.006066 -0.408451 0.025663
-0.006056 -0.406854 0.025628
-0.006046 -0.405212 0.025592
-0.006038 -0.403521 0.025552
-0.006030 -0.401779 0.025510
-0.006023 -0.399990 0.025466
-0.006017 -0.398155 0.025418
-0.006013 -0.396281 0.025368
-0.006011 -0.394371 0.025314
-0.006011 -0.392431 0.025258
-0.006012 -0.390464 0.025199
-0.006016 -0.388474 0.025136
-0.006022 -0.386463 0.025071
-0.006031 -0.384432 0.025002
-0.006042 -0.382374 0.024930
-0.006054 -0.380274 0.024856
-0.006066 -0.378125 0.024778
-0.006079 -0.375928 0.024698
-0.006092 -0.373683 0.024614
-0.006107 -0.371396 0.024528
-0.006123 -0.369071 0.024438
-0.006140 -0.366712 0.024346
-0.006159 -0.364323 0.024250
-0.006179 -0.361910 0.024151
-0.006201 -0.359476 0.024049
-0.006226 -0.357024 0.023944
-0.006252 -0.354552 0.023835
-0.006281 -0.352056 0.023723
-0.006310 -0.349520 0.023608
-0.006339 -0.346936 0.023490
-0.006368 -0.344307 0.023369
-0.006397 -0.341632 0.023245
-0.006428 -0.338917 0.023118
-0.006459 -0.336166 0.022988
-0.006491 -0.333383 0.022854
-0.006524 -0.330574 0.022717
-0.006558 -0.327743 0.022577
-0.006593 -0.324895 0.022434
-0.006630 -0.322033 0.022288
-0.006669 -0.319161 0.022138
-0.006709 -0.316277 0.021985
-0.006751 -0.313376 0.021829
-0.006792 -0.310442 0.021669
-0.006833 -0.307469 0.021507
-0.006875 -0.304457 0.021341
-0.006916 -0.301408 0.021173
-0.006957 -0.298326 0.021001
-0.006999 -0.295215 0.020826
-0.007042 -0.292080 0.020648
-0.007085 -0.288926 0.020466
-0.007129 -0.285757 0.020282
-0.007174 -0.282577 0.020094
-0.007220 -0.279388 0.019902
-0.007268 -0.276191 0.019708
-0.007317 -0.272979 0.019510
-0.007366 -0.269736 0.019309
-0.007414 -0.266457 0.019105
-0.007462 -0.263140 0.018897
-0.007509 -0.259789 0.018687
-0.007557 -0.256407 0.018473
-0.007604 -0.252999 0.018257
-0.007652 -0.249569 0.018037
-0.007700 -0.246122 0.017813
-0.007749 -0.242663 0.017587
-0.007799 -0.239196 0.017357
-0.007850 -0.235722 0.017124
-0.007902 -0.232242 0.016888
-0.007955 -0.228750 0.016648
-0.008007 -0.225229 0.016405
-0.008058 -0.221675 0.016159
-0.008109 -0.218086 0.015911
-0.008159 -0.214465 0.015659
-0.008209 -0.210815 0.015403
-0.008259 -0.207143 0.015145
-0.008308 -0.203451 0.014884
-0.008358 -0.199746 0.014619
-0.008408 -0.196031 0.014352
-0.008458 -0.192312 0.014081
-0.008508 -0.188592 0.013807
-0.008560 -0.184875 0.013531
-0.008612 -0.181159 0.013251
-0.008664 -0.177439 0.012967
-0.008716 -0.173699 0.012681
-0.008766 -0.169933 0.012392
-0.008815 -0.166140 0.012101
-0.008864 -0.162324 0.011806
-0.008912 -0.158487 0.011509
-0.008960 -0.154635 0.011208
-0.009007 -0.150773 0.010905
-0.009054 -0.146904 0.010599
-0.009101 -0.143034 0.010289
-0.009148 -0.139167 0.009977
-0.009196 -0.135305 0.009663
-0.009244 -0.131448 0.009345
-0.009293 -0.127592 0.009024
-0.009340 -0.123717 0.008700
-0.009386 -0.119820 0.008374
-0.009431 -0.115900 0.008046
-0.009475 -0.111959 0.007715
-0.009518 -0.108002 0.007381
-0.009560 -0.104033 0.007044
-0.009602 -0.100057 0.006705
-0.009644 -0.096078 0.006363
-0.009685 -0.092103 0.006019
-0.009726 -0.088133 0.005672
-0.009767 -0.084173 0.005323
-0.009809 -0.080222 0.004971
-0.009851 -0.076276 0.004616
-0.009891 -0.072316 0.004260
-0.009930 -0.068337 0.003901
-0.009967 -0.064339 0.003540
-0.010004 -0.060324 0.003176
-0.010039 -0.056298 0.002811
-0.010074 -0.052265 0.002443
-0.010108 -0.048229 0.002074
-0.010141 -0.044196 0.001702
-0.010173 -0.040171 0.001328
-0.010205 -0.036158 0.000953
-0.010236 -0.032161 0.000575
-0.010268 -0.028185 0.000196
-0.010299 -0.024228 -0.000185
-0.010330 -0.020285 -0.000568
-0.010360 -0.016340 -0.000953
-0.010388 -0.012386 -0.001339
-0.010414 -0.008424 -0.001726
-0.010439 -0.004456 -0.002115
-0.010463 -0.000487 -0.002505
-0.010485 0.003478 -0.002897
-0.010507 0.007435 -0.003289
-0.010528 0.011378 -0.003683
-0.010548 0.015302 -0.004078
-0.010568 0.019204 -0.004474
-0.010587 0.023080 -0.004871
-0.010606 0.026929 -0.005269
-0.010625 0.030758 -0.005668
-0.010642 0.034583 -0.006068
-0.010657 0.038410 -0.006468
-0.010670 0.042239 -0.006868
-0.010682 0.046067 -0.007269
-0.010693 0.049888 -0.007670
-0.010703 0.053699 -0.008072
-0.010711 0.057495 -0.008473
-0.010719 0.061269 -0.008875
-0.010726 0.065017 -0.009276
-0.010732 0.068735 -0.009678
-0.010737 0.072420 -0.010079
-0.010743 0.076070 -0.010480
-0.010748 0.079691 -0.010881
-0.010751 0.083300 -0.011281
-0.010752 0.086904 -0.011680
-0.010751 0.090502 -0.012078
-0.010749 0.094089 -0.012475
-0.010746 0.097662 -0.012871
-0.010741 0.101216 -0.013266
-0.010736 0.104745 -0.013659
-0.010729 0.108244 -0.014051
-0.010721 0.111707 -0.014441
-0.010713 0.115130 -0.014829
-0.010703 0.118507 -0.015215
-0.010693 0.121836 -0.015598
-0.010682 0.125115 -0.015980
-0.010671 0.128349 -0.016359
-0.010659 0.131558 -0.016736
-0.010644 0.134744 -0.017109
-0.010628 0.137909 -0.017479
-0.010610 0.141048 -0.017845
-0.010591 0.144156 -0.018209
-0.010571 0.147229 -0.018568
-0.010550 0.150262 -0.018924
-0.010528 0.153247 -0.019275
-0.010505 0.156181 -0.019622
-0.010482 0.159059 -0.019965
-0.010457 0.161876 -0.020303
-0.010433 0.164632 -0.020635
-0.010408 0.167332 -0.020963
-0.010382 0.169993 -0.021285
-0.010354 0.172622 -0.021601
-0.010325 0.175217 -0.021911
-0.010294 0.177775 -0.022214
-0.010263 0.180289 -0.022511
-0.010231 0.182756 -0.022801
-0.010198 0.185170 -0.023083
-0.010164 0.187524 -0.023357
-0.010130 0.189814 -0.023624
-0.010095 0.192035 -0.023882
-0.010060 0.194182 -0.024131
-0.010026 0.196255 -0.024371
-0.009991 0.198257 -0.024602
-0.009955 0.200209 -0.024823
-0.009918 0.202115 -0.025033
-0.009880 0.203972 -0.025232
-0.009842 0.205779 -0.025420
-0.009803 0.207529 -0.025595
-0.009763 0.209217 -0.025759
-0.009724 0.210838 -0.025909
-0.009684 0.212385 -0.026046
-0.009644 0.213852 -0.026168
-0.009604 0.215235 -0.026276
-0.009565 0.216528 -0.026369
-0.009525 0.217727 -0.026445
-0.009486 0.218831 -0.026505
-0.009448 0.219843 -0.026548
-0.009409 0.220784 -0.026572
-0.009370 0.221658 -0.026577
-0.009331 0.222463 -0.026561
-0.009292 0.223196 -0.026525
-0.009254 0.223851 -0.026467
-0.009216 0.224422 -0.026387
-0.009179 0.224905 -0.026282
-0.009142 0.225293 -0.026153
-0.009106 0.225580 -0.025998
-0.009071 0.225761 -0.025816
-0.009037 0.225833 -0.025606
-0.009005 0.225794 -0.025366
-0.008974 0.225647 -0.025096
-0.008944 0.225413 -0.024792
-0.008914 0.225097 -0.024455
-0.008886 0.224696 -0.024082
-0.008858 0.224207 -0.023672
-0.008833 0.223625 -0.023223
-0.008808 0.222944 -0.022734
-0.008786 0.222158 -0.022201
-0.008765 0.221262 -0.021624
-0.008747 0.220250 -0.021000
-0.008730 0.219117 -0.020326
-0.008716 0.217858 -0.019602
-0.008704 0.216474 -0.018823
-0.008695 0.214967 -0.017988
-0.008688 0.213358 -0.017093
-0.008683 0.211653 -0.016135
-0.008681 0.209849 -0.015112
-0.008681 0.207943 -0.014019
-0.008683 0.205930 -0.012855
-0.008689 0.203805 -0.011614
-0.008698 0.201562 -0.010293
-0.008710 0.199197 -0.008888
-0.008725 0.196703 -0.007395
-0.008743 0.194076 -0.005809
-0.008765 0.191311 -0.004125
-0.008791 0.188406 -0.002339
-0.008820 0.185358 -0.000445
-0.008854 0.182175 0.001563
-0.008891 0.178876 0.003691
-0.008931 0.175469 0.005945
-0.008975 0.171952 0.008332
-0.009023 0.168323 0.010859
-0.009075 0.164579 0.013533
-0.009132 0.160716 0.016362
-0.009192 0.156730 0.019354
-0.009256 0.152618 0.022518
-0.009325 0.148376 0.025864
-0.009397 0.144003 0.029402
-0.009474 0.139496 0.033140
-0.009555 0.134859 0.037091
-0.009640 0.130098 0.041266
-0.009729 0.125239 0.045678
-0.009821 0.120290 0.050339
-0.009916 0.115255 0.055263
-0.010013 0.110135 0.060465
-0.010114 0.104930 0.065958
-0.010217 0.099641 0.071760
-0.010322 0.094269 0.077886
-0.010429 0.088817 0.084354
-0.010538 0.083286 0.091181
-0.010647 0.077681 0.098385
-0.010758 0.072007 0.105986
-0.010870 0.066273 0.113999
-0.010983 0.060497 0.122442
-0.011097 0.054712 0.131330
-0.011213 0.048936 0.140675
-0.011332 0.043186 0.150481
-0.011457 0.037474 0.160745
-0.011591 0.031817 0.171449
-0.011738 0.026232 0.182554
-0.011902 0.020740 0.193989
-0.012088 0.015368 0.205639
-0.012302 0.010148 0.217317
-0.012545 0.005120 0.228735
-0.012817 0.000335 0.239459
-0.013104 -0.004142 0.248838
-0.013389 -0.008226 0.255905
-0.013660 -0.011809 0.259231
-0.013873 -0.014355 0.255615
