-0.000000 -0.000000 0.000000 -0.000000 0.000000 0.000000 -0.000000
0.056464 0.033995 0.028170 0.256368 0.104311 0.106393 -0.139883
0.131269 0.073999 0.056824 0.587223 0.206738 0.197702 -0.251475
0.201988 0.111719 0.085483 0.959219 0.307339 0.278030 -0.348152
0.260773 0.142549 0.114172 1.361329 0.406559 0.350220 -0.435003
0.306945 0.163838 0.142685 1.788717 0.504691 0.415936 -0.514678
0.342847 0.174032 0.170709 2.238651 0.601949 0.476267 -0.589000
0.372058 0.172204 0.197879 2.708942 0.698504 0.531990 -0.659578
0.399972 0.157773 0.223947 3.193899 0.793480 0.583599 -0.724688
0.430006 0.130413 0.248660 3.692609 0.887046 0.631592 -0.785460
0.464928 0.089954 0.271862 4.205135 0.979398 0.676388 -0.842656
0.507045 0.036333 0.293443 4.731891 1.070737 0.718345 -0.896898
0.558235 -0.030431 0.313317 5.273359 1.161267 0.757774 -0.948763
0.619859 -0.110253 0.331384 5.829841 1.251183 0.794919 -0.998853
0.693401 -0.203020 0.347536 6.401615 1.340676 0.830017 -1.047797
0.781941 -0.308638 0.361956 6.985149 1.428880 0.863193 -1.093042
0.886306 -0.426970 0.374569 7.580428 1.515982 0.894620 -1.135294
1.006546 -0.557847 0.385306 8.187309 1.602170 0.924396 -1.175246
1.142890 -0.701316 0.394222 8.806260 1.687648 0.952775 -1.213394
1.295248 -0.857315 0.401392 9.438080 1.772625 0.979997 -1.250104
1.463276 -1.025758 0.406867 10.083264 1.857303 1.006267 -1.285828
1.646738 -1.206554 0.410654 10.741588 1.941871 1.031772 -1.321265
1.846917 -1.399629 0.413211 11.408679 2.025430 1.056551 -1.354055
2.063342 -1.604877 0.414569 12.084280 2.108163 1.080767 -1.384899
2.295199 -1.822169 0.414793 12.768733 2.190264 1.104566 -1.414273
2.541566 -2.051367 0.413950 13.462493 2.271930 1.128084 -1.442606
2.801518 -2.292333 0.412092 14.165893 2.353350 1.151447 -1.470370
3.074359 -2.544949 0.409229 14.878659 2.434708 1.174778 -1.498251
3.360913 -2.809091 0.405999 15.596552 2.515086 1.198034 -1.523868
3.660380 -3.084625 0.402422 16.319360 2.594663 1.221321 -1.547882
3.971664 -3.371393 0.398544 17.047497 2.673624 1.244726 -1.570733
4.293592 -3.669219 0.394407 17.781541 2.752158 1.268331 -1.592797
4.624971 -3.977924 0.390041 18.522072 2.830451 1.292207 -1.614451
4.964642 -4.297330 0.385451 19.269523 2.908688 1.316422 -1.636124
5.311680 -4.627274 0.380605 20.023722 2.987047 1.341050 -1.658456
5.666578 -4.967532 0.376268 20.780722 3.064595 1.365966 -1.679024
6.028287 -5.317900 0.372384 21.540432 3.141505 1.391217 -1.698452
6.395442 -5.678128 0.368885 22.303378 3.217957 1.416823 -1.717144
6.766568 -6.047924 0.365657 23.070238 3.294129 1.442781 -1.735459
7.140158 -6.426947 0.362499 23.841645 3.370194 1.469046 -1.753778
7.514809 -6.814789 0.359066 24.617920 3.446314 1.495526 -1.772606
7.889620 -7.211083 0.355099 25.398515 3.522671 1.522238 -1.792727
8.265429 -7.615764 0.352029 26.179734 3.598329 1.549272 -1.811579
8.642050 -8.028429 0.350013 26.961226 3.673476 1.576814 -1.829803
9.019024 -8.448716 0.349108 27.743172 3.748289 1.604977 -1.847863
9.395748 -8.876281 0.349313 28.525853 3.822943 1.633843 -1.866190
9.771581 -9.310801 0.350619 29.309424 3.897615 1.663493 -1.885257
10.146041 -9.751953 0.352976 30.093484 3.972480 1.694018 -1.905727
10.519828 -10.199241 0.357343 30.874324 4.046575 1.725197 -1.925217
10.892336 -10.652321 0.363635 31.651675 4.120074 1.757092 -1.944361
11.262704 -11.110832 0.371710 32.425888 4.193146 1.789724 -1.963589
11.630025 -11.574405 0.381409 33.197504 4.265964 1.823100 -1.983269
11.993419 -12.042683 0.392554 33.967086 4.338700 1.857228 -2.003768
12.352106 -12.515324 0.404962 34.735047 4.411526 1.892122 -2.025501
12.705594 -12.992004 0.418516 35.501234 4.484624 1.927855 -2.049067
13.054536 -13.472167 0.434123 36.262434 4.557019 1.964107 -2.072043
13.398488 -13.955480 0.451628 37.018596 4.628885 2.000930 -2.095006
13.736810 -14.441623 0.470802 37.770263 4.700394 2.038324 -2.118345
14.068861 -14.930282 0.491402 38.518147 4.771717 2.076287 -2.142393
14.394055 -15.421161 0.513181 39.262961 4.843024 2.114818 -2.167484
14.711919 -15.913991 0.535908 40.005244 4.914490 2.153934 -2.194008
15.022276 -16.408502 0.559469 40.744964 4.986299 2.193724 -2.222525
15.325975 -16.904155 0.584738 41.479254 5.057464 2.233802 -2.250613
15.622883 -17.400688 0.611564 42.208136 5.128163 2.274239 -2.278825
15.912678 -17.897872 0.639693 42.932171 5.198569 2.315049 -2.307547
16.195030 -18.395497 0.668859 43.652036 5.268851 2.356242 -2.337126
16.469706 -18.893367 0.698829 44.368274 5.339185 2.397847 -2.367950
16.736739 -19.391262 0.729508 45.080889 5.409757 2.439971 -2.400562
16.997089 -19.888667 0.761728 45.787277 5.479571 2.482175 -2.432554
17.250818 -20.385365 0.795352 46.487516 5.548810 2.524544 -2.464452
17.497783 -20.881183 0.830121 47.182233 5.617642 2.567102 -2.496617
17.737809 -21.375971 0.865747 47.872217 5.686238 2.609860 -2.529361
17.970753 -21.869594 0.901955 48.558245 5.754766 2.652833 -2.562995
18.196561 -22.361925 0.938513 49.240914 5.823399 2.696066 -2.597882
18.415431 -22.852797 0.975354 49.920283 5.892324 2.739680 -2.634531
18.628378 -23.341732 1.013239 50.594006 5.960540 2.783181 -2.670556
18.835606 -23.828565 1.052055 51.262190 6.028229 2.826671 -2.706459
19.037102 -24.313200 1.091546 51.925458 6.095561 2.870189 -2.742591
19.232808 -24.795566 1.131425 52.584590 6.162704 2.913754 -2.779259
19.422682 -25.275604 1.171418 53.240350 6.229826 2.957397 -2.816769
19.606759 -25.753259 1.211307 53.893317 6.297101 3.001174 -2.855477
19.785311 -26.228409 1.251051 54.543554 6.364714 3.045221 -2.895875
19.959333 -26.700623 1.291330 55.188903 6.431665 3.088996 -2.935621
20.129087 -27.169788 1.332060 55.829443 6.498135 3.132619 -2.975206
20.294620 -27.635877 1.373012 56.465717 6.564297 3.176146 -3.014992
20.455942 -28.098885 1.413942 57.098370 6.630319 3.219623 -3.055312
20.613116 -28.558803 1.454657 57.727919 6.696375 3.263122 -3.096528
20.766426 -29.015537 1.495131 58.354415 6.762651 3.306786 -3.139119
20.916808 -29.468689 1.535968 58.975870 6.828149 3.350037 -3.180788
21.064524 -29.918169 1.577096 59.592389 6.893051 3.393000 -3.222002
21.209621 -30.363988 1.618294 60.204540 6.957527 3.435737 -3.263105
21.352081 -30.806188 1.659304 60.813046 7.021742 3.478290 -3.304395
21.491887 -31.244822 1.699881 61.418612 7.085862 3.520709 -3.346173
21.629093 -31.679926 1.739856 62.021772 7.150058 3.563074 -3.388779
21.763959 -32.111445 1.779220 62.622603 7.214513 3.605532 -3.432666
21.897338 -32.539025 1.818499 63.219288 7.278237 3.647474 -3.475582
22.029465 -32.962619 1.857644 63.811925 7.341408 3.689033 -3.517976
22.160360 -33.382284 1.896471 64.401043 7.404195 3.730283 -3.560184
22.289977 -33.798122 1.934750 64.987310 7.466761 3.771279 -3.602505
22.418263 -34.210239 1.972273 65.571377 7.529272 3.812086 -3.645238
22.545229 -34.618719 2.008905 66.153724 7.591897 3.852793 -3.688721
22.671086 -35.023541 2.044660 66.734397 7.654816 3.893558 -3.733397
22.796583 -35.424401 2.080003 67.311681 7.717050 3.933746 -3.777077
22.921905 -35.821283 2.114921 67.885615 7.778778 3.973503 -3.820207
23.047033 -36.214285 2.149286 68.456615 7.840167 4.012924 -3.863137
23.171897 -36.603533 2.182947 69.025180 7.901383 4.052093 -3.906190
23.296470 -36.989130 2.215809 69.591702 7.962593 4.091114 -3.949714
23.420907 -37.371070 2.247903 70.156195 8.023975 4.130146 -3.994143
23.545863 -37.749076 2.279631 70.717052 8.084568 4.168542 -4.037353
23.671466 -38.123148 2.310987 71.274321 8.144545 4.206445 -4.079769
23.797643 -38.493401 2.341845 71.828430 8.204071 4.243948 -4.121724
23.924250 -38.859998 2.372045 72.379935 8.263304 4.281130 -4.163514
24.051143 -39.223103 2.401441 72.929379 8.322406 4.318070 -4.205433
24.178235 -39.582843 2.429951 73.477159 8.381538 4.354875 -4.247811
24.305623 -39.939231 2.457614 74.023302 8.440872 4.391702 -4.291059
24.433870 -40.292018 2.484772 74.566319 8.499467 4.427888 -4.333113
24.563051 -40.641220 2.511434 75.106244 8.557491 4.463579 -4.374383
24.693051 -40.986967 2.537510 75.643458 8.615104 4.498878 -4.415194
24.823685 -41.329440 2.562872 76.178457 8.672462 4.533869 -4.455841
24.954771 -41.668820 2.587408 76.711722 8.729723 4.568642 -4.496618
25.086180 -42.005244 2.611068 77.243594 8.787045 4.603312 -4.537850
25.217968 -42.338731 2.633903 77.774065 8.844597 4.638035 -4.579938
25.350619 -42.669049 2.656211 78.301713 8.901458 4.672146 -4.620897
25.484177 -42.996211 2.678024 78.826513 8.957793 4.705795 -4.661131
25.618504 -43.320340 2.699304 79.348742 9.013762 4.739101 -4.700973
25.753421 -43.641592 2.719992 79.868748 9.069520 4.772170 -4.740737
25.888785 -43.960090 2.740068 80.386791 9.125224 4.805126 -4.780752
26.024625 -44.275839 2.759585 80.902839 9.181036 4.838124 -4.821412
26.161374 -44.588612 2.778791 81.415558 9.236065 4.870497 -4.860801
26.299045 -44.898414 2.797703 81.924943 9.290469 4.902388 -4.899305
26.437475 -45.205369 2.816272 82.431294 9.344401 4.933908 -4.937237
26.576446 -45.509648 2.834411 82.935019 9.398011 4.965151 -4.974883
26.715741 -45.811423 2.852048 83.436514 9.451446 4.996214 -5.012527
26.855198 -46.110815 2.869155 83.936067 9.504858 5.027212 -5.050476
26.994826 -46.407828 2.885774 84.433673 9.558401 5.058293 -5.089098
27.135019 -46.702238 2.902094 84.928101 9.611211 5.088787 -5.126547
27.275783 -46.994043 2.918133 85.419352 9.663440 5.118834 -5.163188
27.416953 -47.283356 2.933854 85.907702 9.715236 5.148543 -5.199323
27.558312 -47.570340 2.949190 86.393519 9.766743 5.178013 -5.235231
27.699648 -47.855154 2.964085 86.877160 9.818105 5.207343 -5.271187
27.840800 -48.137908 2.978526 87.358877 9.869467 5.236649 -5.307492
27.981771 -48.418593 2.992555 87.838647 9.920980 5.266078 -5.344499
28.122937 -48.696982 3.006324 88.315298 9.971808 5.294965 -5.380444
28.264302 -48.973052 3.019864 88.788795 10.022099 5.323452 -5.415683
28.405719 -49.246887 3.033171 89.259335 10.071999 5.351658 -5.450519
28.547005 -49.518605 3.046228 89.727171 10.121648 5.379696 -5.485239
28.688013 -49.788286 3.059042 90.192497 10.171187 5.407689 -5.520140
28.828746 -50.055903 3.071651 90.655279 10.220763 5.435777 -5.555565
28.969559 -50.321226 3.084165 91.114427 10.269573 5.463306 -5.589827
29.110452 -50.584227 3.096594 91.569932 10.317760 5.490408 -5.623260
29.251273 -50.844992 3.108914 92.022023 10.365460 5.517193 -5.656146
29.391827 -51.103652 3.121080 92.471016 10.412808 5.543757 -5.688745
29.531919 -51.360342 3.133048 92.917220 10.459936 5.570198 -5.721314
29.671405 -51.615147 3.144811 93.360861 10.506980 5.596627 -5.754126
29.810289 -51.868040 3.156389 93.801942 10.554077 5.623176 -5.787499
29.948914 -52.118797 3.167846 94.239468 10.600456 5.649198 -5.819817
30.087286 -52.367385 3.179188 94.673446 10.646255 5.674817 -5.851393
30.225266 -52.613881 3.190397 95.104092 10.691603 5.700141 -5.882495
30.362676 -52.858410 3.201438 95.531697 10.736629 5.725267 -5.913371
30.499339 -53.101094 3.212279 95.956542 10.781459 5.750290 -5.944267
30.635124 -53.342011 3.222922 96.378829 10.826222 5.775321 -5.975446
30.770036 -53.581124 3.233388 96.798550 10.871050 5.800490 -6.007209
30.904414 -53.818211 3.243720 97.214760 10.915208 5.825164 -6.038026
31.038269 -54.053221 3.253933 97.627438 10.958827 5.849472 -6.068199
31.171482 -54.286208 3.264040 98.036740 11.002032 5.873525 -6.097991
31.303907 -54.517255 3.274041 98.442864 11.044947 5.897430 -6.127653
31.435427 -54.746416 3.283954 98.845964 11.087695 5.921301 -6.157441
31.566048 -54.973643 3.293804 99.246026 11.130403 5.945262 -6.187645
31.696094 -55.198719 3.303600 99.642175 11.172375 5.968702 -6.216817
31.825572 -55.421598 3.313348 100.034416 11.213733 5.991740 -6.245237
31.954363 -55.642341 3.323042 100.422930 11.254598 6.014476 -6.273149
32.082315 -55.861056 3.332657 100.807967 11.295083 6.037003 -6.300778
32.209279 -56.077850 3.342174 101.189772 11.335305 6.059412 -6.328347
32.335142 -56.292789 3.351594 101.568529 11.375378 6.081804 -6.356090
32.459911 -56.505837 3.360928 101.944254 11.415421 6.104294 -6.384271
32.583902 -56.716787 3.370160 102.316158 11.454775 6.126290 -6.411519
32.707125 -56.925598 3.379290 102.684258 11.493556 6.147902 -6.438095
32.829474 -57.132329 3.388316 103.048728 11.531875 6.169227 -6.464224
32.950813 -57.337083 3.397223 103.409796 11.569842 6.190354 -6.490120
33.071010 -57.539960 3.405999 103.767683 11.607563 6.211372 -6.515993
33.189964 -57.741021 3.414652 104.122550 11.645148 6.232380 -6.542064
33.307682 -57.940230 3.423199 104.474407 11.682708 6.253487 -6.568581
33.424469 -58.137382 3.431613 104.822505 11.719623 6.274130 -6.594263
33.540338 -58.332427 3.439908 105.166838 11.756004 6.294419 -6.619357
33.655196 -58.525404 3.448104 105.507529 11.791955 6.314453 -6.644083
33.768933 -58.716381 3.456215 105.844731 11.827581 6.334329 -6.668649
33.881460 -58.905401 3.464264 106.178566 11.862983 6.354144 -6.693272
33.992780 -59.092420 3.472271 106.509035 11.898266 6.374006 -6.718184
34.103182 -59.277244 3.480193 106.835453 11.932855 6.393382 -6.742194
34.212672 -59.459831 3.488037 107.157833 11.966851 6.412370 -6.765527
34.321159 -59.640232 3.495809 107.476319 12.000352 6.431061 -6.788384
34.428535 -59.818538 3.503501 107.791100 12.033453 6.449535 -6.810953
34.534688 -59.994837 3.511107 108.102366 12.066250 6.467873 -6.833418
34.639537 -60.169187 3.518636 108.410262 12.098836 6.486163 -6.855969
34.743086 -60.341558 3.526098 108.714814 12.131308 6.504500 -6.878819
34.845610 -60.511769 3.533436 109.015412 12.163130 6.522377 -6.900856
34.947117 -60.679787 3.540654 109.312081 12.194396 6.539888 -6.922288
35.047530 -60.845661 3.547760 109.604957 12.225196 6.557116 -6.943298
35.146752 -61.009475 3.554749 109.894211 12.255619 6.574136 -6.964057
35.244691 -61.171314 3.561622 110.180013 12.285752 6.591026 -6.984738
35.341272 -61.331230 3.568390 110.462487 12.315680 6.607867 -7.005516
35.436500 -61.489195 3.575069 110.741652 12.345493 6.624750 -7.026587
35.530633 -61.645033 3.581601 111.016941 12.374699 6.641205 -7.046933
35.623678 -61.798705 3.588003 111.288358 12.403384 6.657323 -7.066747
35.715569 -61.950246 3.594297 111.555996 12.431631 6.673187 -7.086201
35.806228 -62.099710 3.600500 111.819970 12.459523 6.688876 -7.105463
35.895591 -62.247134 3.606635 112.080372 12.487139 6.704471 -7.124700
35.983658 -62.392487 3.612721 112.337215 12.514561 6.720058 -7.144092
36.070666 -62.535609 3.618698 112.589990 12.541343 6.735207 -7.162716
36.156619 -62.676468 3.624575 112.838715 12.567564 6.749996 -7.180744
36.241455 -62.815110 3.630364 113.083500 12.593299 6.764501 -7.198331
36.325101 -62.951607 3.636064 113.324484 12.618622 6.778786 -7.215623
36.407486 -63.086032 3.641676 113.561809 12.643605 6.792916 -7.232762
36.488556 -63.218433 3.647211 113.795583 12.668321 6.806960 -7.249894
36.568313 -63.348794 3.652678 114.025839 12.692843 6.820993 -7.267176
36.646976 -63.476969 3.658014 114.252139 12.716767 6.834621 -7.283773
36.724553 -63.602937 3.663226 114.474510 12.740165 6.847916 -7.299838
36.800994 -63.726740 3.668325 114.693055 12.763104 6.860943 -7.315507
36.876241 -63.848446 3.673312 114.907900 12.785650 6.873762 -7.330911
36.950238 -63.968122 3.678190 115.119169 12.807867 6.886432 -7.346176
37.022939 -64.085813 3.682970 115.326958 12.829819 6.899016 -7.361433
37.094350 -64.201504 3.687667 115.531292 12.851572 6.911582 -7.376822
37.164669 -64.315061 3.692224 115.731779 12.872768 6.923779 -7.391603
37.233904 -64.426462 3.696654 115.928432 12.893470 6.935675 -7.405915
37.302016 -64.535736 3.700980 116.121323 12.913738 6.947332 -7.419882
37.368963 -64.642929 3.705214 116.310537 12.933631 6.958811 -7.433623
37.434709 -64.748075 3.709376 116.496146 12.953206 6.970170 -7.447257
37.499259 -64.851159 3.713482 116.678170 12.972521 6.981472 -7.460910
37.562788 -64.952068 3.717478 116.856279 12.991266 6.992412 -7.473940
37.625306 -65.050787 3.721376 117.030496 13.009498 7.003047 -7.486466
37.686783 -65.147356 3.725188 117.200903 13.027267 7.013432 -7.498595
37.747186 -65.241831 3.728915 117.367603 13.044626 7.023614 -7.510427
37.806482 -65.334271 3.732560 117.530700 13.061624 7.033638 -7.522059
37.864650 -65.424718 3.736131 117.690279 13.078310 7.043554 -7.533588
37.921702 -65.513171 3.739638 117.846377 13.094733 7.053414 -7.545119
37.977796 -65.599537 3.743031 117.998730 13.110630 7.062955 -7.556103
38.032947 -65.683812 3.746320 118.147373 13.126048 7.072227 -7.566639
38.087143 -65.766033 3.749514 118.292385 13.141030 7.081275 -7.576816
38.140366 -65.846253 3.752616 118.433860 13.155621 7.090140 -7.586716
38.192600 -65.924528 3.755628 118.571892 13.169861 7.098863 -7.596422
38.243838 -66.000896 3.758560 118.706558 13.183793 7.107485 -7.606014
38.294097 -66.075362 3.761422 118.837897 13.197455 7.116051 -7.615577
38.343519 -66.147853 3.764175 118.965696 13.210634 7.124346 -7.624663
38.392127 -66.218367 3.766831 119.089988 13.223367 7.132415 -7.633353
38.439920 -66.286937 3.769403 119.210834 13.235692 7.140298 -7.641722
38.486900 -66.353602 3.771902 119.328308 13.247644 7.148032 -7.649839
38.533069 -66.418399 3.774338 119.442475 13.259257 7.155655 -7.657773
38.578455 -66.481336 3.776724 119.553376 13.270566 7.163207 -7.665594
38.623177 -66.542366 3.779027 119.660863 13.281403 7.170522 -7.672954
38.667268 -66.601499 3.781257 119.764980 13.291801 7.177635 -7.679918
38.710741 -66.658771 3.783420 119.865799 13.301790 7.184579 -7.686542
38.753612 -66.714232 3.785520 119.963405 13.311397 7.191384 -7.692881
38.795898 -66.767932 3.787558 120.057883 13.320651 7.198077 -7.698983
38.837621 -66.819914 3.789539 120.149314 13.329576 7.204686 -7.704897
38.878821 -66.870200 3.791467 120.237755 13.338200 7.211242 -7.710674
38.919606 -66.918768 3.793318 120.323128 13.346404 7.217626 -7.716063
38.960020 -66.965640 3.795098 120.405491 13.354213 7.223868 -7.721111
39.000097 -67.010855 3.796810 120.484922 13.361647 7.229992 -7.725857
39.039871 -67.054461 3.798457 120.561504 13.368729 7.236022 -7.730338
39.079381 -67.096507 3.800037 120.635323 13.375479 7.241979 -7.734588
39.118666 -67.137037 3.801552 120.706463 13.381914 7.247887 -7.738640
39.157777 -67.176085 3.803003 120.774991 13.388053 7.253766 -7.742526
39.196809 -67.213654 3.804375 120.840895 13.393829 7.259552 -7.746100
39.235815 -67.249774 3.805667 120.904242 13.399258 7.265265 -7.749389
39.274846 -67.284489 3.806881 120.965109 13.404355 7.270926 -7.752421
39.313951 -67.317844 3.808014 121.023580 13.409135 7.276553 -7.755218
39.353181 -67.349885 3.809061 121.079736 13.413610 7.282162 -7.757801
39.392592 -67.380656 3.810017 121.133656 13.417794 7.287771 -7.760191
39.432249 -67.410190 3.810868 121.185390 13.421669 7.293365 -7.762348
39.472206 -67.438530 3.811606 121.235017 13.425247 7.298960 -7.764289
39.512511 -67.465723 3.812219 121.282613 13.428538 7.304570 -7.766030
39.553208 -67.491816 3.812693 121.328257 13.431552 7.310209 -7.767587
39.594330 -67.516856 3.813013 121.372028 13.434297 7.315887 -7.768974
39.635902 -67.540886 3.813165 121.414001 13.436781 7.321620 -7.770206
39.677915 -67.563943 3.813143 121.454258 13.439011 7.327424 -7.771295
39.720251 -67.586045 3.813054 121.492905 13.441029 7.333210 -7.772221
39.762900 -67.607229 3.812890 121.530018 13.442839 7.338994 -7.772996
39.805875 -67.627533 3.812634 121.565660 13.444448 7.344789 -7.773633
39.849200 -67.647000 3.812261 121.599892 13.445861 7.350606 -7.774143
39.892897 -67.665668 3.811751 121.632771 13.447083 7.356456 -7.774540
39.936977 -67.683576 3.811081 121.664352 13.448119 7.362351 -7.774833
39.981429 -67.700752 3.810243 121.694693 13.448971 7.368308 -7.775035
40.026128 -67.717208 3.809340 121.723880 13.449677 7.374237 -7.775121
40.071059 -67.732970 3.808363 121.751966 13.450239 7.380155 -7.775104
40.116231 -67.748071 3.807290 121.778996 13.450661 7.386075 -7.774992
40.161659 -67.762543 3.806099 121.805009 13.450944 7.392008 -7.774798
40.207354 -67.776416 3.804768 121.830046 13.451091 7.397967 -7.774531
40.253302 -67.789714 3.803288 121.854149 13.451102 7.403968 -7.774200
40.299381 -67.802440 3.801763 121.877392 13.451014 7.409924 -7.773782
40.345578 -67.814618 3.800187 121.899812 13.450825 7.415851 -7.773284
40.391911 -67.826272 3.798537 121.921443 13.450538 7.421763 -7.772716
40.438406 -67.837431 3.796793 121.942313 13.450151 7.427671 -7.772087
40.485088 -67.848124 3.794933 121.962449 13.449667 7.433588 -7.771405
40.531975 -67.858374 3.792936 121.981877 13.449084 7.439527 -7.770678
40.579062 -67.868198 3.790796 122.000629 13.448402 7.445505 -7.769915
40.626228 -67.877595 3.788619 122.018766 13.447654 7.451436 -7.769088
40.673468 -67.886581 3.786398 122.036316 13.446838 7.457336 -7.768205
40.720800 -67.895178 3.784114 122.053300 13.445954 7.463220 -7.767274
40.768253 -67.903408 3.781745 122.069737 13.445000 7.469099 -7.766302
40.815855 -67.911295 3.779270 122.085643 13.443976 7.474987 -7.765297
40.863626 -67.918859 3.776670 122.101036 13.442879 7.480896 -7.764267
40.911559 -67.926112 3.773936 122.115937 13.441709 7.486845 -7.763217
40.959534 -67.933049 3.771174 122.130397 13.440495 7.492746 -7.762122
41.007543 -67.939682 3.768376 122.144437 13.439236 7.498618 -7.760987
41.055602 -67.946027 3.765523 122.158069 13.437931 7.504474 -7.759822
41.103732 -67.952104 3.762592 122.171304 13.436576 7.510327 -7.758631
41.151949 -67.957930 3.759563 122.184151 13.435169 7.516190 -7.757424
41.200247 -67.963513 3.756428 122.196628 13.433708 7.522081 -7.756206
41.248507 -67.968846 3.753293 122.208780 13.432224 7.527914 -7.754950
41.296724 -67.973936 3.750149 122.220621 13.430712 7.533708 -7.753662
41.344919 -67.978800 3.746978 122.232160 13.429170 7.539476 -7.752349
41.393123 -67.983455 3.743757 122.243402 13.427596 7.545230 -7.751016
41.441366 -67.987917 3.740466 122.254354 13.425986 7.550984 -7.749671
41.489673 -67.992200 3.737085 122.265021 13.424338 7.556749 -7.748319
41.538039 -67.996312 3.733607 122.275415 13.422649 7.562545 -7.746966
41.586351 -68.000240 3.730137 122.285578 13.420946 7.568287 -7.745584
41.634607 -68.003990 3.726670 122.295520 13.419228 7.573992 -7.744178
41.682829 -68.007576 3.723184 122.305246 13.417489 7.579676 -7.742755
41.731050 -68.011013 3.719660 122.314757 13.415728 7.585348 -7.741320
41.779300 -68.014314 3.716075 122.324056 13.413942 7.591024 -7.739879
41.827602 -68.017492 3.712409 122.333143 13.412125 7.596715 -7.738438
41.875954 -68.020552 3.708654 122.342028 13.410275 7.602438 -7.737002
41.924239 -68.023481 3.704915 122.350747 13.408421 7.608112 -7.735544
41.972453 -68.026281 3.701182 122.359307 13.406557 7.613753 -7.734069
42.020615 -68.028964 3.697435 122.367708 13.404681 7.619375 -7.732584
42.068748 -68.031542 3.693653 122.375951 13.402789 7.624989 -7.731094
42.116870 -68.034026 3.689814 122.384033 13.400877 7.630610 -7.729605
42.164978 -68.036418 3.685910 122.391960 13.398941 7.636254 -7.728124
42.212957 -68.038703 3.682043 122.399768 13.397010 7.641840 -7.726621
42.260805 -68.040885 3.678205 122.407461 13.395078 7.647384 -7.725104
42.308545 -68.042972 3.674376 122.415039 13.393142 7.652900 -7.723576
42.356209 -68.044977 3.670535 122.422497 13.391199 7.658400 -7.722043
42.403829 -68.046912 3.666660 122.429835 13.389244 7.663896 -7.720512
42.451429 -68.048786 3.662730 122.437049 13.387273 7.669401 -7.718986
42.499009 -68.050601 3.658739 122.444144 13.385283 7.674932 -7.717472
42.546459 -68.052339 3.654788 122.451153 13.383300 7.680409 -7.715940
42.593778 -68.054003 3.650870 122.458080 13.381320 7.685849 -7.714397
42.640991 -68.055601 3.646966 122.464923 13.379339 7.691264 -7.712846
42.688129 -68.057143 3.643053 122.471676 13.377353 7.696667 -7.711294
42.735225 -68.058641 3.639109 122.478337 13.375358 7.702070 -7.709746
42.782301 -68.060104 3.635115 122.484901 13.373350 7.707484 -7.708207
42.829356 -68.061531 3.631062 122.491371 13.371326 7.712928 -7.706681
42.876281 -68.062905 3.627049 122.497777 13.369310 7.718321 -7.705142
42.923070 -68.064227 3.623068 122.504122 13.367300 7.723680 -7.703595
42.969744 -68.065504 3.619099 122.510401 13.365290 7.729018 -7.702045
43.016326 -68.066746 3.615118 122.516608 13.363278 7.734346 -7.700497
43.062835 -68.067959 3.611106 122.522739 13.361259 7.739678 -7.698958
43.109267 -68.069144 3.607053 122.528795 13.359228 7.745029 -7.697433
43.155516 -68.070282 3.603057 122.534806 13.357212 7.750321 -7.695893
43.201578 -68.071373 3.599109 122.540773 13.355206 7.755572 -7.694345
43.247477 -68.072425 3.595191 122.546691 13.353206 7.760792 -7.692792
43.293244 -68.073447 3.591279 122.552554 13.351208 7.765995 -7.691241
43.338911 -68.074449 3.587353 122.558356 13.349209 7.771190 -7.689697
43.384502 -68.075437 3.583393 122.564093 13.347204 7.776391 -7.688163
43.430016 -68.076411 3.579391 122.569765 13.345188 7.781614 -7.686645
43.475351 -68.077352 3.575444 122.575402 13.343188 7.786782 -7.685115
43.520505 -68.078259 3.571544 122.581004 13.341198 7.791911 -7.683579
43.565503 -68.079138 3.567673 122.586566 13.339214 7.797014 -7.682041
43.610375 -68.079999 3.563807 122.592083 13.337233 7.802102 -7.680505
43.655153 -68.080851 3.559927 122.597547 13.335251 7.807186 -7.678978
43.699858 -68.081699 3.556012 122.602953 13.333264 7.812278 -7.677463
43.744491 -68.082544 3.552054 122.608301 13.331267 7.817394 -7.675965
43.788947 -68.083366 3.548146 122.613618 13.329285 7.822458 -7.674458
43.833223 -68.084164 3.544281 122.618904 13.327313 7.827487 -7.672948
43.877336 -68.084943 3.540438 122.624152 13.325349 7.832492 -7.671438
43.921311 -68.085711 3.536595 122.629357 13.323387 7.837484 -7.669935
43.965166 -68.086475 3.532732 122.634512 13.321424 7.842475 -7.668443
44.008897 -68.087233 3.528841 122.639615 13.319456 7.847481 -7.666967
44.052404 -68.087965 3.525013 122.644694 13.317507 7.852428 -7.665482
44.095684 -68.088671 3.521240 122.649748 13.315572 7.857331 -7.663991
44.138760 -68.089355 3.517503 122.654772 13.313648 7.862203 -7.662501
44.181661 -68.090027 3.513781 122.659757 13.311731 7.867053 -7.661014
44.224418 -68.090694 3.510053 122.664698 13.309816 7.871893 -7.659537
44.267053 -68.091363 3.506300 122.669588 13.307901 7.876733 -7.658073
44.309566 -68.092032 3.502515 122.674426 13.305981 7.881589 -7.656628
44.351861 -68.092681 3.498788 122.679240 13.304078 7.886390 -7.655174
44.393937 -68.093309 3.495111 122.684028 13.302190 7.891150 -7.653717
44.435816 -68.093920 3.491467 122.688785 13.300312 7.895882 -7.652262
44.477527 -68.094523 3.487835 122.693503 13.298440 7.900595 -7.650812
44.519101 -68.095127 3.484193 122.698176 13.296571 7.905299 -7.649372
44.560557 -68.095736 3.480525 122.702797 13.294701 7.910006 -7.647947
44.601895 -68.096349 3.476821 122.707365 13.292826 7.914730 -7.646541
44.643019 -68.096946 3.473168 122.711904 13.290968 7.919402 -7.645130
44.683925 -68.097526 3.469559 122.716414 13.289124 7.924036 -7.643717
44.724629 -68.098093 3.465974 122.720887 13.287290 7.928643 -7.642308
44.765155 -68.098655 3.462394 122.725317 13.285462 7.933234 -7.640908
44.805518 -68.099218 3.458798 122.729696 13.283636 7.937819 -7.639522
44.845717 -68.099778 3.455179 122.734023 13.281810 7.942411 -7.638152
44.885656 -68.100317 3.451621 122.738321 13.280004 7.946944 -7.636777
44.925336 -68.100832 3.448117 122.742590 13.278214 7.951433 -7.635400
44.964775 -68.101330 3.444649 122.746823 13.276437 7.955887 -7.634026
45.004001 -68.101818 3.441196 122.751012 13.274670 7.960316 -7.632658
45.043042 -68.102303 3.437740 122.755150 13.272909 7.964730 -7.631301
45.081919 -68.102790 3.434262 122.759230 13.271150 7.969139 -7.629959
45.120632 -68.103279 3.430757 122.763253 13.269390 7.973557 -7.628637
45.159091 -68.103748 3.427306 122.767240 13.267650 7.977919 -7.627310
45.197296 -68.104197 3.423903 122.771190 13.265926 7.982238 -7.625982
45.235267 -68.104630 3.420530 122.775097 13.264213 7.986526 -7.624659
45.273031 -68.105055 3.417169 122.778954 13.262510 7.990791 -7.623343
45.310613 -68.105479 3.413801 122.782753 13.260813 7.995043 -7.622039
45.348034 -68.105908 3.410408 122.786488 13.259118 7.999291 -7.620751
45.385292 -68.106339 3.406983 122.790156 13.257421 8.003548 -7.619483
45.422299 -68.106754 3.403605 122.793779 13.255744 8.007752 -7.618212
45.459051 -68.107150 3.400267 122.797355 13.254081 8.011916 -7.616944
45.495564 -68.107534 3.396951 122.800877 13.252431 8.016050 -7.615681
45.531856 -68.107911 3.393638 122.804336 13.250790 8.020163 -7.614428
45.567943 -68.108285 3.390311 122.807726 13.249154 8.024264 -7.613190
45.603823 -68.108657 3.386962 122.811045 13.247520 8.028365 -7.611971
45.639409 -68.109006 3.383668 122.814312 13.245908 8.032408 -7.610749
45.674700 -68.109331 3.380421 122.817525 13.244313 8.036404 -7.609527
45.709714 -68.109638 3.377205 122.820677 13.242734 8.040362 -7.608310
45.744474 -68.109934 3.374003 122.823761 13.241166 8.044292 -7.607102
45.779006 -68.110225 3.370795 122.826768 13.239607 8.048201 -7.605906
45.813327 -68.110517 3.367568 122.829691 13.238053 8.052100 -7.604726
45.847436 -68.110808 3.364313 122.832528 13.236502 8.055999 -7.603565
45.881254 -68.111080 3.361106 122.835299 13.234972 8.059842 -7.602403
45.914778 -68.111332 3.357939 122.837999 13.233458 8.063640 -7.601243
45.948027 -68.111568 3.354797 122.840623 13.231960 8.067403 -7.600089
45.981022 -68.111796 3.351664 122.843163 13.230472 8.071139 -7.598944
46.013788 -68.112023 3.348522 122.845608 13.228994 8.074856 -7.597811
46.046340 -68.112254 3.345355 122.847953 13.227521 8.078562 -7.596696
46.078676 -68.112487 3.342158 122.850194 13.226050 8.082269 -7.595600
46.110717 -68.112706 3.339000 122.852347 13.224600 8.085922 -7.594504
46.142459 -68.112910 3.335873 122.854408 13.223167 8.089532 -7.593411
46.173915 -68.113103 3.332763 122.856370 13.221748 8.093108 -7.592326
46.205100 -68.113292 3.329654 122.858224 13.220340 8.096657 -7.591252
46.236027 -68.113482 3.326528 122.859960 13.218942 8.100189 -7.590193
46.266693 -68.113672 3.323380 122.861574 13.217549 8.103713 -7.589153
46.297021 -68.113846 3.320276 122.863081 13.216179 8.107177 -7.588111
46.327008 -68.114003 3.317210 122.864477 13.214829 8.110593 -7.587072
46.356669 -68.114149 3.314167 122.865753 13.213496 8.113967 -7.586039
46.386023 -68.114291 3.311131 122.866898 13.212177 8.117309 -7.585015
46.415091 -68.114437 3.308088 122.867904 13.210870 8.120624 -7.584003
46.443886 -68.114591 3.305022 122.868760 13.209573 8.123921 -7.583007
46.472407 -68.114754 3.301929 122.869462 13.208282 8.127210 -7.582029
46.500582 -68.114911 3.298871 122.870022 13.207013 8.130441 -7.581051
46.528408 -68.115060 3.295844 122.870434 13.205764 8.133624 -7.580077
46.555899 -68.115209 3.292833 122.870689 13.204533 8.136769 -7.579108
46.583072 -68.115364 3.289825 122.870775 13.203316 8.139880 -7.578148
46.609946 -68.115534 3.286803 122.870681 13.202112 8.142965 -7.577201
46.636532 -68.115724 3.283756 122.870396 13.200918 8.146031 -7.576268
46.662826 -68.115936 3.280675 122.869911 13.199731 8.149088 -7.575353
46.688760 -68.116155 3.277622 122.869237 13.198567 8.152089 -7.574439
46.714326 -68.116383 3.274591 122.868365 13.197423 8.155043 -7.573528
46.739533 -68.116626 3.271567 122.867283 13.196297 8.157957 -7.572623
46.764393 -68.116891 3.268536 122.865976 13.195187 8.160838 -7.571728
46.788914 -68.117185 3.265485 122.864433 13.194091 8.163693 -7.570846
46.813089 -68.117510 3.262408 122.862641 13.193006 8.166530 -7.569979
46.836852 -68.117855 3.259361 122.860609 13.191946 8.169305 -7.569111
46.860197 -68.118221 3.256338 122.858324 13.190910 8.172028 -7.568244
46.883134 -68.118615 3.253326 122.855771 13.189894 8.174705 -7.567381
46.905675 -68.119048 3.250313 122.852935 13.188899 8.177341 -7.566525
46.927834 -68.119527 3.247284 122.849799 13.187920 8.179943 -7.565678
46.949620 -68.120062 3.244228 122.846348 13.186957 8.182516 -7.564842
46.971026 -68.120655 3.241140 122.842566 13.186007 8.185069 -7.564019
46.991991 -68.121298 3.238072 122.838455 13.185084 8.187561 -7.563195
47.012508 -68.121993 3.235020 122.834001 13.184185 8.190000 -7.562370
47.032582 -68.122750 3.231971 122.829185 13.183310 8.192392 -7.561548
47.052226 -68.123579 3.228913 122.823986 13.182455 8.194742 -7.560730
47.071448 -68.124492 3.225834 122.818383 13.181621 8.197055 -7.559918
47.090254 -68.125498 3.222723 122.812354 13.180804 8.199337 -7.559115
47.108635 -68.126602 3.219573 122.805881 13.180003 8.201595 -7.558321
47.126531 -68.127800 3.216433 122.798958 13.179232 8.203792 -7.557524
47.143930 -68.129096 3.213297 122.791562 13.178487 8.205933 -7.556724
47.160834 -68.130503 3.210155 122.783669 13.177768 8.208025 -7.555924
47.177245 -68.132032 3.206995 122.775253 13.177074 8.210072 -7.555125
47.193163 -68.133696 3.203804 122.766284 13.176403 8.212079 -7.554330
47.208579 -68.135503 3.200578 122.756739 13.175754 8.214052 -7.553540
47.223431 -68.137451 3.197360 122.746601 13.175138 8.215957 -7.552741
47.237708 -68.139549 3.194146 122.735844 13.174554 8.217799 -7.551934
47.251410 -68.141811 3.190925 122.724435 13.174001 8.219584 -7.551122
47.264538 -68.144253 3.187685 122.712338 13.173478 8.221315 -7.550306
47.277097 -68.146891 3.184417 122.699519 13.172985 8.222996 -7.549486
47.289082 -68.149742 3.181109 122.685940 13.172519 8.224631 -7.548663
47.300482 -68.152817 3.177757 122.671564 13.172081 8.226226 -7.547839
47.311238 -68.156120 3.174400 122.656367 13.171682 8.227749 -7.547000
47.321335 -68.159665 3.171036 122.640307 13.171319 8.229205 -7.546147
47.330768 -68.163470 3.167653 122.623342 13.170994 8.230597 -7.545282
47.339534 -68.167556 3.164242 122.605423 13.170705 8.231930 -7.544404
47.347629 -68.171945 3.160792 122.586501 13.170451 8.233205 -7.543513
47.355046 -68.176656 3.157294 122.566525 13.170234 8.234426 -7.542612
47.361765 -68.181710 3.153742 122.545444 13.170051 8.235598 -7.541698
47.367728 -68.187116 3.150172 122.523215 13.169914 8.236691 -7.540761
47.372912 -68.192895 3.146580 122.499780 13.169822 8.237710 -7.539801
47.377305 -68.199072 3.142955 122.475078 13.169776 8.238657 -7.538817
47.380894 -68.205675 3.139289 122.449043 13.169775 8.239533 -7.537810
47.383663 -68.212730 3.135571 122.421608 13.169820 8.240343 -7.536779
47.385587 -68.220263 3.131797 122.392702 13.169911 8.241089 -7.535724
47.386607 -68.228293 3.127997 122.362263 13.170058 8.241744 -7.534633
47.386696 -68.236849 3.124166 122.330214 13.170260 8.242312 -7.533506
47.385835 -68.245964 3.120297 122.296472 13.170520 8.242793 -7.532341
47.384006 -68.255673 3.116380 122.260951 13.170837 8.243191 -7.531138
47.381190 -68.266013 3.112406 122.223559 13.171214 8.243505 -7.529894
47.377364 -68.277022 3.108366 122.184201 13.171649 8.243736 -7.528610
47.372497 -68.288736 3.104256 122.142778 13.172146 8.243888 -7.527282
47.366525 -68.301189 3.100102 122.099196 13.172713 8.243935 -7.525899
47.359412 -68.314419 3.095901 122.053346 13.173352 8.243879 -7.524460
47.351131 -68.328473 3.091644 122.005112 13.174064 8.243722 -7.522962
47.341650 -68.343400 3.087324 121.954372 13.174852 8.243462 -7.521402
47.330941 -68.359250 3.082931 121.900998 13.175717 8.243099 -7.519777
47.318969 -68.376075 3.078458 121.844855 13.176661 8.242634 -7.518085
47.305690 -68.393928 3.073900 121.785803 13.177688 8.242067 -7.516322
47.291034 -68.412859 3.069280 121.723703 13.178806 8.241375 -7.514476
47.274954 -68.432925 3.064593 121.658401 13.180018 8.240559 -7.512544
47.257404 -68.454191 3.059831 121.589732 13.181327 8.239617 -7.510522
47.238343 -68.476722 3.054988 121.517524 13.182737 8.238549 -7.508405
47.217720 -68.500589 3.050056 121.441597 13.184251 8.237351 -7.506188
47.195483 -68.525862 3.045031 121.361762 13.185872 8.236024 -7.503866
47.171553 -68.552611 3.039929 121.277826 13.187611 8.234547 -7.501427
47.145871 -68.580916 3.034749 121.189581 13.189471 8.232919 -7.498865
47.118380 -68.610860 3.029482 121.096807 13.191458 8.231136 -7.496173
47.089024 -68.642531 3.024124 120.999274 13.193575 8.229196 -7.493344
47.057743 -68.676024 3.018668 120.896737 13.195829 8.227095 -7.490371
47.024474 -68.711436 3.013109 120.788944 13.198224 8.224829 -7.487245
46.989148 -68.748866 3.007443 120.675626 13.200767 8.222394 -7.483958
46.951676 -68.788417 3.001686 120.556509 13.203467 8.219773 -7.480495
46.911982 -68.830200 2.995834 120.431300 13.206332 8.216962 -7.476847
46.869993 -68.874332 2.989885 120.299689 13.209368 8.213954 -7.473002
46.825635 -68.920936 2.983834 120.161354 13.212582 8.210746 -7.468949
46.778830 -68.970144 2.977678 120.015953 13.215982 8.207330 -7.464674
46.729499 -69.022089 2.971415 119.863132 13.219577 8.203699 -7.460165
46.677555 -69.076914 2.965043 119.702520 13.223374 8.199849 -7.455406
46.622900 -69.134764 2.958575 119.533730 13.227385 8.195761 -7.450377
46.565445 -69.195795 2.952012 119.356359 13.231620 8.191427 -7.445061
46.505101 -69.260169 2.945353 119.169982 13.236089 8.186840 -7.439437
46.441779 -69.328058 2.938598 118.974157 13.240802 8.181989 -7.433484
46.375390 -69.399643 2.931747 118.768427 13.245770 8.176864 -7.427178
46.305843 -69.475109 2.924802 118.552317 13.251003 8.171455 -7.420491
46.233039 -69.554651 2.917772 118.325340 13.256515 8.165743 -7.413391
46.156887 -69.638474 2.910658 118.086992 13.262318 8.159714 -7.405843
46.077301 -69.726792 2.903461 117.836760 13.268424 8.153353 -7.397805
45.994196 -69.819828 2.896180 117.574123 13.274846 8.146642 -7.389233
45.907492 -69.917815 2.888810 117.298558 13.281596 8.139560 -7.380070
45.817114 -70.020994 2.881345 117.009550 13.288688 8.132083 -7.370253
45.722988 -70.129613 2.873776 116.706600 13.296133 8.124184 -7.359703
45.625049 -70.243929 2.866087 116.389242 13.303944 8.115826 -7.348327
45.523237 -70.364199 2.858258 116.057057 13.312133 8.106971 -7.336011
45.417502 -70.490678 2.850258 115.709707 13.320711 8.097572 -7.322613
45.307800 -70.623599 2.842055 115.346965 13.329684 8.087577 -7.307958
45.194092 -70.763138 2.833627 114.968769 13.339059 8.076931 -7.291821
45.076345 -70.909329 2.824991 114.575285 13.348839 8.065589 -7.273917
44.954598 -71.061852 2.816222 114.166976 13.359028 8.053533 -7.253885
44.829622 -71.219330 2.807171 113.745061 13.369533 8.041234 -7.234308
44.701469 -71.381431 2.797925 113.310131 13.380355 8.028670 -7.214777
44.570127 -71.548169 2.788501 112.862620 13.391493 8.015780 -7.194909
44.435584 -71.719654 2.778880 112.402903 13.402944 8.002486 -7.174324
44.297835 -71.895926 2.769066 111.931418 13.414708 7.988717 -7.152622
44.156942 -72.076708 2.759122 111.448774 13.426788 7.974434 -7.129355
44.013673 -72.260653 2.748935 110.956241 13.439086 7.960103 -7.107045
43.868086 -72.447504 2.738590 110.454363 13.451605 7.945692 -7.085244
43.720165 -72.637364 2.728093 109.943439 13.464347 7.931128 -7.063555
43.569889 -72.830466 2.717408 109.423629 13.477315 7.916323 -7.041605
43.417230 -73.027054 2.706487 108.895067 13.490514 7.901186 -7.019023
43.262165 -73.227261 2.695320 108.357978 13.503948 7.885636 -6.995410
43.104740 -73.430898 2.683963 107.812778 13.517624 7.869626 -6.970315
42.945678 -73.636657 2.672365 107.260591 13.531445 7.853637 -6.946249
42.785015 -73.844354 2.660608 106.701804 13.545417 7.837629 -6.922760
42.622713 -74.054148 2.648692 106.136574 13.559548 7.821525 -6.899444
42.458719 -74.266322 2.636569 105.564928 13.573844 7.805230 -6.875923
42.292978 -74.481164 2.624180 104.986881 13.588313 7.788646 -6.851819
42.125445 -74.698854 2.611497 104.402558 13.602963 7.771684 -6.826720
41.956154 -74.919250 2.598563 103.812302 13.617804 7.754289 -6.800164
41.785776 -75.141062 2.585387 103.217209 13.632735 7.736949 -6.774629
41.614336 -75.364144 2.572038 102.617647 13.647765 7.719615 -6.749640
41.441782 -75.588662 2.558503 102.013784 13.662902 7.702201 -6.724762
41.268046 -75.814868 2.544734 101.405708 13.678154 7.684607 -6.699577
41.093072 -76.042940 2.530700 100.793559 13.693529 7.666742 -6.673652
40.916892 -76.272762 2.516439 100.177653 13.709040 7.648542 -6.646507
40.740130 -76.503066 2.502028 99.559043 13.724582 7.630511 -6.620604
40.562802 -76.733751 2.487533 98.937985 13.740168 7.612598 -6.595476
40.384838 -76.965035 2.472934 98.314484 13.755808 7.594716 -6.570710
40.206142 -77.197250 2.458163 97.688404 13.771516 7.576762 -6.545927
40.026618 -77.430730 2.443145 97.059589 13.787305 7.558634 -6.520750
39.846188 -77.665700 2.427832 96.427987 13.803187 7.540237 -6.494774
39.664872 -77.902095 2.412247 95.793765 13.819180 7.521504 -6.467541
39.483234 -78.138665 2.396547 95.157886 13.835176 7.502958 -6.441507
39.301286 -78.375347 2.380783 94.520509 13.851191 7.484543 -6.416213
39.118942 -78.612374 2.364923 93.881556 13.867239 7.466170 -6.391256
38.936089 -78.850085 2.348886 93.240818 13.883334 7.447735 -6.366260
38.752613 -79.088819 2.332581 92.598086 13.899492 7.429129 -6.340853
38.568430 -79.328812 2.315941 91.953270 13.915728 7.410251 -6.314626
38.383560 -79.570019 2.298971 91.306524 13.932060 7.391028 -6.287115
38.198525 -79.811197 2.281894 90.658858 13.948376 7.371993 -6.260740
38.013345 -80.052295 2.264742 90.010474 13.964691 7.353081 -6.235023
37.827939 -80.293523 2.247468 89.361365 13.981021 7.334196 -6.209534
37.642209 -80.535166 2.229986 88.711445 13.997379 7.315227 -6.183862
37.456077 -80.777440 2.212227 88.060692 14.013781 7.296070 -6.157578
37.269571 -81.020316 2.194188 87.409280 14.030244 7.276647 -6.130206
37.083184 -81.262566 2.176160 86.758227 14.046653 7.257504 -6.104139
36.896933 -81.504172 2.158171 86.107662 14.063026 7.238577 -6.078911
36.710727 -81.745380 2.140165 85.457452 14.079381 7.219769 -6.054119
36.524438 -81.986531 2.122045 84.807320 14.095734 7.200972 -6.029397
36.337934 -82.227965 2.103704 84.156972 14.112104 7.182074 -6.004380
36.151124 -82.469927 2.085055 83.506233 14.128509 7.162970 -5.978675
35.964024 -82.712425 2.066083 82.855165 14.144970 7.143579 -5.951829
35.777092 -82.954242 2.047149 82.204741 14.161369 7.124467 -5.926220
35.590340 -83.195382 2.028269 81.555032 14.177727 7.105567 -5.901395
35.403673 -83.436093 2.009375 80.905854 14.194061 7.086780 -5.876962
35.216954 -83.676706 1.990357 80.256892 14.210390 7.067995 -5.852563
35.030047 -83.917551 1.971096 79.607825 14.226734 7.049098 -5.827840
34.842855 -84.158871 1.951491 78.958468 14.243113 7.029980 -5.802401
34.655398 -84.400687 1.931506 78.308899 14.259547 7.010550 -5.775788
34.468121 -84.641780 1.911561 77.660166 14.275914 6.991389 -5.750335
34.281050 -84.882160 1.891653 77.012406 14.292234 6.972417 -5.725570
34.094106 -85.122047 1.871696 76.365531 14.308526 6.953529 -5.701080
33.907182 -85.361717 1.851577 75.719372 14.324806 6.934607 -5.676468
33.720199 -85.601393 1.831190 75.073828 14.341093 6.915537 -5.651324
33.533184 -85.841108 1.810494 74.429020 14.357410 6.896225 -5.625181
33.346579 -86.079657 1.789962 73.786015 14.373630 6.877263 -5.600332
33.160404 -86.317078 1.769584 73.144898 14.389775 6.858572 -5.576323
32.974566 -86.553617 1.749273 72.505469 14.405866 6.840048 -5.552767
32.788925 -86.789590 1.728909 71.867377 14.421922 6.821579 -5.529319
32.603335 -87.025316 1.708362 71.230256 14.437965 6.803048 -5.505637
32.417696 -87.261039 1.687517 70.593867 14.454014 6.784341 -5.481348
32.232020 -87.496816 1.666323 69.958242 14.470094 6.765366 -5.456011
32.046739 -87.731451 1.645305 69.324415 14.486078 6.746730 -5.431893
31.861868 -87.964998 1.624442 68.692432 14.501989 6.728353 -5.408553
31.677309 -88.197696 1.603638 68.062058 14.517848 6.710128 -5.385619
31.492916 -88.429851 1.582767 67.432915 14.533676 6.691943 -5.362757
31.308539 -88.661765 1.561691 66.804626 14.549494 6.673680 -5.339632
31.124074 -88.893675 1.540289 66.176951 14.565322 6.655221 -5.315876
30.939534 -89.125647 1.518492 65.549949 14.581186 6.636467 -5.291047
30.755371 -89.356484 1.496863 64.924727 14.596954 6.618033 -5.267354
30.571611 -89.586243 1.475361 64.301404 14.612651 6.599831 -5.244344
30.388175 -89.815141 1.453880 63.679846 14.628296 6.581747 -5.221622
30.204951 -90.043437 1.432285 63.059833 14.643908 6.563657 -5.198821
30.021851 -90.271352 1.410451 62.441218 14.659506 6.545440 -5.175553
29.838894 -90.498962 1.388304 61.824105 14.675115 6.526990 -5.151371
29.656553 -90.725090 1.366435 61.209622 14.690604 6.508933 -5.128432
29.474845 -90.949814 1.344802 60.597841 14.705997 6.491180 -5.106299
29.293670 -91.173368 1.323297 59.988525 14.721314 6.473620 -5.084611
29.112879 -91.396041 1.301792 59.381280 14.736578 6.456139 -5.063052
28.932316 -91.618116 1.280152 58.775698 14.751811 6.438621 -5.041307
28.751865 -91.839826 1.258247 58.171506 14.767032 6.420948 -5.019030
28.571521 -92.061264 1.236002 57.568731 14.782268 6.403013 -4.995800
28.391778 -92.281265 1.214029 56.968469 14.797388 6.385456 -4.973736
28.212642 -92.499920 1.192279 56.370765 14.812417 6.368185 -4.952417
28.034002 -92.717455 1.170639 55.775355 14.827376 6.351088 -4.931497
27.855704 -92.934142 1.148982 55.181830 14.842287 6.334054 -4.910670
27.677585 -93.150251 1.127173 54.589775 14.857172 6.316966 -4.889635
27.499527 -93.366004 1.105082 53.998924 14.872051 6.299702 -4.868051
27.321518 -93.581499 1.082620 53.409331 14.886950 6.282152 -4.845500
27.144102 -93.795582 1.060412 52.822152 14.901737 6.264958 -4.824032
26.967289 -94.008342 1.038392 52.237501 14.916437 6.248020 -4.803216
26.790988 -94.219990 1.016443 51.655215 14.931070 6.231218 -4.782689
26.615072 -94.430763 0.994431 51.075038 14.945654 6.214431 -4.762118
26.439438 -94.640870 0.972227 50.496793 14.960210 6.197532 -4.741145
26.264076 -94.850417 0.949739 49.920578 14.974762 6.180405 -4.719349
26.089570 -95.058278 0.927593 49.347559 14.989181 6.163696 -4.698720
25.915916 -95.264559 0.905723 48.777808 15.003490 6.147305 -4.678844
25.742999 -95.469480 0.884016 48.211068 15.017712 6.131118 -4.659393
25.570655 -95.673293 0.862352 47.646922 15.031866 6.115025 -4.640081
25.398716 -95.876247 0.840607 47.084941 15.045974 6.098914 -4.620630
25.227045 -96.078557 0.818657 46.524839 15.060057 6.082665 -4.600723
25.055603 -96.280336 0.796406 45.966644 15.074141 6.066163 -4.579968
24.885017 -96.480481 0.774481 45.411487 15.088097 6.050060 -4.560302
24.715265 -96.679103 0.752806 44.859419 15.101950 6.034253 -4.541330
24.546219 -96.876414 0.731273 44.310165 15.115722 6.018630 -4.522740
24.377708 -97.072649 0.709765 43.763302 15.129432 6.003083 -4.504259
24.209560 -97.268044 0.688165 43.218402 15.143102 5.987502 -4.485619
24.041630 -97.462803 0.666351 42.675187 15.156752 5.971767 -4.466515
23.873871 -97.657039 0.644224 42.133711 15.170407 5.955756 -4.446558
23.706974 -97.849673 0.622397 41.595148 15.183940 5.940122 -4.427609
23.540917 -98.040817 0.600786 41.059607 15.197375 5.924752 -4.409268
23.375585 -98.230664 0.579280 40.526908 15.210732 5.909527 -4.391209
23.210835 -98.419428 0.557764 39.996772 15.224028 5.894331 -4.373135
23.046537 -98.607302 0.536122 39.469007 15.237283 5.879042 -4.354729
22.882640 -98.794405 0.514251 38.943704 15.250519 5.863532 -4.335600
22.719884 -98.979695 0.492748 38.422030 15.263615 5.848449 -4.317542
22.558228 -99.163293 0.471529 37.904058 15.276593 5.833682 -4.300171
22.397533 -99.345399 0.450491 37.389526 15.289474 5.819120 -4.283197
22.237623 -99.526230 0.429534 36.878015 15.302277 5.804660 -4.266369
22.078314 -99.706000 0.408556 36.369099 15.315022 5.790199 -4.249444
21.919445 -99.884903 0.387448 35.862489 15.327729 5.775622 -4.232144
21.760939 -100.063055 0.366110 35.358218 15.340421 5.760805 -4.214108
21.603580 -100.239453 0.345116 34.857412 15.352978 5.746393 -4.197065
21.447307 -100.414213 0.324379 34.360126 15.365426 5.732273 -4.180653
21.291971 -100.587526 0.303802 33.866087 15.377782 5.718336 -4.164596
21.137389 -100.759594 0.283293 33.374881 15.390067 5.704484 -4.148659
20.983373 -100.930619 0.262756 32.886088 15.402299 5.690616 -4.132609
20.829757 -101.100784 0.242091 32.399434 15.414496 5.676622 -4.116181
20.676455 -101.270200 0.221197 31.914972 15.426682 5.662369 -4.099020
20.524307 -101.437905 0.200620 31.433847 15.438740 5.648499 -4.082773
20.373252 -101.604013 0.180272 30.956164 15.450694 5.634887 -4.067076
20.223149 -101.768700 0.160058 30.481735 15.462559 5.621423 -4.051646
20.073836 -101.932151 0.139890 30.010279 15.474354 5.608002 -4.036228
19.925161 -102.094542 0.119673 29.541596 15.486095 5.594509 -4.020544
19.777034 -102.255982 0.099306 29.075770 15.497802 5.580811 -4.004249
19.630328 -102.415563 0.079308 28.613923 15.509366 5.567536 -3.988906
19.484964 -102.573398 0.059591 28.156126 15.520807 5.554561 -3.974176
19.340785 -102.729663 0.040071 27.702125 15.532145 5.541785 -3.959805
19.197601 -102.884545 0.020670 27.251522 15.543395 5.529116 -3.945583
19.055219 -103.038224 0.001309 26.803915 15.554578 5.516463 -3.931301
18.913463 -103.190869 -0.018095 26.359027 15.565708 5.503723 -3.916721
18.772223 -103.342582 -0.037640 25.916893 15.576809 5.490763 -3.901525
18.632398 -103.492504 -0.056840 25.478584 15.587773 5.478203 -3.887206
18.493896 -103.640740 -0.075783 25.044154 15.598622 5.465918 -3.873443
18.356550 -103.787454 -0.094544 24.613347 15.609372 5.453812 -3.860001
18.220170 -103.932819 -0.113196 24.185778 15.620041 5.441797 -3.846681
18.084561 -104.077005 -0.131807 23.761057 15.630646 5.429787 -3.833290
17.949546 -104.220169 -0.150456 23.338926 15.641203 5.417681 -3.819600
17.815011 -104.362404 -0.169233 22.919436 15.651731 5.405348 -3.805305
17.681881 -104.502911 -0.187690 22.503651 15.662130 5.393387 -3.791808
17.550064 -104.641785 -0.205911 22.091667 15.672420 5.381673 -3.778794
17.419404 -104.779181 -0.223966 21.683299 15.682614 5.370106 -3.766024
17.289727 -104.915256 -0.241921 21.278283 15.692729 5.358595 -3.753284
17.160868 -105.050162 -0.259847 20.876424 15.702778 5.347040 -3.740345
17.032715 -105.183986 -0.277830 20.477794 15.712779 5.335308 -3.726907
16.906193 -105.315992 -0.295457 20.083418 15.722638 5.323979 -3.714288
16.781200 -105.446269 -0.312807 19.693360 15.732374 5.312929 -3.702196
16.657569 -105.574967 -0.329944 19.307385 15.742000 5.302069 -3.690422
16.535111 -105.702241 -0.346925 18.925139 15.751534 5.291320 -3.678789
16.413633 -105.828242 -0.363806 18.546260 15.760990 5.280607 -3.667130
16.292957 -105.953109 -0.380650 18.170500 15.770383 5.269839 -3.655246
16.172963 -106.076917 -0.397536 17.797888 15.779730 5.258888 -3.642868
16.054567 -106.198990 -0.414090 17.429387 15.788943 5.248315 -3.631235
15.937661 -106.319406 -0.430386 17.065043 15.798040 5.237999 -3.620076
15.822080 -106.438300 -0.446481 16.704628 15.807033 5.227853 -3.609198
15.707635 -106.555815 -0.462425 16.347805 15.815938 5.217806 -3.598440
15.594139 -106.672091 -0.478269 15.994233 15.824770 5.207787 -3.587645
15.481418 -106.787257 -0.494067 15.643681 15.833541 5.197711 -3.576628
15.369356 -106.901378 -0.509891 15.296191 15.842269 5.187451 -3.565135
15.258853 -107.013843 -0.525407 14.952697 15.850869 5.177543 -3.554311
15.149809 -107.124721 -0.540681 14.613273 15.859359 5.167865 -3.543897
15.042066 -107.234137 -0.555763 14.277755 15.867750 5.158333 -3.533699
14.935456 -107.342222 -0.570700 13.945906 15.876054 5.148872 -3.523548
14.829819 -107.449098 -0.585541 13.617553 15.884284 5.139400 -3.513258
14.725043 -107.554825 -0.600348 13.292748 15.892455 5.129795 -3.502588
14.621993 -107.658855 -0.614826 12.972368 15.900490 5.120559 -3.492593
14.520567 -107.761251 -0.629035 12.656460 15.908404 5.111579 -3.483036
14.420606 -107.862130 -0.643019 12.344824 15.916209 5.102779 -3.473751
14.321936 -107.961616 -0.656818 12.037160 15.923918 5.094097 -3.464601
14.224381 -108.059829 -0.670472 11.733165 15.931544 5.085472 -3.455453
14.127780 -108.156880 -0.684025 11.432627 15.939099 5.076830 -3.446152
14.032023 -108.252815 -0.697529 11.135565 15.946596 5.068058 -3.436484
13.937932 -108.347147 -0.710728 10.842780 15.953967 5.059630 -3.427420
13.845408 -108.439925 -0.723673 10.554305 15.961224 5.051436 -3.418747
13.754299 -108.531256 -0.736404 10.269950 15.968378 5.043408 -3.410314
13.664441 -108.621249 -0.748955 9.989436 15.975442 5.035488 -3.401999
13.575667 -108.710016 -0.761362 9.712485 15.982428 5.027622 -3.393681
13.487827 -108.797655 -0.773661 9.438906 15.989347 5.019741 -3.385217
13.400819 -108.884205 -0.785896 9.168723 15.996210 5.011740 -3.376412
13.315417 -108.969242 -0.797849 8.902687 16.002955 5.004054 -3.368142
13.231529 -109.052807 -0.809562 8.640849 16.009593 4.996582 -3.360209
13.149019 -109.134997 -0.821069 8.383073 16.016135 4.989256 -3.352466
13.067740 -109.215912 -0.832401 8.129162 16.022591 4.982020 -3.344785
12.987556 -109.295643 -0.843590 7.878971 16.028969 4.974809 -3.337030
12.908373 -109.374228 -0.854673 7.632532 16.035282 4.967525 -3.329017
12.830900 -109.451298 -0.865465 7.390520 16.041474 4.960564 -3.321532
12.755050 -109.526890 -0.876001 7.152965 16.047554 4.953834 -3.314399
12.680694 -109.601092 -0.886310 6.919706 16.053533 4.947274 -3.307495
12.607687 -109.673996 -0.896420 6.690509 16.059422 4.940841 -3.300719
12.535889 -109.745692 -0.906357 6.465136 16.065229 4.934489 -3.293975
12.465170 -109.816259 -0.916147 6.243421 16.070965 4.928163 -3.287153
12.395444 -109.885725 -0.925820 6.025365 16.076640 4.921775 -3.280096
12.327353 -109.953776 -0.935224 5.811562 16.082204 4.915683 -3.273502
12.260819 -110.020440 -0.944385 5.602028 16.087667 4.909804 -3.267217
12.195724 -110.085792 -0.953329 5.396613 16.093039 4.904084 -3.261135
12.131940 -110.149913 -0.962079 5.195108 16.098328 4.898485 -3.255169
12.069340 -110.212883 -0.970655 4.997303 16.103545 4.892967 -3.249235
12.007809 -110.274770 -0.979082 4.803047 16.108696 4.887482 -3.243234
11.947273 -110.335601 -0.987381 4.612345 16.113792 4.881952 -3.237032
11.888301 -110.395112 -0.995429 4.425723 16.118790 4.876692 -3.231230
11.830826 -110.453329 -1.003245 4.243204 16.123699 4.871625 -3.225692
11.774746 -110.510317 -1.010852 4.064680 16.128526 4.866705 -3.220320
11.719954 -110.566147 -1.018267 3.890005 16.133280 4.861894 -3.215027
11.666350 -110.620882 -1.025509 3.719063 16.137969 4.857148 -3.209723
11.613870 -110.674546 -1.032595 3.551856 16.142599 4.852399 -3.204288
11.562999 -110.726926 -1.039427 3.388825 16.147137 4.847915 -3.199232
11.513678 -110.778045 -1.046021 3.229974 16.151591 4.843633 -3.194439
11.465816 -110.827960 -1.052394 3.075182 16.155967 4.839512 -3.189830
11.419317 -110.876733 -1.058561 2.924282 16.160275 4.835524 -3.185343
11.374084 -110.924426 -1.064537 2.777108 16.164521 4.831641 -3.180916
11.330033 -110.971092 -1.070336 2.633532 16.168714 4.827827 -3.176481
11.287108 -111.016750 -1.075972 2.493535 16.172861 4.824028 -3.171943
11.245712 -111.061232 -1.081367 2.357465 16.176934 4.820466 -3.167720
11.205798 -111.104555 -1.086534 2.225312 16.180942 4.817087 -3.163721
11.167290 -111.146768 -1.091485 2.096969 16.184890 4.813861 -3.159880
11.130110 -111.187924 -1.096231 1.972291 16.188787 4.810764 -3.156149
11.094180 -111.228072 -1.100785 1.851134 16.192640 4.807772 -3.152477
11.059433 -111.267258 -1.105156 1.733386 16.196456 4.804859 -3.148810
11.025823 -111.305500 -1.109353 1.619021 16.200243 4.801980 -3.145074
10.993669 -111.342673 -1.113320 1.508304 16.203980 4.799310 -3.141591
10.962934 -111.378795 -1.117064 1.401223 16.207674 4.796806 -3.138289
10.933561 -111.413906 -1.120593 1.297693 16.211332 4.794442 -3.135114
10.905492 -111.448047 -1.123916 1.197609 16.214962 4.792200 -3.132022
10.878672 -111.481259 -1.127041 1.100878 16.218570 4.790057 -3.128967
10.853068 -111.513559 -1.129972 1.007463 16.222163 4.787979 -3.125893
10.828904 -111.544867 -1.132671 0.917533 16.225730 4.786092 -3.123028
10.806151 -111.575198 -1.135142 0.831052 16.229276 4.784364 -3.120319
10.784766 -111.604587 -1.137391 0.747933 16.232811 4.782776 -3.117728
10.764705 -111.633069 -1.139422 0.668064 16.236341 4.781317 -3.115226
10.745926 -111.660676 -1.141241 0.591334 16.239873 4.779972 -3.112789
10.728390 -111.687440 -1.142851 0.517645 16.243415 4.778729 -3.110386
10.712075 -111.713379 -1.144255 0.446938 16.246976 4.777568 -3.107984
10.697113 -111.738451 -1.145429 0.379278 16.250551 4.776562 -3.105718
10.683487 -111.762671 -1.146373 0.314614 16.254147 4.775692 -3.103554
10.671170 -111.786065 -1.147091 0.252860 16.257774 4.774947 -3.101470
10.660138 -111.808660 -1.147583 0.193921 16.261439 4.774319 -3.099446
10.650366 -111.830480 -1.147851 0.137697 16.265150 4.773801 -3.097469
10.641835 -111.851551 -1.147893 0.084096 16.268917 4.773386 -3.095523
10.634530 -111.871892 -1.147710 0.033040 16.272748 4.773065 -3.093589
10.628492 -111.891503 -1.147292 -0.015505 16.276648 4.772862 -3.091710
10.623714 -111.910402 -1.146637 -0.061613 16.280627 4.772770 -3.089869
10.620186 -111.928610 -1.145743 -0.105363 16.284693 4.772782 -3.088055
10.617899 -111.946150 -1.144608 -0.146841 16.288857 4.772898 -3.086259
10.616845 -111.963045 -1.143229 -0.186134 16.293129 4.773114 -3.084474
10.617006 -111.979314 -1.141606 -0.223345 16.297517 4.773430 -3.082703
10.618070 -111.994966 -1.139823 -0.258604 16.301937 4.773812 -3.080948
10.620024 -112.010019 -1.137880 -0.292005 16.306398 4.774260 -3.079212
10.622870 -112.024495 -1.135771 -0.323626 16.310910 4.774774 -3.077490
10.626611 -112.038413 -1.133493 -0.353534 16.315485 4.775353 -3.075778
10.631257 -112.051794 -1.131038 -0.381795 16.320133 4.775999 -3.074070
10.636814 -112.064656 -1.128401 -0.408474 16.324868 4.776713 -3.072362
10.643280 -112.077017 -1.125578 -0.433649 16.329696 4.777494 -3.070658
10.650358 -112.088883 -1.122652 -0.457425 16.334537 4.778313 -3.068962
10.658049 -112.100269 -1.119618 -0.479872 16.339400 4.779170 -3.067277
10.666369 -112.111195 -1.116469 -0.501045 16.344297 4.780067 -3.065600
10.675334 -112.121677 -1.113197 -0.520988 16.349240 4.781007 -3.063927
10.684966 -112.131733 -1.109794 -0.539745 16.354242 4.781990 -3.062252
10.695283 -112.141380 -1.106252 -0.557359 16.359313 4.783019 -3.060572
10.706294 -112.150634 -1.102565 -0.573888 16.364466 4.784098 -3.058891
10.717714 -112.159497 -1.098812 -0.589418 16.369618 4.785195 -3.057213
10.729555 -112.167984 -1.094987 -0.604001 16.374780 4.786314 -3.055543
10.741840 -112.176110 -1.091082 -0.617675 16.379965 4.787458 -3.053877
10.754596 -112.183893 -1.087087 -0.630468 16.385186 4.788629 -3.052211
10.767850 -112.191346 -1.082991 -0.642414 16.390455 4.789832 -3.050544
10.781618 -112.198485 -1.078789 -0.653555 16.395784 4.791069 -3.048877
10.795621 -112.205308 -1.074557 -0.663967 16.401092 4.792312 -3.047217
10.809879 -112.211829 -1.070289 -0.673690 16.406389 4.793563 -3.045568
10.824421 -112.218061 -1.065974 -0.682748 16.411690 4.794827 -3.043925
10.839280 -112.224018 -1.061602 -0.691159 16.417006 4.796107 -3.042285
10.854490 -112.229713 -1.057162 -0.698940 16.422353 4.797406 -3.040644
10.870083 -112.235159 -1.052642 -0.706110 16.427741 4.798728 -3.038999
10.886080 -112.240367 -1.048036 -0.712702 16.433184 4.800077 -3.037353
10.902213 -112.245335 -1.043419 -0.718781 16.438601 4.801425 -3.035712
10.918503 -112.250072 -1.038782 -0.724376 16.444003 4.802775 -3.034080
10.934985 -112.254591 -1.034116 -0.729502 16.449404 4.804131 -3.032453
10.951698 -112.258903 -1.029408 -0.734168 16.454817 4.805498 -3.030827
10.968678 -112.263019 -1.024647 -0.738382 16.460256 4.806879 -3.029199
10.985963 -112.266950 -1.019820 -0.742155 16.465735 4.808279 -3.027566
11.003578 -112.270705 -1.014920 -0.745511 16.471264 4.809701 -3.025930
11.021259 -112.274281 -1.010021 -0.748508 16.476765 4.811118 -3.024298
11.039033 -112.277685 -1.005114 -0.751167 16.482249 4.812534 -3.022673
11.056938 -112.280928 -1.000188 -0.753498 16.487731 4.813953 -3.021053
11.075014 -112.284021 -0.995231 -0.755504 16.493223 4.815381 -3.019434
11.093299 -112.286973 -0.990229 -0.757191 16.498740 4.816821 -3.017814
11.111821 -112.289791 -0.985176 -0.758581 16.504293 4.818278 -3.016196
11.130322 -112.292471 -0.980142 -0.759722 16.509804 4.819725 -3.014586
11.148831 -112.295020 -0.975121 -0.760635 16.515285 4.821166 -3.012987
11.167386 -112.297446 -0.970100 -0.761322 16.520750 4.822605 -3.011397
11.186031 -112.299757 -0.965065 -0.761781 16.526211 4.824046 -3.009812
11.204808 -112.301962 -0.960005 -0.762011 16.531683 4.825495 -3.008227
11.223758 -112.304068 -0.954908 -0.762011 16.537179 4.826955 -3.006640
11.242909 -112.306082 -0.949764 -0.761798 16.542711 4.828430 -3.005055
11.262009 -112.307997 -0.944645 -0.761418 16.548202 4.829895 -3.003476
11.281088 -112.309818 -0.939543 -0.760886 16.553664 4.831353 -3.001907
11.300186 -112.311553 -0.934444 -0.760201 16.559109 4.832809 -3.000347
11.319348 -112.313208 -0.929336 -0.759358 16.564552 4.834267 -2.998790
11.338616 -112.314791 -0.924207 -0.758351 16.570006 4.835731 -2.997233
11.358033 -112.316307 -0.919043 -0.757178 16.575485 4.837206 -2.995672
11.377629 -112.317763 -0.913837 -0.755852 16.581000 4.838697 -2.994112
11.397156 -112.319151 -0.908658 -0.754415 16.586476 4.840177 -2.992558
11.416644 -112.320475 -0.903497 -0.752878 16.591924 4.841650 -2.991013
11.436136 -112.321742 -0.898341 -0.751241 16.597357 4.843122 -2.989475
11.455674 -112.322959 -0.893179 -0.749495 16.602790 4.844596 -2.987941
11.475302 -112.324131 -0.887997 -0.747639 16.608235 4.846078 -2.986408
11.495050 -112.325264 -0.882786 -0.745682 16.613704 4.847572 -2.984879
11.514674 -112.326348 -0.877616 -0.743665 16.619123 4.849052 -2.983360
11.534205 -112.327389 -0.872477 -0.741597 16.624503 4.850522 -2.981854
11.553687 -112.328392 -0.867357 -0.739475 16.629858 4.851987 -2.980359
11.573162 -112.329361 -0.862244 -0.737288 16.635200 4.853452 -2.978871
11.592676 -112.330302 -0.857123 -0.735027 16.640543 4.854920 -2.977385
11.612271 -112.331220 -0.851984 -0.732687 16.645900 4.856397 -2.975900
11.631977 -112.332118 -0.846816 -0.730276 16.651283 4.857886 -2.974418
11.651557 -112.332988 -0.841688 -0.727833 16.656619 4.859361 -2.972945
11.671040 -112.333832 -0.836591 -0.725365 16.661917 4.860828 -2.971483
11.690470 -112.334656 -0.831513 -0.722868 16.667193 4.862291 -2.970032
11.709891 -112.335464 -0.826440 -0.720330 16.672458 4.863754 -2.968586
11.729346 -112.336260 -0.821360 -0.717742 16.677726 4.865221 -2.967142
11.748877 -112.337049 -0.816261 -0.715095 16.683010 4.866697 -2.965697
11.768517 -112.337833 -0.811134 -0.712398 16.688322 4.868185 -2.964254
11.788031 -112.338605 -0.806046 -0.709688 16.693588 4.869662 -2.962819
11.807450 -112.339366 -0.800986 -0.706972 16.698821 4.871131 -2.961395
11.826815 -112.340122 -0.795944 -0.704242 16.704033 4.872597 -2.959980
11.846171 -112.340876 -0.790906 -0.701490 16.709237 4.874065 -2.958570
11.865559 -112.341634 -0.785861 -0.698710 16.714447 4.875538 -2.957163
11.885009 -112.342397 -0.780799 -0.695906 16.719672 4.877022 -2.955762
11.904294 -112.343157 -0.775786 -0.693116 16.724844 4.878492 -2.954373
11.923443 -112.343916 -0.770812 -0.690345 16.729972 4.879951 -2.952998
11.942499 -112.344679 -0.765866 -0.687586 16.735069 4.881405 -2.951636
11.961504 -112.345448 -0.760936 -0.684828 16.740149 4.882857 -2.950282
11.980501 -112.346228 -0.756008 -0.682058 16.745223 4.884312 -2.948932
11.999533 -112.347021 -0.751072 -0.679270 16.750304 4.885774 -2.947585
12.018629 -112.347829 -0.746118 -0.676469 16.755403 4.887247 -2.946242
12.037566 -112.348644 -0.741210 -0.673689 16.760452 4.888707 -2.944911
12.056374 -112.349468 -0.736339 -0.670937 16.765460 4.890158 -2.943592
12.075093 -112.350304 -0.731494 -0.668204 16.770440 4.891604 -2.942285
12.093767 -112.351154 -0.726662 -0.665480 16.775404 4.893050 -2.940985
12.112438 -112.352022 -0.721832 -0.662751 16.780366 4.894500 -2.939688
12.131145 -112.352911 -0.716992 -0.660011 16.785336 4.895957 -2.938394
12.149920 -112.353823 -0.712133 -0.657265 16.790326 4.897426 -2.937103
12.168544 -112.354749 -0.707317 -0.654546 16.795268 4.898883 -2.935822
12.187046 -112.355691 -0.702535 -0.651860 16.800173 4.900333 -2.934553
12.205468 -112.356652 -0.697777 -0.649198 16.805053 4.901780 -2.933294
12.223848 -112.357635 -0.693031 -0.646551 16.809920 4.903227 -2.932043
12.242228 -112.358643 -0.688284 -0.643913 16.814786 4.904680 -2.930797
12.260637 -112.359678 -0.683529 -0.641286 16.819661 4.906142 -2.929559
12.278863 -112.360732 -0.678825 -0.638704 16.824481 4.907591 -2.928333
12.296934 -112.361805 -0.674166 -0.636172 16.829254 4.909030 -2.927124
12.314890 -112.362901 -0.669538 -0.633681 16.833993 4.910463 -2.925928
12.332772 -112.364021 -0.664931 -0.631221 16.838709 4.911895 -2.924743
12.350620 -112.365169 -0.660334 -0.628780 16.843415 4.913329 -2.923564
12.368473 -112.366345 -0.655734 -0.626350 16.848122 4.914769 -2.922389
12.386359 -112.367552 -0.651125 -0.623935 16.852840 4.916219 -2.921222
12.404073 -112.368779 -0.646564 -0.621568 16.857504 4.917657 -2.920067
12.421642 -112.370030 -0.642044 -0.619252 16.862126 4.919087 -2.918927
12.439105 -112.371304 -0.637554 -0.616981 16.866716 4.920512 -2.917799
12.456501 -112.372605 -0.633083 -0.614742 16.871286 4.921936 -2.916682
12.473869 -112.373933 -0.628618 -0.612525 16.875847 4.923363 -2.915570
12.491247 -112.375292 -0.624151 -0.610321 16.880411 4.924797 -2.914462
12.508664 -112.376681 -0.619672 -0.608136 16.884987 4.926242 -2.913360
12.525919 -112.378091 -0.615238 -0.605999 16.889512 4.927675 -2.912270
12.543039 -112.379524 -0.610842 -0.603915 16.893998 4.929101 -2.911194
12.560062 -112.380982 -0.606474 -0.601877 16.898454 4.930524 -2.910131
12.577025 -112.382465 -0.602122 -0.599875 16.902893 4.931947 -2.909077
12.593965 -112.383975 -0.597775 -0.597902 16.907324 4.933375 -2.908030
12.610909 -112.385513 -0.593427 -0.595962 16.911758 4.934810 -2.906994
12.627663 -112.387071 -0.589131 -0.594084 16.916134 4.936232 -2.905972
12.644255 -112.388647 -0.584881 -0.592273 16.920462 4.937645 -2.904968
12.660721 -112.390242 -0.580667 -0.590521 16.924752 4.939053 -2.903979
12.677097 -112.391859 -0.576477 -0.588817 16.929015 4.940458 -2.903002
12.693421 -112.393496 -0.572301 -0.587151 16.933262 4.941864 -2.902035
12.709727 -112.395154 -0.568129 -0.585515 16.937503 4.943275 -2.901074
12.726041 -112.396834 -0.563954 -0.583912 16.941747 4.944694 -2.900123
12.742179 -112.398524 -0.559828 -0.582371 16.945937 4.946100 -2.899186
12.758164 -112.400225 -0.555745 -0.580897 16.950080 4.947498 -2.898265
12.774032 -112.401936 -0.551695 -0.579481 16.954188 4.948891 -2.897360
12.789818 -112.403657 -0.547667 -0.578114 16.958270 4.950281 -2.896465
12.805558 -112.405387 -0.543652 -0.576784 16.962337 4.951672 -2.895580
12.821286 -112.407125 -0.539639 -0.575484 16.966399 4.953068 -2.894701
12.837025 -112.408871 -0.535622 -0.574218 16.970463 4.954471 -2.893830
12.852599 -112.410614 -0.531652 -0.573013 16.974475 4.955863 -2.892973
12.868030 -112.412353 -0.527721 -0.571872 16.978444 4.957245 -2.892132
12.883352 -112.414085 -0.523821 -0.570788 16.982378 4.958622 -2.891305
12.898599 -112.415810 -0.519941 -0.569753 16.986287 4.959997 -2.890489
12.913803 -112.417527 -0.516071 -0.568758 16.990182 4.961373 -2.889683
12.928988 -112.419232 -0.512206 -0.567808 16.994070 4.962754 -2.888888
12.943983 -112.420914 -0.508394 -0.566929 16.997899 4.964119 -2.888110
12.958811 -112.422572 -0.504629 -0.566122 17.001675 4.965473 -2.887350
12.973503 -112.424201 -0.500900 -0.565380 17.005409 4.966818 -2.886606
12.988094 -112.425798 -0.497199 -0.564694 17.009109 4.968157 -2.885876
13.002614 -112.427361 -0.493517 -0.564054 17.012785 4.969493 -2.885156
13.017095 -112.428885 -0.489844 -0.563451 17.016446 4.970828 -2.884445
13.031560 -112.430366 -0.486175 -0.562887 17.020099 4.972166 -2.883745
13.045845 -112.431792 -0.482555 -0.562388 17.023693 4.973488 -2.883060
13.059971 -112.433156 -0.478979 -0.561956 17.027236 4.974797 -2.882391
13.073970 -112.434454 -0.475437 -0.561584 17.030737 4.976095 -2.881737
13.087871 -112.435681 -0.471922 -0.561260 17.034204 4.977385 -2.881095
13.101705 -112.436831 -0.468423 -0.560975 17.037646 4.978669 -2.880463
13.115502 -112.437897 -0.464933 -0.560720 17.041070 4.979950 -2.879837
13.129283 -112.438874 -0.461446 -0.560499 17.044485 4.981230 -2.879221
13.142891 -112.439745 -0.458005 -0.560332 17.047841 4.982491 -2.878618
13.156349 -112.440504 -0.454605 -0.560222 17.051146 4.983737 -2.878030
13.169682 -112.441143 -0.451238 -0.560161 17.054407 4.984969 -2.877454
13.182921 -112.441654 -0.447894 -0.560140 17.057633 4.986190 -2.876889
13.196093 -112.442028 -0.444567 -0.560150 17.060831 4.987401 -2.876333
13.209218 -112.442256 -0.441249 -0.560193 17.064008 4.988606 -2.875787
13.222147 -112.442321 -0.437984 -0.560289 17.067118 4.989787 -2.875254
13.234901 -112.442212 -0.434765 -0.560439 17.070167 4.990945 -2.874737
13.247505 -112.441918 -0.431584 -0.560634 17.073162 4.992084 -2.874234
13.259988 -112.441428 -0.428434 -0.560864 17.076112 4.993205 -2.873740
13.272375 -112.440729 -0.425306 -0.561116 17.079022 4.994308 -2.873255
13.284693 -112.439810 -0.422193 -0.561384 17.081900 4.995397 -2.872775
13.296960 -112.438656 -0.419089 -0.561665 17.084752 4.996472 -2.872302
13.309036 -112.437247 -0.416035 -0.561978 17.087535 4.997518 -2.871839
13.320938 -112.435567 -0.413024 -0.562323 17.090252 4.998535 -2.871387
13.332691 -112.433600 -0.410049 -0.562690 17.092912 4.999525 -2.870944
13.344320 -112.431332 -0.407103 -0.563068 17.095521 5.000489 -2.870507
13.355849 -112.428744 -0.404178 -0.563445 17.098084 5.001429 -2.870074
13.367303 -112.425819 -0.401268 -0.563810 17.100609 5.002344 -2.869642
13.378697 -112.422539 -0.398366 -0.564163 17.103100 5.003237 -2.869212
13.389899 -112.418878 -0.395511 -0.564518 17.105515 5.004092 -2.868787
13.400925 -112.414815 -0.392697 -0.564873 17.107859 5.004910 -2.868367
13.411798 -112.410329 -0.389917 -0.565219 17.110139 5.005690 -2.867951
13.422539 -112.405399 -0.387164 -0.565542 17.112358 5.006435 -2.867535
13.433170 -112.400001 -0.384432 -0.565833 17.114524 5.007144 -2.867118
13.443705 -112.394112 -0.381715 -0.566088 17.116639 5.007818 -2.866699
13.454022 -112.387701 -0.379049 -0.566320 17.118664 5.008443 -2.866282
13.464133 -112.380741 -0.376428 -0.566524 17.120604 5.009017 -2.865866
13.474060 -112.373204 -0.373846 -0.566688 17.122463 5.009542 -2.865449
13.483822 -112.365064 -0.371297 -0.566800 17.124245 5.010017 -2.865028
13.493439 -112.356290 -0.368773 -0.566844 17.125955 5.010442 -2.864600
13.502929 -112.346851 -0.366270 -0.566809 17.127596 5.010817 -2.864161
13.512307 -112.336716 -0.363782 -0.566688 17.129172 5.011142 -2.863713
13.521455 -112.325846 -0.361341 -0.566492 17.130646 5.011401 -2.863255
13.530387 -112.314205 -0.358943 -0.566212 17.132019 5.011594 -2.862789
13.539118 -112.301758 -0.356583 -0.565838 17.133295 5.011721 -2.862312
13.547666 -112.288468 -0.354254 -0.565352 17.134477 5.011781 -2.861819
13.556048 -112.274297 -0.351950 -0.564739 17.135567 5.011772 -2.861308
13.564281 -112.259203 -0.349666 -0.563986 17.136569 5.011693 -2.860776
13.572375 -112.243145 -0.347398 -0.563085 17.137484 5.011544 -2.860222
13.580221 -112.226076 -0.345174 -0.562040 17.138276 5.011310 -2.859646
13.587829 -112.207949 -0.342992 -0.560843 17.138945 5.010989 -2.859049
13.595213 -112.188718 -0.340846 -0.559480 17.139494 5.010580 -2.858426
13.602388 -112.168336 -0.338730 -0.557935 17.139924 5.010081 -2.857775
13.609367 -112.146753 -0.336639 -0.556191 17.140235 5.009491 -2.857092
13.616157 -112.123916 -0.334570 -0.554240 17.140427 5.008808 -2.856376
13.622660 -112.099768 -0.332549 -0.552084 17.140467 5.008016 -2.855627
13.628882 -112.074252 -0.330573 -0.549711 17.140353 5.007115 -2.854845
13.634836 -112.047313 -0.328637 -0.547107 17.140085 5.006102 -2.854024
13.640532 -112.018888 -0.326736 -0.544252 17.139662 5.004974 -2.853162
13.645982 -111.988919 -0.324865 -0.541130 17.139084 5.003729 -2.852254
13.651196 -111.957339 -0.323021 -0.537723 17.138347 5.002363 -2.851297
13.656180 -111.924085 -0.321199 -0.534020 17.137451 5.000874 -2.850288
13.660841 -111.889082 -0.319423 -0.530021 17.136361 4.999247 -2.849228
13.665185 -111.852260 -0.317692 -0.525714 17.135075 4.997480 -2.848114
13.669219 -111.813547 -0.316000 -0.521081 17.133588 4.995570 -2.846942
13.672951 -111.772867 -0.314344 -0.516107 17.131897 4.993511 -2.845709
13.676390 -111.730143 -0.312720 -0.510772 17.129998 4.991302 -2.844409
13.679542 -111.685293 -0.311123 -0.505060 17.127886 4.988937 -2.843039
13.682410 -111.638236 -0.309551 -0.498961 17.125555 4.986414 -2.841598
13.684910 -111.588881 -0.308026 -0.492472 17.122971 4.983719 -2.840082
13.687043 -111.537139 -0.306546 -0.485582 17.120129 4.980846 -2.838491
13.688815 -111.482920 -0.305106 -0.478277 17.117021 4.977793 -2.836820
13.690229 -111.426130 -0.303704 -0.470541 17.113638 4.974554 -2.835066
13.691290 -111.366671 -0.302336 -0.462361 17.109974 4.971126 -2.833225
13.691997 -111.304443 -0.301000 -0.453729 17.106018 4.967504 -2.831293
13.692275 -111.239339 -0.299716 -0.444642 17.101736 4.963674 -2.829270
13.692123 -111.171253 -0.298482 -0.435093 17.097118 4.959632 -2.827154
13.691543 -111.100073 -0.297295 -0.425072 17.092152 4.955372 -2.824941
13.690536 -111.025687 -0.296152 -0.414569 17.086826 4.950891 -2.822626
13.689102 -110.947979 -0.295051 -0.403575 17.081127 4.946182 -2.820207
13.687242 -110.866826 -0.293989 -0.392083 17.075042 4.941241 -2.817679
13.684953 -110.782106 -0.292967 -0.380092 17.068554 4.936062 -2.815042
13.682166 -110.693687 -0.291999 -0.367606 17.061628 4.930633 -2.812293
13.678876 -110.601439 -0.291085 -0.354628 17.054247 4.924949 -2.809432
13.675081 -110.505225 -0.290225 -0.341158 17.046391 4.919005 -2.806455
13.670777 -110.404907 -0.289415 -0.327198 17.038044 4.912795 -2.803360
13.665961 -110.300341 -0.288655 -0.312752 17.029183 4.906314 -2.800144
13.660626 -110.191380 -0.287943 -0.297827 17.019788 4.899556 -2.796806
13.654766 -110.077873 -0.287280 -0.282436 17.009835 4.892518 -2.793345
13.648318 -109.959663 -0.286680 -0.266598 16.999283 4.885188 -2.789760
13.641270 -109.836590 -0.286142 -0.250331 16.988108 4.877560 -2.786052
13.633615 -109.708491 -0.285667 -0.233655 16.976280 4.869631 -2.782220
13.625342 -109.575199 -0.285254 -0.216591 16.963772 4.861396 -2.778263
13.616439 -109.436542 -0.284903 -0.199164 16.950554 4.852850 -2.774181
13.606892 -109.292346 -0.284615 -0.181405 16.936593 4.843989 -2.769975
13.596641 -109.142429 -0.284401 -0.163351 16.921841 4.834805 -2.765645
13.585669 -108.986610 -0.284264 -0.145039 16.906264 4.825294 -2.761194
13.573958 -108.824702 -0.284203 -0.126509 16.889824 4.815452 -2.756621
13.561486 -108.656515 -0.284221 -0.107802 16.872479 4.805278 -2.751928
13.548233 -108.481858 -0.284317 -0.088965 16.854189 4.794767 -2.747115
13.534172 -108.300535 -0.284493 -0.070047 16.834909 4.783919 -2.742184
13.519276 -108.112348 -0.284751 -0.051100 16.814592 4.772732 -2.737134
13.503481 -107.917099 -0.285101 -0.032183 16.793180 4.761202 -2.731969
13.486755 -107.714585 -0.285547 -0.013353 16.770619 4.749327 -2.726688
13.469060 -107.504606 -0.286089 0.005332 16.746855 4.737109 -2.721290
13.450358 -107.286962 -0.286731 0.023814 16.721830 4.724549 -2.715776
13.430604 -107.061451 -0.287474 0.042036 16.695484 4.711649 -2.710142
13.409753 -106.827875 -0.288322 0.059939 16.667751 4.698411 -2.704385
13.387753 -106.586038 -0.289279 0.077471 16.638564 4.684839 -2.698500
13.364532 -106.335746 -0.290351 0.094581 16.607847 4.670935 -2.692479
13.340031 -106.076813 -0.291544 0.111224 16.575523 4.656705 -2.686314
13.314189 -105.809056 -0.292860 0.127365 16.541513 4.642155 -2.679992
13.286941 -105.532300 -0.294304 0.142979 16.505735 4.627293 -2.673497
13.258219 -105.246378 -0.295879 0.158054 16.468099 4.612127 -2.666808
13.227952 -104.951135 -0.297589 0.172590 16.428514 4.596667 -2.659902
13.196060 -104.646422 -0.299441 0.186605 16.386879 4.580923 -2.652749
13.162467 -104.332104 -0.301439 0.200133 16.343092 4.564907 -2.645316
13.127094 -104.008058 -0.303589 0.213226 16.297044 4.548630 -2.637564
13.089861 -103.674170 -0.305895 0.225949 16.248621 4.532107 -2.629454
13.050681 -103.330337 -0.308364 0.238376 16.197703 4.515352 -2.620941
13.009458 -102.976470 -0.311002 0.250562 16.144164 4.498390 -2.611992
12.966082 -102.612600 -0.313791 0.262478 16.087891 4.481345 -2.602584
12.921587 -102.240059 -0.316693 0.273497 16.030325 4.463844 -2.593171
12.875834 -101.858861 -0.319690 0.283576 15.971345 4.446016 -2.583730
12.828707 -101.468920 -0.322790 0.292803 15.910802 4.427889 -2.574215
12.780106 -101.070165 -0.326002 0.301319 15.848547 4.409480 -2.564564
12.729938 -100.662543 -0.329334 0.309287 15.784423 4.390811 -2.554709
12.678111 -100.246015 -0.332795 0.316861 15.718270 4.371908 -2.544588
12.624528 -99.820625 -0.336373 0.324101 15.649941 4.352881 -2.534162
12.570026 -99.387674 -0.340029 0.330342 15.580847 4.333399 -2.523865
12.514481 -98.947177 -0.343751 0.335622 15.510835 4.313577 -2.513658
12.457794 -98.499087 -0.347549 0.340101 15.439730 4.293444 -2.503475
12.399882 -98.043378 -0.351433 0.343973 15.367352 4.273023 -2.493238
12.340669 -97.580038 -0.355414 0.347424 15.293523 4.252344 -2.482874
12.280084 -97.109103 -0.359483 0.350535 15.218071 4.231506 -2.472343
12.218762 -96.631794 -0.363601 0.352587 15.142390 4.210207 -2.462067
12.156610 -96.148109 -0.367758 0.353646 15.066307 4.188549 -2.452002
12.093550 -95.658025 -0.371965 0.353901 14.989631 4.166562 -2.442072
12.029529 -95.161542 -0.376233 0.353581 14.912170 4.144276 -2.432186
11.964503 -94.658678 -0.380570 0.352921 14.833732 4.121723 -2.422249
11.898437 -94.149459 -0.384986 0.352131 14.754121 4.098938 -2.412180
11.831314 -93.633931 -0.389479 0.351304 14.673151 4.076006 -2.401939
11.763531 -93.113183 -0.394004 0.349690 14.592197 4.052655 -2.391930
11.695045 -92.587214 -0.398557 0.347371 14.511068 4.028969 -2.382110
11.625823 -92.056030 -0.403148 0.344552 14.429564 4.004983 -2.372397
11.555851 -91.519662 -0.407787 0.341473 14.347482 3.980733 -2.362693
11.485130 -90.978158 -0.412483 0.338379 14.264617 3.956257 -2.352902
11.413669 -90.431573 -0.417247 0.335474 14.180764 3.931596 -2.342940
11.341498 -89.879968 -0.422078 0.332838 14.095724 3.906827 -2.332772
11.268788 -89.324268 -0.426930 0.329737 14.010853 3.881690 -2.322781
11.195547 -88.764481 -0.431802 0.326245 13.925951 3.856258 -2.312931
11.121779 -88.200639 -0.436704 0.322553 13.840808 3.830572 -2.303141
11.047504 -87.632796 -0.441648 0.318868 13.755211 3.804673 -2.293323
10.972749 -87.061015 -0.446644 0.315364 13.668949 3.778608 -2.283400
10.897563 -86.485361 -0.451697 0.312080 13.581816 3.752448 -2.273349
10.821937 -85.906592 -0.456755 0.308337 13.495151 3.725933 -2.263526
10.745905 -85.324721 -0.461821 0.304194 13.408749 3.699129 -2.253899
10.669498 -84.739788 -0.466904 0.299831 13.322396 3.672077 -2.244387
10.592767 -84.151858 -0.472015 0.295464 13.235878 3.644825 -2.234899
10.515771 -83.561007 -0.477162 0.291298 13.148981 3.617421 -2.225344
10.438569 -82.967321 -0.482358 0.287486 13.061491 3.589917 -2.215652
10.361228 -82.370883 -0.487610 0.284030 12.973199 3.562381 -2.205804
10.283592 -81.772270 -0.492860 0.280373 12.885427 3.534544 -2.196120
10.205721 -81.171514 -0.498113 0.276547 12.797965 3.506467 -2.186572
10.127675 -80.568677 -0.503380 0.272710 12.710599 3.478199 -2.177087
10.049532 -79.963840 -0.508670 0.269052 12.623112 3.449791 -2.167578
9.971377 -79.357100 -0.513992 0.265750 12.535291 3.421295 -2.157963
9.893284 -78.748561 -0.519359 0.262917 12.446917 3.392771 -2.148180
9.815315 -78.138332 -0.524783 0.260507 12.357778 3.364288 -2.138222
9.737232 -77.526809 -0.530198 0.258123 12.269180 3.335559 -2.128363
9.659099 -76.914048 -0.535612 0.255751 12.180911 3.306647 -2.118589
9.580984 -76.300133 -0.541038 0.253493 12.092752 3.277606 -2.108839
9.502964 -75.685160 -0.546487 0.251464 12.004486 3.248495 -2.099048
9.425103 -75.069242 -0.551972 0.249725 11.915897 3.219377 -2.089169
9.347432 -74.452491 -0.557510 0.248189 11.826768 3.190320 -2.079199
9.269707 -73.835145 -0.563026 0.246625 11.738389 3.161021 -2.069374
9.191982 -73.217265 -0.568531 0.245006 11.650547 3.131542 -2.059678
9.114334 -72.598939 -0.574038 0.243422 11.563025 3.101939 -2.050052
9.036855 -71.980266 -0.579556 0.241998 11.475609 3.072269 -2.040428
8.959630 -71.361363 -0.585095 0.240839 11.388085 3.042595 -2.030745
8.882721 -70.742352 -0.590667 0.239975 11.300238 3.012982 -2.020960
8.806114 -70.123366 -0.596295 0.239301 11.211849 2.983497 -2.011070
8.729655 -69.504468 -0.601889 0.238797 11.124197 2.953821 -2.001263
8.653371 -68.885738 -0.607466 0.238414 11.037065 2.924014 -1.991525
8.577332 -68.267277 -0.613038 0.238201 10.950240 2.894138 -1.981807
8.501618 -67.649199 -0.618615 0.238239 10.863510 2.864254 -1.972055
8.426299 -67.031635 -0.624207 0.238583 10.776662 2.834428 -1.962219
8.351406 -66.414724 -0.629827 0.239213 10.689483 2.804728 -1.952271
8.276848 -65.798611 -0.635500 0.240005 10.601753 2.775219 -1.942201
8.202666 -65.183203 -0.641129 0.241117 10.514733 2.745574 -1.932172
8.128822 -64.568595 -0.646733 0.242467 10.428207 2.715852 -1.922166
8.055344 -63.954901 -0.652328 0.244026 10.341962 2.686118 -1.912160
7.982261 -63.342249 -0.657926 0.245772 10.255786 2.656442 -1.902125
7.909561 -62.730777 -0.663543 0.247629 10.169466 2.626894 -1.892048
7.837078 -62.120619 -0.669202 0.249494 10.082784 2.597528 -1.881903
7.765110 -61.511556 -0.674805 0.251648 9.996980 2.568021 -1.871841
7.693570 -60.903678 -0.680371 0.254043 9.911839 2.538423 -1.861828
7.622475 -60.297098 -0.685915 0.256645 9.827152 2.508800 -1.851840
7.551849 -59.691942 -0.691446 0.259444 9.742711 2.479219 -1.841844
7.481698 -59.088347 -0.696976 0.262408 9.658310 2.449746 -1.831816
7.411967 -58.486452 -0.702520 0.265453 9.573739 2.420452 -1.821740
7.342418 -57.886378 -0.708093 0.268554 9.488788 2.391376 -1.811561
7.273689 -57.287815 -0.713609 0.272031 9.404670 2.362212 -1.801444
7.205615 -56.690852 -0.719080 0.275880 9.321175 2.332999 -1.791334
7.138161 -56.095607 -0.724521 0.280030 9.238098 2.303804 -1.781215
7.071301 -55.502215 -0.729945 0.284421 9.155234 2.274695 -1.771068
7.004981 -54.910812 -0.735362 0.288973 9.072382 2.245739 -1.760879
6.939089 -54.321535 -0.740788 0.293590 8.989334 2.217003 -1.750632
6.873334 -53.734482 -0.746225 0.298322 8.905890 2.188515 -1.740249
6.808621 -53.149324 -0.751613 0.303383 8.823226 2.159993 -1.729941
6.744713 -52.566140 -0.756957 0.308812 8.741140 2.131469 -1.719636
6.681494 -51.985049 -0.762272 0.314500 8.659429 2.103007 -1.709323
6.618858 -51.406174 -0.767572 0.320327 8.577892 2.074672 -1.698999
6.556652 -50.829635 -0.772870 0.326198 8.496326 2.046526 -1.688645
6.494593 -50.255505 -0.778161 0.332228 8.414540 2.018593 -1.678166
6.433722 -49.683478 -0.783408 0.338505 8.333668 1.990608 -1.667811
6.373800 -49.113622 -0.788608 0.345138 8.253520 1.962600 -1.657490
6.314697 -48.546050 -0.793772 0.352053 8.173897 1.934626 -1.647181
6.256306 -47.980882 -0.798913 0.359155 8.094604 1.906750 -1.636873
6.198512 -47.418237 -0.804039 0.366360 8.015448 1.879036 -1.626551
6.141157 -46.858221 -0.809160 0.373621 7.936233 1.851538 -1.616185
6.084000 -46.300888 -0.814261 0.381108 7.856778 1.824282 -1.605670
6.028106 -45.745996 -0.819331 0.388766 7.778179 1.797017 -1.595285
5.973244 -45.193602 -0.824359 0.396743 7.700253 1.769769 -1.584934
5.919256 -44.643804 -0.829354 0.404990 7.622809 1.742592 -1.574587
5.866013 -44.096713 -0.834325 0.413424 7.545657 1.715548 -1.564229
5.813383 -43.552432 -0.839280 0.421971 7.468611 1.688696 -1.553844
5.761200 -43.011052 -0.844224 0.430607 7.391482 1.662088 -1.543395
5.709253 -42.472616 -0.849140 0.439504 7.314094 1.635753 -1.532784
5.658530 -41.936948 -0.854036 0.448488 7.237505 1.609448 -1.522307
5.608810 -41.404093 -0.858897 0.457711 7.161538 1.583200 -1.511871
5.559920 -40.874135 -0.863728 0.467141 7.086009 1.557061 -1.501442
5.511713 -40.347162 -0.868538 0.476715 7.010733 1.531088 -1.490999
5.464022 -39.823252 -0.873330 0.486417 6.935528 1.505331 -1.480506
5.416662 -39.302443 -0.878086 0.496406 6.860222 1.479823 -1.469872
5.370526 -38.784605 -0.882825 0.506446 6.785836 1.454323 -1.459395
5.325420 -38.269780 -0.887530 0.516689 6.712200 1.428863 -1.448985
5.281184 -37.758044 -0.892205 0.527123 6.639136 1.403495 -1.438605
5.237687 -37.249476 -0.896855 0.537700 6.566465 1.378271 -1.428234
5.194802 -36.744153 -0.901483 0.548383 6.494012 1.353245 -1.417848
5.152387 -36.242139 -0.906090 0.559174 6.421603 1.328468 -1.407408
5.110280 -35.743466 -0.910660 0.570225 6.349072 1.303973 -1.396831
5.069273 -35.248038 -0.915217 0.581270 6.277405 1.279523 -1.386404
5.029193 -34.755889 -0.919744 0.592451 6.206438 1.255153 -1.376046
4.989892 -34.267077 -0.924243 0.603773 6.135999 1.230909 -1.365718
4.951246 -33.781664 -0.928716 0.615204 6.065918 1.206844 -1.355396
4.913135 -33.299710 -0.933165 0.626719 5.996027 1.183008 -1.345055
4.875425 -32.821265 -0.937590 0.638326 5.926156 1.159448 -1.334657
4.837967 -32.346351 -0.941973 0.650161 5.856147 1.136203 -1.324128
4.801453 -31.874897 -0.946345 0.661939 5.786947 1.113036 -1.313743
4.765723 -31.406927 -0.950690 0.673789 5.718399 1.089983 -1.303428
4.730638 -30.942483 -0.955006 0.685719 5.650337 1.067091 -1.293146
4.696075 -30.481612 -0.959296 0.697711 5.582597 1.044406 -1.282871
4.661904 -30.024353 -0.963558 0.709773 5.515017 1.021976 -1.272567
4.627984 -29.570723 -0.967776 0.722024 5.447440 0.999838 -1.262168
4.594931 -29.120663 -0.971982 0.734179 5.380778 0.977761 -1.251933
4.562598 -28.674189 -0.976162 0.746355 5.314878 0.955782 -1.241794
4.530856 -28.231335 -0.980313 0.758565 5.249581 0.933945 -1.231717
4.499595 -27.792134 -0.984436 0.770792 5.184730 0.912295 -1.221676
4.468709 -27.356619 -0.988530 0.783022 5.120169 0.890879 -1.211649
4.438081 -26.924815 -0.992593 0.795269 5.055743 0.869741 -1.201600
4.407583 -26.496728 -0.996608 0.807642 4.991304 0.848918 -1.191470
4.377764 -26.072304 -1.000612 0.819866 4.927725 0.828184 -1.181500
4.348491 -25.651547 -1.004589 0.832052 4.864859 0.807574 -1.171629
4.319646 -25.234476 -1.008537 0.844213 4.802556 0.787130 -1.161824
4.291129 -24.821112 -1.012453 0.856338 4.740666 0.766895 -1.152061
4.262840 -24.411473 -1.016337 0.868417 4.679039 0.746913 -1.142317
4.234672 -24.005573 -1.020186 0.880463 4.617528 0.727226 -1.132562
4.206502 -23.603411 -1.023984 0.892574 4.555993 0.707869 -1.122739
4.178827 -23.204936 -1.027768 0.904490 4.495264 0.688623 -1.113075
4.151522 -22.810146 -1.031524 0.916308 4.435203 0.669522 -1.103513
4.124477 -22.419052 -1.035250 0.928041 4.375665 0.650606 -1.094023
4.097596 -22.031666 -1.038941 0.939680 4.316507 0.631916 -1.084583
4.070775 -21.647996 -1.042597 0.951234 4.257587 0.613493 -1.075164
4.043898 -21.268037 -1.046201 0.962795 4.198770 0.595370 -1.065715
4.017420 -20.891741 -1.049792 0.974115 4.140846 0.577336 -1.056445
3.991225 -20.519100 -1.053356 0.985289 4.083682 0.559425 -1.047301
3.965212 -20.150118 -1.056890 0.996330 4.027142 0.541674 -1.038256
3.939297 -19.784799 -1.060390 1.007230 3.971088 0.524122 -1.029288
3.913398 -19.423143 -1.063855 1.017980 3.915385 0.506806 -1.020379
3.887421 -19.065150 -1.067280 1.028590 3.859901 0.489764 -1.011503
3.861261 -18.710808 -1.070651 1.039152 3.804508 0.473028 -1.002610
3.835341 -18.360068 -1.074008 1.049434 3.749954 0.456395 -0.993894
3.809555 -18.012917 -1.077336 1.059531 3.696115 0.439896 -0.985305
3.783815 -17.669352 -1.080632 1.069454 3.642862 0.423567 -0.976817
3.758045 -17.329370 -1.083892 1.079197 3.590066 0.407443 -0.968412
3.732174 -16.992968 -1.087114 1.088751 3.537600 0.391559 -0.960074
3.706120 -16.660141 -1.090294 1.098125 3.485338 0.375949 -0.951776
3.679787 -16.330876 -1.093418 1.107407 3.433159 0.360646 -0.943475
3.653569 -16.005130 -1.096525 1.116383 3.381771 0.345455 -0.935348
3.627372 -15.682890 -1.099603 1.125140 3.331055 0.330406 -0.927350
3.601118 -15.364155 -1.102647 1.133689 3.280889 0.315533 -0.919456
3.574738 -15.048923 -1.105654 1.142019 3.231153 0.300868 -0.911651
3.548162 -14.737190 -1.108620 1.150139 3.181725 0.286444 -0.903912
3.521299 -14.428947 -1.111533 1.158132 3.132494 0.272293 -0.896197
3.494524 -14.124154 -1.114431 1.165803 3.084120 0.258229 -0.888669
3.467750 -13.822800 -1.117301 1.173238 3.036493 0.244282 -0.881284
3.440912 -13.524882 -1.120139 1.180451 2.989497 0.230482 -0.874019
3.413958 -13.230395 -1.122943 1.187434 2.943020 0.216862 -0.866860
3.386836 -12.939334 -1.125709 1.194182 2.896949 0.203450 -0.859792
3.359489 -12.651693 -1.128433 1.200706 2.851174 0.190277 -0.852795
3.331842 -12.367464 -1.131103 1.207089 2.805589 0.177371 -0.845827
3.304249 -12.086609 -1.133756 1.213158 2.760812 0.164559 -0.839037
3.276640 -11.809120 -1.136381 1.218998 2.716740 0.151869 -0.832382
3.248961 -11.534995 -1.138973 1.224624 2.673267 0.139328 -0.825842
3.221173 -11.264230 -1.141529 1.230032 2.630288 0.126965 -0.819404
3.193241 -10.996822 -1.144047 1.235215 2.587699 0.114809 -0.813055
3.165119 -10.732769 -1.146523 1.240186 2.545398 0.102886 -0.806775
3.136745 -10.472068 -1.148943 1.245029 2.503288 0.091224 -0.800527
3.108458 -10.214692 -1.151347 1.249582 2.461940 0.079661 -0.794444
3.080198 -9.960640 -1.153722 1.253931 2.421260 0.068225 -0.788488
3.051925 -9.709915 -1.156063 1.258086 2.381148 0.056941 -0.782640
3.023612 -9.462522 -1.158368 1.262044 2.341510 0.045835 -0.776889
2.995224 -9.218464 -1.160634 1.265816 2.302248 0.034935 -0.771216
2.966710 -8.977743 -1.162849 1.269481 2.263274 0.024264 -0.765586
2.938390 -8.740342 -1.165049 1.272897 2.225110 0.013677 -0.760119
2.910218 -8.506264 -1.167221 1.276148 2.187669 0.003196 -0.754779
2.882165 -8.275513 -1.169362 1.279249 2.150862 -0.007152 -0.749547
2.854217 -8.048095 -1.171469 1.282202 2.114599 -0.017345 -0.744412
2.826364 -7.824015 -1.173541 1.285004 2.078794 -0.027358 -0.739363
2.798584 -7.603278 -1.175574 1.287674 2.043358 -0.037167 -0.734384
2.770842 -7.385890 -1.177557 1.290291 2.008213 -0.046750 -0.729440
2.743439 -7.171839 -1.179522 1.292731 1.973834 -0.056241 -0.724638
2.716342 -6.961133 -1.181459 1.295078 1.940143 -0.065616 -0.719943
2.689537 -6.753779 -1.183363 1.297350 1.907059 -0.074855 -0.715339
2.663021 -6.549787 -1.185234 1.299549 1.874502 -0.083935 -0.710814
2.636793 -6.349166 -1.187069 1.301677 1.842394 -0.092833 -0.706361
2.610844 -6.151927 -1.188864 1.303752 1.810657 -0.101529 -0.701962
2.585151 -5.958081 -1.190611 1.305851 1.779218 -0.110002 -0.697586
2.559994 -5.767626 -1.192337 1.307865 1.748507 -0.118371 -0.693329
2.535349 -5.580576 -1.194035 1.309870 1.718454 -0.126616 -0.689158
2.511213 -5.396945 -1.195700 1.311883 1.688986 -0.134717 -0.685059
2.487587 -5.216750 -1.197331 1.313909 1.660032 -0.142652 -0.681022
2.464471 -5.040006 -1.198924 1.315962 1.631522 -0.150403 -0.677035
2.441848 -4.866728 -1.200471 1.318114 1.603392 -0.157950 -0.673067
2.419972 -4.696920 -1.201999 1.320270 1.576020 -0.165399 -0.669202
2.398828 -4.530599 -1.203498 1.322504 1.549344 -0.172730 -0.665411
2.378417 -4.367780 -1.204966 1.324834 1.523300 -0.179927 -0.661679
2.358749 -4.208478 -1.206400 1.327267 1.497825 -0.186970 -0.657999
2.339833 -4.052707 -1.207799 1.329808 1.472858 -0.193842 -0.654362
2.321674 -3.900484 -1.209161 1.332474 1.448338 -0.200526 -0.650755
2.304260 -3.751822 -1.210477 1.335334 1.424211 -0.207006 -0.647152
2.287815 -3.606730 -1.211770 1.338306 1.400805 -0.213372 -0.643625
2.272326 -3.465221 -1.213033 1.341457 1.378068 -0.219610 -0.640148
2.257794 -3.327313 -1.214263 1.344805 1.355946 -0.225703 -0.636707
2.244228 -3.193018 -1.215457 1.348354 1.334386 -0.231635 -0.633296
2.231633 -3.062352 -1.216616 1.352110 1.313333 -0.237393 -0.629909
2.220010 -2.935329 -1.217736 1.356085 1.292740 -0.242961 -0.626535
2.209343 -2.811962 -1.218811 1.360337 1.272557 -0.248326 -0.623151
2.199816 -2.692261 -1.219860 1.364793 1.253067 -0.253564 -0.619819
2.191408 -2.576239 -1.220877 1.369507 1.234226 -0.258664 -0.616518
2.184110 -2.463909 -1.221859 1.374490 1.215987 -0.263610 -0.613237
2.177914 -2.355285 -1.222805 1.379740 1.198308 -0.268393 -0.609972
2.172806 -2.250376 -1.223714 1.385263 1.181144 -0.272998 -0.606715
2.168756 -2.149193 -1.224579 1.391101 1.164458 -0.277414 -0.603449
2.165898 -2.051739 -1.225417 1.397188 1.148479 -0.281707 -0.600225
2.164192 -1.958020 -1.226223 1.403563 1.133170 -0.285864 -0.597026
2.163608 -1.868041 -1.226994 1.410228 1.118496 -0.289877 -0.593846
2.164113 -1.781802 -1.227729 1.417173 1.104421 -0.293735 -0.590681
2.165669 -1.699301 -1.228429 1.424388 1.090909 -0.297431 -0.587530
2.168228 -1.620534 -1.229089 1.431868 1.077929 -0.300955 -0.584389
2.171723 -1.545494 -1.229707 1.439631 1.065451 -0.304302 -0.581246
2.176212 -1.474167 -1.230296 1.447615 1.053656 -0.307521 -0.578143
2.181612 -1.406540 -1.230852 1.455832 1.042516 -0.310608 -0.575069
2.187841 -1.342591 -1.231372 1.464268 1.032004 -0.313557 -0.572022
2.194808 -1.282298 -1.231857 1.472899 1.022096 -0.316363 -0.569003
2.202415 -1.225628 -1.232305 1.481696 1.012767 -0.319022 -0.566014
2.210547 -1.172546 -1.232715 1.490634 1.003993 -0.321532 -0.563054
2.219071 -1.123008 -1.233084 1.499708 0.995756 -0.323891 -0.560117
2.227934 -1.076958 -1.233422 1.508849 0.988185 -0.326139 -0.557237
2.236979 -1.034336 -1.233726 1.518049 0.981264 -0.328277 -0.554406
2.246042 -0.995067 -1.233994 1.527279 0.974976 -0.330304 -0.551626
2.254952 -0.959064 -1.234225 1.536507 0.969306 -0.332224 -0.548896
2.263532 -0.926225 -1.234418 1.545706 0.964241 -0.334039 -0.546215
2.271599 -0.896429 -1.234570 1.554864 0.959769 -0.335754 -0.543578
2.279039 -0.869531 -1.234687 1.563931 0.955969 -0.337395 -0.541004
2.285715 -0.845362 -1.234771 1.572884 0.952833 -0.338969 -0.538495
2.291558 -0.823724 -1.234823 1.581659 0.950351 -0.340474 -0.536066
2.296620 -0.804388 -1.234858 1.590104 0.948510 -0.341903 -0.533770
2.301160 -0.787103 -1.234898 1.597871 0.947295 -0.343222 -0.531732
2.305767 -0.771635 -1.234987 1.604142 0.946678 -0.344325 -0.530258
2.311488 -0.757875 -1.235075 1.606845 0.946680 -0.344636 -0.529830
2.315028 -0.752533 -1.235153 1.608886 0.946662 -0.345083 -0.529423
