0.000000 -0.000000 0.000000 0.000000 0.000000 -0.000000 0.000000
-0.024586 0.020570 -0.029324 -0.062958 0.022252 -0.027306 -0.048892
-0.059706 0.050115 -0.051380 -0.089631 0.047228 -0.058647 -0.091456
-0.083818 0.084711 -0.068834 -0.083447 0.073637 -0.092061 -0.125767
-0.088690 0.123376 -0.083213 -0.057706 0.100724 -0.126738 -0.155352
-0.073913 0.166687 -0.095324 -0.022694 0.128113 -0.162215 -0.183186
-0.042306 0.215995 -0.105629 0.014633 0.155620 -0.198126 -0.211265
0.002194 0.272970 -0.114412 0.049869 0.183164 -0.234137 -0.240778
0.054997 0.339350 -0.122051 0.081390 0.210386 -0.269842 -0.271683
0.112555 0.416845 -0.128682 0.107188 0.237283 -0.304949 -0.304471
0.171993 0.507058 -0.134425 0.125589 0.263860 -0.339197 -0.339581
0.230987 0.611445 -0.139375 0.135295 0.290130 -0.372352 -0.377372
0.287759 0.731306 -0.143618 0.135260 0.316108 -0.404207 -0.418144
0.341020 0.867782 -0.147241 0.124730 0.341804 -0.434483 -0.462070
0.388817 1.021851 -0.150204 0.104107 0.367301 -0.463178 -0.509036
0.428354 1.194315 -0.152559 0.075591 0.392400 -0.490452 -0.558080
0.458898 1.385829 -0.154321 0.039272 0.417146 -0.516211 -0.609172
0.481199 1.596894 -0.155657 -0.005754 0.441489 -0.539919 -0.662485
0.495553 1.827833 -0.156607 -0.059727 0.465461 -0.561536 -0.718187
0.501957 2.079021 -0.157142 -0.122224 0.489134 -0.581071 -0.776255
0.500640 2.350725 -0.157252 -0.192788 0.512567 -0.598444 -0.836613
0.491852 2.643107 -0.156919 -0.270756 0.535819 -0.613587 -0.899093
0.475325 2.956233 -0.156322 -0.354217 0.558617 -0.626355 -0.962754
0.451530 3.290092 -0.155451 -0.442601 0.581020 -0.636712 -1.027465
0.421182 3.644597 -0.154310 -0.535657 0.603078 -0.644637 -1.093234
0.385070 4.019595 -0.152905 -0.633191 0.624842 -0.650122 -1.160091
0.343991 4.414864 -0.151235 -0.734983 0.646364 -0.653171 -1.228058
0.298596 4.830119 -0.149286 -0.840542 0.667704 -0.653801 -1.297043
0.248926 5.265025 -0.147265 -0.948110 0.688589 -0.651951 -1.366167
0.195681 5.719200 -0.145156 -1.057227 0.709079 -0.647659 -1.435351
0.139745 6.192221 -0.142952 -1.167734 0.729228 -0.640973 -1.504642
0.082056 6.683628 -0.140648 -1.279528 0.749091 -0.631949 -1.574112
0.023560 7.192919 -0.138232 -1.392524 0.768722 -0.620655 -1.643839
-0.034821 7.719546 -0.135689 -1.506617 0.788177 -0.607168 -1.713894
-0.092316 8.262917 -0.132982 -1.621448 0.807519 -0.591574 -1.784236
-0.148745 8.822404 -0.130352 -1.735425 0.826476 -0.573890 -1.854050
-0.203287 9.397332 -0.127760 -1.848239 0.845110 -0.554228 -1.923316
-0.254925 9.986994 -0.125178 -1.959881 0.863480 -0.532710 -1.992143
-0.302578 10.590654 -0.122572 -2.070400 0.881643 -0.509470 -2.060669
-0.345150 11.207555 -0.119907 -2.179875 0.899657 -0.484647 -2.129040
-0.381626 11.836969 -0.117133 -2.288376 0.917584 -0.458379 -2.197399
-0.411440 12.478111 -0.114162 -2.395650 0.935500 -0.430839 -2.265757
-0.435046 13.130145 -0.111237 -2.500185 0.953140 -0.402111 -2.333286
-0.452304 13.792710 -0.108376 -2.601858 0.970538 -0.372044 -2.399932
-0.462990 14.465308 -0.105578 -2.700743 0.987734 -0.340540 -2.465751
-0.466826 15.147335 -0.102823 -2.796928 1.004773 -0.307567 -2.530823
-0.463512 15.838107 -0.100067 -2.890468 1.021712 -0.273158 -2.595228
-0.452831 16.536919 -0.097273 -2.981185 1.038603 -0.237298 -2.658939
-0.435114 17.243028 -0.094753 -3.067702 1.055168 -0.199959 -2.721170
-0.410094 17.955666 -0.092448 -3.149876 1.071464 -0.161205 -2.781924
-0.377339 18.674064 -0.090309 -3.227838 1.087549 -0.121112 -2.841319
-0.336391 19.397463 -0.088280 -3.301772 1.103478 -0.079759 -2.899498
-0.286804 20.125114 -0.086304 -3.371880 1.119308 -0.037235 -2.956611
-0.228196 20.856278 -0.084314 -3.438340 1.135097 0.006371 -3.012796
-0.160358 21.590234 -0.082238 -3.501100 1.150904 0.050969 -3.068087
-0.083696 22.326283 -0.080401 -3.558931 1.166453 0.096529 -3.121758
0.001928 23.063752 -0.078727 -3.611819 1.181803 0.142957 -3.173855
0.096761 23.801999 -0.077149 -3.660012 1.197013 0.190159 -3.224534
0.201049 24.540417 -0.075594 -3.703810 1.212137 0.238044 -3.273973
0.315002 25.278427 -0.073992 -3.743522 1.227234 0.286523 -3.322349
0.438759 26.015479 -0.072266 -3.779437 1.242361 0.335510 -3.369828
0.572280 26.751045 -0.070339 -3.811619 1.257574 0.384928 -3.416473
0.714913 27.484626 -0.068551 -3.838964 1.272596 0.434751 -3.461594
0.866547 28.215754 -0.066827 -3.861571 1.287484 0.484906 -3.505262
1.027184 28.943992 -0.065093 -3.879796 1.302293 0.535318 -3.547659
1.196826 29.668937 -0.063276 -3.894036 1.317077 0.585917 -3.588982
1.375425 30.390212 -0.061304 -3.904659 1.331891 0.636637 -3.629412
1.562780 31.107466 -0.059102 -3.911803 1.346788 0.687423 -3.669030
1.758074 31.820376 -0.057019 -3.914434 1.361493 0.738263 -3.707164
1.961066 32.528648 -0.054984 -3.912692 1.376056 0.789107 -3.743895
2.171633 33.232019 -0.052925 -3.906957 1.390532 0.839902 -3.779404
2.389679 33.930258 -0.050773 -3.897640 1.404973 0.890598 -3.813888
2.615095 34.623159 -0.048459 -3.885153 1.419433 0.941151 -3.847543
2.847731 35.310533 -0.045913 -3.869876 1.433964 0.991519 -3.880549
3.087296 35.992211 -0.043069 -3.851969 1.448617 1.041671 -3.912987
3.332879 36.668040 -0.040278 -3.830429 1.463114 1.091610 -3.944197
3.584168 37.337892 -0.037475 -3.805425 1.477505 1.141307 -3.974263
3.840979 38.001664 -0.034595 -3.777351 1.491841 1.190730 -4.003367
4.103163 38.659274 -0.031575 -3.746632 1.506173 1.239853 -4.031706
4.370567 39.310656 -0.028353 -3.713698 1.520552 1.288647 -4.059477
4.643009 39.955761 -0.024867 -3.678943 1.535030 1.337090 -4.086860
4.920176 40.594546 -0.021063 -3.642551 1.549651 1.385169 -4.113943
5.201122 41.226979 -0.017280 -3.603556 1.564143 1.432897 -4.140081
5.485523 41.853047 -0.013463 -3.562152 1.578550 1.480260 -4.165364
5.773187 42.472754 -0.009555 -3.518757 1.592922 1.527244 -4.189978
6.063950 43.086120 -0.005502 -3.473814 1.607309 1.573835 -4.214122
6.357635 43.693174 -0.001249 -3.427733 1.621758 1.620022 -4.237980
6.653949 44.293955 0.003251 -3.380710 1.636314 1.665803 -4.261640
6.951958 44.888507 0.007675 -3.331787 1.650706 1.711195 -4.284469
7.251378 45.476892 0.012071 -3.281146 1.664976 1.756198 -4.306553
7.552063 46.059187 0.016490 -3.229171 1.679174 1.800806 -4.328066
7.853913 46.635478 0.020983 -3.176269 1.693348 1.845014 -4.349197
8.156838 47.205858 0.025601 -3.122836 1.707545 1.888820 -4.370131
8.460732 47.770426 0.030392 -3.069236 1.721814 1.932221 -4.391036
8.765380 48.329283 0.035394 -3.015630 1.736194 1.975226 -4.411990
9.069897 48.882528 0.040310 -2.961041 1.750422 2.017854 -4.432364
9.374076 49.430269 0.045181 -2.905622 1.764536 2.060111 -4.452233
9.677848 49.972626 0.050052 -2.849721 1.778585 2.101999 -4.471763
9.981184 50.509717 0.054971 -2.793709 1.792614 2.143521 -4.491129
10.284072 51.041665 0.059983 -2.737947 1.806672 2.184679 -4.510506
10.586480 51.568591 0.065131 -2.682768 1.820805 2.225476 -4.530053
10.888275 52.090614 0.070449 -2.628313 1.835051 2.265924 -4.549844
11.188621 52.607840 0.075666 -2.573600 1.849151 2.306041 -4.569256
11.487386 53.120389 0.080819 -2.518771 1.863143 2.345837 -4.588365
11.784565 53.628379 0.085948 -2.464156 1.877073 2.385316 -4.607329
12.080187 54.131929 0.091098 -2.410103 1.890987 2.424485 -4.626315
12.374275 54.631156 0.096308 -2.356927 1.904930 2.463347 -4.645480
12.666755 55.126174 0.101610 -2.304755 1.918941 2.501917 -4.664892
12.956836 55.617082 0.106757 -2.252598 1.932764 2.540208 -4.683940
13.244457 56.103991 0.111785 -2.200566 1.946437 2.578232 -4.702687
13.529683 56.587010 0.116733 -2.148937 1.960006 2.615993 -4.721279
13.812621 57.066248 0.121643 -2.098007 1.973515 2.653497 -4.739868
14.093391 57.541808 0.126557 -2.048060 1.987012 2.690746 -4.758606
14.372100 58.013791 0.131513 -1.999351 2.000540 2.727747 -4.777630
14.648754 58.482292 0.136540 -1.951962 2.014137 2.764510 -4.796996
14.922606 58.947385 0.141420 -1.904879 2.027554 2.801045 -4.816097
15.193662 59.409156 0.146182 -1.858179 2.040828 2.837361 -4.834985
15.462049 59.867689 0.150868 -1.812101 2.054003 2.873461 -4.853795
15.727930 60.323065 0.155515 -1.766900 2.067124 2.909350 -4.872666
15.991475 60.775358 0.160163 -1.722826 2.080237 2.945029 -4.891741
16.252837 61.224637 0.164849 -1.680105 2.093385 2.980501 -4.911146
16.512071 61.670966 0.169599 -1.638807 2.106605 3.015775 -4.930934
16.768437 62.114384 0.174218 -1.597925 2.119654 3.050856 -4.950511
17.021978 62.554944 0.178733 -1.557535 2.132569 3.085750 -4.969929
17.272844 62.992698 0.183180 -1.517868 2.145393 3.120460 -4.989318
17.521210 63.427697 0.187595 -1.479171 2.158170 3.154988 -5.008814
17.767242 63.859985 0.192014 -1.441667 2.170943 3.189335 -5.028544
18.011012 64.289600 0.196461 -1.405427 2.183747 3.223509 -5.048561
18.251779 64.716557 0.200758 -1.369462 2.196349 3.257509 -5.068284
18.489611 65.140888 0.204930 -1.333834 2.208782 3.291342 -5.087763
18.724685 65.562624 0.209014 -1.298745 2.221090 3.325007 -5.107118
18.957207 65.981794 0.213044 -1.264409 2.233315 3.358504 -5.126474
19.187391 66.398426 0.217055 -1.231032 2.245503 3.391833 -5.145957
19.415432 66.812544 0.221081 -1.198803 2.257695 3.424993 -5.165681
19.641434 67.224164 0.225144 -1.167773 2.269925 3.457988 -5.185694
19.864642 67.633278 0.229083 -1.136961 2.281966 3.490815 -5.205425
20.085143 68.039896 0.232922 -1.106422 2.293852 3.523477 -5.224921
20.303128 68.444033 0.236692 -1.076340 2.305624 3.555973 -5.244296
20.518810 68.845701 0.240428 -1.046915 2.317326 3.588302 -5.263668
20.732409 69.244908 0.244160 -1.018341 2.328999 3.620461 -5.283158
20.944125 69.641663 0.247921 -0.990799 2.340685 3.652450 -5.302874
21.154068 70.035966 0.251728 -0.964352 2.352416 3.684270 -5.322868
21.361448 70.427787 0.255438 -0.938053 2.363975 3.715917 -5.342588
21.566352 70.817124 0.259067 -0.911977 2.375392 3.747392 -5.362086
21.768961 71.203978 0.262647 -0.886319 2.386708 3.778695 -5.381475
21.969472 71.588352 0.266205 -0.861288 2.397965 3.809824 -5.400875
22.168074 71.970244 0.269771 -0.837075 2.409202 3.840778 -5.420396
22.364872 72.349650 0.273361 -0.813759 2.420450 3.871561 -5.440092
22.559053 72.726530 0.276842 -0.790431 2.431501 3.902164 -5.459434
22.750711 73.100874 0.280230 -0.767167 2.442383 3.932589 -5.478473
22.940033 73.472680 0.283553 -0.744145 2.453136 3.962834 -5.497315
23.127229 73.841945 0.286840 -0.721550 2.463801 3.992898 -5.516070
23.312512 74.208663 0.290119 -0.699560 2.474417 4.022778 -5.534849
23.496082 74.572833 0.293417 -0.678342 2.485024 4.052472 -5.553753
23.678061 74.934444 0.296748 -0.657965 2.495650 4.081982 -5.572832
23.857610 75.293451 0.299990 -0.637549 2.506095 4.111299 -5.591573
24.034832 75.649842 0.303158 -0.617168 2.516387 4.140424 -5.610028
24.209914 76.003614 0.306278 -0.596993 2.526564 4.169355 -5.628296
24.383067 76.354760 0.309375 -0.577193 2.536664 4.198091 -5.646483
24.554499 76.703277 0.312476 -0.557939 2.546727 4.226629 -5.664691
24.724411 77.049158 0.315606 -0.539393 2.556789 4.254968 -5.683020
24.892924 77.392393 0.318776 -0.521632 2.566877 4.283109 -5.701521
25.059171 77.732932 0.321875 -0.503828 2.576801 4.311044 -5.719706
25.223252 78.070761 0.324913 -0.486072 2.586586 4.338773 -5.737629
25.385347 78.405879 0.327915 -0.468539 2.596268 4.366295 -5.755390
25.545648 78.738282 0.330904 -0.451408 2.605885 4.393612 -5.773092
25.704341 79.067966 0.333902 -0.434849 2.615473 4.420722 -5.790833
25.861548 79.394922 0.336918 -0.418952 2.625057 4.447626 -5.808667
26.016390 79.719099 0.339853 -0.402935 2.634455 4.474317 -5.826133
26.168975 80.040485 0.342713 -0.386890 2.643692 4.500794 -5.843281
26.319487 80.359078 0.345522 -0.370972 2.652803 4.527058 -5.860206
26.468127 80.674874 0.348303 -0.355334 2.661823 4.553107 -5.877000
26.615099 80.987870 0.351078 -0.340124 2.670787 4.578939 -5.893757
26.760598 81.298065 0.353869 -0.325483 2.679731 4.604555 -5.910565
26.904757 81.605452 0.356683 -0.311490 2.688677 4.629954 -5.927472
27.046691 81.909977 0.359428 -0.297403 2.697453 4.655128 -5.944039
27.186516 82.211636 0.362112 -0.283307 2.706081 4.680078 -5.960315
27.324418 82.510426 0.364755 -0.269344 2.714596 4.704803 -5.976387
27.460593 82.806346 0.367378 -0.255652 2.723031 4.729303 -5.992341
27.595243 83.099396 0.370002 -0.242364 2.731418 4.753576 -6.008263
27.728558 83.389576 0.372647 -0.229612 2.739791 4.777621 -6.024236
27.860673 83.676880 0.375319 -0.217477 2.748171 4.801442 -6.040309
27.990699 83.961257 0.377934 -0.205277 2.756395 4.825027 -6.056070
28.118753 84.242702 0.380496 -0.193102 2.764486 4.848380 -6.071569
28.245010 84.521216 0.383025 -0.181095 2.772473 4.871501 -6.086890
28.369655 84.796803 0.385539 -0.169395 2.780389 4.894390 -6.102117
28.492867 85.069465 0.388056 -0.158134 2.788264 4.917048 -6.117331
28.614779 85.339199 0.390582 -0.147397 2.796119 4.939477 -6.132580
28.734519 85.605956 0.393039 -0.136560 2.803802 4.961669 -6.147483
28.852207 85.869731 0.395431 -0.125707 2.811332 4.983624 -6.162087
28.968019 86.130529 0.397777 -0.114959 2.818739 5.005344 -6.176467
29.082140 86.388352 0.400094 -0.104432 2.826052 5.026829 -6.190700
29.194758 86.643201 0.402400 -0.094233 2.833302 5.048077 -6.204856
29.306054 86.895082 0.404713 -0.084470 2.840516 5.069088 -6.219008
29.416166 87.143994 0.407037 -0.075212 2.847713 5.089865 -6.233200
29.524241 87.389891 0.409301 -0.065885 2.854752 5.110399 -6.247074
29.630403 87.632772 0.411509 -0.056563 2.861651 5.130692 -6.260676
29.734824 87.872644 0.413677 -0.047351 2.868436 5.150744 -6.274074
29.837681 88.109511 0.415821 -0.038351 2.875136 5.170556 -6.287335
29.939151 88.343377 0.417959 -0.029656 2.881777 5.190127 -6.300526
30.039407 88.574250 0.420105 -0.021363 2.888386 5.209457 -6.313710
30.138583 88.802131 0.422263 -0.013538 2.894980 5.228549 -6.326931
30.235855 89.026976 0.424369 -0.005668 2.901428 5.247395 -6.339863
30.331344 89.248788 0.426425 0.002171 2.907746 5.265999 -6.352550
30.425207 89.467576 0.428446 0.009877 2.913960 5.284360 -6.365056
30.517607 89.683346 0.430446 0.017354 2.920094 5.302480 -6.377444
30.608703 89.896108 0.432439 0.024508 2.926173 5.320361 -6.389775
30.698623 90.105866 0.434428 0.031271 2.932212 5.338004 -6.402091
30.786589 90.312580 0.436356 0.038099 2.938093 5.355405 -6.414099
30.872721 90.516255 0.438224 0.044925 2.943831 5.372564 -6.425838
30.957169 90.716901 0.440046 0.051665 2.949448 5.389483 -6.437365
31.040091 90.914525 0.441836 0.058242 2.954967 5.406164 -6.448736
31.121640 91.109136 0.443607 0.064583 2.960411 5.422605 -6.460005
31.201969 91.300744 0.445372 0.070616 2.965801 5.438807 -6.471222
31.281201 91.489359 0.447133 0.076290 2.971153 5.454775 -6.482426
31.358611 91.674946 0.448839 0.082006 2.976357 5.470500 -6.493351
31.434313 91.857513 0.450491 0.087708 2.981428 5.485988 -6.504034
31.508446 92.037073 0.452101 0.093328 2.986385 5.501239 -6.514524
31.581154 92.213638 0.453682 0.098799 2.991249 5.516254 -6.524870
31.652577 92.387218 0.455245 0.104062 2.996040 5.531033 -6.535119
31.722852 92.557828 0.456801 0.109055 3.000778 5.545578 -6.545317
31.792092 92.725478 0.458353 0.113729 3.005474 5.559893 -6.555499
31.859635 92.890141 0.459855 0.118431 3.010033 5.573972 -6.565432
31.925582 93.051828 0.461307 0.123108 3.014465 5.587820 -6.575149
31.990058 93.210556 0.462720 0.127696 3.018790 5.601438 -6.584696
32.053188 93.366339 0.464105 0.132135 3.023025 5.614830 -6.594117
32.115093 93.519193 0.465471 0.136366 3.027186 5.627996 -6.603455
32.175877 93.669134 0.466819 0.140345 3.031285 5.640941 -6.612741
32.234950 93.816139 0.468111 0.144365 3.035239 5.653661 -6.621775
32.292406 93.960226 0.469346 0.148381 3.039056 5.666162 -6.630588
32.348359 94.101411 0.470535 0.152344 3.042753 5.678444 -6.639218
32.402921 94.239713 0.471687 0.156208 3.046346 5.690510 -6.647704
32.456203 94.375150 0.472809 0.159932 3.049849 5.702363 -6.656081
32.508315 94.507742 0.473912 0.163475 3.053276 5.714004 -6.664384
32.559346 94.637509 0.474997 0.166803 3.056638 5.725437 -6.672640
32.608786 94.764439 0.476028 0.170162 3.059861 5.736662 -6.680681
32.656717 94.888555 0.477009 0.173519 3.062955 5.747683 -6.688533
32.703236 95.009878 0.477945 0.176836 3.065932 5.758503 -6.696228
32.748440 95.128433 0.478845 0.180077 3.068805 5.769125 -6.703799
32.792421 95.244242 0.479716 0.183211 3.071587 5.779552 -6.711275
32.835272 95.357331 0.480566 0.186205 3.074288 5.789788 -6.718688
32.877068 95.467725 0.481394 0.189035 3.076916 5.799838 -6.726060
32.917381 95.575423 0.482174 0.191894 3.079411 5.809702 -6.733256
32.956281 95.680451 0.482906 0.194757 3.081781 5.819386 -6.740299
32.993847 95.782839 0.483596 0.197593 3.084035 5.828895 -6.747217
33.030156 95.882614 0.484250 0.200371 3.086182 5.838232 -6.754038
33.065281 95.979806 0.484874 0.203067 3.088233 5.847404 -6.760789
33.099288 96.074447 0.485468 0.205658 3.090193 5.856415 -6.767490
33.131841 96.166545 0.486011 0.208295 3.092016 5.865269 -6.774040
33.162996 96.256132 0.486504 0.210958 3.093706 5.873972 -6.780459
33.192819 96.343242 0.486952 0.213629 3.095270 5.882529 -6.786770
33.221372 96.427908 0.487359 0.216288 3.096717 5.890947 -6.792996
33.248715 96.510164 0.487731 0.218920 3.098053 5.899230 -6.799159
33.274905 96.590048 0.488071 0.221511 3.099285 5.907385 -6.805282
33.299991 96.667596 0.488380 0.224051 3.100416 5.915419 -6.811382
33.323732 96.742829 0.488644 0.226646 3.101412 5.923337 -6.817390
33.346169 96.815786 0.488862 0.229289 3.102277 5.931147 -6.823322
33.367350 96.886506 0.489039 0.231967 3.103014 5.938856 -6.829198
33.387317 96.955030 0.489177 0.234672 3.103629 5.946471 -6.835038
33.406112 97.021396 0.489280 0.237396 3.104125 5.954001 -6.840861
33.423774 97.085648 0.489351 0.240134 3.104506 5.961454 -6.846685
33.440336 97.147826 0.489391 0.242880 3.104773 5.968837 -6.852527
33.455652 97.207962 0.489392 0.245701 3.104906 5.976159 -6.858351
33.469749 97.266098 0.489352 0.248594 3.104904 5.983429 -6.864173
33.482655 97.322278 0.489276 0.251555 3.104771 5.990657 -6.870010
33.494395 97.376543 0.489164 0.254582 3.104507 5.997852 -6.875880
33.504992 97.428937 0.489020 0.257674 3.104114 6.005023 -6.881800
33.514464 97.479501 0.488843 0.260833 3.103592 6.012182 -6.887787
33.522770 97.528274 0.488633 0.264083 3.102932 6.019337 -6.893840
33.529924 97.575297 0.488389 0.267429 3.102135 6.026501 -6.899973
33.535939 97.620611 0.488114 0.270877 3.101199 6.033683 -6.906204
33.540826 97.664257 0.487808 0.274433 3.100124 6.040896 -6.912547
33.544596 97.706274 0.487472 0.278112 3.098907 6.048150 -6.919019
33.547256 97.746702 0.487106 0.281932 3.097547 6.055459 -6.925632
33.548820 97.785584 0.486714 0.285916 3.096041 6.062835 -6.932399
33.549585 97.823004 0.486302 0.289949 3.094448 6.070179 -6.939203
33.549562 97.859002 0.485874 0.294056 3.092766 6.077505 -6.946057
33.548748 97.893614 0.485429 0.298261 3.090991 6.084825 -6.952974
33.547143 97.926874 0.484967 0.302582 3.089118 6.092155 -6.959970
33.544739 97.958815 0.484488 0.307036 3.087144 6.099506 -6.967059
33.541532 97.989471 0.483991 0.311646 3.085064 6.106893 -6.974254
33.537520 98.018875 0.483478 0.316439 3.082874 6.114332 -6.981571
33.532985 98.047106 0.482956 0.321299 3.080630 6.121724 -6.988893
33.527924 98.074195 0.482426 0.326254 3.078329 6.129084 -6.996234
33.522322 98.100172 0.481889 0.331326 3.075963 6.136428 -7.003610
33.516166 98.125064 0.481342 0.336535 3.073528 6.143770 -7.011036
33.509437 98.148897 0.480784 0.341903 3.071018 6.151126 -7.018527
33.502125 98.171701 0.480218 0.347453 3.068427 6.158510 -7.026098
33.494504 98.193546 0.479649 0.353073 3.065810 6.165828 -7.033635
33.486558 98.214461 0.479079 0.358785 3.063162 6.173095 -7.041154
33.478266 98.234467 0.478506 0.364608 3.060476 6.180325 -7.048671
33.469604 98.253588 0.477929 0.370556 3.057746 6.187536 -7.056205
33.460546 98.271842 0.477348 0.376644 3.054965 6.194742 -7.063772
33.451066 98.289250 0.476760 0.382889 3.052127 6.201959 -7.071390
33.441144 98.305838 0.476167 0.389312 3.049224 6.209203 -7.079077
33.431046 98.321668 0.475575 0.395798 3.046312 6.216379 -7.086718
33.420748 98.336763 0.474985 0.402368 3.043382 6.223504 -7.094332
33.410221 98.351141 0.474395 0.409039 3.040429 6.230593 -7.101936
33.399435 98.364818 0.473804 0.415823 3.037445 6.237663 -7.109548
33.388358 98.377808 0.473210 0.422734 3.034422 6.244729 -7.117188
33.376958 98.390128 0.472613 0.429786 3.031353 6.251808 -7.124873
33.365210 98.401796 0.472012 0.437003 3.028232 6.258916 -7.132621
33.353371 98.412870 0.471414 0.444268 3.025110 6.265959 -7.140320
33.341414 98.423369 0.470819 0.451605 3.021981 6.272953 -7.147988
33.329306 98.433305 0.470225 0.459031 3.018837 6.279915 -7.155642
33.317012 98.442690 0.469632 0.466561 3.015670 6.286862 -7.163302
33.304498 98.451535 0.469036 0.474212 3.012471 6.293809 -7.170984
33.291734 98.459854 0.468439 0.482007 3.009235 6.300773 -7.178706
33.278974 98.467704 0.467847 0.489831 3.006012 6.307662 -7.186358
33.266186 98.475099 0.467259 0.497706 3.002795 6.314491 -7.193959
33.253336 98.482047 0.466675 0.505647 2.999576 6.321277 -7.201526
33.240384 98.488557 0.466092 0.513665 2.996347 6.328036 -7.209079
33.227292 98.494636 0.465509 0.521773 2.993100 6.334785 -7.216637
33.214023 98.500293 0.464925 0.529984 2.989827 6.341538 -7.224220
33.200544 98.505539 0.464339 0.538320 2.986520 6.348315 -7.231844
33.187105 98.510426 0.463758 0.546666 2.983231 6.355020 -7.239402
33.173671 98.514964 0.463181 0.555045 2.979951 6.361673 -7.246912
33.160205 98.519160 0.462608 0.563470 2.976673 6.368288 -7.254392
33.146666 98.523019 0.462036 0.571953 2.973388 6.374882 -7.261861
33.133015 98.526544 0.461464 0.580504 2.970088 6.381471 -7.269340
33.119213 98.529742 0.460890 0.589140 2.966765 6.388070 -7.276847
33.105225 98.532620 0.460315 0.597880 2.963411 6.394697 -7.284399
33.091296 98.535228 0.459744 0.606615 2.960076 6.401260 -7.291890
33.077392 98.537571 0.459176 0.615366 2.956753 6.407776 -7.299338
33.063473 98.539654 0.458612 0.624150 2.953432 6.414261 -7.306759
33.049499 98.541480 0.458048 0.632981 2.950107 6.420730 -7.314173
33.035431 98.543050 0.457483 0.641875 2.946767 6.427201 -7.321598
33.021235 98.544372 0.456917 0.650856 2.943406 6.433688 -7.329052
33.007149 98.545490 0.456356 0.659813 2.940072 6.440103 -7.336428
32.993140 98.546410 0.455800 0.668769 2.936758 6.446461 -7.343745
32.979168 98.547135 0.455247 0.677738 2.933456 6.452779 -7.351020
32.965191 98.547664 0.454695 0.686731 2.930157 6.459072 -7.358273
32.951168 98.547997 0.454144 0.695760 2.926854 6.465355 -7.365524
32.937057 98.548136 0.453590 0.704839 2.923536 6.471644 -7.372790
32.922826 98.548084 0.453035 0.713989 2.920198 6.477956 -7.380090
32.908708 98.547885 0.452484 0.723103 2.916887 6.484202 -7.387319
32.894669 98.547543 0.451937 0.732201 2.913596 6.490397 -7.394495
32.880669 98.547057 0.451393 0.741298 2.910316 6.496557 -7.401635
32.866667 98.546426 0.450849 0.750406 2.907040 6.502698 -7.408760
32.852620 98.545649 0.450304 0.759536 2.903758 6.508834 -7.415888
32.838489 98.544725 0.449757 0.768702 2.900463 6.514981 -7.423037
32.824238 98.543655 0.449207 0.777926 2.897147 6.521156 -7.430224
32.810100 98.542481 0.448660 0.787104 2.893858 6.527270 -7.437347
32.796039 98.541206 0.448117 0.796257 2.890587 6.533340 -7.444422
32.782017 98.539826 0.447574 0.805402 2.887327 6.539380 -7.451468
32.767991 98.538340 0.447032 0.814554 2.884070 6.545406 -7.458502
32.753923 98.536745 0.446487 0.823729 2.880806 6.551432 -7.465541
32.739777 98.535042 0.445940 0.832947 2.877529 6.557476 -7.472603
32.725782 98.533271 0.445396 0.842110 2.874284 6.563450 -7.479586
32.711902 98.531432 0.444855 0.851236 2.871065 6.569370 -7.486507
32.698098 98.529523 0.444316 0.860341 2.867864 6.575252 -7.493384
32.684329 98.527539 0.443778 0.869436 2.864671 6.581109 -7.500236
32.670555 98.525478 0.443237 0.878533 2.861480 6.586957 -7.507080
32.656735 98.523336 0.442693 0.887646 2.858282 6.592810 -7.513934
32.642835 98.521113 0.442146 0.896795 2.855069 6.598683 -7.520815
32.629078 98.518846 0.441601 0.905881 2.851888 6.604493 -7.527625
32.615431 98.516537 0.441058 0.914925 2.848731 6.610253 -7.534378
32.601853 98.514180 0.440516 0.923940 2.845590 6.615980 -7.541094
32.588304 98.511772 0.439972 0.932938 2.842457 6.621687 -7.547790
32.574745 98.509308 0.439425 0.941930 2.839324 6.627388 -7.554484
32.561137 98.506784 0.438874 0.950931 2.836184 6.633098 -7.561192
32.547446 98.504200 0.438318 0.959961 2.833028 6.638833 -7.567932
32.533889 98.501591 0.437763 0.968925 2.829903 6.644508 -7.574606
32.520435 98.498956 0.437208 0.977843 2.826799 6.650139 -7.581230
32.507044 98.496291 0.436652 0.986731 2.823710 6.655741 -7.587821
32.493678 98.493591 0.436093 0.995603 2.820628 6.661327 -7.594396
32.480298 98.490851 0.435529 1.004475 2.817544 6.666911 -7.600970
32.466873 98.488071 0.434960 1.013369 2.814452 6.672509 -7.607560
32.453615 98.485283 0.434392 1.022190 2.811395 6.678039 -7.614071
32.440491 98.482489 0.433823 1.030958 2.808365 6.683516 -7.620518
32.427463 98.479682 0.433253 1.039689 2.805357 6.688953 -7.626918
32.414494 98.476857 0.432679 1.048393 2.802360 6.694366 -7.633289
32.401544 98.474009 0.432100 1.057081 2.799369 6.699766 -7.639646
32.388576 98.471133 0.431514 1.065766 2.796376 6.705168 -7.646008
32.375558 98.468228 0.430921 1.074469 2.793373 6.710586 -7.652389
32.362698 98.465327 0.430325 1.083097 2.790403 6.715940 -7.658696
32.349963 98.462428 0.429728 1.091671 2.787459 6.721247 -7.664947
32.337318 98.459528 0.429126 1.100203 2.784535 6.726518 -7.671155
32.324724 98.456619 0.428518 1.108706 2.781621 6.731767 -7.677339
32.312144 98.453697 0.427903 1.117188 2.778712 6.737007 -7.683514
32.299542 98.450758 0.427278 1.125665 2.775799 6.742251 -7.689697
32.286886 98.447799 0.426643 1.134155 2.772876 6.747514 -7.695903
32.274379 98.444852 0.426003 1.142570 2.769984 6.752718 -7.702041
32.261990 98.441915 0.425357 1.150930 2.767116 6.757878 -7.708127
32.249684 98.438985 0.424704 1.159251 2.764266 6.763006 -7.714175
32.237424 98.436055 0.424041 1.167544 2.761426 6.768116 -7.720201
32.225176 98.433120 0.423366 1.175825 2.758587 6.773220 -7.726221
32.212910 98.430180 0.422680 1.184113 2.755745 6.778332 -7.732247
32.200820 98.427264 0.421985 1.192323 2.752939 6.783377 -7.738195
32.188879 98.424371 0.421283 1.200473 2.750162 6.788370 -7.744077
32.177049 98.421497 0.420570 1.208578 2.747407 6.793322 -7.749909
32.165298 98.418637 0.419845 1.216646 2.744668 6.798246 -7.755706
32.153588 98.415785 0.419105 1.224687 2.741937 6.803155 -7.761485
32.141887 98.412937 0.418349 1.232714 2.739207 6.808060 -7.767261
32.130165 98.410093 0.417577 1.240745 2.736473 6.812976 -7.773046
32.118612 98.407281 0.416790 1.248697 2.733772 6.817830 -7.778758
32.107198 98.404500 0.415990 1.256588 2.731099 6.822635 -7.784410
32.095890 98.401748 0.415174 1.264429 2.728447 6.827403 -7.790017
32.084655 98.399019 0.414339 1.272231 2.725809 6.832147 -7.795594
32.073459 98.396309 0.413483 1.280002 2.723179 6.836878 -7.801156
32.062269 98.393613 0.412605 1.287755 2.720549 6.841608 -7.806718
32.051056 98.390931 0.411702 1.295506 2.717914 6.846350 -7.812292
32.040005 98.388293 0.410779 1.303177 2.715311 6.851035 -7.817799
32.029087 98.385696 0.409834 1.310785 2.712734 6.855675 -7.823250
32.018271 98.383139 0.408864 1.318342 2.710176 6.860282 -7.828661
32.007524 98.380617 0.407867 1.325861 2.707631 6.864867 -7.834044
31.996816 98.378127 0.406840 1.333352 2.705092 6.869443 -7.839413
31.986120 98.375669 0.405781 1.340834 2.702553 6.874022 -7.844781
31.975611 98.373271 0.404694 1.348229 2.700051 6.878536 -7.850071
31.965264 98.370933 0.403577 1.355555 2.697579 6.882999 -7.855295
31.955047 98.368652 0.402427 1.362821 2.695131 6.887421 -7.860466
31.944930 98.366426 0.401241 1.370035 2.692701 6.891814 -7.865600
31.934881 98.364252 0.400015 1.377206 2.690283 6.896189 -7.870709
31.924870 98.362127 0.398747 1.384344 2.687870 6.900557 -7.875808
31.914871 98.360053 0.397434 1.391463 2.685457 6.904930 -7.880909
31.905055 98.358057 0.396078 1.398489 2.683079 6.909244 -7.885937
31.895395 98.356140 0.394678 1.405436 2.680730 6.913510 -7.890905
31.885862 98.354303 0.393229 1.412315 2.678404 6.917740 -7.895826
31.876428 98.352542 0.391728 1.419133 2.676095 6.921945 -7.900713
31.867062 98.350856 0.390171 1.425894 2.673797 6.926134 -7.905580
31.857736 98.349244 0.388553 1.432610 2.671504 6.930319 -7.910441
31.848426 98.347709 0.386873 1.439292 2.669212 6.934512 -7.915305
31.839294 98.346278 0.385130 1.445871 2.666953 6.938650 -7.920103
31.830316 98.344953 0.383322 1.452360 2.664722 6.942746 -7.924847
31.821466 98.343736 0.381443 1.458769 2.662512 6.946810 -7.929548
31.812716 98.342625 0.379489 1.465103 2.660319 6.950852 -7.934219
31.804039 98.341622 0.377455 1.471373 2.658137 6.954883 -7.938872
31.795412 98.340729 0.375337 1.477591 2.655961 6.958913 -7.943519
31.786990 98.339974 0.373134 1.483688 2.653821 6.962885 -7.948091
31.778751 98.339363 0.370842 1.489676 2.651714 6.966810 -7.952601
31.770669 98.338895 0.368455 1.495560 2.649634 6.970697 -7.957061
31.762718 98.338574 0.365968 1.501347 2.647575 6.974557 -7.961482
31.754871 98.338399 0.363372 1.507038 2.645532 6.978399 -7.965878
31.747104 98.338375 0.360664 1.512639 2.643501 6.982233 -7.970260
31.739396 98.338506 0.357835 1.518160 2.641476 6.986070 -7.974640
31.731894 98.338822 0.354885 1.523534 2.639487 6.989855 -7.978953
31.724577 98.339328 0.351806 1.528769 2.637530 6.993599 -7.983212
31.717422 98.340029 0.348591 1.533870 2.635600 6.997310 -7.987427
31.710404 98.340928 0.345233 1.538839 2.633692 7.000998 -7.991610
31.703501 98.342029 0.341721 1.543676 2.631801 7.004673 -7.995774
31.696688 98.343338 0.338049 1.548384 2.629923 7.008344 -7.999931
31.689947 98.344862 0.334206 1.552970 2.628052 7.012021 -8.004089
31.683419 98.346631 0.330190 1.557370 2.626218 7.015652 -8.008191
31.677083 98.348654 0.325989 1.561589 2.624416 7.019248 -8.012246
31.670921 98.350937 0.321594 1.565629 2.622642 7.022817 -8.016265
31.664909 98.353488 0.316994 1.569491 2.620890 7.026369 -8.020259
31.659028 98.356313 0.312176 1.573175 2.619158 7.029912 -8.024240
31.653260 98.359422 0.307131 1.576685 2.617440 7.033456 -8.028217
31.647738 98.362848 0.301850 1.579957 2.615763 7.036953 -8.032135
31.642446 98.366601 0.296319 1.582994 2.614124 7.040412 -8.036003
31.637363 98.370691 0.290527 1.585794 2.612518 7.043843 -8.039834
31.632472 98.375127 0.284457 1.588350 2.610942 7.047252 -8.043638
31.627754 98.379919 0.278095 1.590659 2.609391 7.050650 -8.047427
31.623190 98.385079 0.271426 1.592714 2.607862 7.054045 -8.051212
31.618767 98.390620 0.264433 1.594515 2.606352 7.057444 -8.055002
31.614610 98.396576 0.257102 1.595997 2.604885 7.060804 -8.058746
31.610704 98.402962 0.249418 1.597156 2.603458 7.064134 -8.062455
31.607035 98.409790 0.241359 1.597985 2.602068 7.067442 -8.066139
31.603587 98.417076 0.232907 1.598474 2.600711 7.070735 -8.069809
31.600344 98.424833 0.224040 1.598612 2.599385 7.074022 -8.073477
31.597293 98.433077 0.214736 1.598388 2.598086 7.077310 -8.077153
31.594422 98.441825 0.204973 1.597794 2.596811 7.080609 -8.080847
31.591851 98.451114 0.194730 1.596764 2.595584 7.083876 -8.084513
31.589569 98.460963 0.183982 1.595289 2.594402 7.087120 -8.088159
31.587566 98.471391 0.172703 1.593354 2.593262 7.090348 -8.091798
31.585829 98.482415 0.160864 1.590943 2.592162 7.093569 -8.095438
31.584349 98.494056 0.148435 1.588040 2.591100 7.096789 -8.099092
31.583120 98.506335 0.135388 1.584629 2.590072 7.100017 -8.102769
31.582252 98.519292 0.121692 1.580643 2.589102 7.103214 -8.106427
31.581740 98.532951 0.107313 1.576063 2.588187 7.106388 -8.110076
31.581577 98.547334 0.092217 1.570866 2.587325 7.109547 -8.113727
31.581758 98.562465 0.076366 1.565027 2.586515 7.112697 -8.117391
31.582275 98.578369 0.059719 1.558519 2.585755 7.115845 -8.121080
31.583124 98.595070 0.042236 1.551314 2.585043 7.118997 -8.124805
31.584304 98.612596 0.023873 1.543386 2.584378 7.122162 -8.128576
31.585923 98.630993 0.004588 1.534658 2.583781 7.125304 -8.132356
31.587981 98.650289 -0.015666 1.525101 2.583251 7.128431 -8.136156
31.590477 98.670514 -0.036941 1.514680 2.582788 7.131548 -8.139987
31.593413 98.691698 -0.059288 1.503357 2.582390 7.134662 -8.143861
31.596790 98.713872 -0.082765 1.491091 2.582058 7.137779 -8.147791
31.600612 98.737068 -0.107429 1.477841 2.581791 7.140904 -8.151786
31.604885 98.761322 -0.133342 1.463566 2.581588 7.144045 -8.155860
31.609713 98.786682 -0.160565 1.448179 2.581471 7.147170 -8.159980
31.615107 98.813186 -0.189165 1.431636 2.581439 7.150284 -8.164158
31.621075 98.840871 -0.219215 1.413885 2.581493 7.153394 -8.168405
31.627628 98.869774 -0.250789 1.394871 2.581634 7.156504 -8.172735
31.634778 98.899934 -0.283966 1.374539 2.581863 7.159619 -8.177159
31.642542 98.931394 -0.318829 1.352830 2.582181 7.162746 -8.181690
31.651022 98.964207 -0.355461 1.329647 2.582608 7.165855 -8.186302
31.660237 98.998419 -0.393954 1.304924 2.583145 7.168952 -8.191007
31.670209 99.034073 -0.434404 1.278593 2.583795 7.172041 -8.195820
31.680957 99.071214 -0.476912 1.250578 2.584561 7.175126 -8.200753
31.692507 99.109889 -0.521584 1.220802 2.585445 7.178211 -8.205822
31.704885 99.150147 -0.568532 1.189183 2.586449 7.181300 -8.211039
31.718122 99.192037 -0.617872 1.155636 2.587579 7.184396 -8.216419
31.732324 99.235623 -0.669725 1.120044 2.588853 7.187475 -8.221942
31.747528 99.280958 -0.724221 1.082313 2.590276 7.190540 -8.227624
31.763771 99.328096 -0.781494 1.042346 2.591852 7.193592 -8.233479
31.781092 99.377092 -0.841690 1.000037 2.593586 7.196636 -8.239524
31.799536 99.428003 -0.904956 0.955279 2.595484 7.199673 -8.245772
31.819149 99.480888 -0.971452 0.907957 2.597552 7.202704 -8.252243
31.839982 99.535805 -1.041343 0.857955 2.599796 7.205731 -8.258950
31.862153 99.592829 -1.114801 0.805122 2.602236 7.208733 -8.265882
31.885723 99.652022 -1.192010 0.749331 2.604881 7.211708 -8.273057
31.910751 99.713448 -1.273161 0.690446 2.607738 7.214659 -8.280492
31.937306 99.777175 -1.358458 0.628323 2.610815 7.217585 -8.288204
31.965457 99.843270 -1.448113 0.562814 2.614122 7.220486 -8.296212
31.995281 99.911804 -1.542349 0.493764 2.617668 7.223361 -8.304534
32.026911 99.982855 -1.641399 0.420990 2.621476 7.226190 -8.313167
32.060434 100.056498 -1.745511 0.344322 2.625555 7.228970 -8.322129
32.095942 100.132807 -1.854943 0.263584 2.629919 7.231699 -8.331441
32.133531 100.211858 -1.969967 0.178589 2.634579 7.234376 -8.341124
32.173304 100.293730 -2.090871 0.089141 2.639550 7.236995 -8.351199
32.215372 100.378501 -2.217954 -0.004962 2.644844 7.239555 -8.361687
32.259852 100.466254 -2.351534 -0.103930 2.650479 7.242049 -8.372610
32.306908 100.557078 -2.491941 -0.208000 2.656477 7.244458 -8.383972
32.356672 100.651058 -2.639523 -0.317401 2.662856 7.246777 -8.395797
32.409285 100.748281 -2.794648 -0.432372 2.669634 7.248998 -8.408108
32.464893 100.848835 -2.957701 -0.553163 2.676830 7.251114 -8.420929
32.523654 100.952807 -3.129087 -0.680036 2.684464 7.253117 -8.434284
32.585731 101.060289 -3.309231 -0.813262 2.692557 7.254999 -8.448199
32.651302 101.171372 -3.498581 -0.953122 2.701131 7.256749 -8.462699
32.720582 101.286155 -3.697604 -1.099922 2.710217 7.258346 -8.477796
32.793766 101.404731 -3.906793 -1.253966 2.719839 7.259778 -8.493518
32.871064 101.527194 -4.126668 -1.415571 2.730023 7.261032 -8.509890
32.952694 101.653639 -4.357772 -1.585070 2.740798 7.262095 -8.526940
33.038889 101.784160 -4.600678 -1.762804 2.752192 7.262951 -8.544695
33.129893 101.918850 -4.855984 -1.949130 2.764237 7.263583 -8.563183
33.225985 102.057805 -5.124322 -2.144425 2.776968 7.263967 -8.582425
33.327438 102.201114 -5.406355 -2.349071 2.790420 7.264082 -8.602448
33.434541 102.348862 -5.702776 -2.563464 2.804630 7.263906 -8.623280
33.547601 102.501130 -6.014317 -2.788015 2.819635 7.263416 -8.644948
33.666942 102.657990 -6.341744 -3.023144 2.835476 7.262584 -8.667480
33.792906 102.819503 -6.685860 -3.269285 2.852197 7.261379 -8.690902
33.925858 102.985716 -7.047509 -3.526876 2.869842 7.259767 -8.715236
34.066192 103.156660 -7.427576 -3.796362 2.888460 7.257708 -8.740498
34.214320 103.332337 -7.826988 -4.078181 2.908102 7.255155 -8.766702
34.370688 103.512717 -8.246715 -4.372748 2.928822 7.252057 -8.793848
34.535781 103.697726 -8.687774 -4.680437 2.950676 7.248351 -8.821920
34.710132 103.887236 -9.151227 -5.001528 2.973721 7.243963 -8.850862
34.894357 104.081052 -9.638180 -5.336108 2.998018 7.238797 -8.880552
35.089260 104.278908 -10.149727 -5.683859 3.023657 7.232683 -8.910718
35.288220 104.480867 -10.673064 -6.041177 3.049885 7.226543 -8.942083
35.492086 104.686684 -11.209384 -6.407774 3.076794 7.220208 -8.974373
35.701578 104.896120 -11.759970 -6.783718 3.104454 7.213570 -9.007436
35.917407 105.108929 -12.326136 -7.169181 3.132937 7.206518 -9.041151
36.140326 105.324836 -12.909226 -7.564244 3.162317 7.198933 -9.075359
36.371264 105.543544 -13.510542 -7.968643 3.192702 7.190615 -9.109775
36.603719 105.765270 -14.117640 -8.379012 3.223347 7.182484 -9.145152
36.838633 105.989794 -14.731899 -8.795177 3.254360 7.174358 -9.181223
37.076794 106.216911 -15.354789 -9.217352 3.285822 7.166125 -9.217855
37.318954 106.446421 -15.987800 -9.645902 3.317815 7.157678 -9.254962
37.565878 106.678113 -16.632442 -10.081201 3.350422 7.148908 -9.292458
37.818376 106.911749 -17.290242 -10.523486 3.383729 7.139693 -9.330204
38.077458 107.147079 -17.962656 -10.972625 3.417860 7.129819 -9.367930
38.336722 107.384548 -18.637614 -11.425535 3.452072 7.120221 -9.406430
38.597185 107.623976 -19.316638 -11.882135 3.486487 7.110704 -9.445448
38.859691 107.865175 -20.001348 -12.342726 3.521194 7.101153 -9.484850
39.125045 108.107953 -20.693380 -12.807753 3.556283 7.091461 -9.524556
39.394064 108.352103 -21.394380 -13.277664 3.591844 7.081516 -9.564480
39.667610 108.597388 -22.106003 -13.752769 3.627970 7.071195 -9.604486
39.946765 108.843575 -22.829797 -14.232997 3.664799 7.060262 -9.644303
40.225219 109.091289 -23.554053 -14.715468 3.701588 7.049669 -9.684754
40.504063 109.340347 -24.280377 -15.200129 3.738471 7.039199 -9.725569
40.784188 109.590527 -25.010492 -15.687285 3.775541 7.028730 -9.766604
41.066462 109.841595 -25.746131 -16.177340 3.812894 7.018147 -9.807745
41.351791 110.093298 -26.489022 -16.670613 3.850627 7.007318 -9.848846
41.641308 110.345427 -27.240757 -17.167060 3.888888 6.995995 -9.889631
41.928766 110.598752 -27.989935 -17.663968 3.926929 6.985143 -9.930945
42.215286 110.853128 -28.738200 -18.161339 3.964894 6.974538 -9.972528
42.501764 111.108360 -29.487323 -18.659568 4.002881 6.964062 -10.014255
42.789060 111.364251 -30.239087 -19.159192 4.040987 6.953607 -10.056046
43.078033 111.620590 -30.995272 -19.660753 4.079311 6.943065 -10.097825
43.369600 111.877150 -31.757642 -20.164665 4.117957 6.932305 -10.139464
43.664926 112.133768 -32.527799 -20.670942 4.157078 6.921069 -10.180700
43.957801 112.391349 -33.294677 -21.177050 4.195924 6.910346 -10.222402
44.249370 112.649769 -34.059927 -21.683018 4.234644 6.899901 -10.264313
44.540544 112.908825 -34.825347 -22.189276 4.273341 6.889613 -10.306311
44.832196 113.168306 -35.592749 -22.696389 4.312113 6.879376 -10.348320
45.125204 113.427988 -36.363937 -23.204925 4.351064 6.869080 -10.390265
45.420514 113.687632 -37.140687 -23.715320 4.390302 6.858587 -10.432019
45.719326 113.947089 -37.924593 -24.227584 4.429984 6.847626 -10.473313
46.015463 114.207313 -38.704919 -24.739318 4.469359 6.837204 -10.515028
46.310100 114.468168 -39.483305 -25.250529 4.508582 6.827069 -10.556897
46.604192 114.729405 -40.261549 -25.761618 4.547757 6.817090 -10.598784
46.898661 114.990763 -41.041457 -26.273083 4.586991 6.807144 -10.640585
47.194490 115.251983 -41.824801 -26.785327 4.626394 6.797088 -10.682162
47.492894 115.512931 -42.613161 -27.298345 4.666124 6.786643 -10.723239
47.787720 115.774583 -43.396097 -27.809872 4.705435 6.776825 -10.764711
48.080140 116.036829 -44.175231 -28.319935 4.744478 6.767383 -10.806315
48.371109 116.299447 -44.952350 -28.828986 4.783363 6.758187 -10.847933
48.661529 116.562209 -45.729259 -29.337615 4.822194 6.749125 -10.889491
48.952315 116.824888 -46.507745 -29.846407 4.861078 6.740082 -10.930918
49.244458 117.087267 -47.289555 -30.355815 4.900128 6.730915 -10.972090
49.539159 117.349261 -48.076246 -30.865845 4.939501 6.721351 -11.012738
49.830277 117.611841 -48.857675 -31.374412 4.978453 6.712413 -11.053778
50.118976 117.874919 -49.635437 -31.881542 5.017136 6.703850 -11.094951
50.406228 118.138279 -50.411289 -32.387689 5.055661 6.695528 -11.136140
50.692955 118.401700 -51.187003 -32.893438 5.094133 6.687334 -11.177270
50.980096 118.664960 -51.964339 -33.399363 5.132663 6.679148 -11.218269
51.268667 118.927856 -52.745009 -33.905895 5.171363 6.670823 -11.259009
51.559858 119.190317 -53.530545 -34.413013 5.210388 6.662089 -11.299216
51.847583 119.453240 -54.311084 -34.918784 5.249005 6.653958 -11.339814
52.133011 119.716530 -55.088182 -35.423193 5.287364 6.646177 -11.380537
52.417160 119.979959 -55.863546 -35.926626 5.325579 6.638598 -11.421248
52.701023 120.243292 -56.638893 -36.429557 5.363760 6.631088 -11.461841
52.985643 120.506321 -57.415901 -36.932353 5.402023 6.623493 -11.502172
53.272192 120.768985 -58.196077 -37.434959 5.440519 6.615546 -11.541966
53.554649 121.032102 -58.969818 -37.935603 5.478525 6.608249 -11.582154
53.834146 121.295595 -59.738653 -38.434275 5.516189 6.601355 -11.622479
54.111687 121.559273 -60.504266 -38.931387 5.553623 6.594726 -11.662817
54.388226 121.822940 -61.268359 -39.427480 5.590934 6.588242 -11.703091
54.664727 122.086414 -62.032622 -39.923087 5.628230 6.581784 -11.743219
54.942213 122.349541 -62.798701 -40.418590 5.665625 6.575205 -11.783069
55.221802 122.612303 -63.568070 -40.913947 5.703266 6.568250 -11.822378
55.497552 122.875420 -64.331383 -41.407582 5.740442 6.561909 -11.862092
55.770557 123.138838 -65.090132 -41.899479 5.777297 6.555941 -11.901962
56.041824 123.402394 -65.845954 -42.390026 5.813943 6.550208 -11.941864
56.312313 123.665919 -66.600509 -42.879733 5.850486 6.544591 -11.981714
56.582996 123.929256 -67.355442 -43.369094 5.887033 6.538970 -12.021425
56.854899 124.192279 -68.112361 -43.858453 5.923696 6.533200 -12.060860
57.129104 124.454987 -68.872697 -44.347737 5.960620 6.527027 -12.099757
57.399800 124.717958 -69.627353 -44.835525 5.997109 6.521422 -12.139059
57.668064 124.981144 -70.377766 -45.321751 6.033306 6.516138 -12.178513
57.934926 125.244394 -71.125520 -45.806706 6.069321 6.511031 -12.217970
58.201393 125.507557 -71.872211 -46.290759 6.105263 6.505968 -12.257310
58.468499 125.770516 -72.619402 -46.774174 6.141242 6.500801 -12.296376
58.737289 126.033272 -73.368486 -47.256846 6.177402 6.495274 -12.334908
59.002089 126.296275 -74.110620 -47.737506 6.213059 6.490346 -12.373846
59.263920 126.559489 -74.847204 -48.216099 6.248355 6.485774 -12.412951
59.523777 126.822794 -75.579799 -48.692938 6.283395 6.481426 -12.452090
59.782612 127.086070 -76.309985 -49.168461 6.318285 6.477186 -12.491169
60.041380 127.349213 -77.039331 -49.643093 6.353127 6.472938 -12.530093
60.301068 127.612155 -77.769371 -50.117117 6.388028 6.468547 -12.568720
60.562650 127.874932 -78.501451 -50.590452 6.423130 6.463764 -12.606810
60.820603 128.137849 -79.226990 -51.062006 6.457759 6.459534 -12.645304
61.075893 128.400893 -79.947332 -51.531723 6.492057 6.455620 -12.683974
61.329492 128.663978 -80.663997 -51.999888 6.526126 6.451893 -12.722686
61.582339 128.927015 -81.378518 -52.466898 6.560069 6.448240 -12.761344
61.835375 129.189930 -82.092422 -52.933139 6.593986 6.444548 -12.799846
62.089567 129.452687 -82.807199 -53.398852 6.627980 6.440683 -12.838046
62.345841 129.715337 -83.524135 -53.863934 6.662196 6.436395 -12.875711
62.598868 129.978024 -84.234915 -54.327411 6.695970 6.432613 -12.913761
62.849578 130.240747 -84.940820 -54.789177 6.729445 6.429093 -12.951966
63.098942 130.503446 -85.643311 -55.249415 6.762721 6.425700 -12.990171
63.347912 130.766063 -86.343862 -55.708376 6.795901 6.422313 -13.028239
63.597447 131.028575 -87.043919 -56.166219 6.829085 6.418795 -13.066010
63.848426 131.291036 -87.744709 -56.622816 6.862420 6.414892 -13.103251
64.095713 131.553446 -88.438204 -57.077311 6.895251 6.411522 -13.140868
64.340177 131.815810 -89.125636 -57.529617 6.927720 6.408443 -13.178646
64.582742 132.078087 -89.808439 -57.979945 6.959928 6.405533 -13.216448
64.824304 132.340237 -90.488066 -58.428625 6.991968 6.402686 -13.254170
65.065755 132.602237 -91.165964 -58.875973 7.023935 6.399796 -13.291704
65.307997 132.864101 -91.843540 -59.322184 7.055928 6.396739 -13.328910
65.551831 133.125905 -92.521957 -59.767163 7.088093 6.393262 -13.365579
65.792328 133.387498 -93.193494 -60.210192 7.119784 6.390281 -13.402600
66.030291 133.648902 -93.859312 -60.651190 7.151143 6.387551 -13.439776
66.266608 133.910108 -94.520796 -61.090347 7.182266 6.384955 -13.476969
66.502146 134.171105 -95.179355 -61.527958 7.213245 6.382391 -13.514075
66.737769 134.431901 -95.836386 -61.964306 7.244172 6.379757 -13.550986
66.974349 134.692536 -96.493250 -62.399550 7.275141 6.376932 -13.587557
67.212624 134.953100 -97.151027 -62.833582 7.306304 6.373656 -13.623591
67.447911 135.213293 -97.802322 -63.265753 7.337018 6.370837 -13.659940
67.680957 135.473151 -98.448212 -63.695939 7.367431 6.368222 -13.696404
67.912633 135.732698 -99.090025 -64.124235 7.397636 6.365689 -13.732829
68.143793 135.991961 -99.729104 -64.550797 7.427724 6.363129 -13.769078
68.375288 136.250997 -100.366759 -64.975712 7.457788 6.360419 -13.804991
68.607804 136.509892 -101.004000 -65.398848 7.487979 6.357290 -13.840378
68.836892 136.768224 -101.633772 -65.819633 7.517666 6.354647 -13.876056
69.063238 137.026026 -102.257089 -66.237968 7.546997 6.352237 -13.911848
69.287662 137.283329 -102.875245 -66.653987 7.576061 6.349948 -13.947617
69.510969 137.540166 -103.489558 -67.067927 7.604945 6.347686 -13.983258
69.733958 137.796586 -104.101335 -67.480021 7.633732 6.345356 -14.018663
69.957422 138.052668 -104.711841 -67.890399 7.662513 6.342847 -14.053698
70.181964 138.308508 -105.322000 -68.298977 7.691441 6.339887 -14.088197
70.403388 138.563560 -105.925129 -68.705271 7.719890 6.337387 -14.122947
70.622306 138.817868 -106.522157 -69.109197 7.748009 6.335088 -14.157788
70.839494 139.071488 -107.114321 -69.510879 7.775886 6.332882 -14.192590
71.055723 139.324480 -107.702887 -69.910528 7.803601 6.330680 -14.227247
71.271755 139.576918 -108.289110 -70.308353 7.831237 6.328391 -14.261655
71.488343 139.828906 -108.874195 -70.704459 7.858881 6.325904 -14.295681
71.706024 140.080542 -109.458976 -71.098754 7.886689 6.322941 -14.329170
71.920879 140.331179 -110.037152 -71.490781 7.914040 6.320412 -14.362859
72.133455 140.580872 -110.609560 -71.880421 7.941088 6.318047 -14.396588
72.344497 140.829709 -111.177371 -72.267717 7.967916 6.315735 -14.430215
72.554746 141.077788 -111.741778 -72.652765 7.994605 6.313379 -14.463610
72.764925 141.325225 -112.303928 -73.035606 8.021241 6.310865 -14.496631
72.975515 141.572114 -112.864577 -73.416132 8.047982 6.307910 -14.529127
73.182861 141.817729 -113.417821 -73.793926 8.074216 6.305418 -14.561795
73.387449 142.062115 -113.964422 -74.168898 8.100096 6.303121 -14.594492
73.589977 142.305360 -114.505511 -74.541135 8.125704 6.300915 -14.627097
73.791145 142.547557 -115.042247 -74.910809 8.151115 6.298719 -14.659510
73.991640 142.788815 -115.575784 -75.278096 8.176403 6.296450 -14.691633
74.192130 143.029261 -116.107211 -75.643088 8.201652 6.294002 -14.723348
74.393022 143.268984 -116.637194 -76.005728 8.227021 6.291092 -14.754531
74.590934 143.507191 -117.160247 -76.365649 8.251904 6.288628 -14.785835
74.786283 143.743932 -117.677042 -76.722786 8.276454 6.286338 -14.817138
74.979719 143.979312 -118.188643 -77.077221 8.300751 6.284123 -14.848327
75.171899 144.213447 -118.696150 -77.429113 8.324867 6.281904 -14.879305
75.363475 144.446465 -119.200655 -77.778621 8.348873 6.279601 -14.909979
75.555068 144.678509 -119.703178 -78.125823 8.372849 6.277111 -14.940237
75.747023 144.909667 -120.204294 -78.470657 8.396955 6.274145 -14.969964
75.936244 145.139108 -120.698937 -78.812758 8.420594 6.271608 -14.999758
76.123088 145.366886 -121.187686 -79.152032 8.443921 6.269221 -15.029499
76.308162 145.593134 -121.671526 -79.488501 8.467015 6.266880 -15.059065
76.492084 145.818000 -122.151476 -79.822229 8.489944 6.264500 -15.088345
76.675440 146.041638 -122.628491 -80.153245 8.512789 6.261971 -15.117221
76.858526 146.264125 -123.103074 -80.481472 8.535707 6.259009 -15.145585
77.038518 146.484613 -123.570575 -80.806567 8.558117 6.256501 -15.173985
77.215720 146.703141 -124.031507 -81.128465 8.580171 6.254176 -15.202319
77.390696 146.919838 -124.486803 -81.447229 8.601945 6.251936 -15.230487
77.564029 147.134843 -124.937447 -81.762995 8.623502 6.249710 -15.258402
77.736292 147.348304 -125.384408 -82.075901 8.644909 6.247425 -15.285982
77.908018 147.560377 -125.828575 -82.386027 8.666239 6.244980 -15.313132
78.079445 147.771127 -126.270374 -82.693341 8.687648 6.242097 -15.339765
78.248018 147.979704 -126.705578 -82.997537 8.708570 6.239654 -15.366390
78.413984 148.186145 -127.134619 -83.298571 8.729154 6.237382 -15.392918
78.577859 148.390589 -127.558356 -83.596510 8.749471 6.235186 -15.419260
78.740182 148.593189 -127.977701 -83.891483 8.769585 6.232998 -15.445335
78.901485 148.794105 -128.393555 -84.183618 8.789554 6.230749 -15.471067
79.062253 148.993499 -128.806732 -84.472985 8.809453 6.228340 -15.496369
79.222680 149.191434 -129.217583 -84.759550 8.829431 6.225496 -15.521162
79.380477 149.387078 -129.622288 -85.043000 8.848942 6.223075 -15.545899
79.535844 149.580473 -130.021201 -85.323272 8.868132 6.220808 -15.570496
79.689249 149.771773 -130.415096 -85.600388 8.887071 6.218599 -15.594860
79.841185 149.961151 -130.804790 -85.874401 8.905820 6.216371 -15.618901
79.992097 150.148770 -131.191027 -86.145344 8.924449 6.214022 -15.642529
80.142149 150.334687 -131.574106 -86.413170 8.943102 6.211288 -15.665671
80.289298 150.518102 -131.950600 -86.677585 8.961261 6.208991 -15.688733
80.433713 150.699046 -132.320814 -86.938549 8.979062 6.206878 -15.711646
80.575822 150.877663 -132.685468 -87.196120 8.996574 6.204857 -15.734334
80.716085 151.054112 -133.045340 -87.450411 9.013851 6.202867 -15.756729
80.854956 151.228560 -133.401199 -87.701537 9.030946 6.200845 -15.778767
80.992833 151.401163 -133.753720 -87.949573 9.047925 6.198699 -15.800380
81.129843 151.571967 -134.103150 -88.194510 9.064924 6.196182 -15.821511
81.264183 151.740215 -134.446444 -88.436085 9.081452 6.194079 -15.842527
81.395980 151.905937 -134.783848 -88.674280 9.097638 6.192151 -15.863370
81.525617 152.069275 -135.116005 -88.909156 9.113547 6.190311 -15.883976
81.653511 152.230393 -135.443620 -89.140821 9.129227 6.188499 -15.904283
81.780069 152.389457 -135.767386 -89.369382 9.144730 6.186659 -15.924236
81.905649 152.546620 -136.087905 -89.594907 9.160118 6.184701 -15.943771
82.030348 152.701926 -136.405372 -89.817382 9.175516 6.182392 -15.962838
82.152590 152.854677 -136.717105 -90.036549 9.190465 6.180472 -15.981757
82.272474 153.004903 -137.023294 -90.252373 9.205088 6.178713 -16.000473
82.390335 153.152751 -137.324497 -90.464882 9.219445 6.177027 -16.018920
82.506537 153.298385 -137.621321 -90.674128 9.233585 6.175349 -16.037034
82.621400 153.441957 -137.914300 -90.880147 9.247567 6.173593 -16.054753
82.735005 153.583504 -138.203601 -91.082920 9.261507 6.171542 -16.072029
82.845989 153.722394 -138.486886 -91.282209 9.274985 6.169879 -16.089141
82.954433 153.858650 -138.764319 -91.477999 9.288111 6.168395 -16.106045
83.060640 153.992404 -139.036408 -91.670345 9.300941 6.167014 -16.122688
83.164945 154.123808 -139.303720 -91.859340 9.313517 6.165684 -16.139025
83.267678 154.253016 -139.566815 -92.045082 9.325881 6.164355 -16.155010
83.369118 154.380162 -139.826165 -92.227638 9.338084 6.162953 -16.170598
83.469329 154.505280 -140.081910 -92.407015 9.350231 6.161285 -16.185753
83.567144 154.627803 -140.332038 -92.583014 9.361941 6.159974 -16.200721
83.662624 154.747754 -140.576678 -92.755634 9.373313 6.158833 -16.215466
83.756026 154.865256 -140.816269 -92.924932 9.384397 6.157791 -16.229945
83.847646 154.980453 -141.051308 -93.090998 9.395230 6.156803 -16.244118
83.937768 155.093488 -141.282278 -93.253919 9.405849 6.155825 -16.257947
84.026634 155.204488 -141.509590 -93.413760 9.416301 6.154787 -16.271393
84.114293 155.313482 -141.733353 -93.570523 9.426676 6.153521 -16.284425
84.199766 155.419984 -141.951867 -93.724027 9.436637 6.152580 -16.297248
84.283096 155.524014 -142.165227 -93.874261 9.446272 6.151797 -16.309829
84.364501 155.625689 -142.373801 -94.021259 9.455625 6.151106 -16.322127
84.444224 155.725144 -142.577992 -94.165074 9.464731 6.150458 -16.334102
84.522474 155.822495 -142.778153 -94.305746 9.473632 6.149791 -16.345715
84.599295 155.917773 -142.974385 -94.443278 9.482407 6.148957 -16.356939
84.673886 156.010569 -143.165285 -94.577519 9.490764 6.148435 -16.367943
84.746286 156.100903 -143.350946 -94.708474 9.498779 6.148082 -16.378701
84.816687 156.188878 -143.531689 -94.836197 9.506490 6.147844 -16.389184
84.885305 156.274613 -143.707884 -94.960763 9.513923 6.147687 -16.399363
84.952351 156.358226 -143.879892 -95.082255 9.521105 6.147577 -16.409211
85.018002 156.439819 -144.048017 -95.200736 9.528070 6.147467 -16.418704
85.082297 156.519420 -144.212346 -95.316229 9.534881 6.147238 -16.427821
85.144598 156.596698 -144.371768 -95.428625 9.541296 6.147289 -16.436703
85.204938 156.671673 -144.526358 -95.537945 9.547375 6.147505 -16.445329
85.263472 156.744439 -144.676382 -95.644244 9.553150 6.147841 -16.453678
85.320377 156.815098 -144.822147 -95.747598 9.558641 6.148270 -16.461728
85.375826 156.883755 -144.963952 -95.848082 9.563869 6.148768 -16.469458
85.429964 156.950499 -145.102047 -95.945759 9.568859 6.149297 -16.476848
85.482828 157.015360 -145.236515 -96.040659 9.573660 6.149763 -16.483883
85.533938 157.078090 -145.366517 -96.132705 9.578080 6.150486 -16.490669
85.583323 157.138713 -145.492122 -96.221918 9.582167 6.151373 -16.497190
85.631106 157.197310 -145.613541 -96.308347 9.585942 6.152389 -16.503426
85.677422 157.253970 -145.731013 -96.392053 9.589422 6.153512 -16.509360
85.722393 157.308774 -145.844746 -96.473090 9.592626 6.154713 -16.514973
85.766060 157.361758 -145.954832 -96.551497 9.595588 6.155926 -16.520253
85.808102 157.412757 -146.060712 -96.627239 9.598169 6.157381 -16.525275
85.848556 157.461801 -146.162463 -96.700356 9.600402 6.159016 -16.530027
85.887523 157.508960 -146.260270 -96.770913 9.602301 6.160808 -16.534499
85.925117 157.554310 -146.354335 -96.838984 9.603874 6.162746 -16.538679
85.961449 157.597926 -146.444861 -96.904649 9.605129 6.164822 -16.542557
85.996616 157.639876 -146.532024 -96.967982 9.606076 6.167022 -16.546125
86.030667 157.680199 -146.615924 -97.029045 9.606732 6.169310 -16.549378
86.063432 157.718814 -146.696274 -97.087853 9.607011 6.171830 -16.552358
86.094952 157.755757 -146.773164 -97.144466 9.606928 6.174548 -16.555063
86.125305 157.791086 -146.846741 -97.198960 9.606490 6.177455 -16.557484
86.154578 157.824863 -146.917168 -97.251414 9.605698 6.180549 -16.559616
86.182854 157.857148 -146.984602 -97.301914 9.604551 6.183832 -16.561456
86.210211 157.887999 -147.049192 -97.350543 9.603048 6.187303 -16.562997
86.236706 157.917460 -147.111057 -97.397379 9.601192 6.190957 -16.564239
86.262326 157.945536 -147.170185 -97.442485 9.598950 6.194846 -16.565193
86.287121 157.972270 -147.226683 -97.485939 9.596319 6.198968 -16.565857
86.311154 157.997708 -147.280676 -97.527819 9.593297 6.203326 -16.566226
86.334486 158.021900 -147.332291 -97.568205 9.589877 6.207926 -16.566297
86.357171 158.044897 -147.381643 -97.607173 9.586050 6.212775 -16.566063
86.379247 158.066750 -147.428831 -97.644787 9.581812 6.217877 -16.565515
86.400706 158.087527 -147.473942 -97.681051 9.577329 6.223113 -16.564773
86.421581 158.107275 -147.517064 -97.716026 9.572592 6.228488 -16.563829
86.441915 158.126038 -147.558297 -97.749782 9.567591 6.234012 -16.562674
86.461756 158.143854 -147.597742 -97.782390 9.562313 6.239697 -16.561303
86.481147 158.160760 -147.635491 -97.813919 9.556746 6.245554 -16.559709
86.500127 158.176792 -147.671635 -97.844431 9.550877 6.251596 -16.557885
86.518717 158.191993 -147.706239 -97.873978 9.544694 6.257829 -16.555819
86.536896 158.206416 -147.739364 -97.902550 9.538359 6.264140 -16.553628
86.554683 158.220099 -147.771070 -97.930193 9.531857 6.270536 -16.551300
86.572110 158.233072 -147.801431 -97.956963 9.525174 6.277031 -16.548824
86.589212 158.245365 -147.830521 -97.982916 9.518293 6.283640 -16.546193
86.606022 158.257002 -147.858410 -98.008107 9.511198 6.290377 -16.543398
86.622568 158.268012 -147.885163 -98.032586 9.503870 6.297257 -16.540426
86.638864 158.278426 -147.910827 -98.056390 9.496296 6.304289 -16.537265
86.654879 158.288286 -147.935438 -98.079496 9.488631 6.311362 -16.534028
86.670623 158.297622 -147.959039 -98.101938 9.480860 6.318487 -16.530701
86.686122 158.306456 -147.981682 -98.123760 9.472963 6.325678 -16.527271
86.701401 158.314808 -148.003422 -98.145003 9.464921 6.332952 -16.523726
86.716483 158.322698 -148.024309 -98.165709 9.456715 6.340324 -16.520054
86.731374 158.330150 -148.044375 -98.185904 9.448327 6.347804 -16.516239
86.746042 158.337200 -148.063643 -98.205559 9.439910 6.355285 -16.512393
86.760493 158.343872 -148.082144 -98.224700 9.431448 6.362777 -16.508500
86.774747 158.350181 -148.099919 -98.243362 9.422918 6.370296 -16.504545
86.788828 158.356140 -148.117012 -98.261583 9.414300 6.377861 -16.500518
86.802761 158.361760 -148.133466 -98.279399 9.405572 6.385489 -16.496404
86.816563 158.367057 -148.149317 -98.296842 9.396714 6.393197 -16.492191
86.830239 158.372047 -148.164587 -98.313935 9.387705 6.400996 -16.487861
86.843753 158.376761 -148.179288 -98.330638 9.378697 6.408780 -16.483524
86.857107 158.381215 -148.193439 -98.346973 9.369670 6.416561 -16.479162
86.870321 158.385420 -148.207072 -98.362966 9.360602 6.424356 -16.474762
86.883413 158.389384 -148.220220 -98.378651 9.351470 6.432184 -16.470310
86.896406 158.393113 -148.232918 -98.394056 9.342252 6.440063 -16.465791
86.909316 158.396616 -148.245192 -98.409208 9.332925 6.448011 -16.461192
86.922144 158.399907 -148.257055 -98.424123 9.323468 6.456039 -16.456493
86.934852 158.403010 -148.268514 -98.438758 9.314030 6.464044 -16.451803
86.947441 158.405938 -148.279577 -98.453127 9.304590 6.472037 -16.447104
86.959925 158.408697 -148.290270 -98.467253 9.295126 6.480036 -16.442380
86.972323 158.411293 -148.300618 -98.481161 9.285613 6.488061 -16.437615
86.984648 158.413730 -148.310643 -98.494872 9.276028 6.496127 -16.432795
86.996901 158.416018 -148.320353 -98.508398 9.266350 6.504249 -16.427900
87.009042 158.418180 -148.329748 -98.521694 9.256726 6.512323 -16.423037
87.021072 158.420226 -148.338835 -98.534771 9.247134 6.520361 -16.418187
87.033005 158.422158 -148.347632 -98.547649 9.237550 6.528382 -16.413334
87.044859 158.423979 -148.356162 -98.560352 9.227950 6.536404 -16.408464
87.056650 158.425689 -148.364448 -98.572902 9.218312 6.544448 -16.403562
87.068394 158.427291 -148.372508 -98.585320 9.208610 6.552530 -16.398611
87.080089 158.428793 -148.380344 -98.597614 9.198822 6.560665 -16.393594
87.091696 158.430213 -148.387954 -98.609737 9.189095 6.568750 -16.388615
87.103214 158.431560 -148.395338 -98.621698 9.179405 6.576798 -16.383655
87.114657 158.432835 -148.402513 -98.633514 9.169729 6.584827 -16.378698
87.126040 158.434037 -148.409498 -98.645206 9.160043 6.592857 -16.373729
87.137382 158.435164 -148.416311 -98.656795 9.150323 6.600906 -16.368732
87.148694 158.436218 -148.422966 -98.668297 9.140543 6.608994 -16.363693
87.159975 158.437205 -148.429465 -98.679721 9.130684 6.617132 -16.358592
87.171186 158.438141 -148.435799 -98.691015 9.120886 6.625221 -16.353532
87.182324 158.439033 -148.441969 -98.702188 9.111128 6.633273 -16.348493
87.193402 158.439880 -148.447986 -98.713253 9.101385 6.641308 -16.343460
87.204433 158.440681 -148.453867 -98.724229 9.091634 6.649343 -16.338416
87.215430 158.441435 -148.459622 -98.735129 9.081850 6.657396 -16.333345
87.226390 158.442148 -148.465250 -98.745960 9.072012 6.665480 -16.328228
87.237275 158.442835 -148.470742 -98.756672 9.062259 6.673498 -16.323167
87.248081 158.443501 -148.476097 -98.767270 9.052569 6.681461 -16.318142
87.258821 158.444144 -148.481325 -98.777768 9.042919 6.689389 -16.313136
87.269510 158.444762 -148.486440 -98.788185 9.033283 6.697299 -16.308136
87.280164 158.445351 -148.491458 -98.798537 9.023639 6.705211 -16.303126
87.290794 158.445910 -148.496387 -98.808840 9.013962 6.713143 -16.298090
87.301399 158.446443 -148.501226 -98.819097 9.004231 6.721108 -16.293009
87.311938 158.446965 -148.505963 -98.829259 8.994582 6.729009 -16.287982
87.322411 158.447479 -148.510596 -98.839331 8.984995 6.736858 -16.282992
87.332828 158.447983 -148.515134 -98.849326 8.975445 6.744674 -16.278021
87.343205 158.448475 -148.519590 -98.859260 8.965909 6.752476 -16.273055
87.353555 158.448949 -148.523976 -98.869150 8.956362 6.760282 -16.268080
87.363891 158.449405 -148.528301 -98.879009 8.946782 6.768109 -16.263078
87.374209 158.449844 -148.532560 -98.888841 8.937145 6.775972 -16.258032
87.384472 158.450282 -148.536744 -98.898596 8.927588 6.783774 -16.253038
87.394676 158.450720 -148.540847 -98.908277 8.918089 6.791528 -16.248079
87.404833 158.451158 -148.544878 -98.917896 8.908624 6.799252 -16.243138
87.414954 158.451591 -148.548845 -98.927467 8.899170 6.806964 -16.238200
87.425050 158.452018 -148.552758 -98.937003 8.889703 6.814681 -16.233248
87.435118 158.452441 -148.556611 -98.946505 8.880202 6.822416 -16.228265
87.445120 158.452873 -148.560393 -98.955925 8.870799 6.830075 -16.223345
87.455054 158.453318 -148.564098 -98.965266 8.861472 6.837672 -16.218470
87.464931 158.453772 -148.567734 -98.974540 8.852200 6.845223 -16.213625
87.474764 158.454231 -148.571312 -98.983762 8.842957 6.852747 -16.208796
87.484567 158.454691 -148.574842 -98.992946 8.833722 6.860261 -16.203967
87.494350 158.455150 -148.578332 -99.002105 8.824471 6.867784 -16.199123
87.504112 158.455610 -148.581775 -99.011241 8.815184 6.875327 -16.194246
87.513815 158.456083 -148.585160 -99.020306 8.805989 6.882799 -16.189430
87.523456 158.456573 -148.588482 -99.029303 8.796867 6.890213 -16.184656
87.533046 158.457076 -148.591747 -99.038243 8.787793 6.897585 -16.179910
87.542598 158.457588 -148.594964 -99.047141 8.778746 6.904933 -16.175178
87.552125 158.458105 -148.598144 -99.056010 8.769703 6.912275 -16.170444
87.561638 158.458624 -148.601293 -99.064862 8.760641 6.919627 -16.165694
87.571134 158.459147 -148.604404 -99.073699 8.751540 6.927002 -16.160910
87.580577 158.459687 -148.607467 -99.082474 8.742527 6.934311 -16.156183
87.589963 158.460246 -148.610475 -99.091188 8.733579 6.941566 -16.151496
87.599302 158.460820 -148.613433 -99.099853 8.724677 6.948783 -16.146833
87.608605 158.461408 -148.616349 -99.108479 8.715796 6.955978 -16.142180
87.617882 158.462005 -148.619229 -99.117077 8.706916 6.963169 -16.137521
87.627129 158.462614 -148.622066 -99.125650 8.698016 6.970367 -16.132840
87.636312 158.463247 -148.624850 -99.134149 8.689218 6.977486 -16.128225
87.645427 158.463905 -148.627572 -99.142579 8.680504 6.984537 -16.123659
87.654484 158.464587 -148.630240 -99.150948 8.671851 6.991535 -16.119127
87.663496 158.465287 -148.632860 -99.159271 8.663238 6.998500 -16.114615
87.672475 158.466002 -148.635442 -99.167559 8.654643 7.005446 -16.110110
87.681429 158.466728 -148.637991 -99.175823 8.646045 7.012390 -16.105598
87.690358 158.467467 -148.640501 -99.184067 8.637423 7.019344 -16.101062
87.699225 158.468232 -148.642959 -99.192243 8.628899 7.026222 -16.096588
87.708029 158.469024 -148.645359 -99.200354 8.620451 7.033038 -16.092159
87.716779 158.469839 -148.647706 -99.208410 8.612060 7.039805 -16.087761
87.725486 158.470674 -148.650007 -99.216424 8.603704 7.046541 -16.083381
87.734162 158.471525 -148.652270 -99.224407 8.595363 7.053262 -16.079006
87.742817 158.472388 -148.654501 -99.232370 8.587014 7.059983 -16.074622
87.751447 158.473265 -148.656692 -99.240315 8.578641 7.066715 -16.070212
87.760019 158.474168 -148.658832 -99.248196 8.570358 7.073377 -16.065860
87.768530 158.475097 -148.660912 -99.256016 8.562146 7.079980 -16.061550
87.776988 158.476050 -148.662939 -99.263782 8.553985 7.086538 -16.057268
87.785402 158.477024 -148.664917 -99.271506 8.545856 7.093067 -16.052999
87.793781 158.478015 -148.666850 -99.279196 8.537736 7.099582 -16.048731
87.802121 158.479025 -148.668732 -99.286854 8.529609 7.106094 -16.044448
87.810390 158.480064 -148.670550 -99.294436 8.521586 7.112524 -16.040229
87.818586 158.481133 -148.672299 -99.301944 8.513649 7.118882 -16.036060
87.826715 158.482230 -148.673980 -99.309386 8.505777 7.125182 -16.031927
87.834789 158.483349 -148.675602 -99.316774 8.497952 7.131441 -16.027818
87.842819 158.484487 -148.677171 -99.324120 8.490153 7.137674 -16.023720
87.850811 158.485640 -148.678690 -99.331431 8.482361 7.143895 -16.019619
87.858764 158.486809 -148.680151 -99.338709 8.474559 7.150114 -16.015501
87.866646 158.488003 -148.681545 -99.345912 8.466854 7.156255 -16.011444
87.874453 158.489224 -148.682862 -99.353042 8.459229 7.162328 -16.007433
87.882193 158.490468 -148.684106 -99.360107 8.451664 7.168347 -16.003453
87.889876 158.491730 -148.685283 -99.367116 8.444141 7.174328 -15.999495
87.897511 158.493005 -148.686399 -99.374081 8.436641 7.180284 -15.995544
87.905106 158.494290 -148.687456 -99.381010 8.429145 7.186230 -15.991590
87.912658 158.495585 -148.688447 -99.387903 8.421636 7.192175 -15.987617
87.920135 158.496897 -148.689361 -99.394720 8.414218 7.198046 -15.983699
87.927533 158.498228 -148.690190 -99.401461 8.406873 7.203853 -15.979822
87.934858 158.499573 -148.690935 -99.408132 8.399584 7.209609 -15.975974
87.942119 158.500927 -148.691600 -99.414742 8.392332 7.215328 -15.972142
87.949321 158.502287 -148.692189 -99.421298 8.385099 7.221024 -15.968314
87.956461 158.503650 -148.692692 -99.427801 8.377869 7.226704 -15.964476
87.963507 158.505025 -148.693099 -99.434210 8.370741 7.232301 -15.960698
87.970456 158.506410 -148.693400 -99.440525 8.363698 7.237822 -15.956967
87.977314 158.507800 -148.693598 -99.446754 8.356724 7.243281 -15.953271
87.984088 158.509189 -148.693698 -99.452905 8.349800 7.248691 -15.949598
87.990786 158.510570 -148.693702 -99.458985 8.342908 7.254066 -15.945937
87.997414 158.511938 -148.693612 -99.465003 8.336032 7.259418 -15.942277
88.003967 158.513290 -148.693420 -99.470957 8.329156 7.264757 -15.938604
88.010415 158.514632 -148.693115 -99.476809 8.322375 7.270015 -15.934986
88.016754 158.515960 -148.692686 -99.482558 8.315673 7.275201 -15.931409
88.022988 158.517269 -148.692135 -99.488210 8.309033 7.280328 -15.927862
88.029123 158.518549 -148.691466 -99.493772 8.302439 7.285408 -15.924335
88.035165 158.519794 -148.690679 -99.499251 8.295874 7.290454 -15.920815
88.041119 158.520994 -148.689777 -99.504652 8.289321 7.295479 -15.917292
88.046978 158.522146 -148.688749 -99.509974 8.282765 7.300490 -15.913753
88.052713 158.523252 -148.687584 -99.515178 8.276296 7.305423 -15.910263
88.058318 158.524306 -148.686271 -99.520263 8.269900 7.310289 -15.906807
88.063795 158.525301 -148.684809 -99.525233 8.263560 7.315096 -15.903375
88.069147 158.526225 -148.683200 -99.530091 8.257261 7.319859 -15.899956
88.074376 158.527069 -148.681443 -99.534840 8.250986 7.324588 -15.896539
88.079475 158.527825 -148.679526 -99.539479 8.244721 7.329290 -15.893110
88.084414 158.528493 -148.677438 -99.543969 8.238552 7.333907 -15.889732
88.089187 158.529064 -148.675167 -99.548307 8.232463 7.338446 -15.886390
88.093792 158.529526 -148.672711 -99.552496 8.226439 7.342917 -15.883074
88.098234 158.529866 -148.670072 -99.556540 8.220466 7.347333 -15.879775
88.102514 158.530070 -148.667247 -99.560440 8.214528 7.351704 -15.876480
88.106631 158.530122 -148.664234 -99.564200 8.208609 7.356043 -15.873181
88.110577 158.530011 -148.661022 -99.567814 8.202696 7.360355 -15.869865
88.114321 158.529733 -148.657596 -99.571245 8.196870 7.364586 -15.866588
88.117854 158.529273 -148.653944 -99.574488 8.191116 7.368741 -15.863339
88.121173 158.528614 -148.650063 -99.577542 8.185420 7.372831 -15.860107
88.124278 158.527738 -148.645948 -99.580408 8.179767 7.376867 -15.856881
88.127167 158.526625 -148.641598 -99.583086 8.174143 7.380860 -15.853653
88.129836 158.525256 -148.637007 -99.585575 8.168533 7.384820 -15.850410
88.132274 158.523611 -148.632161 -99.587867 8.162924 7.388755 -15.847142
88.134449 158.521679 -148.627044 -99.589923 8.157392 7.392610 -15.843901
88.136347 158.519440 -148.621641 -99.591735 8.151923 7.396392 -15.840675
88.137961 158.516869 -148.615945 -99.593299 8.146503 7.400112 -15.837453
88.139286 158.513941 -148.609949 -99.594609 8.141118 7.403779 -15.834225
88.140314 158.510630 -148.603645 -99.595662 8.135754 7.407402 -15.830980
88.141030 158.506910 -148.597016 -99.596444 8.130399 7.410989 -15.827707
88.141400 158.502761 -148.590044 -99.596918 8.125123 7.414490 -15.824453
88.141406 158.498155 -148.582710 -99.597069 8.119911 7.417910 -15.821207
88.141038 158.493059 -148.575004 -99.596891 8.114752 7.421260 -15.817958
88.140286 158.487439 -148.566917 -99.596374 8.109632 7.424548 -15.814697
88.139141 158.481258 -148.558437 -99.595512 8.104536 7.427785 -15.811412
88.137589 158.474481 -148.549551 -99.594292 8.099453 7.430978 -15.808092
88.135610 158.467069 -148.540239 -99.592698 8.094369 7.434135 -15.804727
88.133164 158.458990 -148.530477 -99.590687 8.089349 7.437208 -15.801360
88.130230 158.450203 -148.520242 -99.588241 8.084380 7.440204 -15.797978
88.126791 158.440665 -148.509518 -99.585344 8.079450 7.443132 -15.794571
88.122830 158.430325 -148.498288 -99.581982 8.074546 7.445999 -15.791128
88.118329 158.419136 -148.486535 -99.578138 8.069654 7.448815 -15.787638
88.113267 158.407043 -148.474239 -99.573793 8.064762 7.451587 -15.784089
88.107618 158.393996 -148.461372 -99.568923 8.059858 7.454321 -15.780469
88.101337 158.379945 -148.447904 -99.563479 8.055000 7.456975 -15.776818
88.094392 158.364832 -148.433804 -99.557432 8.050176 7.459553 -15.773121
88.086758 158.348595 -148.419046 -99.550759 8.045373 7.462064 -15.769366
88.078409 158.331168 -148.403604 -99.543433 8.040579 7.464515 -15.765543
88.069316 158.312482 -148.387450 -99.535425 8.035781 7.466913 -15.761637
88.059442 158.292469 -148.370548 -99.526703 8.030966 7.469263 -15.757637
88.048738 158.271058 -148.352858 -99.517208 8.026188 7.471526 -15.753574
88.037163 158.248173 -148.334339 -99.506904 8.021434 7.473707 -15.749435
88.024683 158.223733 -148.314956 -99.495753 8.016691 7.475814 -15.745207
88.011261 158.197650 -148.294673 -99.483719 8.011947 7.477851 -15.740876
87.996862 158.169834 -148.273448 -99.470763 8.007189 7.479827 -15.736429
87.981443 158.140190 -148.251240 -99.456841 8.002405 7.481748 -15.731852
87.964959 158.108621 -148.227997 -99.441905 7.997582 7.483617 -15.727131
87.947346 158.075030 -148.203665 -99.425883 7.992766 7.485399 -15.722290
87.928552 158.039312 -148.178187 -99.408721 7.987945 7.487098 -15.717315
87.908530 158.001353 -148.151509 -99.390365 7.983106 7.488719 -15.712190
87.887228 157.961036 -148.123573 -99.370757 7.978236 7.490269 -15.706898
87.864595 157.918237 -148.094321 -99.349840 7.973323 7.491751 -15.701425
87.840575 157.872826 -148.063688 -99.327548 7.968352 7.493171 -15.695753
87.815106 157.824672 -148.031600 -99.303811 7.963312 7.494532 -15.689865
87.788110 157.773640 -147.997978 -99.278536 7.958242 7.495802 -15.683778
87.759520 157.719585 -147.962742 -99.251646 7.953127 7.496982 -15.677474
87.729269 157.662355 -147.925808 -99.223059 7.947956 7.498076 -15.670933
87.697290 157.601790 -147.887092 -99.192693 7.942714 7.499088 -15.664137
87.663511 157.537724 -147.846502 -99.160458 7.937387 7.500022 -15.657063
87.627852 157.469985 -147.803936 -99.126258 7.931963 7.500877 -15.649692
87.590223 157.398397 -147.759285 -99.089977 7.926472 7.501625 -15.642033
87.550539 157.322775 -147.712437 -99.051507 7.920901 7.502266 -15.634062
87.508715 157.242921 -147.663276 -99.010739 7.915235 7.502802 -15.625758
87.464667 157.158632 -147.611678 -98.967560 7.909460 7.503234 -15.617094
87.418302 157.069694 -147.557516 -98.921847 7.903561 7.503564 -15.608048
87.369529 156.975887 -147.500651 -98.873474 7.897523 7.503790 -15.598593
87.318246 156.876982 -147.440932 -98.822304 7.891331 7.503912 -15.588703
87.264339 156.772744 -147.378200 -98.768182 7.885009 7.503902 -15.578375
87.207701 156.662926 -147.312287 -98.710958 7.878540 7.503756 -15.567582
87.148221 156.547270 -147.243017 -98.650475 7.871909 7.503473 -15.556292
87.085788 156.425509 -147.170205 -98.586572 7.865099 7.503051 -15.544476
87.020284 156.297364 -147.093656 -98.519078 7.858094 7.502485 -15.532102
86.951589 156.162547 -147.013160 -98.447816 7.850878 7.501772 -15.519136
86.879574 156.020762 -146.928495 -98.372597 7.843432 7.500904 -15.505545
86.804096 155.871704 -146.839419 -98.293212 7.835772 7.499855 -15.491314
86.725019 155.715055 -146.745681 -98.209456 7.827879 7.498616 -15.476407
86.642200 155.550485 -146.647016 -98.121115 7.819734 7.497179 -15.460785
86.555494 155.377654 -146.543143 -98.027968 7.811320 7.495534 -15.444411
86.464750 155.196212 -146.433764 -97.929783 7.802617 7.493673 -15.427244
86.369806 155.005798 -146.318560 -97.826320 7.793606 7.491581 -15.409242
86.270492 154.806045 -146.197191 -97.717319 7.784292 7.489230 -15.390380
86.166634 154.596571 -146.069299 -97.602520 7.774654 7.486604 -15.370615
86.058055 154.376988 -145.934504 -97.481656 7.764671 7.483687 -15.349903
85.944570 154.146894 -145.792403 -97.354452 7.754323 7.480463 -15.328198
85.825985 153.905883 -145.642571 -97.220624 7.743588 7.476911 -15.305454
85.702100 153.653537 -145.484553 -97.079880 7.732443 7.473012 -15.281626
85.572700 153.389437 -145.317866 -96.931919 7.720867 7.468741 -15.256666
85.437558 153.113156 -145.141996 -96.776430 7.708853 7.464061 -15.230539
85.296438 152.824264 -144.956397 -96.613099 7.696380 7.458944 -15.203198
85.149096 152.522326 -144.760494 -96.441612 7.683421 7.453360 -15.174596
84.995273 152.206907 -144.553672 -96.261649 7.669955 7.447278 -15.144687
84.834694 151.877575 -144.335285 -96.072892 7.655955 7.440662 -15.113428
84.667069 151.533899 -144.104640 -95.875022 7.641397 7.433475 -15.080773
84.492089 151.175458 -143.861008 -95.667723 7.626255 7.425677 -15.046682
84.309420 150.801842 -143.603610 -95.450681 7.610513 7.417217 -15.011125
84.118709 150.412654 -143.331623 -95.223595 7.594147 7.408047 -14.974065
83.919579 150.007514 -143.044178 -94.986178 7.577128 7.398119 -14.935474
83.711626 149.586066 -142.740354 -94.738163 7.559429 7.387381 -14.895326
83.494411 149.147985 -142.419180 -94.479303 7.541023 7.375777 -14.853604
83.267464 148.692979 -142.079629 -94.209385 7.521881 7.363252 -14.810297
83.030271 148.220799 -141.720622 -93.928231 7.501977 7.349742 -14.765409
82.782279 147.731245 -141.341027 -93.635710 7.481281 7.335190 -14.718951
82.522886 147.224179 -140.939664 -93.331753 7.459761 7.319537 -14.670950
82.251443 146.699530 -140.515317 -93.016364 7.437379 7.302734 -14.621451
81.967267 146.157318 -140.066769 -92.689638 7.414092 7.284750 -14.570515
81.669728 145.597710 -139.592952 -92.351779 7.389822 7.265635 -14.518221
81.358941 145.021289 -139.093896 -92.003123 7.364305 7.245880 -14.464618
81.041866 144.431099 -138.580047 -91.644352 7.338656 7.224472 -14.409463
80.718685 143.827656 -138.051483 -91.275794 7.312585 7.201962 -14.352801
80.388662 143.211129 -137.507020 -90.897739 7.285998 7.178421 -14.294737
80.050890 142.581652 -136.945226 -90.510476 7.258834 7.153839 -14.235386
79.704394 141.939394 -136.364615 -90.114327 7.231033 7.128200 -14.174873
79.348213 141.284618 -135.763788 -89.709673 7.202515 7.101533 -14.113329
78.981984 140.617899 -135.142240 -89.296971 7.173043 7.074242 -14.050852
78.613068 139.942129 -134.510798 -88.876825 7.143608 7.045568 -13.987161
78.241196 139.257739 -133.869030 -88.449633 7.113947 7.015972 -13.922339
77.865339 138.564893 -133.215479 -88.015768 7.083966 6.985505 -13.856523
77.484345 137.863739 -132.548547 -87.575601 7.053590 6.954166 -13.789855
77.097045 137.154482 -131.866674 -87.129527 7.022734 6.921976 -13.722478
76.702724 136.437549 -131.168989 -86.677978 6.991187 6.889257 -13.654504
76.309156 135.715487 -130.466643 -86.221347 6.959836 6.855468 -13.585585
75.915739 134.988533 -129.758818 -85.759964 6.928449 6.820974 -13.515811
75.521280 134.256724 -129.043906 -85.294128 6.896933 6.785804 -13.445311
75.124507 133.520081 -128.320205 -84.824108 6.865210 6.749944 -13.374212
74.724108 132.778650 -127.586005 -84.350180 6.833201 6.713382 -13.302641
74.318741 132.032534 -126.839640 -83.872646 6.800819 6.676121 -13.230727
73.907337 131.282006 -126.079909 -83.391846 6.767888 6.638383 -13.158579
73.498113 130.529157 -125.318193 -82.907901 6.735188 6.599840 -13.085767
73.090111 129.774076 -124.553312 -82.421080 6.702528 6.560750 -13.012388
72.681981 129.016724 -123.783581 -81.931628 6.669812 6.521128 -12.938566
72.272321 128.257064 -123.007269 -81.439763 6.636955 6.480968 -12.864421
71.859693 127.495089 -122.222658 -80.945706 6.603868 6.440266 -12.790071
71.442613 126.730849 -121.428065 -80.449710 6.570457 6.399032 -12.715641
71.019715 125.964524 -120.622089 -79.952067 6.536574 6.357413 -12.641242
70.599546 125.197755 -119.816090 -79.452714 6.502922 6.315231 -12.566389
70.180841 124.430557 -119.008650 -78.951919 6.469339 6.272659 -12.491196
69.762109 123.662873 -118.198075 -78.449926 6.435728 6.229717 -12.415792
69.341821 122.894653 -117.382668 -77.946962 6.401992 6.186420 -12.340304
68.918407 122.125892 -116.560767 -77.443265 6.368031 6.142788 -12.264857
68.490327 121.356693 -115.730878 -76.939095 6.333712 6.098929 -12.189568
68.066345 120.588279 -114.904100 -76.434276 6.299698 6.054725 -12.113921
67.645045 119.820592 -114.078879 -75.929032 6.265851 6.010290 -12.038033
67.224893 119.053510 -113.253520 -75.423540 6.232071 5.965644 -11.962022
66.804338 118.286916 -112.426336 -74.917932 6.198258 5.920803 -11.885998
66.381794 117.520713 -111.595671 -74.412327 6.164311 5.875785 -11.810064
65.955626 116.754854 -110.759916 -73.906865 6.130125 5.830621 -11.734325
65.524163 115.989391 -109.917572 -73.401717 6.095580 5.785388 -11.658883
65.096370 115.225147 -109.079252 -72.896624 6.061316 5.739971 -11.583202
64.670702 114.462048 -108.243359 -72.391767 6.027214 5.694446 -11.507395
64.245567 113.699967 -107.408253 -71.887272 5.993168 5.648843 -11.431572
63.819356 112.938782 -106.572318 -71.383217 5.959071 5.603193 -11.355831
63.390424 112.178392 -105.733985 -70.879665 5.924816 5.557535 -11.280264
62.957067 111.418745 -104.891742 -70.376702 5.890290 5.511921 -11.204965
62.517517 110.659889 -104.044169 -69.874450 5.855374 5.466432 -11.130032
62.080880 109.902330 -103.201227 -69.372695 5.820711 5.420897 -11.054936
61.645513 109.146021 -102.361365 -68.871615 5.786185 5.375385 -10.979798
61.209760 108.390867 -101.523045 -68.371327 5.751685 5.329949 -10.904727
60.771937 107.636777 -100.684774 -67.871912 5.717094 5.284652 -10.829825
60.330316 106.883697 -99.845124 -67.373447 5.682297 5.239566 -10.755187
59.883110 106.131666 -99.002761 -66.876026 5.647172 5.194785 -10.680909
59.439551 105.380940 -98.166905 -66.379547 5.612378 5.150039 -10.606496
58.998010 104.631469 -97.336042 -65.884147 5.577804 5.105392 -10.532061
58.556862 103.883147 -96.508686 -65.389877 5.543335 5.060907 -10.457703
58.114474 103.135858 -95.683394 -64.896720 5.508853 5.016653 -10.383498
57.669183 102.389501 -94.858795 -64.404624 5.474239 4.972710 -10.309516
57.219288 101.644021 -94.033600 -63.913541 5.439368 4.929180 -10.235820
56.763037 100.899462 -93.206638 -63.423453 5.404116 4.886180 -10.162480
56.309773 100.155836 -92.386174 -62.934442 5.369170 4.843282 -10.089049
55.857899 99.413126 -91.570816 -62.446574 5.334417 4.800564 -10.015627
55.405817 98.671250 -90.759202 -61.959824 5.299738 4.758112 -9.942292
54.951927 97.930119 -89.950031 -61.474094 5.265007 4.716025 -9.869102
54.494607 97.189662 -89.142084 -60.989243 5.230096 4.674419 -9.796101
54.032205 96.449857 -88.334253 -60.505133 5.194869 4.633437 -9.723331
53.563069 95.710787 -87.525589 -60.021651 5.159200 4.593239 -9.650843
53.096461 94.972265 -86.723255 -59.539217 5.123806 4.553194 -9.578274
52.630844 94.234335 -85.926045 -59.057848 5.088573 4.513415 -9.505716
52.164664 93.496983 -85.132786 -58.577465 5.053369 4.474031 -9.433233
51.696368 92.760198 -84.342383 -58.097920 5.018060 4.435191 -9.360870
51.224405 92.024005 -83.553854 -57.619034 4.982503 4.397070 -9.288662
50.747318 91.288528 -82.766424 -57.140645 4.946574 4.359866 -9.216654
50.274018 90.553380 -81.986101 -56.663575 4.911021 4.322715 -9.144584
49.803126 89.818633 -81.211792 -56.187787 4.875736 4.285743 -9.072537
49.333215 89.084294 -80.442384 -55.713123 4.840587 4.249091 -9.000559
48.862889 88.350364 -79.676816 -55.239327 4.805437 4.212911 -8.928666
48.390777 87.616865 -78.914119 -54.766082 4.770146 4.177380 -8.856856
47.915538 86.883870 -78.153458 -54.293054 4.734567 4.142703 -8.785124
47.436072 86.151530 -77.394286 -53.819961 4.698573 4.109132 -8.713495
46.960392 85.419202 -76.641298 -53.348136 4.662956 4.075495 -8.641822
46.487367 84.686999 -75.893642 -52.877461 4.627606 4.041969 -8.570177
46.015732 83.954993 -75.150368 -52.407666 4.592384 4.008732 -8.498576
45.544274 83.223263 -74.410558 -51.938379 4.557149 3.975969 -8.427003
45.071834 82.491920 -73.673375 -51.469165 4.521754 3.943889 -8.355425
44.597320 81.761124 -72.938133 -50.999575 4.486046 3.912740 -8.283808
44.120030 81.031072 -72.204498 -50.529280 4.449892 3.882841 -8.212181
43.646531 80.300891 -71.476120 -50.060134 4.414121 3.852732 -8.140496
43.175999 79.570754 -70.752444 -49.591970 4.378610 3.822677 -8.068827
42.707382 78.840851 -70.032731 -49.124414 4.343211 3.792911 -7.997161
42.239692 78.111397 -69.316252 -48.657000 4.307773 3.763673 -7.925459
41.772039 77.382636 -68.602391 -48.189245 4.272140 3.735238 -7.853680
41.303969 76.654772 -67.890891 -47.720862 4.236169 3.707971 -7.781876
40.840597 75.926728 -67.184823 -47.254089 4.200716 3.680216 -7.710071
40.381319 75.198661 -66.483759 -46.788774 4.165648 3.652288 -7.638352
39.925266 74.470795 -65.786981 -46.324489 4.130819 3.624427 -7.566696
39.471615 73.743373 -65.093694 -45.860703 4.096088 3.596848 -7.495044
39.019622 73.016664 -64.403124 -45.396841 4.061312 3.569773 -7.423328
38.568640 72.290954 -63.714613 -44.932346 4.026343 3.543465 -7.351490
38.118420 71.566422 -63.027899 -44.466955 3.991025 3.518320 -7.279601
37.672609 70.841792 -62.345901 -44.003184 3.956234 3.492558 -7.207716
37.230827 70.117214 -61.668308 -43.540879 3.921819 3.466556 -7.135936
36.792428 69.392978 -60.994432 -43.079544 3.887636 3.440565 -7.064219
36.356792 68.669406 -60.323479 -42.618587 3.853548 3.414799 -6.992494
35.923359 67.946840 -59.654647 -42.157384 3.819421 3.389469 -6.920677
35.491652 67.225632 -58.987235 -41.695352 3.785112 3.364829 -6.848708
35.061517 66.505974 -58.320952 -41.232265 3.750453 3.341301 -6.776672
34.635515 65.786475 -57.658978 -40.770793 3.716313 3.317105 -6.704637
34.213418 65.067323 -57.001044 -40.310791 3.682527 3.292662 -6.632713
33.794760 64.348892 -56.346461 -39.851730 3.648953 3.268229 -6.560852
33.379084 63.631590 -55.694437 -39.393002 3.615457 3.244024 -6.488980
32.965991 62.915812 -55.044230 -38.934043 3.581903 3.220292 -6.417042
32.555341 62.201764 -54.395495 -38.474670 3.548119 3.197456 -6.345138
32.149029 61.487975 -53.751755 -38.017629 3.514949 3.173804 -6.273343
31.746873 60.774628 -53.112702 -37.562802 3.482221 3.149765 -6.201777
31.348474 60.062102 -52.477579 -37.109663 3.449802 3.125571 -6.130394
30.953409 59.350796 -51.845515 -36.657598 3.417572 3.101406 -6.059116
30.561273 58.641115 -51.215617 -36.205980 3.385411 3.077450 -5.987864
30.171715 57.933446 -50.587050 -35.754243 3.353194 3.053912 -5.916580
29.784605 57.227987 -49.959373 -35.302224 3.320750 3.031198 -5.845372
29.401373 56.523198 -49.336567 -34.852702 3.288887 3.007707 -5.774314
29.021891 55.819278 -48.718251 -34.405564 3.257435 2.983859 -5.703526
28.645825 55.116621 -48.103604 -33.960278 3.226268 2.959864 -5.632964
28.272806 54.415644 -47.491719 -33.516228 3.195275 2.935891 -5.562549
27.902472 53.716763 -46.881667 -33.072782 3.164343 2.912103 -5.492199
27.534504 53.020383 -46.272564 -32.629383 3.133355 2.888690 -5.421861
27.168787 52.326725 -45.663877 -32.185873 3.102147 2.866037 -5.351645
26.806507 51.634259 -45.060025 -31.745039 3.071480 2.842682 -5.281620
26.447573 50.943223 -44.460541 -31.306766 3.041186 2.819025 -5.211908
26.091694 50.254044 -43.864559 -30.870528 3.011151 2.795260 -5.142467
25.738544 49.567159 -43.271151 -30.435723 2.981265 2.771548 -5.073225
25.387823 48.882989 -42.679409 -30.001811 2.951420 2.748069 -5.004135
25.039424 48.201776 -42.088732 -29.568646 2.921455 2.725179 -4.935309
24.694419 47.522026 -41.503825 -29.138999 2.892088 2.701548 -4.866817
24.352730 46.843989 -40.924143 -28.712760 2.863156 2.677548 -4.798781
24.014072 46.168077 -40.348792 -28.289406 2.834554 2.653351 -4.731159
23.678119 45.494706 -39.776825 -27.868331 2.806180 2.629105 -4.663874
23.344535 44.824286 -39.207285 -27.448922 2.777936 2.604950 -4.596849
23.013020 44.157205 -38.639231 -27.030635 2.749719 2.581043 -4.530033
22.683466 43.493694 -38.071981 -26.613327 2.721383 2.557705 -4.463542
22.356901 42.832311 -37.510514 -26.199748 2.693593 2.533741 -4.397440
22.033254 42.173309 -36.954202 -25.789782 2.666200 2.509485 -4.331848
21.712250 41.517085 -36.402126 -25.382907 2.639105 2.485094 -4.266724
21.393571 40.864039 -35.853331 -24.978515 2.612213 2.460703 -4.201989
21.076891 40.214566 -35.306853 -24.575994 2.585433 2.436445 -4.137566
20.761916 39.569038 -34.761737 -24.174804 2.558668 2.412461 -4.073405
20.448543 38.927694 -34.217239 -23.774797 2.531783 2.389041 -4.009618
20.137810 38.289188 -33.678520 -23.378689 2.505393 2.365117 -3.946269
19.829651 37.653788 -33.144884 -22.986356 2.479362 2.340991 -3.883476
19.523801 37.021886 -32.615399 -22.597279 2.453597 2.316806 -3.821196
19.219955 36.393871 -32.089109 -22.210871 2.428009 2.292692 -3.759359
18.917831 35.770114 -31.565062 -21.826600 2.402507 2.268784 -3.697919
18.617334 35.150854 -31.042479 -21.444321 2.376965 2.245343 -3.636986
18.319522 34.534856 -30.526567 -21.066690 2.351955 2.221409 -3.576621
18.024336 33.922384 -30.016592 -20.693580 2.327350 2.197254 -3.516941
17.731514 33.313800 -29.511625 -20.324470 2.303063 2.173009 -3.457899
17.440755 32.709464 -29.010724 -19.958760 2.279010 2.148794 -3.399417
17.151751 32.109719 -28.512938 -19.595845 2.255110 2.124724 -3.341418
16.864221 31.514886 -28.017323 -19.235191 2.231278 2.100921 -3.283851
16.578073 30.925176 -27.523069 -18.876644 2.207400 2.077611 -3.226824
16.294397 30.339465 -27.035404 -18.522801 2.184005 2.053942 -3.170393
16.013136 29.757991 -26.553560 -18.173526 2.160975 2.030151 -3.114671
15.734035 29.181079 -26.076619 -17.828296 2.138233 2.006357 -3.059608
15.456798 28.609048 -25.603650 -17.486514 2.115698 1.982671 -3.005126
15.181126 28.042202 -25.133721 -17.147578 2.093296 1.959199 -2.951146
14.906745 27.480825 -24.665899 -16.810953 2.070949 1.936051 -2.897616
14.633569 26.925106 -24.199362 -16.476481 2.048550 1.913427 -2.844639
14.362721 26.374052 -23.739283 -16.146683 2.026589 1.890570 -2.792268
14.094147 25.827885 -23.284875 -15.821415 2.004959 1.867689 -2.740612
13.827597 25.286894 -22.835234 -15.500162 1.983585 1.844893 -2.689621
13.562793 24.751364 -22.389450 -15.182351 1.962395 1.822286 -2.639225
13.299474 24.221553 -21.946616 -14.867457 1.941316 1.799969 -2.589372
13.037565 23.697636 -21.505912 -14.555320 1.920250 1.778118 -2.540161
12.778197 23.178746 -21.072360 -14.248359 1.899648 1.756062 -2.491644
12.521322 22.665080 -20.645177 -13.946424 1.879411 1.733985 -2.443921
12.266702 22.156890 -20.223488 -13.649003 1.859471 1.711987 -2.396940
12.014065 21.654414 -19.806415 -13.355514 1.839761 1.690159 -2.350624
11.763136 21.157877 -19.393081 -13.065376 1.820214 1.668591 -2.304892
11.513665 20.667480 -18.982611 -12.778069 1.800765 1.647373 -2.259692
11.265580 20.183351 -18.574205 -12.493430 1.781323 1.626657 -2.215116
11.020019 19.704742 -18.172711 -12.213772 1.762304 1.605848 -2.171211
10.776936 19.231806 -17.777363 -11.938942 1.743620 1.585105 -2.128071
10.536102 18.764740 -17.387321 -11.668442 1.725205 1.564515 -2.085645
10.297256 18.303734 -17.001744 -11.401705 1.707001 1.544161 -2.043855
10.060134 17.848960 -16.619795 -11.138166 1.688945 1.524122 -2.002623
9.824498 17.400572 -16.240641 -10.877324 1.670979 1.504478 -1.961896
9.590282 16.958667 -15.863510 -10.619014 1.653020 1.485358 -1.921761
9.358609 16.522616 -15.493023 -10.365434 1.635448 1.466240 -1.882262
9.129435 16.092537 -15.128437 -10.116435 1.618183 1.447260 -1.843488
8.902540 15.668588 -14.768954 -9.871542 1.601165 1.428495 -1.805391
8.677680 15.250913 -14.413779 -9.630228 1.584341 1.410020 -1.767902
8.454631 14.839639 -14.062122 -9.392019 1.567653 1.391906 -1.730971
8.233333 14.434842 -13.713245 -9.156755 1.551027 1.374263 -1.694681
8.014866 14.036001 -13.371478 -8.926489 1.534808 1.356637 -1.659070
7.799188 13.643209 -13.036115 -8.701076 1.518923 1.339143 -1.624222
7.586090 13.256584 -12.706407 -8.480058 1.503319 1.321849 -1.590087
7.375337 12.876233 -12.381608 -8.262923 1.487945 1.304820 -1.556595
7.166690 12.502249 -12.060981 -8.049162 1.472752 1.288118 -1.523673
6.959936 12.134711 -11.743795 -7.838326 1.457690 1.271802 -1.491272
6.755020 11.773658 -11.429365 -7.630265 1.442692 1.255966 -1.459468
6.552966 11.418660 -11.121716 -7.426886 1.428070 1.240211 -1.428296
6.353732 11.069775 -10.820192 -7.228057 1.413759 1.224636 -1.397835
6.157121 10.727078 -10.524103 -7.033356 1.399712 1.209298 -1.368038
5.962908 10.390635 -10.232767 -6.842310 1.385884 1.194252 -1.338839
5.770868 10.060503 -9.945508 -6.654450 1.372231 1.179548 -1.310173
5.580799 9.736727 -9.661659 -6.469365 1.358709 1.165240 -1.281993
5.392646 9.419322 -9.380594 -6.286922 1.345257 1.151402 -1.254370
5.207363 9.107952 -9.105994 -6.108872 1.332156 1.137694 -1.227338
5.024906 8.802649 -8.837260 -5.935102 1.319347 1.124196 -1.200970
4.845090 8.503461 -8.573767 -5.765234 1.306789 1.110957 -1.175226
4.667706 8.210427 -8.314898 -5.598855 1.294441 1.098023 -1.150053
4.492568 7.923579 -8.060045 -5.435594 1.282264 1.085439 -1.125410
4.319619 7.642923 -7.808639 -5.275332 1.270204 1.073268 -1.101361
4.149724 7.368198 -7.563975 -5.119642 1.258508 1.061222 -1.077937
3.982838 7.099423 -7.325513 -4.968420 1.247125 1.049365 -1.055203
3.818787 6.836624 -7.092691 -4.821324 1.236017 1.037740 -1.033122
3.657376 6.579821 -6.864958 -4.677973 1.225149 1.026385 -1.011643
3.498413 6.329027 -6.641771 -4.537991 1.214488 1.015338 -0.990710
3.341725 6.084248 -6.422602 -4.401053 1.204000 1.004635 -0.970288
3.187262 5.845475 -6.206952 -4.267056 1.193639 0.994326 -0.950435
3.035792 5.612510 -5.997730 -4.137396 1.183618 0.984168 -0.931177
2.887275 5.385353 -5.794465 -4.011988 1.173895 0.974214 -0.912575
2.741559 5.164014 -5.596674 -3.890540 1.164437 0.964499 -0.894597
2.598471 4.948494 -5.403884 -3.772725 1.155215 0.955052 -0.877199
2.457843 4.738794 -5.215632 -3.658223 1.146201 0.945903 -0.860334
2.319529 4.534907 -5.031465 -3.546757 1.137365 0.937084 -0.843972
2.183489 4.336821 -4.850965 -3.438246 1.128670 0.928633 -0.828164
2.050393 4.144395 -4.676626 -3.333892 1.120298 0.920351 -0.812935
1.920216 3.957626 -4.508054 -3.233633 1.112210 0.912280 -0.798338
1.792833 3.776513 -4.344845 -3.137227 1.104381 0.904447 -0.784348
1.668115 3.601057 -4.186606 -3.044412 1.096786 0.896878 -0.770931
1.545945 3.431252 -4.032956 -2.954952 1.089402 0.889597 -0.758063
1.426302 3.267089 -3.883542 -2.868776 1.082196 0.882635 -0.745784
1.309756 3.108473 -3.740422 -2.786873 1.075317 0.875837 -0.734114
1.196305 2.955400 -3.603269 -2.709188 1.068734 0.869232 -0.723097
1.085864 2.807868 -3.471754 -2.635514 1.062427 0.862845 -0.712710
0.978348 2.665877 -3.345559 -2.565622 1.056375 0.856694 -0.702922
0.873677 2.529423 -3.224378 -2.499291 1.050560 0.850800 -0.693700
0.771796 2.398502 -3.107917 -2.436325 1.044963 0.845182 -0.685023
0.672726 2.273110 -2.995910 -2.376662 1.039560 0.839862 -0.676920
0.576964 2.153191 -2.889978 -2.321071 1.034466 0.834723 -0.669406
0.484559 2.038751 -2.789881 -2.269502 1.029660 0.829787 -0.662513
0.395504 1.929796 -2.695377 -2.221784 1.025125 0.825073 -0.656220
0.309798 1.826335 -2.606236 -2.177731 1.020847 0.820595 -0.650501
0.227453 1.728382 -2.522244 -2.137156 1.016812 0.816369 -0.645327
0.148505 1.635953 -2.443196 -2.099894 1.013009 0.812411 -0.640675
0.073058 1.549069 -2.368912 -2.065869 1.009418 0.808740 -0.636560
0.001567 1.467726 -2.300570 -2.035601 1.006126 0.805273 -0.632984
-0.065827 1.391962 -2.238016 -2.009017 1.003115 0.802031 -0.629958
-0.129011 1.321823 -2.181099 -1.985951 1.000376 0.799029 -0.627457
-0.187859 1.257366 -2.129680 -1.966216 0.997901 0.796285 -0.625446
-0.242226 1.198663 -2.083635 -1.949629 0.995683 0.793815 -0.623890
-0.291916 1.145800 -2.042857 -1.936046 0.993710 0.791643 -0.622770
-0.336520 1.098869 -2.008065 -1.925677 0.992035 0.789735 -0.622059
-0.375822 1.058002 -1.979181 -1.918374 0.990650 0.788119 -0.621731
-0.409634 1.023365 -1.956136 -1.913951 0.989549 0.786833 -0.621745
-0.437784 0.995160 -1.938880 -1.912267 0.988728 0.785919 -0.622068
-0.460130 0.973616 -1.927386 -1.913291 0.988177 0.785429 -0.622693
-0.476632 0.958968 -1.921647 -1.917075 0.987887 0.785396 -0.623614
-0.487849 0.951555 -1.921282 -1.922730 0.987999 0.783787 -0.624983
-0.494907 0.944609 -1.921143 -1.926214 0.988040 0.783264 -0.625754
