-0.000000 -0.000000 0.000000 -0.000000 0.000000 0.000000 -0.000000
0.057695 0.006039 0.243823 -0.065291 -0.227148 0.040863 0.005438
0.145671 0.014038 0.488063 -0.156915 -0.453710 0.081616 0.001962
0.251905 0.023499 0.730486 -0.263831 -0.681419 0.119525 -0.005766
0.369229 0.034268 0.971589 -0.380660 -0.910196 0.154758 -0.015667
0.492999 0.046233 1.211843 -0.504546 -1.139914 0.187676 -0.026729
0.620033 0.059299 1.451609 -0.633829 -1.370486 0.218598 -0.038420
0.748080 0.073375 1.691171 -0.767461 -1.601864 0.247789 -0.050441
0.875521 0.088379 1.930761 -0.904717 -1.834023 0.275461 -0.062607
1.001192 0.104232 2.170573 -1.045065 -2.066957 0.301788 -0.074793
1.124254 0.120858 2.410774 -1.188089 -2.300676 0.326908 -0.086909
1.244108 0.138187 2.651513 -1.333457 -2.535199 0.350933 -0.098887
1.360333 0.156150 2.892924 -1.480901 -2.770554 0.373955 -0.110675
1.472625 0.174678 3.135129 -1.630215 -3.006777 0.396047 -0.122237
1.580769 0.193707 3.378244 -1.781260 -3.243906 0.417268 -0.133559
1.684599 0.213167 3.622374 -1.933991 -3.481986 0.437665 -0.144655
1.783991 0.232989 3.867614 -2.088503 -3.721067 0.457277 -0.155584
1.879065 0.253104 4.114052 -2.244780 -3.961208 0.476131 -0.166351
1.970390 0.273447 4.361775 -2.402396 -4.202472 0.494244 -0.176797
2.058485 0.293956 4.610862 -2.561102 -4.444926 0.511641 -0.186821
2.143794 0.314566 4.861390 -2.720715 -4.688638 0.528350 -0.196349
2.226661 0.335218 5.113421 -2.881026 -4.933685 0.544418 -0.205297
2.307227 0.355898 5.365374 -3.041495 -5.178554 0.559807 -0.213925
2.385758 0.376559 5.617311 -3.201962 -5.423319 0.574558 -0.222167
2.462537 0.397153 5.869310 -3.362358 -5.668049 0.588702 -0.229992
2.537848 0.417630 6.121447 -3.522658 -5.912809 0.602264 -0.237388
2.611957 0.437945 6.373797 -3.682855 -6.157666 0.615270 -0.244351
2.685116 0.458052 6.626434 -3.842955 -6.402687 0.627743 -0.250879
2.757562 0.477906 6.879434 -4.002965 -6.647939 0.639707 -0.256973
2.829510 0.497464 7.132873 -4.162896 -6.893487 0.651185 -0.262634
2.901157 0.516686 7.386826 -4.322756 -7.139398 0.662197 -0.267861
2.972677 0.535531 7.641370 -4.482555 -7.385737 0.672764 -0.272655
3.044221 0.553961 7.896583 -4.642303 -7.632570 0.682905 -0.277019
3.115913 0.571936 8.152542 -4.802019 -7.879961 0.692641 -0.280958
3.187857 0.589425 8.409301 -4.961740 -8.127974 0.702056 -0.284536
3.260191 0.606387 8.666935 -5.121548 -8.376680 0.711138 -0.287754
3.333101 0.622776 8.925531 -5.281539 -8.626157 0.719833 -0.290578
3.406835 0.638555 9.185158 -5.441779 -8.876472 0.728175 -0.293024
3.481580 0.653689 9.445890 -5.602309 -9.127695 0.736177 -0.295092
3.557480 0.668143 9.707800 -5.763150 -9.379897 0.743854 -0.296772
3.634630 0.681889 9.970964 -5.924284 -9.633147 0.751228 -0.298038
3.713058 0.694908 10.235439 -6.085615 -9.887522 0.758353 -0.298840
3.792638 0.707268 10.499671 -6.246697 -10.141516 0.765108 -0.299434
3.873377 0.718962 10.763718 -6.407436 -10.395208 0.771541 -0.299770
3.955325 0.729973 11.027659 -6.567822 -10.648666 0.777668 -0.299823
4.038550 0.740284 11.291570 -6.727884 -10.901959 0.783502 -0.299586
4.123126 0.749875 11.555527 -6.887673 -11.155156 0.789053 -0.299057
4.209131 0.758726 11.819607 -7.047252 -11.408329 0.794329 -0.298241
4.296645 0.766816 12.083883 -7.206690 -11.661548 0.799338 -0.297143
4.385748 0.774125 12.348431 -7.366061 -11.914882 0.804086 -0.295770
4.476521 0.780634 12.613325 -7.525443 -12.168402 0.808581 -0.294131
4.569047 0.786320 12.878639 -7.684916 -12.422178 0.812828 -0.292235
4.663414 0.791164 13.144446 -7.844564 -12.676283 0.816834 -0.290092
4.759712 0.795145 13.410821 -8.004473 -12.930786 0.820603 -0.287711
4.858038 0.798241 13.677837 -8.164731 -13.185760 0.824141 -0.285104
4.958494 0.800432 13.945567 -8.325430 -13.441275 0.827454 -0.282282
5.061192 0.801697 14.214083 -8.486660 -13.697405 0.830546 -0.279253
5.166251 0.802014 14.483464 -8.648507 -13.954220 0.833414 -0.276022
5.273795 0.801350 14.753860 -8.811073 -14.211801 0.835968 -0.272466
5.383831 0.799719 15.025291 -8.974263 -14.470207 0.838309 -0.268655
5.496349 0.797136 15.297809 -9.137950 -14.729497 0.840530 -0.264585
5.611244 0.793615 15.571472 -9.301977 -14.989750 0.842672 -0.260195
5.728330 0.789291 15.844781 -9.465890 -15.249473 0.844538 -0.255706
5.847569 0.784184 16.117790 -9.629569 -15.508741 0.846189 -0.251069
5.968982 0.778300 16.390577 -9.792975 -15.767623 0.847643 -0.246258
6.092624 0.771639 16.663223 -9.956114 -16.026189 0.848910 -0.241259
6.218567 0.764198 16.935806 -10.119011 -16.284510 0.849994 -0.236066
6.346888 0.755975 17.208408 -10.281704 -16.542655 0.850899 -0.230675
6.477667 0.746963 17.481104 -10.444237 -16.800697 0.851629 -0.225086
6.610986 0.737157 17.753975 -10.606657 -17.058705 0.852187 -0.219298
6.746918 0.726552 18.027099 -10.769016 -17.316752 0.852575 -0.213311
6.885534 0.715140 18.300554 -10.931361 -17.574907 0.852794 -0.207125
7.026894 0.702914 18.574420 -11.093742 -17.833242 0.852846 -0.200739
7.171046 0.689870 18.848779 -11.256202 -18.091828 0.852732 -0.194148
7.318019 0.676000 19.123711 -11.418777 -18.350735 0.852456 -0.187346
7.467816 0.661302 19.399299 -11.581487 -18.610032 0.852024 -0.180322
7.620396 0.645779 19.675613 -11.744315 -18.869792 0.851460 -0.173057
7.775643 0.629470 19.952606 -11.907114 -19.130078 0.850847 -0.165728
7.933689 0.612319 20.230461 -12.070092 -19.390970 0.850123 -0.158181
8.094637 0.594297 20.509277 -12.233371 -19.652539 0.849273 -0.150396
8.258518 0.575394 20.789122 -12.396986 -19.914857 0.848316 -0.142366
8.425290 0.555623 21.070018 -12.560869 -20.178003 0.847336 -0.134074
8.594818 0.535148 21.350533 -12.724654 -20.440499 0.846074 -0.125715
8.767033 0.513992 21.630696 -12.888260 -20.702423 0.844609 -0.117265
8.941900 0.492156 21.910576 -13.051687 -20.963848 0.842964 -0.108705
9.119398 0.469636 22.190249 -13.214973 -21.224844 0.841149 -0.100028
9.299514 0.446424 22.469792 -13.378179 -21.485484 0.839172 -0.091235
9.482234 0.422508 22.749278 -13.541376 -21.745839 0.837035 -0.082328
9.667546 0.397876 23.028785 -13.704643 -22.005981 0.834741 -0.073312
9.855435 0.372515 23.308387 -13.868066 -22.265982 0.832292 -0.064194
10.045884 0.346410 23.588160 -14.031732 -22.525915 0.829687 -0.054982
10.238874 0.319545 23.868180 -14.195733 -22.785852 0.826927 -0.045681
10.434382 0.291905 24.148522 -14.360165 -23.045864 0.824011 -0.036301
10.632386 0.263472 24.429262 -14.525124 -23.306025 0.820939 -0.026849
10.832856 0.234229 24.710475 -14.690709 -23.566407 0.817710 -0.017334
11.035764 0.204157 24.992238 -14.857022 -23.827081 0.814322 -0.007763
11.241076 0.173239 25.274625 -15.024162 -24.088121 0.810776 0.001858
11.448755 0.141456 25.557711 -15.192222 -24.349599 0.807074 0.011525
11.658757 0.108796 25.841567 -15.361284 -24.611588 0.803225 0.021235
11.871028 0.075257 26.126224 -15.531399 -24.874172 0.799267 0.030987
12.085511 0.040896 26.411227 -15.702545 -25.137403 0.795187 0.040836
12.302093 0.005783 26.696309 -15.874589 -25.401323 0.791033 0.050849
12.520547 -0.029988 26.981348 -16.047104 -25.664546 0.786705 0.060813
12.740779 -0.066452 27.266351 -16.220011 -25.927115 0.782202 0.070746
12.962740 -0.103583 27.551325 -16.393257 -26.189102 0.777546 0.080655
13.186407 -0.141355 27.836205 -16.566802 -26.450575 0.772753 0.090549
13.411778 -0.179735 28.120854 -16.740609 -26.711597 0.767822 0.100445
13.638846 -0.218715 28.405323 -16.914653 -26.972245 0.762779 0.110341
13.867605 -0.258288 28.689672 -17.088908 -27.232588 0.757644 0.120241
14.098044 -0.298449 28.973964 -17.263352 -27.492696 0.752435 0.130147
14.330146 -0.339197 29.258261 -17.437963 -27.752641 0.747171 0.140061
14.563887 -0.380529 29.542622 -17.612720 -28.012493 0.741872 0.149984
14.799230 -0.422441 29.827086 -17.787589 -28.272321 0.736555 0.159881
15.036148 -0.464929 30.111696 -17.962577 -28.532197 0.731218 0.169705
15.274662 -0.508004 30.396556 -18.137811 -28.792205 0.725870 0.179524
15.514791 -0.551664 30.681528 -18.313360 -29.052405 0.720515 0.189340
15.756530 -0.595908 30.966532 -18.489276 -29.312868 0.715156 0.199151
15.999850 -0.640741 31.251570 -18.665603 -29.573667 0.709810 0.208950
16.244709 -0.686165 31.536648 -18.842370 -29.834873 0.704491 0.218740
16.491044 -0.732175 31.821769 -19.019583 -30.096557 0.699217 0.228527
16.738771 -0.778756 32.106940 -19.197207 -30.358788 0.694017 0.238330
16.987763 -0.825875 32.392167 -19.375141 -30.621613 0.688930 0.248182
17.237834 -0.873449 32.677333 -19.553088 -30.883657 0.683770 0.257885
17.488858 -0.921442 32.962448 -19.730948 -31.144968 0.678575 0.267475
17.740748 -0.969835 33.247515 -19.908690 -31.405615 0.673369 0.276970
17.993435 -1.018615 33.532539 -20.086321 -31.665668 0.668167 0.286381
18.246860 -1.067777 33.817525 -20.263869 -31.925200 0.662984 0.295708
18.500976 -1.117311 34.102439 -20.441373 -32.184285 0.657840 0.304945
18.755757 -1.167185 34.387040 -20.618879 -32.442980 0.652696 0.314120
19.011158 -1.217402 34.671361 -20.796439 -32.701363 0.647574 0.323221
19.267131 -1.267967 34.955461 -20.974111 -32.959508 0.642484 0.332241
19.523628 -1.318889 35.239404 -21.151952 -33.217484 0.637431 0.341173
19.780602 -1.370177 35.523253 -21.330021 -33.475363 0.632419 0.350014
20.038006 -1.421841 35.807072 -21.508377 -33.733216 0.627454 0.358759
20.295792 -1.473889 36.090924 -21.687077 -33.991115 0.622540 0.367404
20.553911 -1.526331 36.374872 -21.866172 -34.249129 0.617682 0.375945
20.812310 -1.579173 36.658978 -22.045712 -34.507330 0.612889 0.384380
21.070933 -1.632421 36.943304 -22.225735 -34.765789 0.608169 0.392708
21.329720 -1.686077 37.227902 -22.406265 -35.024576 0.603540 0.400929
21.588600 -1.740130 37.512799 -22.587302 -35.283769 0.599038 0.409037
21.847512 -1.794529 37.797783 -22.768807 -35.543422 0.594649 0.417079
22.106350 -1.849224 38.082802 -22.950680 -35.803592 0.590433 0.425069
22.364981 -1.904103 38.367592 -23.132656 -36.062936 0.586202 0.432827
22.623355 -1.959055 38.651641 -23.314634 -36.321473 0.581897 0.440459
22.881406 -2.014047 38.934942 -23.496576 -36.579286 0.577577 0.447959
23.139076 -2.069068 39.217542 -23.678484 -36.836446 0.573266 0.455329
23.396316 -2.124117 39.499502 -23.860382 -37.093022 0.568976 0.462571
23.653087 -2.179193 39.780885 -24.042306 -37.349087 0.564716 0.469687
23.909354 -2.234303 40.061754 -24.224302 -37.604709 0.560491 0.476675
24.165083 -2.289452 40.342174 -24.406420 -37.859959 0.556305 0.483534
24.420244 -2.344649 40.622207 -24.588712 -38.114908 0.552162 0.490261
24.674809 -2.399902 40.901917 -24.771234 -38.369626 0.548064 0.496854
24.928750 -2.455220 41.181367 -24.954038 -38.624183 0.544016 0.503309
25.182038 -2.510612 41.460618 -25.137177 -38.878649 0.540021 0.509625
25.434645 -2.566088 41.739733 -25.320703 -39.133094 0.536082 0.515798
25.686541 -2.621657 42.018773 -25.504661 -39.387588 0.532205 0.521827
25.937696 -2.677325 42.297798 -25.689093 -39.642202 0.528396 0.527710
26.188074 -2.733099 42.576867 -25.874030 -39.897004 0.524664 0.533448
26.437634 -2.788978 42.856036 -26.059488 -40.152065 0.521024 0.539043
26.686326 -2.844955 43.135352 -26.245463 -40.407453 0.517498 0.544499
26.934092 -2.901008 43.414837 -26.431913 -40.663241 0.514129 0.549813
27.180864 -2.957081 43.694430 -26.618744 -40.919499 0.511014 0.554957
27.426661 -3.012968 43.973187 -26.805716 -41.174846 0.507738 0.559974
27.671426 -3.068611 44.251057 -26.992737 -41.429354 0.504394 0.564840
27.915111 -3.123987 44.528070 -27.179766 -41.683094 0.501021 0.569556
28.157683 -3.179085 44.804278 -27.366799 -41.936136 0.497640 0.574129
28.399115 -3.233906 45.079739 -27.553852 -42.188547 0.494264 0.578560
28.639388 -3.288452 45.354514 -27.740953 -42.440397 0.490899 0.582853
28.878489 -3.342732 45.628665 -27.928139 -42.691755 0.487553 0.587007
29.116404 -3.396755 45.902253 -28.115454 -42.942691 0.484229 0.591021
29.353125 -3.450532 46.175338 -28.302943 -43.193274 0.480933 0.594895
29.588642 -3.504073 46.447983 -28.490650 -43.443572 0.477666 0.598627
29.822948 -3.557393 46.720247 -28.678625 -43.693655 0.474433 0.602214
30.056034 -3.610503 46.992190 -28.866910 -43.943591 0.471237 0.605654
30.287890 -3.663415 47.263870 -29.055549 -44.193450 0.468084 0.608947
30.518506 -3.716141 47.535346 -29.244581 -44.443300 0.464978 0.612090
30.747869 -3.768692 47.806675 -29.434037 -44.693209 0.461929 0.615084
30.975962 -3.821073 48.077910 -29.623941 -44.943247 0.458945 0.617928
31.202763 -3.873288 48.349103 -29.814301 -45.193481 0.456042 0.620624
31.428245 -3.925330 48.620293 -30.005105 -45.443979 0.453245 0.623171
31.652374 -3.977178 48.891493 -30.196311 -45.694813 0.450595 0.625563
31.875117 -4.028776 49.162632 -30.387831 -45.946051 0.448180 0.627764
32.096541 -4.079938 49.432902 -30.579454 -46.196345 0.445586 0.629870
32.316621 -4.130609 49.702242 -30.771094 -46.445765 0.442898 0.631851
32.535335 -4.180766 49.970673 -30.962707 -46.694380 0.440155 0.633703
32.752664 -4.230404 50.238240 -31.154283 -46.942258 0.437379 0.635427
32.968598 -4.279524 50.504995 -31.345828 -47.189467 0.434585 0.637028
33.183133 -4.328133 50.770995 -31.537361 -47.436075 0.431783 0.638505
33.396266 -4.376242 51.036299 -31.728911 -47.682149 0.428981 0.639860
33.608000 -4.423863 51.300962 -31.920509 -47.927757 0.426184 0.641092
33.818334 -4.471010 51.565042 -32.112190 -48.172966 0.423399 0.642201
34.027272 -4.517698 51.828596 -32.303987 -48.417844 0.420630 0.643185
34.234816 -4.563941 52.091681 -32.495935 -48.662458 0.417885 0.644042
34.440968 -4.609754 52.354351 -32.688064 -48.906875 0.415169 0.644773
34.645727 -4.655150 52.616662 -32.880402 -49.151163 0.412490 0.645377
34.849092 -4.700140 52.878667 -33.072968 -49.395387 0.409857 0.645852
35.051057 -4.744732 53.140418 -33.265774 -49.639615 0.407282 0.646200
35.251614 -4.788932 53.401965 -33.458819 -49.883913 0.404778 0.646423
35.450749 -4.832737 53.663354 -33.652086 -50.128348 0.402368 0.646522
35.648441 -4.876134 53.924617 -33.845533 -50.372985 0.400078 0.646499
35.844666 -4.919095 54.185764 -34.039087 -50.617892 0.397956 0.646347
36.039405 -4.961559 54.446732 -34.232629 -50.863136 0.396080 0.646035
36.232735 -5.003351 54.706855 -34.425925 -51.107407 0.394034 0.645703
36.424647 -5.044420 54.966085 -34.618869 -51.350779 0.391864 0.645305
36.615166 -5.084769 55.224406 -34.811498 -51.593310 0.389654 0.644848
36.804309 -5.124414 55.481844 -35.003846 -51.835068 0.387420 0.644319
36.992090 -5.163378 55.738441 -35.195954 -52.076122 0.385173 0.643712
37.178524 -5.201688 55.994246 -35.387869 -52.316537 0.382916 0.643022
37.363626 -5.239370 56.249311 -35.579638 -52.556381 0.380653 0.642243
37.547412 -5.276455 56.503687 -35.771310 -52.795720 0.378386 0.641371
37.729896 -5.312970 56.757430 -35.962933 -53.034627 0.376112 0.640400
37.911089 -5.348939 57.010591 -36.154545 -53.273160 0.373843 0.639330
38.091002 -5.384386 57.263225 -36.346182 -53.511387 0.371582 0.638160
38.269644 -5.419332 57.515385 -36.537879 -53.749372 0.369336 0.636887
38.447025 -5.453800 57.767123 -36.729669 -53.987181 0.367110 0.635510
38.623150 -5.487809 58.018490 -36.921580 -54.224879 0.364911 0.634027
38.798027 -5.521377 58.269534 -37.113634 -54.462531 0.362750 0.632435
38.971659 -5.554519 58.520301 -37.305845 -54.700203 0.360637 0.630733
39.144046 -5.587241 58.770830 -37.498215 -54.937959 0.358590 0.628918
39.315187 -5.619546 59.021146 -37.690731 -55.175866 0.356632 0.626983
39.485082 -5.651417 59.271249 -37.883353 -55.413990 0.354801 0.624915
39.653744 -5.682812 59.521071 -38.076011 -55.652395 0.353162 0.622672
39.821288 -5.713592 59.770040 -38.268539 -55.889810 0.351335 0.620431
39.987728 -5.743716 60.018099 -38.460865 -56.126298 0.349384 0.618154
40.153072 -5.773170 60.265253 -38.652953 -56.361927 0.347344 0.615832
40.317323 -5.801955 60.511533 -38.844787 -56.596760 0.345240 0.613459
40.480489 -5.830082 60.756982 -39.036370 -56.830863 0.343086 0.611034
40.642578 -5.857566 61.001647 -39.227715 -57.064300 0.340894 0.608555
40.803601 -5.884425 61.245577 -39.418841 -57.297134 0.338673 0.606022
40.963569 -5.910681 61.488822 -39.609775 -57.529429 0.336431 0.603431
41.122495 -5.936357 61.731431 -39.800543 -57.761249 0.334175 0.600781
41.280390 -5.961476 61.973453 -39.991176 -57.992659 0.331910 0.598070
41.437266 -5.986061 62.214937 -40.181704 -58.223721 0.329644 0.595294
41.593135 -6.010137 62.455930 -40.372155 -58.454499 0.327382 0.592450
41.748007 -6.033726 62.696480 -40.562556 -58.685057 0.325132 0.589536
41.901889 -6.056849 62.936632 -40.752931 -58.915457 0.322902 0.586548
42.054789 -6.079526 63.176429 -40.943296 -59.145764 0.320703 0.583483
42.206711 -6.101771 63.415910 -41.133663 -59.376041 0.318545 0.580337
42.357658 -6.123595 63.655107 -41.324032 -59.606350 0.316448 0.577105
42.507631 -6.145000 63.894042 -41.514388 -59.836755 0.314432 0.573777
42.656639 -6.165973 64.132707 -41.704698 -60.067321 0.312533 0.570337
42.804700 -6.186481 64.371041 -41.894899 -60.298108 0.310806 0.566745
42.951931 -6.206407 64.608568 -42.084846 -60.527891 0.308898 0.563202
43.098356 -6.225716 64.845235 -42.274475 -60.756728 0.306864 0.559672
43.243983 -6.244400 65.081041 -42.463754 -60.984685 0.304737 0.556139
43.388818 -6.262461 65.316012 -42.652670 -61.211823 0.302538 0.552598
43.532867 -6.279911 65.550184 -42.841224 -61.438207 0.300284 0.549043
43.676137 -6.296767 65.783597 -43.029426 -61.663896 0.297987 0.545471
43.818634 -6.313049 66.016294 -43.217294 -61.888955 0.295657 0.541880
43.960367 -6.328779 66.248321 -43.404850 -62.113443 0.293301 0.538267
44.101343 -6.343980 66.479721 -43.592118 -62.337424 0.290928 0.534627
44.241572 -6.358676 66.710538 -43.779126 -62.560958 0.288543 0.530957
44.381061 -6.372892 66.940815 -43.965899 -62.784107 0.286155 0.527253
44.519816 -6.386651 67.170597 -44.152463 -63.006932 0.283769 0.523512
44.657845 -6.399977 67.399924 -44.338843 -63.229494 0.281394 0.519730
44.795151 -6.412890 67.628836 -44.525058 -63.451856 0.279038 0.515901
44.931739 -6.425410 67.857371 -44.711126 -63.674077 0.276711 0.512021
45.067611 -6.437552 68.085563 -44.897055 -63.896219 0.274426 0.508085
45.202768 -6.449327 68.313439 -45.082845 -64.118343 0.272199 0.504084
45.337215 -6.460739 68.541013 -45.268487 -64.340510 0.270050 0.500008
45.470958 -6.471777 68.768276 -45.453950 -64.562783 0.268011 0.495838
45.604021 -6.482413 68.995175 -45.639181 -64.785219 0.266128 0.491537
45.736516 -6.492553 69.221314 -45.824053 -65.006639 0.264078 0.487321
45.868466 -6.502169 69.446646 -46.008512 -65.227098 0.261907 0.483156
45.999882 -6.511253 69.671168 -46.192530 -65.446660 0.259644 0.479026
46.130769 -6.519809 69.894900 -46.376097 -65.665385 0.257311 0.474921
46.261129 -6.527851 70.117870 -46.559214 -65.883333 0.254922 0.470835
46.390967 -6.535394 70.340114 -46.741889 -66.100563 0.252490 0.466762
46.520285 -6.542457 70.561670 -46.924140 -66.317137 0.250024 0.462699
46.649088 -6.549063 70.782575 -47.105986 -66.533112 0.247534 0.458639
46.777377 -6.555233 71.002870 -47.287449 -66.748548 0.245025 0.454580
46.905157 -6.560991 71.222594 -47.468553 -66.963505 0.242507 0.450516
47.032431 -6.566359 71.441784 -47.649322 -67.178042 0.239985 0.446443
47.159201 -6.571360 71.660479 -47.829779 -67.392217 0.237467 0.442356
47.285468 -6.576016 71.878715 -48.009946 -67.606090 0.234960 0.438249
47.411234 -6.580346 72.096528 -48.189842 -67.819719 0.232474 0.434117
47.536499 -6.584369 72.313949 -48.369481 -68.033163 0.230018 0.429953
47.661262 -6.588100 72.531007 -48.548872 -68.246481 0.227604 0.425751
47.785524 -6.591548 72.747723 -48.728017 -68.459731 0.225247 0.421502
47.909286 -6.594716 72.964109 -48.906906 -68.672973 0.222966 0.417192
48.032556 -6.597599 73.180154 -49.085516 -68.886267 0.220788 0.412802
48.155357 -6.600170 73.395811 -49.263801 -69.099666 0.218751 0.408299
48.277792 -6.602355 73.610753 -49.441649 -69.312040 0.216564 0.403907
48.399883 -6.604131 73.824941 -49.619014 -69.523445 0.214265 0.399595
48.521639 -6.605492 74.038368 -49.795875 -69.733937 0.211882 0.395345
48.643063 -6.606443 74.251048 -49.972221 -69.943577 0.209431 0.391147
48.764156 -6.606995 74.463006 -50.148054 -70.152422 0.206929 0.386991
48.884917 -6.607162 74.674271 -50.323384 -70.360529 0.204386 0.382871
49.005346 -6.606963 74.884875 -50.498225 -70.567955 0.201812 0.378782
49.125442 -6.606417 75.094852 -50.672595 -70.774757 0.199216 0.374718
49.245204 -6.605545 75.304234 -50.846514 -70.980993 0.196604 0.370672
49.364630 -6.604366 75.513058 -51.020003 -71.186719 0.193985 0.366640
49.483718 -6.602903 75.721355 -51.193084 -71.391991 0.191365 0.362616
49.602468 -6.601175 75.929158 -51.365778 -71.596867 0.188750 0.358594
49.720876 -6.599201 76.136500 -51.538104 -71.801401 0.186150 0.354568
49.838940 -6.597000 76.343410 -51.710081 -72.005652 0.183572 0.350531
49.956655 -6.594587 76.549916 -51.881721 -72.209674 0.181025 0.346477
50.074020 -6.591975 76.756041 -52.053033 -72.413524 0.178521 0.342395
50.191032 -6.589173 76.961801 -52.224020 -72.617258 0.176073 0.338278
50.307692 -6.586185 77.167205 -52.394673 -72.820933 0.173698 0.334109
50.424006 -6.583003 77.372241 -52.564972 -73.024607 0.171420 0.329872
50.539993 -6.579608 77.576871 -52.734880 -73.228329 0.169271 0.325533
50.655747 -6.575939 77.780824 -52.904298 -73.431022 0.166989 0.321323
50.771286 -6.571978 77.984063 -53.073188 -73.632738 0.164608 0.317211
50.886618 -6.567719 78.186584 -53.241530 -73.833533 0.162150 0.313181
51.001744 -6.563168 78.388396 -53.409318 -74.033462 0.159633 0.309220
51.116661 -6.558333 78.589519 -53.576553 -74.232581 0.157068 0.305317
51.231367 -6.553228 78.789975 -53.743243 -74.430944 0.154468 0.301467
51.345857 -6.547867 78.989793 -53.909403 -74.628606 0.151841 0.297660
51.460126 -6.542267 79.189000 -54.075047 -74.825622 0.149196 0.293892
51.574170 -6.536447 79.387625 -54.240195 -75.022045 0.146538 0.290154
51.687984 -6.530424 79.585698 -54.404866 -75.217930 0.143877 0.286442
51.801562 -6.524216 79.783246 -54.569079 -75.413330 0.141217 0.282749
51.914899 -6.517841 79.980299 -54.732854 -75.608300 0.138567 0.279067
52.027989 -6.511314 80.176882 -54.896207 -75.802893 0.135933 0.275390
52.140826 -6.504652 80.373022 -55.059155 -75.997162 0.133322 0.271711
52.253404 -6.497867 80.568740 -55.221711 -76.191161 0.130745 0.268022
52.365718 -6.490971 80.764056 -55.383881 -76.384944 0.128211 0.264313
52.477763 -6.483970 80.958982 -55.545669 -76.578565 0.125731 0.260573
52.589540 -6.476866 81.153524 -55.707069 -76.772076 0.123323 0.256789
52.701053 -6.469654 81.347672 -55.868064 -76.965533 0.121004 0.252941
52.812318 -6.462318 81.541393 -56.028622 -77.158982 0.118802 0.249002
52.923416 -6.454809 81.734460 -56.188657 -77.351403 0.116486 0.245198
53.034363 -6.447111 81.926845 -56.348135 -77.542842 0.114084 0.241504
53.145164 -6.439221 82.118540 -56.507041 -77.733354 0.111614 0.237902
53.255818 -6.431141 82.309553 -56.665368 -77.922990 0.109093 0.234379
53.366322 -6.422879 82.499898 -56.823120 -78.111804 0.106531 0.230925
53.476669 -6.414446 82.689595 -56.980305 -78.299848 0.103939 0.227530
53.586853 -6.405854 82.878666 -57.136933 -78.487173 0.101326 0.224188
53.696868 -6.397118 83.067133 -57.293020 -78.673831 0.098698 0.220890
53.806704 -6.388251 83.255022 -57.448582 -78.859873 0.096062 0.217631
53.916356 -6.379270 83.442357 -57.603637 -79.045351 0.093426 0.214401
54.025814 -6.370188 83.629162 -57.758202 -79.230315 0.090795 0.211196
54.135072 -6.361019 83.815461 -57.912293 -79.414817 0.088175 0.208007
54.244120 -6.351779 84.001276 -58.065928 -79.598908 0.085574 0.204827
54.352952 -6.342478 84.186628 -58.219120 -79.782638 0.082999 0.201649
54.461558 -6.333127 84.371536 -58.371881 -79.966058 0.080457 0.198462
54.569933 -6.323736 84.556014 -58.524218 -80.149218 0.077958 0.195259
54.678071 -6.314309 84.740074 -58.676133 -80.332170 0.075512 0.192027
54.785971 -6.304847 84.923717 -58.827622 -80.514964 0.073133 0.188753
54.893635 -6.295346 85.106935 -58.978672 -80.697652 0.070838 0.185418
55.001077 -6.285792 85.289702 -59.129254 -80.880277 0.068647 0.181998
55.108367 -6.276145 85.471825 -59.279292 -81.061876 0.066361 0.178715
55.215516 -6.266394 85.653282 -59.428760 -81.242494 0.064001 0.175544
55.322529 -6.256534 85.834066 -59.577643 -81.422181 0.061584 0.172469
55.429404 -6.246566 86.014182 -59.725937 -81.600987 0.059123 0.169478
55.536135 -6.236497 86.193640 -59.873644 -81.778962 0.056629 0.166559
55.642715 -6.226336 86.372456 -60.020772 -81.956154 0.054109 0.163702
55.749137 -6.216091 86.550648 -60.167331 -82.132612 0.051574 0.160901
55.855392 -6.205774 86.728235 -60.313334 -82.308385 0.049028 0.158146
55.961471 -6.195398 86.905238 -60.458795 -82.483522 0.046478 0.155431
56.067365 -6.184972 87.081676 -60.603732 -82.658071 0.043930 0.152748
56.173064 -6.174511 87.257571 -60.748158 -82.832080 0.041390 0.150089
56.278560 -6.164024 87.432941 -60.892089 -83.005597 0.038865 0.147448
56.383843 -6.153523 87.607805 -61.035540 -83.178669 0.036359 0.144816
56.488903 -6.143017 87.782182 -61.178523 -83.351346 0.033879 0.142185
56.593734 -6.132515 87.956085 -61.321049 -83.523674 0.031433 0.139546
56.698327 -6.122023 88.129527 -61.463124 -83.695700 0.029028 0.136890
56.802677 -6.111544 88.302515 -61.604750 -83.867474 0.026675 0.134205
56.906781 -6.101079 88.475052 -61.745925 -84.039042 0.024384 0.131477
57.010641 -6.090623 88.647129 -61.886635 -84.210452 0.022169 0.128691
57.114267 -6.080165 88.818724 -62.026859 -84.381746 0.020049 0.125823
57.217719 -6.069673 88.989677 -62.166529 -84.552020 0.017849 0.123087
57.321008 -6.059138 89.159967 -62.305622 -84.721317 0.015587 0.120462
57.424135 -6.048554 89.329589 -62.444126 -84.889683 0.013278 0.117933
57.527098 -6.037923 89.498545 -62.582038 -85.057165 0.010932 0.115486
57.629891 -6.027248 89.666845 -62.719359 -85.223810 0.008559 0.113110
57.732506 -6.016537 89.834499 -62.856097 -85.389663 0.006166 0.110796
57.834936 -6.005797 90.001522 -62.992260 -85.554770 0.003762 0.108536
57.937171 -5.995035 90.167931 -63.127861 -85.719177 0.001351 0.106322
58.039202 -5.984262 90.333742 -63.262912 -85.882929 -0.001061 0.104146
58.141020 -5.973487 90.498972 -63.397428 -86.046072 -0.003468 0.102000
58.242614 -5.962718 90.663637 -63.531421 -86.208651 -0.005865 0.099876
58.343976 -5.951964 90.827754 -63.664906 -86.370710 -0.008248 0.097769
58.445096 -5.941235 90.991340 -63.797894 -86.532294 -0.010609 0.095668
58.545965 -5.930536 91.154407 -63.930398 -86.693448 -0.012945 0.093567
58.646574 -5.919875 91.316968 -64.062427 -86.854216 -0.015247 0.091456
58.746916 -5.909255 91.479033 -64.193986 -87.014643 -0.017511 0.089325
58.846986 -5.898679 91.640608 -64.325077 -87.174774 -0.019726 0.087165
58.946781 -5.888148 91.801693 -64.455699 -87.334653 -0.021884 0.084960
59.046301 -5.877655 91.962282 -64.585840 -87.494324 -0.023972 0.082698
59.145556 -5.867191 92.122357 -64.715482 -87.653826 -0.025976 0.080356
59.244595 -5.856733 92.281782 -64.844565 -87.812319 -0.028047 0.078140
59.343429 -5.846270 92.440540 -64.973069 -87.969841 -0.030168 0.076029
59.442056 -5.835800 92.598626 -65.100986 -88.126436 -0.032329 0.074008
59.540475 -5.825322 92.756041 -65.228311 -88.282148 -0.034519 0.072066
59.638680 -5.814838 92.912793 -65.355047 -88.437018 -0.036731 0.070192
59.736665 -5.804354 93.068890 -65.481200 -88.591092 -0.038957 0.068377
59.834420 -5.793875 93.224344 -65.606778 -88.744410 -0.041192 0.066612
59.931938 -5.783407 93.379169 -65.731790 -88.897016 -0.043430 0.064889
60.029209 -5.772957 93.533378 -65.856250 -89.048951 -0.045667 0.063201
60.126224 -5.762533 93.686984 -65.980167 -89.200258 -0.047897 0.061540
60.222975 -5.752141 93.840003 -66.103556 -89.350979 -0.050116 0.059899
60.319451 -5.741787 93.992448 -66.226427 -89.501154 -0.052320 0.058270
60.415644 -5.731479 94.144332 -66.348791 -89.650827 -0.054503 0.056645
60.511547 -5.721221 94.295667 -66.470659 -89.800037 -0.056661 0.055016
60.607149 -5.711018 94.446461 -66.592039 -89.948827 -0.058788 0.053376
60.702446 -5.700873 94.596725 -66.712936 -90.097237 -0.060878 0.051714
60.797432 -5.690788 94.746461 -66.833351 -90.245309 -0.062924 0.050019
60.892104 -5.680761 94.895672 -66.953283 -90.393084 -0.064918 0.048281
60.986463 -5.670789 95.044350 -67.072724 -90.540603 -0.066850 0.046484
61.080514 -5.660862 95.192481 -67.191656 -90.687902 -0.068707 0.044612
61.174304 -5.650963 95.339951 -67.310028 -90.834205 -0.070619 0.042855
61.267836 -5.641083 95.486744 -67.427823 -90.979548 -0.072573 0.041195
61.361114 -5.631219 95.632857 -67.545033 -91.123970 -0.074558 0.039620
61.454133 -5.621370 95.778290 -67.661656 -91.267513 -0.076566 0.038117
61.546888 -5.611539 95.923049 -67.777693 -91.410216 -0.078592 0.036677
61.639374 -5.601728 96.067141 -67.893149 -91.552118 -0.080628 0.035291
61.731583 -5.591941 96.210576 -68.008031 -91.693260 -0.082669 0.033951
61.823508 -5.582183 96.353365 -68.122350 -91.833679 -0.084712 0.032649
61.915139 -5.572459 96.495518 -68.236113 -91.973415 -0.086751 0.031377
62.006470 -5.562774 96.637048 -68.349332 -92.112506 -0.088783 0.030128
62.097491 -5.553134 96.777967 -68.462018 -92.250991 -0.090803 0.028895
62.188194 -5.543544 96.918285 -68.574180 -92.388908 -0.092808 0.027671
62.278572 -5.534008 97.058014 -68.685829 -92.526296 -0.094793 0.026448
62.368616 -5.524530 97.197163 -68.796973 -92.663193 -0.096755 0.025219
62.458321 -5.515113 97.335742 -68.907618 -92.799635 -0.098688 0.023976
62.547680 -5.505760 97.473755 -69.017771 -92.935662 -0.100587 0.022709
62.636688 -5.496471 97.611208 -69.127432 -93.071311 -0.102446 0.021409
62.725343 -5.487244 97.748100 -69.236600 -93.206620 -0.104259 0.020064
62.813646 -5.478077 97.884427 -69.345267 -93.341626 -0.106018 0.018663
62.901602 -5.468962 98.020178 -69.453420 -93.476362 -0.107711 0.017189
62.989248 -5.459885 98.155252 -69.561014 -93.610120 -0.109448 0.015820
63.076590 -5.450840 98.289641 -69.668034 -93.742931 -0.111219 0.014539
63.163628 -5.441823 98.423339 -69.774474 -93.874834 -0.113015 0.013335
63.250360 -5.432833 98.556348 -69.880331 -94.005863 -0.114829 0.012197
63.336782 -5.423871 98.688671 -69.985608 -94.136057 -0.116656 0.011116
63.422888 -5.414940 98.820315 -70.090307 -94.265451 -0.118491 0.010083
63.508672 -5.406043 98.951288 -70.194436 -94.394080 -0.120328 0.009091
63.594127 -5.397182 99.081598 -70.298003 -94.521981 -0.122165 0.008132
63.679246 -5.388361 99.211255 -70.401015 -94.649189 -0.123998 0.007199
63.764023 -5.379586 99.340269 -70.503483 -94.775739 -0.125822 0.006285
63.848449 -5.370858 99.468649 -70.605414 -94.901666 -0.127635 0.005384
63.932517 -5.362183 99.596406 -70.706819 -95.027006 -0.129434 0.004488
64.016222 -5.353564 99.723548 -70.807705 -95.151792 -0.131214 0.003591
64.099556 -5.345002 99.850085 -70.908080 -95.276060 -0.132972 0.002686
64.182513 -5.336502 99.976022 -71.007950 -95.399843 -0.134704 0.001765
64.265090 -5.328063 100.101365 -71.107319 -95.523177 -0.136406 0.000819
64.347281 -5.319687 100.226117 -71.206189 -95.646095 -0.138073 -0.000160
64.429085 -5.311372 100.350280 -71.304558 -95.768632 -0.139699 -0.001183
64.510502 -5.303115 100.473848 -71.402421 -95.890822 -0.141277 -0.002260
64.591537 -5.294909 100.596814 -71.499765 -96.012693 -0.142799 -0.003405
64.672222 -5.286745 100.719092 -71.596552 -96.133608 -0.144356 -0.004457
64.752560 -5.278618 100.840675 -71.692771 -96.253595 -0.145940 -0.005430
64.832553 -5.270523 100.961560 -71.788414 -96.372688 -0.147543 -0.006334
64.912199 -5.262461 101.081746 -71.883481 -96.490919 -0.149161 -0.007180
64.991494 -5.254432 101.201237 -71.977973 -96.608322 -0.150788 -0.007974
65.070434 -5.246437 101.320038 -72.071894 -96.724928 -0.152419 -0.008727
65.149013 -5.238478 101.438156 -72.165248 -96.840772 -0.154053 -0.009444
65.227226 -5.230558 101.555598 -72.258043 -96.955883 -0.155684 -0.010132
65.305067 -5.222679 101.672372 -72.350286 -97.070296 -0.157310 -0.010798
65.382530 -5.214845 101.788486 -72.441985 -97.184040 -0.158927 -0.011449
65.459609 -5.207059 101.903950 -72.533147 -97.297148 -0.160534 -0.012090
65.536298 -5.199322 102.018770 -72.623781 -97.409651 -0.162128 -0.012727
65.612591 -5.191638 102.132955 -72.713893 -97.521581 -0.163704 -0.013368
65.688484 -5.184009 102.246512 -72.803491 -97.632968 -0.165261 -0.014019
65.763971 -5.176436 102.359447 -72.892579 -97.743843 -0.166794 -0.014687
65.839048 -5.168921 102.471764 -72.981161 -97.854237 -0.168301 -0.015378
65.913713 -5.161463 102.583467 -73.069238 -97.964181 -0.169777 -0.016102
65.987963 -5.154060 102.694555 -73.156810 -98.073705 -0.171218 -0.016868
66.061800 -5.146711 102.805026 -73.243872 -98.182840 -0.172617 -0.017684
66.135226 -5.139411 102.914873 -73.330413 -98.291612 -0.173969 -0.018563
66.208270 -5.132152 103.024025 -73.416401 -98.399453 -0.175348 -0.019361
66.280934 -5.124929 103.132475 -73.501826 -98.506389 -0.176748 -0.020089
66.353220 -5.117741 103.240221 -73.586683 -98.612449 -0.178163 -0.020757
66.425125 -5.110586 103.347263 -73.670971 -98.717663 -0.179589 -0.021372
66.496647 -5.103465 103.453603 -73.754692 -98.822061 -0.181021 -0.021944
66.567783 -5.096378 103.559247 -73.837847 -98.925671 -0.182455 -0.022479
66.638528 -5.089326 103.664199 -73.920442 -99.028522 -0.183890 -0.022983
66.708878 -5.082313 103.768467 -74.002483 -99.130642 -0.185322 -0.023463
66.778828 -5.075339 103.872056 -74.083975 -99.232061 -0.186748 -0.023924
66.848374 -5.068407 103.974974 -74.164927 -99.332805 -0.188167 -0.024373
66.917510 -5.061519 104.077228 -74.245343 -99.432904 -0.189575 -0.024814
66.986232 -5.054678 104.178825 -74.325232 -99.532385 -0.190971 -0.025254
67.054535 -5.047884 104.279771 -74.404598 -99.631274 -0.192351 -0.025698
67.122415 -5.041139 104.380074 -74.483449 -99.729601 -0.193714 -0.026153
67.189868 -5.034446 104.479737 -74.561788 -99.827392 -0.195057 -0.026624
67.256891 -5.027803 104.578765 -74.639618 -99.924674 -0.196377 -0.027118
67.323483 -5.021212 104.677160 -74.716941 -100.021475 -0.197670 -0.027642
67.389641 -5.014670 104.774923 -74.793757 -100.117821 -0.198932 -0.028204
67.455366 -5.008177 104.872052 -74.870061 -100.213739 -0.200160 -0.028813
67.520662 -5.001727 104.968543 -74.945846 -100.309252 -0.201348 -0.029478
67.585551 -4.995316 105.064334 -75.021083 -100.403866 -0.202557 -0.030073
67.650036 -4.988941 105.159422 -75.095766 -100.497601 -0.203781 -0.030608
67.714118 -4.982599 105.253804 -75.169889 -100.590485 -0.205017 -0.031090
67.777796 -4.976289 105.347482 -75.243453 -100.682543 -0.206260 -0.031528
67.841068 -4.970012 105.440456 -75.316457 -100.773802 -0.207507 -0.031927
67.903931 -4.963767 105.532732 -75.388906 -100.864285 -0.208755 -0.032295
67.966382 -4.957557 105.624314 -75.460802 -100.954019 -0.210002 -0.032637
68.028418 -4.951382 105.715206 -75.532152 -101.043028 -0.211245 -0.032959
68.090036 -4.945244 105.805416 -75.602959 -101.131338 -0.212483 -0.033265
68.151230 -4.939144 105.894949 -75.673231 -101.218971 -0.213714 -0.033561
68.211999 -4.933084 105.983811 -75.742972 -101.305954 -0.214935 -0.033851
68.272337 -4.927066 106.072008 -75.812189 -101.392310 -0.216144 -0.034141
68.332242 -4.921091 106.159546 -75.880886 -101.478063 -0.217341 -0.034436
68.391710 -4.915160 106.246430 -75.949069 -101.563237 -0.218522 -0.034740
68.450739 -4.909273 106.332665 -76.016741 -101.647855 -0.219686 -0.035060
68.509326 -4.903432 106.418254 -76.083906 -101.731942 -0.220829 -0.035400
68.567470 -4.897636 106.503200 -76.150565 -101.815520 -0.221951 -0.035767
68.625170 -4.891884 106.587503 -76.216718 -101.898612 -0.223046 -0.036168
68.682427 -4.886175 106.671163 -76.282360 -101.981243 -0.224113 -0.036610
68.739244 -4.880505 106.754176 -76.347488 -102.063430 -0.225146 -0.037100
68.795638 -4.874871 106.836492 -76.412077 -102.144755 -0.226195 -0.037532
68.851614 -4.869271 106.918108 -76.476122 -102.225235 -0.227255 -0.037912
68.907171 -4.863702 106.999024 -76.539620 -102.304894 -0.228323 -0.038248
68.962309 -4.858164 107.079239 -76.602569 -102.383752 -0.229395 -0.038547
69.017028 -4.852657 107.158757 -76.664972 -102.461833 -0.230470 -0.038813
69.071324 -4.847181 107.237579 -76.726830 -102.539158 -0.231544 -0.039052
69.125197 -4.841737 107.315711 -76.788148 -102.615749 -0.232617 -0.039270
69.178643 -4.836326 107.393157 -76.848928 -102.691626 -0.233685 -0.039471
69.231660 -4.830948 107.469922 -76.909176 -102.766811 -0.234749 -0.039658
69.284245 -4.825606 107.546012 -76.968897 -102.841325 -0.235805 -0.039837
69.336396 -4.820300 107.621431 -77.028096 -102.915189 -0.236852 -0.040012
69.388110 -4.815032 107.696184 -77.086778 -102.988422 -0.237890 -0.040187
69.439385 -4.809802 107.770278 -77.144946 -103.061045 -0.238915 -0.040366
69.490218 -4.804611 107.843716 -77.202606 -103.133080 -0.239928 -0.040554
69.540608 -4.799460 107.916503 -77.259760 -103.204544 -0.240926 -0.040754
69.590553 -4.794349 107.988641 -77.316412 -103.275459 -0.241906 -0.040972
69.640052 -4.789279 108.060134 -77.372563 -103.345845 -0.242869 -0.041213
69.689106 -4.784247 108.130981 -77.428213 -103.415719 -0.243810 -0.041482
69.737714 -4.779254 108.201184 -77.483360 -103.485104 -0.244727 -0.041785
69.785879 -4.774296 108.270740 -77.538000 -103.554013 -0.245617 -0.042129
69.833616 -4.769372 108.339609 -77.592114 -103.622103 -0.246517 -0.042424
69.880929 -4.764479 108.407790 -77.645698 -103.689389 -0.247425 -0.042677
69.927817 -4.759617 108.475282 -77.698750 -103.755890 -0.248338 -0.042894
69.974282 -4.754784 108.542086 -77.751270 -103.821624 -0.249253 -0.043079
70.020321 -4.749981 108.608204 -77.803259 -103.886610 -0.250169 -0.043238
70.065935 -4.745207 108.673640 -77.854720 -103.950866 -0.251084 -0.043375
70.111122 -4.740464 108.738396 -77.905654 -104.014409 -0.251995 -0.043494
70.155880 -4.735752 108.802477 -77.956066 -104.077258 -0.252903 -0.043598
70.200208 -4.731072 108.865888 -78.005961 -104.139429 -0.253805 -0.043692
70.244105 -4.726424 108.928633 -78.055341 -104.200941 -0.254700 -0.043778
70.287568 -4.721810 108.990717 -78.104211 -104.261809 -0.255588 -0.043861
70.330597 -4.717230 109.052144 -78.152576 -104.322052 -0.256467 -0.043943
70.373189 -4.712685 109.112919 -78.200439 -104.381685 -0.257335 -0.044028
70.415344 -4.708176 109.173045 -78.247804 -104.440726 -0.258193 -0.044119
70.457060 -4.703703 109.232527 -78.294674 -104.499191 -0.259037 -0.044221
70.498337 -4.699267 109.291369 -78.341052 -104.557096 -0.259868 -0.044336
70.539174 -4.694867 109.349571 -78.386939 -104.614456 -0.260684 -0.044469
70.579573 -4.690502 109.407136 -78.432335 -104.671290 -0.261482 -0.044623
70.619533 -4.686173 109.464065 -78.477241 -104.727611 -0.262260 -0.044805
70.659057 -4.681877 109.520356 -78.521652 -104.783433 -0.263018 -0.045018
70.698157 -4.677613 109.575979 -78.565556 -104.838488 -0.263781 -0.045193
70.736836 -4.673380 109.630935 -78.608949 -104.892787 -0.264549 -0.045334
70.775094 -4.669177 109.685223 -78.651831 -104.946347 -0.265319 -0.045446
70.812932 -4.665003 109.738845 -78.694201 -104.999183 -0.266089 -0.045534
70.850350 -4.660859 109.791803 -78.736061 -105.051308 -0.266858 -0.045600
70.887348 -4.656744 109.844100 -78.777414 -105.102738 -0.267624 -0.045649
70.923926 -4.652658 109.895739 -78.818261 -105.153486 -0.268387 -0.045682
70.960082 -4.648604 109.946724 -78.858606 -105.203568 -0.269145 -0.045704
70.995817 -4.644580 109.997059 -78.898452 -105.252996 -0.269898 -0.045716
71.031130 -4.640588 110.046749 -78.937804 -105.301784 -0.270645 -0.045723
71.066020 -4.636628 110.095796 -78.976663 -105.349947 -0.271385 -0.045725
71.100486 -4.632701 110.144206 -79.015035 -105.397497 -0.272116 -0.045726
71.134529 -4.628807 110.191982 -79.052923 -105.444448 -0.272839 -0.045728
71.168147 -4.624948 110.239129 -79.090329 -105.490813 -0.273552 -0.045733
71.201340 -4.621123 110.285650 -79.127257 -105.536604 -0.274254 -0.045746
71.234109 -4.617333 110.331547 -79.163709 -105.581835 -0.274945 -0.045767
71.266454 -4.613578 110.376825 -79.199687 -105.626518 -0.275623 -0.045800
71.298376 -4.609857 110.421484 -79.235192 -105.670665 -0.276288 -0.045849
71.329876 -4.606170 110.465526 -79.270224 -105.714289 -0.276937 -0.045915
71.360956 -4.602516 110.508951 -79.304782 -105.757400 -0.277570 -0.046004
71.391625 -4.598895 110.551739 -79.338856 -105.799806 -0.278204 -0.046065
71.421885 -4.595305 110.593892 -79.372445 -105.841517 -0.278840 -0.046101
71.451738 -4.591747 110.635409 -79.405550 -105.882546 -0.279475 -0.046115
71.481184 -4.588219 110.676293 -79.438170 -105.922903 -0.280108 -0.046111
71.510225 -4.584722 110.716546 -79.470308 -105.962599 -0.280738 -0.046090
71.538861 -4.581257 110.756171 -79.501966 -106.001646 -0.281365 -0.046056
71.567092 -4.577822 110.795171 -79.533145 -106.040055 -0.281987 -0.046010
71.594920 -4.574420 110.833551 -79.563850 -106.077836 -0.282604 -0.045954
71.622343 -4.571050 110.871312 -79.594082 -106.115000 -0.283215 -0.045891
71.649362 -4.567713 110.908460 -79.623844 -106.151557 -0.283820 -0.045822
71.675977 -4.564410 110.944998 -79.653141 -106.187517 -0.284419 -0.045748
71.702190 -4.561141 110.980929 -79.681975 -106.222890 -0.285009 -0.045673
71.728000 -4.557906 111.016258 -79.710349 -106.257686 -0.285592 -0.045596
71.753407 -4.554706 111.050989 -79.738266 -106.291915 -0.286167 -0.045520
71.778412 -4.551542 111.085124 -79.765729 -106.325586 -0.286732 -0.045447
71.803017 -4.548413 111.118667 -79.792741 -106.358708 -0.287288 -0.045378
71.827221 -4.545320 111.151620 -79.819302 -106.391292 -0.287833 -0.045316
71.851026 -4.542264 111.183988 -79.845416 -106.423345 -0.288367 -0.045262
71.874434 -4.539243 111.215770 -79.871082 -106.454877 -0.288889 -0.045217
71.897446 -4.536258 111.246969 -79.896301 -106.485896 -0.289399 -0.045185
71.920069 -4.533309 111.277575 -79.921069 -106.516287 -0.289907 -0.045136
71.942304 -4.530394 111.307589 -79.945385 -106.546058 -0.290412 -0.045070
71.964153 -4.527515 111.337012 -79.969251 -106.575218 -0.290914 -0.044990
71.985617 -4.524671 111.365848 -79.992668 -106.603773 -0.291411 -0.044899
72.006698 -4.521862 111.394098 -80.015638 -106.631733 -0.291904 -0.044797
72.027397 -4.519089 111.421766 -80.038163 -106.659106 -0.292391 -0.044685
72.047715 -4.516352 111.448855 -80.060244 -106.685898 -0.292873 -0.044565
72.067652 -4.513651 111.475368 -80.081886 -106.712117 -0.293348 -0.044439
72.087210 -4.510987 111.501308 -80.103089 -106.737770 -0.293817 -0.044307
72.106389 -4.508361 111.526680 -80.123857 -106.762865 -0.294279 -0.044170
72.125191 -4.505772 111.551485 -80.144193 -106.787409 -0.294735 -0.044030
72.143616 -4.503222 111.575728 -80.164100 -106.811408 -0.295182 -0.043887
72.161665 -4.500711 111.599413 -80.183579 -106.834869 -0.295622 -0.043741
72.179340 -4.498239 111.622542 -80.202634 -106.857799 -0.296054 -0.043595
72.196641 -4.495808 111.645119 -80.221267 -106.880203 -0.296478 -0.043448
72.213570 -4.493417 111.667147 -80.239481 -106.902089 -0.296893 -0.043302
72.230127 -4.491066 111.688629 -80.257278 -106.923462 -0.297300 -0.043157
72.246314 -4.488757 111.709568 -80.274661 -106.944328 -0.297697 -0.043015
72.262132 -4.486489 111.729967 -80.291630 -106.964692 -0.298085 -0.042875
72.277583 -4.484263 111.749828 -80.308188 -106.984562 -0.298463 -0.042740
72.292669 -4.482079 111.769149 -80.324334 -107.003899 -0.298835 -0.042598
72.307392 -4.479938 111.787934 -80.340071 -107.022711 -0.299200 -0.042452
72.321753 -4.477839 111.806184 -80.355399 -107.041002 -0.299558 -0.042301
72.335754 -4.475782 111.823902 -80.370321 -107.058777 -0.299908 -0.042147
72.349395 -4.473770 111.841090 -80.384839 -107.076041 -0.300252 -0.041989
72.362678 -4.471801 111.857752 -80.398955 -107.092800 -0.300587 -0.041829
72.375605 -4.469876 111.873890 -80.412670 -107.109056 -0.300915 -0.041668
72.388175 -4.467996 111.889507 -80.425987 -107.124816 -0.301234 -0.041505
72.400390 -4.466161 111.904605 -80.438907 -107.140083 -0.301545 -0.041340
72.412251 -4.464372 111.919187 -80.451434 -107.154862 -0.301848 -0.041176
72.423760 -4.462629 111.933255 -80.463569 -107.169157 -0.302142 -0.041011
72.434916 -4.460933 111.946812 -80.475313 -107.182971 -0.302428 -0.040846
72.445721 -4.459284 111.959861 -80.486669 -107.196309 -0.302705 -0.040681
72.456177 -4.457682 111.972403 -80.497639 -107.209174 -0.302973 -0.040518
72.466283 -4.456129 111.984442 -80.508225 -107.221570 -0.303232 -0.040355
72.476040 -4.454624 111.995979 -80.518428 -107.233500 -0.303482 -0.040194
72.485450 -4.453168 112.007016 -80.528250 -107.244968 -0.303723 -0.040034
72.494513 -4.451762 112.017556 -80.537694 -107.255977 -0.303954 -0.039876
72.503231 -4.450406 112.027601 -80.546759 -107.266529 -0.304176 -0.039719
72.511603 -4.449100 112.037152 -80.555449 -107.276628 -0.304389 -0.039566
72.519630 -4.447845 112.046212 -80.563764 -107.286277 -0.304592 -0.039414
72.527314 -4.446642 112.054781 -80.571707 -107.295478 -0.304785 -0.039265
72.534654 -4.445491 112.062862 -80.579278 -107.304233 -0.304969 -0.039119
72.541651 -4.444392 112.070455 -80.586478 -107.312546 -0.305143 -0.038975
72.548307 -4.443346 112.077564 -80.593309 -107.320418 -0.305307 -0.038835
72.554620 -4.442353 112.084188 -80.599772 -107.327852 -0.305461 -0.038698
72.560593 -4.441413 112.090328 -80.605868 -107.334850 -0.305605 -0.038564
72.566224 -4.440528 112.095987 -80.611599 -107.341413 -0.305739 -0.038434
72.571515 -4.439698 112.101164 -80.616964 -107.347543 -0.305863 -0.038308
72.576466 -4.438922 112.105862 -80.621965 -107.353243 -0.305977 -0.038185
72.581076 -4.438202 112.110079 -80.626603 -107.358514 -0.306080 -0.038066
72.585347 -4.437538 112.113818 -80.630877 -107.363356 -0.306173 -0.037951
72.589277 -4.436930 112.117078 -80.634790 -107.367773 -0.306256 -0.037840
72.592868 -4.436378 112.119859 -80.638341 -107.371764 -0.306328 -0.037734
72.596119 -4.435884 112.122163 -80.641531 -107.375330 -0.306390 -0.037632
72.599030 -4.435447 112.123989 -80.644360 -107.378474 -0.306441 -0.037534
72.601600 -4.435068 112.125337 -80.646828 -107.381195 -0.306481 -0.037441
72.603830 -4.434747 112.126207 -80.648936 -107.383495 -0.306511 -0.037353
72.605720 -4.434485 112.126599 -80.650684 -107.385374 -0.306530 -0.037269
72.607268 -4.434281 112.126512 -80.652072 -107.386833 -0.306538 -0.037191
72.608475 -4.434138 112.125946 -80.653099 -107.387871 -0.306535 -0.037117
72.609339 -4.434053 112.124900 -80.653767 -107.388490 -0.306521 -0.037049
72.609860 -4.434029 112.123373 -80.654073 -107.388689 -0.306496 -0.036985
72.610038 -4.434065 112.121364 -80.654019 -107.388469 -0.306460 -0.036927
72.609872 -4.434163 112.118873 -80.653603 -107.387830 -0.306413 -0.036875
72.609360 -4.434321 112.115898 -80.652826 -107.386770 -0.306355 -0.036828
72.608502 -4.434541 112.112438 -80.651687 -107.385291 -0.306285 -0.036786
72.607297 -4.434822 112.108491 -80.650184 -107.383391 -0.306204 -0.036750
72.605744 -4.435166 112.104055 -80.648319 -107.381070 -0.306112 -0.036720
72.603841 -4.435572 112.099130 -80.646088 -107.378328 -0.306008 -0.036696
72.601588 -4.436041 112.093712 -80.643493 -107.375163 -0.305892 -0.036678
72.598982 -4.436573 112.087801 -80.640531 -107.371575 -0.305766 -0.036666
72.596022 -4.437169 112.081393 -80.637202 -107.367562 -0.305627 -0.036660
72.592707 -4.437828 112.074486 -80.633505 -107.363125 -0.305477 -0.036661
72.589036 -4.438552 112.067079 -80.629438 -107.358261 -0.305315 -0.036668
72.585005 -4.439339 112.059167 -80.625000 -107.352968 -0.305142 -0.036682
72.580614 -4.440192 112.050750 -80.620190 -107.347247 -0.304956 -0.036702
72.575861 -4.441109 112.041822 -80.615006 -107.341094 -0.304759 -0.036729
72.570743 -4.442091 112.032382 -80.609447 -107.334509 -0.304549 -0.036764
72.565258 -4.443139 112.022426 -80.603510 -107.327489 -0.304328 -0.036805
72.559405 -4.444253 112.011951 -80.597195 -107.320033 -0.304095 -0.036853
72.553180 -4.445433 112.000953 -80.590499 -107.312138 -0.303850 -0.036909
72.546581 -4.446678 111.989428 -80.583420 -107.303802 -0.303592 -0.036972
72.539606 -4.447991 111.977373 -80.575957 -107.295024 -0.303322 -0.037043
72.532252 -4.449370 111.964783 -80.568107 -107.285800 -0.303040 -0.037121
72.524517 -4.450816 111.951655 -80.559868 -107.276127 -0.302746 -0.037208
72.516397 -4.452329 111.937983 -80.551238 -107.266004 -0.302439 -0.037302
72.507890 -4.453910 111.923764 -80.542214 -107.255428 -0.302120 -0.037405
72.498991 -4.455558 111.908992 -80.532794 -107.244395 -0.301789 -0.037516
72.489700 -4.457274 111.893663 -80.522975 -107.232903 -0.301445 -0.037635
72.480011 -4.459059 111.877772 -80.512755 -107.220948 -0.301089 -0.037764
72.469921 -4.460911 111.861313 -80.502130 -107.208526 -0.300720 -0.037900
72.459428 -4.462832 111.844281 -80.491099 -107.195636 -0.300338 -0.038046
72.448527 -4.464821 111.826671 -80.479657 -107.182272 -0.299944 -0.038202
72.437214 -4.466880 111.808476 -80.467803 -107.168432 -0.299537 -0.038366
72.425487 -4.469007 111.789691 -80.455532 -107.154111 -0.299117 -0.038540
72.413340 -4.471203 111.770309 -80.442842 -107.139305 -0.298685 -0.038724
72.400769 -4.473468 111.750325 -80.429729 -107.124011 -0.298239 -0.038918
72.387772 -4.475803 111.729731 -80.416190 -107.108224 -0.297781 -0.039122
72.374342 -4.478207 111.708522 -80.402221 -107.091940 -0.297310 -0.039336
72.360476 -4.480681 111.686689 -80.387819 -107.075154 -0.296826 -0.039561
72.346169 -4.483225 111.664227 -80.372979 -107.057861 -0.296329 -0.039796
72.331417 -4.485838 111.641128 -80.357699 -107.040058 -0.295819 -0.040042
72.316214 -4.488522 111.617384 -80.341973 -107.021738 -0.295296 -0.040300
72.300556 -4.491275 111.592988 -80.325799 -107.002897 -0.294760 -0.040569
72.284438 -4.494098 111.567932 -80.309171 -106.983529 -0.294211 -0.040850
72.267854 -4.496992 111.542208 -80.292086 -106.963630 -0.293649 -0.041142
72.250799 -4.499955 111.515807 -80.274540 -106.943193 -0.293073 -0.041447
72.233268 -4.502989 111.488722 -80.256527 -106.922213 -0.292485 -0.041764
72.215254 -4.506093 111.460943 -80.238044 -106.900685 -0.291883 -0.042093
72.196754 -4.509267 111.432462 -80.219085 -106.878602 -0.291268 -0.042435
72.177759 -4.512512 111.403270 -80.199646 -106.855957 -0.290640 -0.042791
72.158266 -4.515827 111.373356 -80.179722 -106.832746 -0.289999 -0.043160
72.138267 -4.519212 111.342713 -80.159308 -106.808961 -0.289345 -0.043542
72.117756 -4.522667 111.311330 -80.138398 -106.784596 -0.288677 -0.043938
72.096727 -4.526192 111.279196 -80.116989 -106.759644 -0.287996 -0.044349
72.075174 -4.529788 111.246303 -80.095074 -106.734098 -0.287302 -0.044774
72.053090 -4.533453 111.212639 -80.072647 -106.707952 -0.286595 -0.045213
72.030468 -4.537188 111.178194 -80.049705 -106.681197 -0.285874 -0.045668
72.007301 -4.540994 111.142958 -80.026240 -106.653826 -0.285140 -0.046138
71.983582 -4.544868 111.106918 -80.002247 -106.625833 -0.284393 -0.046623
71.959304 -4.548813 111.070064 -79.977720 -106.597208 -0.283633 -0.047125
71.934460 -4.552827 111.032384 -79.952653 -106.567945 -0.282860 -0.047642
71.909042 -4.556910 110.993867 -79.927040 -106.538034 -0.282073 -0.048176
71.883043 -4.561063 110.954500 -79.900876 -106.507469 -0.281274 -0.048727
71.856456 -4.565284 110.914272 -79.874152 -106.476240 -0.280461 -0.049295
71.829271 -4.569575 110.873169 -79.846864 -106.444338 -0.279635 -0.049880
71.801482 -4.573933 110.831178 -79.819004 -106.411756 -0.278796 -0.050483
71.773080 -4.578361 110.788288 -79.790566 -106.378483 -0.277945 -0.051104
71.744056 -4.582856 110.744485 -79.761543 -106.344511 -0.277080 -0.051743
71.714403 -4.587419 110.699755 -79.731928 -106.309829 -0.276202 -0.052401
71.684113 -4.592050 110.654084 -79.701714 -106.274430 -0.275312 -0.053078
71.653175 -4.596747 110.607459 -79.670893 -106.238302 -0.274408 -0.053774
71.621582 -4.601512 110.559865 -79.639460 -106.201436 -0.273492 -0.054490
71.589325 -4.606344 110.511287 -79.607405 -106.163822 -0.272564 -0.055226
71.556394 -4.611241 110.461712 -79.574721 -106.125449 -0.271623 -0.055982
71.522780 -4.616205 110.411124 -79.541402 -106.086306 -0.270669 -0.056758
71.488475 -4.621234 110.359507 -79.507438 -106.046383 -0.269703 -0.057556
71.453468 -4.626328 110.306846 -79.472823 -106.005668 -0.268724 -0.058375
71.417750 -4.631487 110.253126 -79.437547 -105.964151 -0.267733 -0.059215
71.381311 -4.636710 110.198329 -79.401604 -105.921820 -0.266731 -0.060077
71.344141 -4.641997 110.142441 -79.364983 -105.878663 -0.265716 -0.060962
71.306231 -4.647348 110.085443 -79.327678 -105.834668 -0.264689 -0.061869
71.267569 -4.652761 110.027320 -79.289679 -105.789823 -0.263650 -0.062798
71.228147 -4.658236 109.968054 -79.250977 -105.744116 -0.262600 -0.063751
71.187953 -4.663774 109.907627 -79.211564 -105.697533 -0.261538 -0.064728
71.146978 -4.669372 109.846022 -79.171431 -105.650063 -0.260465 -0.065728
71.105209 -4.675031 109.783220 -79.130568 -105.601691 -0.259380 -0.066752
71.062638 -4.680750 109.719204 -79.088966 -105.552405 -0.258284 -0.067800
71.019252 -4.686529 109.653955 -79.046617 -105.502191 -0.257178 -0.068873
70.975041 -4.692366 109.587454 -79.003509 -105.451035 -0.256060 -0.069970
70.929995 -4.698261 109.519681 -78.959633 -105.398922 -0.254932 -0.071093
70.884100 -4.704214 109.450618 -78.914980 -105.345839 -0.253793 -0.072241
70.837347 -4.710224 109.380244 -78.869539 -105.291771 -0.252644 -0.073415
70.789724 -4.716289 109.308540 -78.823300 -105.236702 -0.251485 -0.074614
70.741220 -4.722410 109.235485 -78.776253 -105.180617 -0.250316 -0.075840
70.691823 -4.728585 109.161058 -78.728388 -105.123501 -0.249138 -0.077092
70.641521 -4.734814 109.085240 -78.679693 -105.065339 -0.247949 -0.078370
70.590302 -4.741096 109.008008 -78.630157 -105.006113 -0.246752 -0.079674
70.538155 -4.747430 108.929341 -78.579771 -104.945808 -0.245546 -0.081006
70.485068 -4.753814 108.849217 -78.528522 -104.884407 -0.244330 -0.082364
70.431029 -4.760249 108.767615 -78.476399 -104.821892 -0.243106 -0.083749
70.376026 -4.766733 108.684512 -78.423391 -104.758247 -0.241874 -0.085161
70.320047 -4.773266 108.599885 -78.369486 -104.693454 -0.240634 -0.086601
70.263079 -4.779845 108.513712 -78.314672 -104.627495 -0.239386 -0.088067
70.205111 -4.786471 108.425970 -78.258938 -104.560351 -0.238130 -0.089561
70.146130 -4.793142 108.336634 -78.202270 -104.492005 -0.236867 -0.091082
70.086125 -4.799858 108.245682 -78.144657 -104.422436 -0.235597 -0.092630
70.025082 -4.806616 108.153089 -78.086086 -104.351627 -0.234320 -0.094205
69.962990 -4.813417 108.058831 -78.026545 -104.279557 -0.233038 -0.095807
69.899836 -4.820258 107.962884 -77.966019 -104.206206 -0.231748 -0.097436
69.835609 -4.827138 107.865223 -77.904497 -104.131554 -0.230454 -0.099091
69.770295 -4.834057 107.765823 -77.841965 -104.055580 -0.229153 -0.100773
69.703883 -4.841013 107.664658 -77.778409 -103.978263 -0.227848 -0.102482
69.636360 -4.848004 107.561703 -77.713816 -103.899583 -0.226538 -0.104216
69.567715 -4.855030 107.456932 -77.648171 -103.819516 -0.225223 -0.105976
69.497935 -4.862089 107.350320 -77.581461 -103.738041 -0.223905 -0.107761
69.427009 -4.869179 107.241839 -77.513671 -103.655135 -0.222582 -0.109570
69.354923 -4.876299 107.131463 -77.444787 -103.570776 -0.221256 -0.111404
69.281668 -4.883448 107.019166 -77.374793 -103.484939 -0.219928 -0.113262
69.207231 -4.890623 106.904921 -77.303675 -103.397602 -0.218596 -0.115143
69.131599 -4.897824 106.788700 -77.231417 -103.308739 -0.217263 -0.117046
69.054763 -4.905048 106.670475 -77.158005 -103.218327 -0.215928 -0.118972
68.976711 -4.912294 106.550221 -77.083422 -103.126339 -0.214591 -0.120918
68.897431 -4.919560 106.427907 -77.007652 -103.032752 -0.213253 -0.122884
68.816913 -4.926843 106.303508 -76.930679 -102.937538 -0.211915 -0.124869
68.735146 -4.934143 106.176993 -76.852486 -102.840671 -0.210576 -0.126873
68.652119 -4.941457 106.048336 -76.773058 -102.742125 -0.209238 -0.128894
68.567823 -4.948783 105.917507 -76.692376 -102.641872 -0.207900 -0.130930
68.482247 -4.956118 105.784479 -76.610425 -102.539885 -0.206564 -0.132981
68.395382 -4.963461 105.649221 -76.527185 -102.436134 -0.205229 -0.135045
68.307218 -4.970809 105.511705 -76.442640 -102.330592 -0.203896 -0.137121
68.217747 -4.978159 105.371903 -76.356771 -102.223229 -0.202565 -0.139208
68.126959 -4.985510 105.229785 -76.269560 -102.114015 -0.201238 -0.141302
68.034847 -4.992857 105.085321 -76.180989 -102.002920 -0.199914 -0.143404
67.941402 -5.000199 104.938483 -76.091038 -101.889913 -0.198594 -0.145510
67.846617 -5.007532 104.789241 -75.999688 -101.774963 -0.197278 -0.147619
67.750485 -5.014854 104.637566 -75.906920 -101.658037 -0.195967 -0.149729
67.653000 -5.022161 104.483428 -75.812715 -101.539105 -0.194661 -0.151837
67.554154 -5.029449 104.326798 -75.717051 -101.418131 -0.193362 -0.153940
67.453944 -5.036716 104.167646 -75.619908 -101.295083 -0.192068 -0.156037
67.352364 -5.043957 104.005944 -75.521266 -101.169927 -0.190782 -0.158125
67.249409 -5.051169 103.841660 -75.421104 -101.042628 -0.189503 -0.160200
67.145076 -5.058346 103.674767 -75.319401 -100.913151 -0.188232 -0.162260
67.039362 -5.065486 103.505235 -75.216134 -100.781459 -0.186969 -0.164302
66.932265 -5.072583 103.333035 -75.111281 -100.647517 -0.185716 -0.166321
66.823782 -5.079633 103.158137 -75.004822 -100.511286 -0.184473 -0.168314
66.713914 -5.086630 102.980514 -74.896732 -100.372730 -0.183240 -0.170278
66.602659 -5.093569 102.800135 -74.786989 -100.231809 -0.182018 -0.172208
66.490019 -5.100445 102.616974 -74.675570 -100.088484 -0.180807 -0.174100
66.375995 -5.107251 102.431001 -74.562451 -99.942716 -0.179609 -0.175950
66.260590 -5.113981 102.242189 -74.447609 -99.794465 -0.178424 -0.177753
66.143807 -5.120629 102.050510 -74.331019 -99.643688 -0.177253 -0.179504
66.025651 -5.127187 101.855937 -74.212657 -99.490345 -0.176097 -0.181197
65.906127 -5.133648 101.658443 -74.092499 -99.334392 -0.174956 -0.182827
65.785241 -5.140005 101.458001 -73.970520 -99.175786 -0.173831 -0.184388
65.663002 -5.146248 101.254586 -73.846695 -99.014483 -0.172724 -0.185874
65.539418 -5.152369 101.048173 -73.720999 -98.850439 -0.171635 -0.187279
65.414499 -5.158359 100.838735 -73.593406 -98.683607 -0.170566 -0.188595
65.288257 -5.164209 100.626251 -73.463892 -98.513941 -0.169517 -0.189815
65.160702 -5.169907 100.410695 -73.332430 -98.341395 -0.168490 -0.190931
65.031850 -5.175444 100.192046 -73.198996 -98.165920 -0.167487 -0.191936
64.901714 -5.180807 99.970282 -73.063565 -97.987466 -0.166508 -0.192820
64.770312 -5.185985 99.745384 -72.926111 -97.805986 -0.165556 -0.193575
64.637660 -5.190965 99.517331 -72.786609 -97.621428 -0.164633 -0.194190
64.503777 -5.195734 99.286108 -72.645036 -97.433740 -0.163740 -0.194655
64.368683 -5.200279 99.051696 -72.501369 -97.242871 -0.162880 -0.194958
64.232399 -5.204584 98.814084 -72.355583 -97.048768 -0.162056 -0.195089
64.094947 -5.208636 98.573260 -72.207659 -96.851375 -0.161270 -0.195032
63.956349 -5.212419 98.329215 -72.057574 -96.650639 -0.160527 -0.194775
63.816629 -5.215917 98.081944 -71.905313 -96.446502 -0.159830 -0.194302
63.675809 -5.219115 97.831447 -71.750857 -96.238908 -0.159183 -0.193595
63.533912 -5.221998 97.577729 -71.594196 -96.027799 -0.158594 -0.192635
63.390960 -5.224551 97.320801 -71.435320 -95.813115 -0.158068 -0.191399
63.246972 -5.226759 97.060685 -71.274225 -95.594795 -0.157613 -0.189864
63.101960 -5.228612 96.797411 -71.110916 -95.372778 -0.157239 -0.187999
62.955933 -5.230099 96.531026 -70.945404 -95.147000 -0.156959 -0.185770
62.808888 -5.231217 96.261597 -70.777714 -94.917397 -0.156788 -0.183135
62.660809 -5.231968 95.989215 -70.607886 -94.683900 -0.156745 -0.180042
62.511656 -5.232363 95.714009 -70.435981 -94.446460 -0.156857 -0.176429
62.361272 -5.232440 95.436399 -70.262158 -94.207345 -0.156790 -0.172823
62.209583 -5.232211 95.156571 -70.086480 -93.966501 -0.156570 -0.169140
62.056495 -5.231682 94.874732 -69.908992 -93.723853 -0.156215 -0.165289
61.901878 -5.230852 94.591136 -69.729730 -93.479322 -0.155743 -0.161165
61.745535 -5.229724 94.306144 -69.548731 -93.232836 -0.155183 -0.156768
61.587106 -5.228325 94.020631 -69.366065 -92.984486 -0.154632 -0.153509
61.426514 -5.226650 93.734711 -69.181731 -92.734152 -0.154084 -0.150940
61.263749 -5.224689 93.448441 -68.995714 -92.481738 -0.153533 -0.148808
61.098834 -5.222433 93.161853 -68.808001 -92.227158 -0.152982 -0.146970
60.931808 -5.219874 92.874965 -68.618575 -91.970336 -0.152433 -0.145337
60.762716 -5.217007 92.587786 -68.427423 -91.711197 -0.151891 -0.143852
60.591606 -5.213829 92.300321 -68.234534 -91.449665 -0.151365 -0.142477
60.418528 -5.210336 92.012573 -68.039903 -91.185669 -0.150863 -0.141183
60.243531 -5.206532 91.724543 -67.843527 -90.919134 -0.150397 -0.139944
60.066663 -5.202419 91.436230 -67.645412 -90.649987 -0.149981 -0.138741
59.887975 -5.198005 91.147636 -67.445570 -90.378154 -0.149630 -0.137556
59.707516 -5.193305 90.858757 -67.244023 -90.103562 -0.149362 -0.136373
59.525339 -5.188337 90.569594 -67.040809 -89.826135 -0.149202 -0.135180
59.341498 -5.183130 90.280143 -66.835979 -89.545801 -0.149177 -0.133966
59.156053 -5.177724 89.990399 -66.629608 -89.262504 -0.149320 -0.132727
58.969013 -5.172184 89.700483 -66.421858 -88.978450 -0.149259 -0.131641
58.780437 -5.166551 89.410391 -66.212804 -88.693583 -0.149026 -0.130698
58.590376 -5.160853 89.120120 -66.002501 -88.407828 -0.148649 -0.129890
58.398877 -5.155110 88.829668 -65.790987 -88.121107 -0.148152 -0.129203
58.205983 -5.149334 88.539034 -65.578288 -87.833342 -0.147556 -0.128625
58.011732 -5.143532 88.248215 -65.364419 -87.544455 -0.146878 -0.128141
57.816161 -5.137703 87.957210 -65.149388 -87.254366 -0.146134 -0.127739
57.619304 -5.131848 87.666018 -64.933194 -86.962997 -0.145338 -0.127403
57.421195 -5.125960 87.374636 -64.715834 -86.670268 -0.144504 -0.127121
57.221864 -5.120035 87.083063 -64.497301 -86.376097 -0.143645 -0.126880
57.021341 -5.114063 86.791296 -64.277587 -86.080405 -0.142774 -0.126667
56.819656 -5.108038 86.499335 -64.056683 -85.783109 -0.141903 -0.126469
56.616837 -5.101952 86.207176 -63.834583 -85.484129 -0.141047 -0.126274
56.412913 -5.095800 85.914819 -63.611283 -85.183383 -0.140219 -0.126069
56.207915 -5.089577 85.622260 -63.386783 -84.880788 -0.139437 -0.125845
56.001871 -5.083284 85.329497 -63.161094 -84.576262 -0.138718 -0.125591
55.794815 -5.076926 85.036528 -62.934232 -84.269723 -0.138084 -0.125296
55.586781 -5.070515 84.743349 -62.706233 -83.961087 -0.137561 -0.124956
55.377809 -5.064074 84.449956 -62.477147 -83.650272 -0.137178 -0.124566
55.167946 -5.057637 84.156344 -62.247050 -83.337217 -0.136972 -0.124128
54.957189 -5.051270 83.862636 -62.016109 -83.024086 -0.136557 -0.123776
54.745587 -5.045007 83.568827 -61.784400 -82.710816 -0.135968 -0.123509
54.533176 -5.038871 83.274913 -61.551976 -82.397324 -0.135236 -0.123320
54.319992 -5.032874 82.980892 -61.318872 -82.083525 -0.134386 -0.123202
54.106063 -5.027020 82.686760 -61.085109 -81.769333 -0.133439 -0.123147
53.891416 -5.021309 82.392515 -60.850693 -81.454664 -0.132415 -0.123142
53.676072 -5.015732 82.098155 -60.615623 -81.139431 -0.131330 -0.123180
53.460054 -5.010280 81.803677 -60.379893 -80.823548 -0.130199 -0.123249
53.243380 -5.004941 81.509078 -60.143488 -80.506929 -0.129036 -0.123339
53.026069 -4.999699 81.214356 -59.906392 -80.189485 -0.127854 -0.123440
52.808137 -4.994539 80.919509 -59.668588 -79.871131 -0.126665 -0.123543
52.589601 -4.989446 80.624532 -59.430058 -79.551779 -0.125484 -0.123638
52.370477 -4.984405 80.329425 -59.190784 -79.231342 -0.124324 -0.123715
52.150781 -4.979403 80.034183 -58.950755 -78.909730 -0.123199 -0.123767
51.930532 -4.974430 79.738803 -58.709962 -78.586858 -0.122126 -0.123785
51.709748 -4.969479 79.443284 -58.468408 -78.262636 -0.121123 -0.123763
51.488452 -4.964550 79.147620 -58.226105 -77.936976 -0.120214 -0.123696
51.266670 -4.959652 78.851809 -57.983081 -77.609792 -0.119423 -0.123580
51.044432 -4.954801 78.555846 -57.739388 -77.280995 -0.118782 -0.123417
50.821779 -4.950030 78.259723 -57.495104 -76.950520 -0.118328 -0.123213
50.598709 -4.945409 77.963569 -57.250401 -76.620479 -0.117670 -0.123053
50.375263 -4.940970 77.667377 -57.005359 -76.290807 -0.116845 -0.122941
50.151474 -4.936732 77.371144 -56.760030 -75.961415 -0.115884 -0.122873
49.927367 -4.932704 77.074865 -56.514448 -75.632214 -0.114813 -0.122848
49.702963 -4.928886 76.778537 -56.268625 -75.303115 -0.113655 -0.122857
49.478281 -4.925270 76.482158 -56.022565 -74.974028 -0.112429 -0.122896
49.253333 -4.921847 76.185724 -55.776258 -74.644864 -0.111151 -0.122955
49.028133 -4.918599 75.889232 -55.529689 -74.315533 -0.109837 -0.123029
48.802689 -4.915511 75.592679 -55.282837 -73.985943 -0.108500 -0.123110
48.577009 -4.912562 75.296061 -55.035675 -73.656005 -0.107153 -0.123189
48.351102 -4.909733 74.999376 -54.788179 -73.325628 -0.105807 -0.123261
48.124974 -4.907002 74.702619 -54.540320 -72.994721 -0.104476 -0.123317
47.898632 -4.904352 74.405787 -54.292073 -72.663193 -0.103173 -0.123352
47.672084 -4.901764 74.108878 -54.043419 -72.330954 -0.101911 -0.123360
47.445339 -4.899226 73.811886 -53.794341 -71.997913 -0.100706 -0.123335
47.218407 -4.896726 73.514809 -53.544834 -71.663978 -0.099578 -0.123274
46.991305 -4.894261 73.217642 -53.294906 -71.329061 -0.098547 -0.123175
46.764051 -4.891838 72.920381 -53.044583 -70.993069 -0.097640 -0.123039
46.536672 -4.889472 72.623022 -52.793916 -70.655914 -0.096889 -0.122872
46.309207 -4.887195 72.325557 -52.542986 -70.317528 -0.096332 -0.122685
46.081658 -4.885083 72.028116 -52.291976 -69.979962 -0.095579 -0.122509
45.854066 -4.883167 71.730693 -52.040971 -69.643149 -0.094669 -0.122354
45.626459 -4.881465 71.433283 -51.790026 -69.306997 -0.093634 -0.122221
45.398858 -4.879985 71.135882 -51.539170 -68.971417 -0.092501 -0.122109
45.171281 -4.878724 70.838487 -51.288413 -68.636318 -0.091292 -0.122017
44.943736 -4.877672 70.541094 -51.037751 -68.301609 -0.090027 -0.121941
44.716232 -4.876814 70.243699 -50.787171 -67.967197 -0.088720 -0.121875
44.488773 -4.876134 69.946298 -50.536647 -67.632992 -0.087388 -0.121814
44.261361 -4.875610 69.648889 -50.286152 -67.298902 -0.086041 -0.121755
44.033996 -4.875220 69.351466 -50.035652 -66.964835 -0.084691 -0.121690
43.806679 -4.874942 69.054027 -49.785113 -66.630699 -0.083351 -0.121616
43.579408 -4.874752 68.756567 -49.534500 -66.296402 -0.082030 -0.121527
43.352183 -4.874629 68.459081 -49.283779 -65.961853 -0.080741 -0.121420
43.125004 -4.874554 68.161567 -49.032922 -65.626960 -0.079497 -0.121290
42.897873 -4.874510 67.864019 -48.781907 -65.291631 -0.078312 -0.121136
42.670795 -4.874485 67.566434 -48.530722 -64.955775 -0.077204 -0.120956
42.443779 -4.874475 67.268807 -48.279370 -64.619301 -0.076193 -0.120752
42.216841 -4.874484 66.971133 -48.027876 -64.282118 -0.075306 -0.120527
41.990005 -4.874527 66.673408 -47.776288 -63.944136 -0.074575 -0.120291
41.763310 -4.874639 66.375624 -47.524697 -63.605288 -0.074038 -0.120062
41.536770 -4.874898 66.077912 -47.273297 -63.267553 -0.073316 -0.119818
41.310425 -4.875338 65.780266 -47.022181 -62.930863 -0.072448 -0.119573
41.084303 -4.875978 65.482681 -46.771405 -62.595128 -0.071469 -0.119334
40.858424 -4.876821 65.185154 -46.520996 -62.260258 -0.070404 -0.119104
40.632798 -4.877865 64.887679 -46.270961 -61.926162 -0.069276 -0.118882
40.407431 -4.879099 64.590253 -46.021290 -61.592750 -0.068102 -0.118667
40.182325 -4.880506 64.292872 -45.771964 -61.259930 -0.066898 -0.118458
39.957478 -4.882067 63.995532 -45.522952 -60.927611 -0.065675 -0.118250
39.732886 -4.883760 63.698227 -45.274217 -60.595701 -0.064447 -0.118042
39.508543 -4.885561 63.400954 -45.025720 -60.264110 -0.063221 -0.117830
39.284441 -4.887447 63.103709 -44.777420 -59.932746 -0.062008 -0.117610
39.060574 -4.889394 62.806486 -44.529273 -59.601518 -0.060818 -0.117379
38.836935 -4.891379 62.509282 -44.281240 -59.270335 -0.059661 -0.117136
38.613516 -4.893382 62.212091 -44.033286 -58.939107 -0.058547 -0.116878
38.390315 -4.895384 61.914909 -43.785382 -58.607741 -0.057490 -0.116605
38.167331 -4.897375 61.617732 -43.537510 -58.276149 -0.056506 -0.116319
37.944569 -4.899347 61.320554 -43.289669 -57.944240 -0.055613 -0.116023
37.722041 -4.901305 61.023371 -43.041880 -57.611925 -0.054838 -0.115724
37.499771 -4.903266 60.726177 -42.794194 -57.279115 -0.054211 -0.115436
37.277802 -4.905262 60.428965 -42.546707 -56.945745 -0.053770 -0.115181
37.056160 -4.907379 60.131867 -42.299631 -56.613710 -0.053159 -0.114890
36.834890 -4.909649 59.834876 -42.053065 -56.282945 -0.052415 -0.114582
36.614021 -4.912092 59.537987 -41.807066 -55.953361 -0.051572 -0.114266
36.393569 -4.914712 59.241196 -41.561661 -55.624870 -0.050656 -0.113950
36.173543 -4.917503 58.944498 -41.316853 -55.297384 -0.049690 -0.113636
35.953943 -4.920454 58.647889 -41.072627 -54.970813 -0.048688 -0.113324
35.734767 -4.923548 58.351364 -40.828957 -54.645067 -0.047664 -0.113016
35.516008 -4.926766 58.054918 -40.585806 -54.320057 -0.046630 -0.112708
35.297655 -4.930085 57.758547 -40.343134 -53.995695 -0.045593 -0.112401
35.079698 -4.933482 57.462246 -40.100894 -53.671889 -0.044564 -0.112091
34.862125 -4.936932 57.166009 -39.859038 -53.348553 -0.043549 -0.111778
34.644921 -4.940412 56.869833 -39.617518 -53.025595 -0.042556 -0.111459
34.428075 -4.943900 56.573712 -39.376290 -52.702928 -0.041594 -0.111134
34.211575 -4.947375 56.277641 -39.135311 -52.380463 -0.040670 -0.110802
33.995413 -4.950820 55.981615 -38.894549 -52.058111 -0.039797 -0.110465
33.779583 -4.954223 55.685628 -38.653979 -51.735785 -0.038988 -0.110126
33.564087 -4.957576 55.389677 -38.413596 -51.413397 -0.038261 -0.109790
33.348935 -4.960884 55.093755 -38.173417 -51.090860 -0.037638 -0.109467
33.134152 -4.964163 54.797858 -37.933496 -50.768088 -0.037151 -0.109174
32.919783 -4.967447 54.501976 -37.693933 -50.445019 -0.036837 -0.108939
32.705873 -4.970823 54.206243 -37.454959 -50.123456 -0.036365 -0.108649
32.492473 -4.974325 53.910651 -37.216681 -49.803334 -0.035776 -0.108330
32.279611 -4.977970 53.615193 -36.979156 -49.484570 -0.035102 -0.107994
32.067302 -4.981763 53.319867 -36.742409 -49.167077 -0.034368 -0.107651
31.855552 -4.985697 53.024667 -36.506438 -48.850771 -0.033594 -0.107306
31.644359 -4.989760 52.729588 -36.271224 -48.535564 -0.032793 -0.106962
31.433715 -4.993936 52.434626 -36.036736 -48.221370 -0.031978 -0.106619
31.223608 -4.998205 52.139774 -35.802933 -47.908103 -0.031157 -0.106279
31.014026 -5.002545 51.845029 -35.569768 -47.595677 -0.030337 -0.105940
30.804952 -5.006935 51.550385 -35.337191 -47.284006 -0.029525 -0.105602
30.596368 -5.011351 51.255836 -35.105152 -46.973003 -0.028727 -0.105263
30.388259 -5.015770 50.961378 -34.873597 -46.662582 -0.027948 -0.104924
30.180607 -5.020173 50.667004 -34.642478 -46.352660 -0.027196 -0.104584
29.973397 -5.024539 50.372711 -34.411749 -46.043149 -0.026475 -0.104244
29.766616 -5.028852 50.078491 -34.181371 -45.733966 -0.025797 -0.103906
29.560254 -5.033100 49.784340 -33.951318 -45.425025 -0.025170 -0.103574
29.354312 -5.037276 49.490253 -33.721579 -45.116243 -0.024612 -0.103256
29.148796 -5.041384 49.196224 -33.492168 -44.807536 -0.024143 -0.102964
28.943733 -5.045439 48.902249 -33.263136 -44.498824 -0.023793 -0.102717
28.739172 -5.049474 48.608318 -33.034590 -44.190046 -0.023597 -0.102547
28.535178 -5.053577 48.314560 -32.806781 -43.882901 -0.023259 -0.102308
28.331805 -5.057781 48.020968 -32.579820 -43.577332 -0.022819 -0.102030
28.129085 -5.062101 47.727538 -32.353763 -43.273256 -0.022308 -0.101729
27.927030 -5.066540 47.434263 -32.128632 -42.970593 -0.021749 -0.101417
27.725643 -5.071093 47.141140 -31.904421 -42.669260 -0.021160 -0.101100
27.524919 -5.075746 46.848163 -31.681105 -42.369175 -0.020552 -0.100783
27.324846 -5.080483 46.555326 -31.458650 -42.070256 -0.019934 -0.100468
27.125410 -5.085287 46.262625 -31.237011 -41.772420 -0.019314 -0.100156
26.926594 -5.090138 45.970053 -31.016140 -41.475586 -0.018697 -0.099847
26.728379 -5.095014 45.677606 -30.795983 -41.179671 -0.018087 -0.099541
26.530745 -5.099895 45.385277 -30.576489 -40.884594 -0.017489 -0.099237
26.333671 -5.104761 45.093062 -30.357602 -40.590274 -0.016906 -0.098937
26.137138 -5.109592 44.800954 -30.139272 -40.296628 -0.016344 -0.098639
25.941128 -5.114372 44.508949 -29.921450 -40.003577 -0.015807 -0.098345
25.745624 -5.119085 44.217040 -29.704096 -39.711040 -0.015302 -0.098058
25.550616 -5.123720 43.925221 -29.487179 -39.418937 -0.014838 -0.097784
25.356099 -5.128270 43.633488 -29.270684 -39.127188 -0.014427 -0.097529
25.162079 -5.132739 43.341835 -29.054621 -38.835714 -0.014089 -0.097308
24.968581 -5.137139 43.050257 -28.839039 -38.544440 -0.013849 -0.097143
24.775660 -5.141503 42.758745 -28.624048 -38.253308 -0.013743 -0.097069
24.583401 -5.145914 42.467423 -28.409914 -37.963907 -0.013513 -0.096915
24.391863 -5.150404 42.176284 -28.196753 -37.676182 -0.013195 -0.096714
24.201075 -5.154986 41.885323 -27.984618 -37.390056 -0.012821 -0.096487
24.011049 -5.159661 41.594535 -27.773525 -37.105453 -0.012410 -0.096246
23.821785 -5.164422 41.303914 -27.563464 -36.822296 -0.011977 -0.095999
23.633275 -5.169258 41.013455 -27.354407 -36.540507 -0.011532 -0.095751
23.445506 -5.174153 40.723153 -27.146316 -36.260008 -0.011080 -0.095506
23.258459 -5.179091 40.433001 -26.939146 -35.980723 -0.010627 -0.095264
23.072116 -5.184054 40.142995 -26.732846 -35.702575 -0.010178 -0.095025
22.886457 -5.189025 39.853128 -26.527365 -35.425486 -0.009735 -0.094791
22.701458 -5.193984 39.563395 -26.322649 -35.149380 -0.009301 -0.094562
22.517099 -5.198915 39.273790 -26.118645 -34.874181 -0.008879 -0.094336
22.333358 -5.203801 38.984308 -25.915301 -34.599813 -0.008473 -0.094115
22.150215 -5.208627 38.694942 -25.712569 -34.326200 -0.008084 -0.093901
21.967652 -5.213380 38.405687 -25.510408 -34.053267 -0.007720 -0.093695
21.785657 -5.218049 38.116538 -25.308783 -33.780939 -0.007385 -0.093504
21.604221 -5.222628 37.827487 -25.107677 -33.509142 -0.007090 -0.093336
21.423351 -5.227120 37.538531 -24.907096 -33.237803 -0.006851 -0.093205
21.243070 -5.231536 37.249663 -24.707083 -32.966849 -0.006691 -0.093135
21.063435 -5.235903 36.960875 -24.507748 -32.696231 -0.006643 -0.093163
20.884549 -5.240300 36.672286 -24.309372 -32.427414 -0.006488 -0.093104
20.706474 -5.244754 36.383886 -24.112067 -32.160348 -0.006264 -0.092993
20.529239 -5.249275 36.095673 -23.915882 -31.894962 -0.005995 -0.092854
20.352852 -5.253862 35.807639 -23.720828 -31.631186 -0.005701 -0.092699
20.177311 -5.258509 35.519780 -23.526890 -31.368946 -0.005390 -0.092537
20.002606 -5.263205 35.232089 -23.334039 -31.108172 -0.005072 -0.092373
19.828721 -5.267936 34.944562 -23.142234 -30.848792 -0.004750 -0.092211
19.655638 -5.272687 34.657191 -22.951431 -30.590735 -0.004429 -0.092051
19.483337 -5.277443 34.369973 -22.761580 -30.333928 -0.004111 -0.091895
19.311796 -5.282188 34.082900 -22.572631 -30.078302 -0.003798 -0.091742
19.140993 -5.286908 33.795968 -22.384533 -29.823785 -0.003492 -0.091592
18.970907 -5.291589 33.509170 -22.197233 -29.570307 -0.003196 -0.091446
18.801515 -5.296215 33.222500 -22.010683 -29.317798 -0.002911 -0.091304
18.632798 -5.300774 32.935953 -21.824834 -29.066189 -0.002639 -0.091167
18.464737 -5.305254 32.649523 -21.639646 -28.815409 -0.002384 -0.091037
18.297317 -5.309648 32.363204 -21.455083 -28.565391 -0.002151 -0.090921
18.130530 -5.313948 32.076990 -21.271125 -28.316065 -0.001947 -0.090825
17.964380 -5.318155 31.790876 -21.087772 -28.067366 -0.001785 -0.090763
17.798889 -5.322278 31.504856 -20.905062 -27.819226 -0.001684 -0.090760
17.634114 -5.326340 31.218922 -20.723098 -27.571601 -0.001675 -0.090854
17.470174 -5.330408 30.933183 -20.542166 -27.325825 -0.001580 -0.090854
17.307130 -5.334504 30.647634 -20.362375 -27.081854 -0.001433 -0.090795
17.145011 -5.338636 30.362267 -20.183765 -26.839623 -0.001258 -0.090702
16.983825 -5.342802 30.077079 -20.006346 -26.599065 -0.001081 -0.090581
16.823567 -5.347005 29.792077 -19.830106 -26.360078 -0.001006 -0.090391
16.664125 -5.351393 29.508549 -19.655031 -26.122658 -0.000842 -0.090249
16.505448 -5.356021 29.227012 -19.481093 -25.886735 -0.000595 -0.090160
16.347525 -5.360875 28.947466 -19.308250 -25.652228 -0.000314 -0.090099
16.190347 -5.365931 28.669854 -19.136454 -25.419070 -0.000013 -0.090061
16.033906 -5.371164 28.394106 -18.965652 -25.187197 0.000304 -0.090043
15.878190 -5.376547 28.120155 -18.795795 -24.956543 0.000633 -0.090041
15.723188 -5.382056 27.847927 -18.626828 -24.727046 0.000971 -0.090055
15.568886 -5.387667 27.577352 -18.458704 -24.498641 0.001314 -0.090082
15.415274 -5.393356 27.308360 -18.291375 -24.271266 0.001662 -0.090123
15.262341 -5.399105 27.040878 -18.124797 -24.044858 0.002009 -0.090177
15.110079 -5.404893 26.774837 -17.958934 -23.819354 0.002351 -0.090248
14.958488 -5.410704 26.510166 -17.793761 -23.594694 0.002682 -0.090341
14.807574 -5.416528 26.246797 -17.629275 -23.370815 0.002989 -0.090469
14.657365 -5.422364 25.984672 -17.465508 -23.147657 0.003247 -0.090649
14.507917 -5.428232 25.723789 -17.302557 -22.925154 0.003373 -0.090897
14.359302 -5.434295 25.465245 -17.140724 -22.704559 0.003656 -0.091098
14.211582 -5.440570 25.209043 -16.980109 -22.485809 0.004009 -0.091264
14.064788 -5.447052 24.955131 -16.820745 -22.268843 0.004404 -0.091413
13.918933 -5.453727 24.703446 -16.662633 -22.053601 0.004827 -0.091556
13.774017 -5.460577 24.453922 -16.505749 -21.840026 0.005271 -0.091699
13.630035 -5.467582 24.206493 -16.350063 -21.628059 0.005730 -0.091845
13.486976 -5.474723 23.961094 -16.195534 -21.417641 0.006203 -0.091997
13.344829 -5.481978 23.717658 -16.042122 -21.208714 0.006685 -0.092153
13.203580 -5.489330 23.476122 -15.889781 -21.001220 0.007175 -0.092314
13.063215 -5.496757 23.236420 -15.738469 -20.795103 0.007672 -0.092479
12.923718 -5.504243 22.998487 -15.588139 -20.590305 0.008172 -0.092648
12.785074 -5.511768 22.762261 -15.438749 -20.386770 0.008676 -0.092820
12.647267 -5.519316 22.527677 -15.290255 -20.184441 0.009180 -0.092994
12.510283 -5.526871 22.294671 -15.142617 -19.983262 0.009684 -0.093172
12.374109 -5.534417 22.063181 -14.995797 -19.783179 0.010185 -0.093354
12.238733 -5.541941 21.833143 -14.849762 -19.584135 0.010679 -0.093544
12.104149 -5.549432 21.604495 -14.704491 -19.386077 0.011164 -0.093748
11.970360 -5.556881 21.377174 -14.559977 -19.188951 0.011629 -0.093977
11.837387 -5.564287 21.151126 -14.416247 -18.992703 0.012058 -0.094251
11.705279 -5.571664 20.926334 -14.273387 -18.797275 0.012385 -0.094593
11.574131 -5.579142 20.703826 -14.131688 -18.603771 0.012825 -0.094871
11.443997 -5.586733 20.483591 -13.991238 -18.412132 0.013311 -0.095108
11.314901 -5.594431 20.265577 -13.852065 -18.222307 0.013823 -0.095323
11.186848 -5.602225 20.049726 -13.714165 -18.034245 0.014350 -0.095527
11.059835 -5.610102 19.835980 -13.577519 -17.847893 0.014888 -0.095725
10.933853 -5.618046 19.624281 -13.442097 -17.663202 0.015435 -0.095921
10.808890 -5.626044 19.414571 -13.307865 -17.480119 0.015987 -0.096116
10.684931 -5.634081 19.206793 -13.174786 -17.298594 0.016543 -0.096312
10.561962 -5.642142 19.000891 -13.042822 -17.118578 0.017103 -0.096507
10.439968 -5.650214 18.796809 -12.911936 -16.940021 0.017663 -0.096703
10.318932 -5.658283 18.594491 -12.782090 -16.762872 0.018224 -0.096898
10.198839 -5.666336 18.393881 -12.653244 -16.587084 0.018785 -0.097092
10.079673 -5.674363 18.194925 -12.525364 -16.412607 0.019343 -0.097287
9.961418 -5.682350 17.997569 -12.398413 -16.239393 0.019898 -0.097482
9.844063 -5.690288 17.801757 -12.272359 -16.067395 0.020448 -0.097678
9.727593 -5.698166 17.607435 -12.147173 -15.896566 0.020992 -0.097879
9.612002 -5.705977 17.414551 -12.022836 -15.726858 0.021526 -0.098090
9.497289 -5.713714 17.223049 -11.899341 -15.558225 0.022045 -0.098322
9.383469 -5.721376 17.032881 -11.776708 -15.390622 0.022537 -0.098591
9.270586 -5.728972 16.844022 -11.655011 -15.223999 0.022954 -0.098927
9.158742 -5.736600 16.657394 -11.534516 -15.059302 0.023449 -0.099195
9.047983 -5.744267 16.472978 -11.415298 -14.896482 0.023971 -0.099424
8.938326 -5.751966 16.290725 -11.297379 -14.735494 0.024506 -0.099630
8.829774 -5.759692 16.110586 -11.180754 -14.576295 0.025049 -0.099824
8.722320 -5.767433 15.932510 -11.065406 -14.418841 0.025597 -0.100012
8.615955 -5.775179 15.756449 -10.951309 -14.263090 0.026147 -0.100195
8.510666 -5.782920 15.582354 -10.838434 -14.108998 0.026698 -0.100376
8.406440 -5.790646 15.410178 -10.726752 -13.956522 0.027249 -0.100556
8.303263 -5.798347 15.239872 -10.616230 -13.805622 0.027799 -0.100734
8.201120 -5.806013 15.071391 -10.506836 -13.656254 0.028348 -0.100910
8.099996 -5.813635 14.904686 -10.398539 -13.508377 0.028893 -0.101085
7.999877 -5.821204 14.739714 -10.291307 -13.361952 0.029435 -0.101258
7.900748 -5.828713 14.576427 -10.185110 -13.216936 0.029973 -0.101431
7.802596 -5.836153 14.414781 -10.079919 -13.073291 0.030506 -0.101603
7.705408 -5.843516 14.254730 -9.975707 -12.930976 0.031033 -0.101776
7.609172 -5.850797 14.096231 -9.872449 -12.789953 0.031552 -0.101952
7.513882 -5.857990 13.939239 -9.770130 -12.650182 0.032063 -0.102136
7.419534 -5.865090 13.783709 -9.668742 -12.511626 0.032561 -0.102336
7.326140 -5.872096 13.629600 -9.568301 -12.374247 0.033038 -0.102568
7.233737 -5.879013 13.476885 -9.468867 -12.238005 0.033462 -0.102859
7.142421 -5.885911 13.326350 -9.370672 -12.103682 0.033934 -0.103089
7.052231 -5.892792 13.177973 -9.273776 -11.971237 0.034421 -0.103283
6.963179 -5.899654 13.031713 -9.178198 -11.840636 0.034914 -0.103459
6.875264 -5.906489 12.887530 -9.083932 -11.711842 0.035408 -0.103623
6.788482 -5.913293 12.745382 -8.990964 -11.584820 0.035902 -0.103782
6.702823 -5.920057 12.605231 -8.899274 -11.459536 0.036395 -0.103936
6.618275 -5.926775 12.467037 -8.808838 -11.335955 0.036885 -0.104088
6.534827 -5.933441 12.330762 -8.719633 -11.214043 0.037371 -0.104238
6.452466 -5.940046 12.196368 -8.631632 -11.093766 0.037854 -0.104387
6.371181 -5.946586 12.063818 -8.544811 -10.975090 0.038333 -0.104534
6.290958 -5.953054 11.933076 -8.459145 -10.857984 0.038806 -0.104680
6.211786 -5.959444 11.804104 -8.374610 -10.742415 0.039275 -0.104825
6.133652 -5.965750 11.676867 -8.291180 -10.628350 0.039737 -0.104969
6.056544 -5.971969 11.551330 -8.208834 -10.515758 0.040193 -0.105113
5.980453 -5.978093 11.427457 -8.127550 -10.404609 0.040641 -0.105258
5.905368 -5.984121 11.305214 -8.047310 -10.294871 0.041082 -0.105405
5.831283 -5.990046 11.184567 -7.968099 -10.186515 0.041513 -0.105559
5.758195 -5.995867 11.065480 -7.889914 -10.079511 0.041934 -0.105726
5.686113 -6.001582 10.947921 -7.812765 -9.973829 0.042338 -0.105919
5.615066 -6.007195 10.831867 -7.736701 -9.869440 0.042705 -0.106161
5.545135 -6.012751 10.717947 -7.661907 -9.766956 0.043099 -0.106352
5.476352 -6.018250 10.606141 -7.588434 -9.666348 0.043498 -0.106515
5.408725 -6.023692 10.496416 -7.516292 -9.567589 0.043898 -0.106663
5.342253 -6.029072 10.388741 -7.445481 -9.470650 0.044295 -0.106803
5.276931 -6.034386 10.283087 -7.375989 -9.375507 0.044688 -0.106939
5.212752 -6.039629 10.179424 -7.307800 -9.282133 0.045076 -0.107071
5.149707 -6.044797 10.077722 -7.240899 -9.190502 0.045460 -0.107202
5.087787 -6.049886 9.977953 -7.175266 -9.100589 0.045838 -0.107332
5.026982 -6.054892 9.880090 -7.110883 -9.012369 0.046210 -0.107461
4.967283 -6.059809 9.784105 -7.047733 -8.925817 0.046576 -0.107589
4.908680 -6.064636 9.689972 -6.985797 -8.840910 0.046935 -0.107717
4.851164 -6.069367 9.597664 -6.925056 -8.757624 0.047287 -0.107845
4.794725 -6.073999 9.507155 -6.865495 -8.675937 0.047632 -0.107972
4.739356 -6.078530 9.418421 -6.807096 -8.595825 0.047969 -0.108100
4.685048 -6.082955 9.331436 -6.749845 -8.517266 0.048298 -0.108229
4.631794 -6.087273 9.246176 -6.693728 -8.440239 0.048619 -0.108361
4.579588 -6.091479 9.162617 -6.638736 -8.364723 0.048930 -0.108497
4.528431 -6.095573 9.080734 -6.584865 -8.290698 0.049231 -0.108643
4.478326 -6.099554 9.000506 -6.532124 -8.218142 0.049518 -0.108809
4.429296 -6.103423 8.921914 -6.480547 -8.147035 0.049780 -0.109011
4.381402 -6.107207 8.845418 -6.430272 -8.077819 0.050053 -0.109176
4.334667 -6.110907 8.771001 -6.381334 -8.010474 0.050325 -0.109321
4.289097 -6.114522 8.698644 -6.333744 -7.944981 0.050594 -0.109455
4.244692 -6.118049 8.628324 -6.287499 -7.881323 0.050856 -0.109584
4.201449 -6.121486 8.560023 -6.242594 -7.819482 0.051113 -0.109709
4.159362 -6.124830 8.493721 -6.199017 -7.759441 0.051363 -0.109832
4.118425 -6.128078 8.429399 -6.156759 -7.701184 0.051605 -0.109953
4.078634 -6.131228 8.367040 -6.115807 -7.644694 0.051841 -0.110074
4.039981 -6.134278 8.306625 -6.076149 -7.589957 0.052069 -0.110194
4.002460 -6.137223 8.248139 -6.037775 -7.536956 0.052289 -0.110313
3.966066 -6.140064 8.191564 -6.000672 -7.485678 0.052501 -0.110431
3.930794 -6.142796 8.136886 -5.964828 -7.436107 0.052705 -0.110547
3.896636 -6.145418 8.084089 -5.930234 -7.388231 0.052900 -0.110663
3.863590 -6.147927 8.033158 -5.896878 -7.342035 0.053087 -0.110778
3.831648 -6.150323 7.984079 -5.864751 -7.297508 0.053265 -0.110891
3.800809 -6.152602 7.936838 -5.833844 -7.254636 0.053433 -0.111004
3.771069 -6.154763 7.891422 -5.804152 -7.213409 0.053592 -0.111118
3.742428 -6.156804 7.847818 -5.775671 -7.173815 0.053741 -0.111235
3.714889 -6.158725 7.806014 -5.748407 -7.135843 0.053877 -0.111361
3.688467 -6.160526 7.766001 -5.722379 -7.099481 0.053995 -0.111505
3.663200 -6.162221 7.728059 -5.697671 -7.064999 0.054115 -0.111622
3.639103 -6.163811 7.692180 -5.674302 -7.032385 0.054228 -0.111722
3.616180 -6.165294 7.658355 -5.652279 -7.001631 0.054335 -0.111810
3.594433 -6.166668 7.626574 -5.631599 -6.972728 0.054433 -0.111888
3.573859 -6.167932 7.596828 -5.612256 -6.945669 0.054523 -0.111955
3.554458 -6.169084 7.569109 -5.594243 -6.920446 0.054605 -0.112013
3.536226 -6.170122 7.543410 -5.577551 -6.897051 0.054677 -0.112059
3.519161 -6.171045 7.519723 -5.562170 -6.875479 0.054740 -0.112093
3.503259 -6.171850 7.498043 -5.548090 -6.855723 0.054794 -0.112112
3.488518 -6.172535 7.478365 -5.535299 -6.837777 0.054838 -0.112115
3.474934 -6.173099 7.460683 -5.523784 -6.821636 0.054873 -0.112099
3.462503 -6.173539 7.444994 -5.513533 -6.807295 0.054897 -0.112059
3.451221 -6.173853 7.431294 -5.504529 -6.794749 0.054911 -0.111994
3.441084 -6.174040 7.419582 -5.496757 -6.783996 0.054914 -0.111898
3.432086 -6.174095 7.409854 -5.490200 -6.775031 0.054905 -0.111768
3.424225 -6.174019 7.402112 -5.484844 -6.767850 0.054883 -0.111600
3.417509 -6.173809 7.396355 -5.480684 -6.762452 0.054844 -0.111398
3.411970 -6.173466 7.392584 -5.477754 -6.758834 0.054780 -0.111180
3.407714 -6.172996 7.390794 -5.476188 -6.757000 0.054679 -0.111011
3.405068 -6.172402 7.390824 -5.476464 -6.756995 0.054694 -0.110930
3.403258 -6.171558 7.390850 -5.477223 -6.757003 0.054619 -0.111068
