0.000000 -0.000000 0.000000 0.000000 0.000000 -0.000000 0.000000
-0.014080 -0.007086 -0.005446 -0.011094 -0.004797 0.038251 0.016234
-0.043797 -0.017203 -0.009630 -0.018335 -0.009000 0.076207 0.031640
-0.085794 -0.029823 -0.012299 -0.020292 -0.012303 0.111096 0.047280
-0.136191 -0.044733 -0.013777 -0.017443 -0.014869 0.143101 0.063327
-0.191556 -0.061758 -0.014356 -0.010661 -0.016859 0.172585 0.079656
-0.249119 -0.080744 -0.014264 -0.000763 -0.018400 0.199865 0.096094
-0.306735 -0.101546 -0.013675 0.011585 -0.019591 0.225206 0.112495
-0.362773 -0.124030 -0.012723 0.025857 -0.020510 0.248824 0.128746
-0.416012 -0.148070 -0.011514 0.041634 -0.021216 0.270898 0.144764
-0.465544 -0.173546 -0.010130 0.058577 -0.021761 0.291575 0.160489
-0.510698 -0.200347 -0.008637 0.076406 -0.022183 0.310979 0.175874
-0.550977 -0.228363 -0.007089 0.094887 -0.022516 0.329215 0.190888
-0.586007 -0.257492 -0.005532 0.113834 -0.022788 0.346370 0.205510
-0.615503 -0.287634 -0.004005 0.133117 -0.023023 0.362525 0.219743
-0.639237 -0.318695 -0.002540 0.152691 -0.023242 0.377747 0.233616
-0.657035 -0.350584 -0.001162 0.172651 -0.023462 0.392100 0.247213
-0.668978 -0.383212 0.000121 0.192988 -0.023688 0.405627 0.260561
-0.675590 -0.416482 0.001310 0.213289 -0.023922 0.418351 0.273515
-0.677369 -0.450304 0.002413 0.233337 -0.024157 0.430290 0.286002
-0.674772 -0.484591 0.003441 0.253011 -0.024390 0.441470 0.297992
-0.668219 -0.519261 0.004402 0.272252 -0.024618 0.451917 0.309482
-0.658137 -0.554235 0.005311 0.291079 -0.024833 0.461659 0.320488
-0.644867 -0.589437 0.006173 0.309464 -0.025034 0.470726 0.331021
-0.628706 -0.624795 0.006990 0.327381 -0.025220 0.479144 0.341090
-0.609928 -0.660241 0.007767 0.344802 -0.025392 0.486942 0.350703
-0.588780 -0.695711 0.008504 0.361705 -0.025549 0.494148 0.359869
-0.565494 -0.731142 0.009203 0.378070 -0.025691 0.500788 0.368596
-0.540283 -0.766476 0.009865 0.393878 -0.025820 0.506888 0.376893
-0.513341 -0.801657 0.010489 0.409111 -0.025935 0.512474 0.384769
-0.484845 -0.836631 0.011077 0.423749 -0.026039 0.517570 0.392232
-0.454952 -0.871350 0.011626 0.437777 -0.026132 0.522200 0.399291
-0.423790 -0.905766 0.012134 0.451180 -0.026218 0.526389 0.405953
-0.391457 -0.939836 0.012598 0.463943 -0.026297 0.530156 0.412228
-0.358003 -0.973517 0.013019 0.476051 -0.026370 0.533507 0.418116
-0.323528 -1.006774 0.013390 0.487466 -0.026443 0.536512 0.423635
-0.288182 -1.039576 0.013707 0.498151 -0.026524 0.539265 0.428805
-0.252133 -1.071880 0.013974 0.508072 -0.026605 0.541688 0.433591
-0.215540 -1.103654 0.014198 0.517228 -0.026684 0.543779 0.437991
-0.178541 -1.134865 0.014385 0.525630 -0.026758 0.545548 0.442012
-0.141256 -1.165485 0.014538 0.533288 -0.026826 0.547002 0.445660
-0.103800 -1.195486 0.014659 0.540222 -0.026886 0.548151 0.448953
-0.066314 -1.224838 0.014761 0.546494 -0.026935 0.549003 0.451906
-0.028885 -1.253514 0.014845 0.552117 -0.026971 0.549570 0.454533
0.008419 -1.281492 0.014911 0.557094 -0.026995 0.549859 0.456839
0.045538 -1.308747 0.014960 0.561425 -0.027007 0.549879 0.458830
0.082416 -1.335260 0.014993 0.565114 -0.027007 0.549638 0.460509
0.119001 -1.361010 0.015012 0.568167 -0.026996 0.549144 0.461881
0.155239 -1.385978 0.015018 0.570588 -0.026972 0.548404 0.462953
0.191080 -1.410148 0.015012 0.572385 -0.026936 0.547426 0.463729
0.226472 -1.433504 0.014995 0.573563 -0.026888 0.546217 0.464213
0.261364 -1.456029 0.014970 0.574126 -0.026828 0.544783 0.464412
0.295704 -1.477712 0.014936 0.574079 -0.026754 0.543129 0.464329
0.329435 -1.498539 0.014897 0.573423 -0.026668 0.541262 0.463967
0.362498 -1.518499 0.014853 0.572159 -0.026569 0.539185 0.463330
0.394829 -1.537581 0.014807 0.570284 -0.026455 0.536904 0.462418
0.426356 -1.555775 0.014760 0.567793 -0.026327 0.534421 0.461233
0.456995 -1.573072 0.014716 0.564676 -0.026183 0.531743 0.459774
0.486645 -1.589468 0.014671 0.560920 -0.026029 0.528918 0.458046
0.515253 -1.604946 0.014634 0.556547 -0.025856 0.525897 0.456049
0.542772 -1.619480 0.014606 0.551572 -0.025659 0.522529 0.453751
0.569170 -1.633073 0.014584 0.546000 -0.025444 0.518956 0.451206
0.594393 -1.645718 0.014571 0.539855 -0.025215 0.515225 0.448430
0.618407 -1.657411 0.014559 0.533104 -0.024975 0.511349 0.445428
0.641183 -1.668149 0.014546 0.525707 -0.024728 0.507337 0.442192
0.662684 -1.677931 0.014526 0.517623 -0.024474 0.503194 0.438717
0.682867 -1.686756 0.014499 0.508823 -0.024217 0.498929 0.434996
0.701686 -1.694625 0.014464 0.499281 -0.023957 0.494546 0.431027
0.719092 -1.701539 0.014419 0.488979 -0.023695 0.490049 0.426806
0.735037 -1.707503 0.014364 0.477898 -0.023431 0.485444 0.422333
0.749479 -1.712518 0.014299 0.466026 -0.023166 0.480734 0.417606
0.762378 -1.716588 0.014223 0.453348 -0.022902 0.475922 0.412625
0.773704 -1.719719 0.014136 0.439851 -0.022638 0.471013 0.407388
0.783436 -1.721915 0.014036 0.425520 -0.022376 0.466008 0.401895
0.791565 -1.723182 0.013921 0.410341 -0.022117 0.460912 0.396144
0.798096 -1.723525 0.013789 0.394302 -0.021863 0.455730 0.390135
0.803046 -1.722953 0.013634 0.377408 -0.021618 0.450476 0.383879
0.806434 -1.721483 0.013460 0.359684 -0.021388 0.445306 0.377440
0.808237 -1.719119 0.013263 0.341107 -0.021170 0.440123 0.370772
0.808422 -1.715858 0.013047 0.321670 -0.020959 0.434868 0.363854
0.806962 -1.711702 0.012816 0.301383 -0.020754 0.429538 0.356689
0.803828 -1.706654 0.012573 0.280277 -0.020555 0.424137 0.349290
0.798986 -1.700711 0.012327 0.258415 -0.020355 0.418669 0.341668
0.792432 -1.693876 0.012080 0.235825 -0.020156 0.413138 0.333837
0.784181 -1.686153 0.011832 0.212525 -0.019957 0.407546 0.325804
0.774259 -1.677548 0.011583 0.188528 -0.019759 0.401896 0.317574
0.762695 -1.668067 0.011334 0.163852 -0.019562 0.396191 0.309150
0.749525 -1.657715 0.011085 0.138515 -0.019365 0.390432 0.300539
0.734786 -1.646500 0.010837 0.112536 -0.019169 0.384621 0.291745
0.718516 -1.634429 0.010590 0.085936 -0.018975 0.378760 0.282775
0.700761 -1.621509 0.010344 0.058737 -0.018781 0.372850 0.273633
0.681567 -1.607748 0.010101 0.030960 -0.018588 0.366892 0.264325
0.660983 -1.593154 0.009860 0.002627 -0.018396 0.360887 0.254858
0.639063 -1.577736 0.009623 -0.026238 -0.018204 0.354833 0.245235
0.615860 -1.561502 0.009388 -0.055614 -0.018014 0.348732 0.235462
0.591435 -1.544462 0.009158 -0.085479 -0.017824 0.342581 0.225544
0.565845 -1.526625 0.008931 -0.115809 -0.017635 0.336380 0.215485
0.539153 -1.508000 0.008710 -0.146587 -0.017446 0.330126 0.205287
0.511418 -1.488597 0.008495 -0.177792 -0.017256 0.323816 0.194953
0.482695 -1.468425 0.008287 -0.209409 -0.017066 0.317446 0.184484
0.453041 -1.447489 0.008086 -0.241433 -0.016875 0.311011 0.173877
0.422478 -1.425795 0.007895 -0.273846 -0.016681 0.304502 0.163139
0.390956 -1.403352 0.007726 -0.306570 -0.016480 0.297923 0.152283
0.358489 -1.380218 0.007577 -0.339571 -0.016271 0.291269 0.141321
0.325096 -1.356384 0.007445 -0.372847 -0.016058 0.284550 0.130268
0.290785 -1.331848 0.007325 -0.406399 -0.015843 0.277790 0.119129
0.255553 -1.306612 0.007213 -0.440232 -0.015630 0.271007 0.107912
0.219390 -1.280679 0.007107 -0.474341 -0.015421 0.264221 0.096625
0.182280 -1.254056 0.007005 -0.508718 -0.015215 0.257447 0.085274
0.144209 -1.226751 0.006906 -0.543352 -0.015016 0.250700 0.073870
0.105167 -1.198777 0.006808 -0.578228 -0.014823 0.243993 0.062420
0.065148 -1.170144 0.006711 -0.613326 -0.014638 0.237338 0.050938
0.024153 -1.140867 0.006616 -0.648618 -0.014461 0.230740 0.039434
-0.017807 -1.110955 0.006518 -0.684081 -0.014293 0.224231 0.027927
-0.060717 -1.080413 0.006409 -0.719710 -0.014140 0.217912 0.016438
-0.104560 -1.049252 0.006296 -0.755490 -0.013998 0.211693 0.004945
-0.149317 -1.017493 0.006184 -0.791398 -0.013864 0.205564 -0.006546
-0.194962 -0.985154 0.006075 -0.827407 -0.013737 0.199523 -0.018032
-0.241461 -0.952254 0.005970 -0.863493 -0.013617 0.193570 -0.029505
-0.288777 -0.918809 0.005869 -0.899636 -0.013503 0.187704 -0.040961
-0.336866 -0.884835 0.005773 -0.935818 -0.013394 0.181924 -0.052395
-0.385693 -0.850347 0.005679 -0.972013 -0.013292 0.176232 -0.063795
-0.435249 -0.815354 0.005597 -1.008155 -0.013193 0.170629 -0.075150
-0.485494 -0.779872 0.005523 -1.044220 -0.013097 0.165117 -0.086450
-0.536378 -0.743914 0.005458 -1.080194 -0.013004 0.159696 -0.097691
-0.587848 -0.707495 0.005401 -1.116061 -0.012916 0.154367 -0.108869
-0.639854 -0.670633 0.005350 -1.151803 -0.012830 0.149128 -0.119979
-0.692346 -0.633342 0.005306 -1.187399 -0.012749 0.143982 -0.131019
-0.745265 -0.595637 0.005269 -1.222836 -0.012671 0.138926 -0.141986
-0.798564 -0.557536 0.005237 -1.258091 -0.012596 0.133963 -0.152874
-0.852196 -0.519052 0.005211 -1.293145 -0.012525 0.129090 -0.163679
-0.906114 -0.480203 0.005191 -1.327977 -0.012457 0.124309 -0.174396
-0.960270 -0.441002 0.005177 -1.362570 -0.012392 0.119619 -0.185022
-1.014617 -0.401466 0.005167 -1.396908 -0.012331 0.115019 -0.195552
-1.069107 -0.361611 0.005162 -1.430976 -0.012272 0.110509 -0.205984
-1.123695 -0.321450 0.005161 -1.464759 -0.012216 0.106088 -0.216314
-1.178334 -0.281001 0.005164 -1.498245 -0.012163 0.101757 -0.226541
-1.232978 -0.240278 0.005169 -1.531422 -0.012114 0.097513 -0.236663
-1.287584 -0.199296 0.005177 -1.564280 -0.012067 0.093356 -0.246677
-1.342106 -0.158071 0.005187 -1.596805 -0.012024 0.089286 -0.256580
-1.396499 -0.116616 0.005196 -1.628993 -0.011985 0.085302 -0.266372
-1.450729 -0.074943 0.005205 -1.660819 -0.011949 0.081403 -0.276042
-1.504787 -0.033063 0.005220 -1.692226 -0.011914 0.077592 -0.285582
-1.558623 0.009013 0.005238 -1.723208 -0.011880 0.073865 -0.294990
-1.612200 0.051271 0.005260 -1.753749 -0.011847 0.070224 -0.304260
-1.665481 0.093696 0.005284 -1.783840 -0.011816 0.066667 -0.313391
-1.718430 0.136274 0.005310 -1.813473 -0.011786 0.063194 -0.322381
-1.771009 0.178991 0.005338 -1.842640 -0.011757 0.059802 -0.331229
-1.823183 0.221833 0.005366 -1.871336 -0.011730 0.056490 -0.339935
-1.874918 0.264785 0.005396 -1.899552 -0.011704 0.053258 -0.348498
-1.926181 0.307835 0.005425 -1.927282 -0.011680 0.050103 -0.356916
-1.976942 0.350967 0.005454 -1.954520 -0.011656 0.047025 -0.365189
-2.027168 0.394168 0.005484 -1.981259 -0.011634 0.044021 -0.373317
-2.076832 0.437425 0.005512 -2.007497 -0.011614 0.041092 -0.381299
-2.125905 0.480725 0.005539 -2.033227 -0.011594 0.038234 -0.389135
-2.174358 0.524054 0.005565 -2.058449 -0.011576 0.035447 -0.396826
-2.222166 0.567400 0.005589 -2.083160 -0.011559 0.032730 -0.404371
-2.269303 0.610749 0.005611 -2.107359 -0.011544 0.030080 -0.411772
-2.315745 0.654090 0.005630 -2.131047 -0.011530 0.027496 -0.419028
-2.361471 0.697409 0.005645 -2.154221 -0.011518 0.024977 -0.426140
-2.406466 0.740697 0.005656 -2.176871 -0.011507 0.022522 -0.433102
-2.450720 0.783942 0.005665 -2.198977 -0.011498 0.020131 -0.439908
-2.494203 0.827138 0.005673 -2.220522 -0.011488 0.017802 -0.446562
-2.536906 0.870276 0.005681 -2.241489 -0.011478 0.015535 -0.453057
-2.578816 0.913344 0.005689 -2.261867 -0.011467 0.013330 -0.459389
-2.619918 0.956332 0.005696 -2.281658 -0.011455 0.011184 -0.465558
-2.660195 0.999229 0.005703 -2.300861 -0.011443 0.009097 -0.471564
-2.699633 1.042024 0.005708 -2.319479 -0.011430 0.007067 -0.477409
-2.738216 1.084707 0.005712 -2.337516 -0.011417 0.005093 -0.483094
-2.775930 1.127267 0.005714 -2.354975 -0.011404 0.003173 -0.488622
-2.812764 1.169694 0.005715 -2.371857 -0.011390 0.001305 -0.493992
-2.848705 1.211978 0.005713 -2.388167 -0.011376 -0.000512 -0.499207
-2.883742 1.254110 0.005708 -2.403909 -0.011362 -0.002278 -0.504269
-2.917866 1.296080 0.005701 -2.419087 -0.011347 -0.003997 -0.509179
-2.951066 1.337878 0.005692 -2.433706 -0.011333 -0.005668 -0.513940
-2.983336 1.379497 0.005679 -2.447771 -0.011318 -0.007293 -0.518553
-3.014666 1.420926 0.005663 -2.461290 -0.011304 -0.008874 -0.523021
-3.045051 1.462158 0.005643 -2.474269 -0.011290 -0.010413 -0.527345
-3.074485 1.503185 0.005619 -2.486713 -0.011276 -0.011909 -0.531528
-3.102966 1.543998 0.005590 -2.498624 -0.011262 -0.013366 -0.535569
-3.130497 1.584592 0.005558 -2.509998 -0.011249 -0.014782 -0.539465
-3.157084 1.624960 0.005523 -2.520819 -0.011235 -0.016159 -0.543211
-3.182706 1.665098 0.005487 -2.531081 -0.011221 -0.017497 -0.546811
-3.207368 1.705001 0.005450 -2.540770 -0.011204 -0.018796 -0.550262
-3.231075 1.744664 0.005413 -2.549882 -0.011186 -0.020057 -0.553560
-3.253829 1.784078 0.005376 -2.558419 -0.011166 -0.021281 -0.556706
-3.275628 1.823240 0.005339 -2.566387 -0.011144 -0.022469 -0.559700
-3.296473 1.862142 0.005301 -2.573796 -0.011120 -0.023622 -0.562545
-3.316364 1.900778 0.005262 -2.580652 -0.011096 -0.024741 -0.565244
-3.335301 1.939143 0.005222 -2.586966 -0.011069 -0.025827 -0.567800
-3.353286 1.977232 0.005181 -2.592745 -0.011042 -0.026882 -0.570215
-3.370321 2.015039 0.005138 -2.598000 -0.011013 -0.027906 -0.572493
-3.386408 2.052559 0.005094 -2.602740 -0.010984 -0.028900 -0.574635
-3.401550 2.089788 0.005048 -2.606975 -0.010953 -0.029865 -0.576646
-3.415752 2.126721 0.004999 -2.610714 -0.010922 -0.030802 -0.578528
-3.429019 2.163354 0.004949 -2.613969 -0.010889 -0.031712 -0.580284
-3.441355 2.199684 0.004895 -2.616751 -0.010857 -0.032595 -0.581917
-3.452769 2.235705 0.004839 -2.619068 -0.010824 -0.033453 -0.583430
-3.463269 2.271416 0.004780 -2.620930 -0.010790 -0.034285 -0.584825
-3.472867 2.306813 0.004717 -2.622339 -0.010757 -0.035094 -0.586099
-3.481580 2.341894 0.004653 -2.623291 -0.010723 -0.035877 -0.587251
-3.489424 2.376657 0.004587 -2.623769 -0.010687 -0.036636 -0.588274
-3.496394 2.411099 0.004522 -2.623767 -0.010649 -0.037373 -0.589171
-3.502505 2.445219 0.004461 -2.623268 -0.010607 -0.038091 -0.589935
-3.507764 2.479008 0.004402 -2.622280 -0.010563 -0.038785 -0.590570
-3.512176 2.512459 0.004343 -2.620812 -0.010517 -0.039453 -0.591077
-3.515748 2.545564 0.004285 -2.618875 -0.010468 -0.040096 -0.591459
-3.518486 2.578317 0.004227 -2.616481 -0.010418 -0.040715 -0.591720
-3.520397 2.610710 0.004168 -2.613641 -0.010367 -0.041308 -0.591863
-3.521488 2.642736 0.004103 -2.610370 -0.010316 -0.041866 -0.591891
-3.521766 2.674382 0.004016 -2.606684 -0.010270 -0.042317 -0.591794
-3.521237 2.705654 0.003925 -2.602589 -0.010225 -0.042742 -0.591590
-3.519912 2.736548 0.003834 -2.598097 -0.010179 -0.043149 -0.591282
-3.517797 2.767063 0.003743 -2.593218 -0.010131 -0.043543 -0.590875
-3.514901 2.797197 0.003652 -2.587964 -0.010083 -0.043924 -0.590372
-3.511232 2.826949 0.003561 -2.582347 -0.010033 -0.044295 -0.589775
-3.506801 2.856318 0.003469 -2.576379 -0.009983 -0.044655 -0.589090
-3.501618 2.885305 0.003377 -2.570072 -0.009932 -0.045006 -0.588317
-3.495693 2.913910 0.003285 -2.563434 -0.009880 -0.045348 -0.587460
-3.489042 2.942132 0.003192 -2.556469 -0.009828 -0.045682 -0.586518
-3.481681 2.969974 0.003099 -2.549174 -0.009776 -0.046009 -0.585489
-3.473626 2.997437 0.003008 -2.541540 -0.009721 -0.046327 -0.584369
-3.464866 3.024522 0.002918 -2.533569 -0.009666 -0.046638 -0.583164
-3.455417 3.051232 0.002831 -2.525249 -0.009608 -0.046942 -0.581871
-3.445296 3.077568 0.002747 -2.516580 -0.009548 -0.047238 -0.580488
-3.434517 3.103531 0.002667 -2.507563 -0.009485 -0.047527 -0.579014
-3.423094 3.129122 0.002591 -2.498208 -0.009420 -0.047810 -0.577451
-3.411037 3.154343 0.002517 -2.488524 -0.009353 -0.048086 -0.575801
-3.398360 3.179195 0.002447 -2.478524 -0.009284 -0.048357 -0.574068
-3.385072 3.203678 0.002379 -2.468219 -0.009213 -0.048622 -0.572255
-3.371185 3.227795 0.002313 -2.457622 -0.009141 -0.048882 -0.570365
-3.356709 3.251547 0.002250 -2.446745 -0.009067 -0.049138 -0.568403
-3.341656 3.274934 0.002188 -2.435601 -0.008992 -0.049389 -0.566370
-3.326037 3.297959 0.002127 -2.424202 -0.008917 -0.049637 -0.564272
-3.309863 3.320623 0.002066 -2.412561 -0.008840 -0.049880 -0.562111
-3.293145 3.342927 0.002007 -2.400691 -0.008763 -0.050121 -0.559891
-3.275894 3.364875 0.001947 -2.388601 -0.008685 -0.050359 -0.557614
-3.258124 3.386467 0.001887 -2.376303 -0.008607 -0.050595 -0.555284
-3.239847 3.407706 0.001828 -2.363803 -0.008529 -0.050828 -0.552901
-3.221078 3.428595 0.001768 -2.351104 -0.008451 -0.051059 -0.550465
-3.201833 3.449136 0.001708 -2.338202 -0.008372 -0.051288 -0.547974
-3.182128 3.469333 0.001651 -2.325088 -0.008293 -0.051514 -0.545423
-3.161951 3.489188 0.001595 -2.311763 -0.008212 -0.051739 -0.542820
-3.141317 3.508705 0.001541 -2.298219 -0.008129 -0.051961 -0.540160
-3.120241 3.527885 0.001492 -2.284450 -0.008045 -0.052180 -0.537441
-3.098736 3.546733 0.001446 -2.270459 -0.007959 -0.052398 -0.534662
-3.076816 3.565250 0.001403 -2.256253 -0.007870 -0.052613 -0.531826
-3.054491 3.583440 0.001364 -2.241840 -0.007780 -0.052826 -0.528933
-3.031771 3.601304 0.001328 -2.227232 -0.007689 -0.053038 -0.525987
-3.008668 3.618846 0.001294 -2.212439 -0.007596 -0.053248 -0.522990
-2.985190 3.636067 0.001262 -2.197473 -0.007502 -0.053457 -0.519947
-2.961347 3.652971 0.001232 -2.182344 -0.007407 -0.053665 -0.516860
-2.937149 3.669560 0.001203 -2.167066 -0.007311 -0.053872 -0.513732
-2.912604 3.685837 0.001175 -2.151650 -0.007215 -0.054079 -0.510567
-2.887724 3.701805 0.001148 -2.136106 -0.007119 -0.054286 -0.507368
-2.862516 3.717466 0.001121 -2.120445 -0.007022 -0.054492 -0.504138
-2.836992 3.732824 0.001093 -2.104678 -0.006925 -0.054698 -0.500879
-2.811161 3.747881 0.001066 -2.088812 -0.006829 -0.054905 -0.497594
-2.785035 3.762641 0.001037 -2.072852 -0.006733 -0.055112 -0.494283
-2.758626 3.777106 0.001008 -2.056801 -0.006637 -0.055319 -0.490945
-2.731948 3.791281 0.000980 -2.040653 -0.006541 -0.055527 -0.487578
-2.705012 3.805169 0.000953 -2.024398 -0.006444 -0.055733 -0.484179
-2.677807 3.818772 0.000927 -2.008038 -0.006347 -0.055941 -0.480753
-2.650343 3.832095 0.000903 -1.991563 -0.006249 -0.056148 -0.477297
-2.622632 3.845140 0.000881 -1.974968 -0.006149 -0.056356 -0.473807
-2.594686 3.857911 0.000863 -1.958255 -0.006048 -0.056562 -0.470284
-2.566515 3.870410 0.000847 -1.941426 -0.005946 -0.056769 -0.466728
-2.538129 3.882642 0.000834 -1.924491 -0.005842 -0.056976 -0.463141
-2.509535 3.894609 0.000822 -1.907457 -0.005738 -0.057182 -0.459525
-2.480741 3.906314 0.000813 -1.890335 -0.005632 -0.057389 -0.455883
-2.451756 3.917760 0.000805 -1.873134 -0.005526 -0.057596 -0.452217
-2.422586 3.928950 0.000798 -1.855864 -0.005419 -0.057804 -0.448531
-2.393239 3.939888 0.000792 -1.838536 -0.005313 -0.058012 -0.444828
-2.363723 3.950577 0.000785 -1.821159 -0.005206 -0.058221 -0.441109
-2.334044 3.961019 0.000779 -1.803743 -0.005099 -0.058431 -0.437379
-2.304209 3.971218 0.000772 -1.786297 -0.004993 -0.058641 -0.433638
-2.274227 3.981176 0.000764 -1.768830 -0.004887 -0.058853 -0.429891
-2.244106 3.990898 0.000755 -1.751347 -0.004782 -0.059066 -0.426137
-2.213855 4.000387 0.000744 -1.733853 -0.004677 -0.059280 -0.422378
-2.183483 4.009645 0.000733 -1.716346 -0.004573 -0.059495 -0.418612
-2.153000 4.018676 0.000721 -1.698822 -0.004469 -0.059710 -0.414837
-2.122414 4.027484 0.000710 -1.681270 -0.004365 -0.059927 -0.411051
-2.091714 4.036071 0.000698 -1.663692 -0.004261 -0.060144 -0.407256
-2.060907 4.044439 0.000688 -1.646077 -0.004157 -0.060362 -0.403451
-2.030002 4.052592 0.000680 -1.628420 -0.004052 -0.060580 -0.399632
-1.999008 4.060534 0.000674 -1.610721 -0.003945 -0.060799 -0.395799
-1.967934 4.068267 0.000669 -1.592981 -0.003838 -0.061018 -0.391952
-1.936785 4.075794 0.000666 -1.575208 -0.003731 -0.061237 -0.388092
-1.905568 4.083118 0.000664 -1.557409 -0.003622 -0.061457 -0.384222
-1.874289 4.090243 0.000663 -1.539590 -0.003514 -0.061677 -0.380343
-1.842953 4.097171 0.000663 -1.521760 -0.003405 -0.061898 -0.376458
-1.811566 4.103905 0.000662 -1.503929 -0.003296 -0.062120 -0.372569
-1.780133 4.110448 0.000662 -1.486105 -0.003187 -0.062343 -0.368679
-1.748659 4.116804 0.000661 -1.468295 -0.003079 -0.062566 -0.364790
-1.717149 4.122974 0.000659 -1.450508 -0.002971 -0.062791 -0.360904
-1.685609 4.128963 0.000656 -1.432752 -0.002863 -0.063016 -0.357024
-1.654045 4.134772 0.000651 -1.415033 -0.002757 -0.063243 -0.353151
-1.622462 4.140406 0.000644 -1.397356 -0.002652 -0.063471 -0.349286
-1.590866 4.145866 0.000636 -1.379722 -0.002547 -0.063699 -0.345430
-1.559266 4.151156 0.000626 -1.362131 -0.002443 -0.063929 -0.341581
-1.527668 4.156278 0.000614 -1.344577 -0.002340 -0.064160 -0.337737
-1.496077 4.161236 0.000603 -1.327051 -0.002237 -0.064390 -0.333895
-1.464481 4.166031 0.000591 -1.309551 -0.002135 -0.064622 -0.330059
-1.432887 4.170664 0.000580 -1.292068 -0.002032 -0.064855 -0.326225
-1.401300 4.175140 0.000569 -1.274596 -0.001929 -0.065088 -0.322391
-1.369727 4.179460 0.000560 -1.257135 -0.001825 -0.065321 -0.318556
-1.338173 4.183627 0.000551 -1.239684 -0.001721 -0.065555 -0.314720
-1.306644 4.187645 0.000543 -1.222250 -0.001617 -0.065789 -0.310884
-1.275143 4.191514 0.000536 -1.204838 -0.001512 -0.066024 -0.307050
-1.243676 4.195239 0.000529 -1.187453 -0.001408 -0.066259 -0.303220
-1.212244 4.198821 0.000522 -1.170103 -0.001303 -0.066494 -0.299394
-1.180853 4.202263 0.000515 -1.152795 -0.001199 -0.066730 -0.295576
-1.149506 4.205568 0.000507 -1.135536 -0.001095 -0.066967 -0.291768
-1.118206 4.208738 0.000498 -1.118333 -0.000992 -0.067204 -0.287971
-1.086957 4.211776 0.000487 -1.101193 -0.000889 -0.067443 -0.284187
-1.055762 4.214683 0.000475 -1.084122 -0.000788 -0.067682 -0.280418
-1.024625 4.217464 0.000460 -1.067124 -0.000687 -0.067921 -0.276666
-0.993550 4.220119 0.000444 -1.050203 -0.000588 -0.068162 -0.272931
-0.962543 4.222652 0.000426 -1.033361 -0.000489 -0.068403 -0.269213
-0.931607 4.225065 0.000405 -1.016595 -0.000392 -0.068645 -0.265511
-0.900747 4.227359 0.000384 -0.999900 -0.000295 -0.068888 -0.261823
-0.869968 4.229538 0.000361 -0.983267 -0.000199 -0.069131 -0.258146
-0.839257 4.231600 0.000338 -0.966694 -0.000104 -0.069375 -0.254482
-0.808619 4.233550 0.000314 -0.950171 -0.000008 -0.069619 -0.250829
-0.778057 4.235387 0.000291 -0.933693 0.000088 -0.069864 -0.247185
-0.747577 4.237115 0.000269 -0.917258 0.000183 -0.070108 -0.243549
-0.717181 4.238735 0.000247 -0.900867 0.000279 -0.070353 -0.239920
-0.686874 4.240250 0.000225 -0.884523 0.000376 -0.070598 -0.236299
-0.656658 4.241661 0.000204 -0.868230 0.000472 -0.070844 -0.232687
-0.626536 4.242971 0.000183 -0.851994 0.000568 -0.071089 -0.229086
-0.596510 4.244182 0.000161 -0.835820 0.000663 -0.071335 -0.225497
-0.566583 4.245295 0.000138 -0.819713 0.000759 -0.071582 -0.221923
-0.536756 4.246314 0.000115 -0.803681 0.000853 -0.071829 -0.218364
-0.507032 4.247239 0.000090 -0.787728 0.000947 -0.072076 -0.214823
-0.477413 4.248073 0.000064 -0.771861 0.001040 -0.072324 -0.211301
-0.447902 4.248818 0.000036 -0.756083 0.001132 -0.072572 -0.207799
-0.418500 4.249475 0.000005 -0.740399 0.001223 -0.072821 -0.204318
-0.389211 4.250047 -0.000027 -0.724811 0.001313 -0.073071 -0.200860
-0.360038 4.250536 -0.000061 -0.709320 0.001402 -0.073321 -0.197423
-0.330983 4.250943 -0.000097 -0.693924 0.001490 -0.073572 -0.194006
-0.302051 4.251269 -0.000135 -0.678616 0.001577 -0.073823 -0.190609
-0.273242 4.251516 -0.000173 -0.663390 0.001663 -0.074074 -0.187228
-0.244547 4.251685 -0.000213 -0.648241 0.001749 -0.074326 -0.183865
-0.215968 4.251775 -0.000252 -0.633161 0.001834 -0.074578 -0.180517
-0.187507 4.251789 -0.000292 -0.618144 0.001920 -0.074831 -0.177183
-0.159168 4.251728 -0.000331 -0.603190 0.002005 -0.075083 -0.173861
-0.130953 4.251593 -0.000370 -0.588297 0.002091 -0.075336 -0.170551
-0.102864 4.251386 -0.000408 -0.573468 0.002177 -0.075589 -0.167254
-0.074903 4.251109 -0.000447 -0.558706 0.002262 -0.075841 -0.163970
-0.047072 4.250763 -0.000485 -0.544016 0.002347 -0.076095 -0.160701
-0.019371 4.250350 -0.000524 -0.529402 0.002432 -0.076348 -0.157448
0.008197 4.249872 -0.000564 -0.514869 0.002516 -0.076602 -0.154212
0.035632 4.249329 -0.000605 -0.500422 0.002600 -0.076856 -0.150996
0.062932 4.248725 -0.000647 -0.486066 0.002683 -0.077110 -0.147799
0.090096 4.248059 -0.000690 -0.471804 0.002765 -0.077365 -0.144624
0.117123 4.247334 -0.000735 -0.457641 0.002846 -0.077620 -0.141472
0.144011 4.246551 -0.000782 -0.443580 0.002927 -0.077875 -0.138343
0.170759 4.245712 -0.000830 -0.429623 0.003006 -0.078131 -0.135238
0.197365 4.244817 -0.000881 -0.415769 0.003084 -0.078388 -0.132157
0.223827 4.243869 -0.000933 -0.402017 0.003161 -0.078645 -0.129098
0.250142 4.242868 -0.000986 -0.388361 0.003237 -0.078902 -0.126060
0.276311 4.241814 -0.001041 -0.374794 0.003313 -0.079160 -0.123041
0.302341 4.240708 -0.001096 -0.361312 0.003388 -0.079417 -0.120041
0.328233 4.239550 -0.001151 -0.347906 0.003463 -0.079675 -0.117059
0.353984 4.238340 -0.001206 -0.334573 0.003537 -0.079934 -0.114092
0.379592 4.237081 -0.001261 -0.321309 0.003612 -0.080192 -0.111140
0.405056 4.235773 -0.001315 -0.308115 0.003687 -0.080450 -0.108202
0.430374 4.234416 -0.001369 -0.294992 0.003761 -0.080709 -0.105279
0.455547 4.233014 -0.001423 -0.281943 0.003836 -0.080968 -0.102371
0.480572 4.231565 -0.001477 -0.268971 0.003910 -0.081227 -0.099479
0.505450 4.230073 -0.001532 -0.256080 0.003984 -0.081486 -0.096605
0.530179 4.228538 -0.001587 -0.243274 0.004057 -0.081745 -0.093749
0.554759 4.226961 -0.001643 -0.230557 0.004130 -0.082005 -0.090913
0.579190 4.225343 -0.001699 -0.217933 0.004202 -0.082264 -0.088098
0.603471 4.223686 -0.001757 -0.205405 0.004274 -0.082525 -0.085305
0.627601 4.221992 -0.001816 -0.192977 0.004344 -0.082785 -0.082535
0.651580 4.220260 -0.001877 -0.180650 0.004414 -0.083046 -0.079788
0.675407 4.218492 -0.001939 -0.168427 0.004482 -0.083307 -0.077065
0.699081 4.216689 -0.002003 -0.156307 0.004550 -0.083569 -0.074366
0.722600 4.214852 -0.002068 -0.144287 0.004617 -0.083831 -0.071689
0.745964 4.212982 -0.002134 -0.132364 0.004683 -0.084094 -0.069033
0.769173 4.211078 -0.002201 -0.120530 0.004748 -0.084356 -0.066397
0.792234 4.209140 -0.002268 -0.108781 0.004813 -0.084619 -0.063780
0.815147 4.207169 -0.002335 -0.097110 0.004878 -0.084882 -0.061181
0.837911 4.205165 -0.002402 -0.085512 0.004943 -0.085145 -0.058597
0.860524 4.203128 -0.002469 -0.073985 0.005007 -0.085408 -0.056028
0.882987 4.201060 -0.002535 -0.062528 0.005072 -0.085671 -0.053475
0.905299 4.198960 -0.002601 -0.051144 0.005137 -0.085935 -0.050936
0.927459 4.196832 -0.002666 -0.039834 0.005201 -0.086198 -0.048413
0.949467 4.194674 -0.002732 -0.028600 0.005265 -0.086462 -0.045906
0.971322 4.192488 -0.002798 -0.017446 0.005329 -0.086726 -0.043417
0.993026 4.190276 -0.002863 -0.006375 0.005393 -0.086990 -0.040945
1.014577 4.188038 -0.002930 0.004609 0.005455 -0.087254 -0.038493
1.035976 4.185774 -0.002997 0.015504 0.005518 -0.087519 -0.036062
1.057222 4.183487 -0.003065 0.026307 0.005580 -0.087783 -0.033651
1.078316 4.181177 -0.003134 0.037014 0.005641 -0.088048 -0.031262
1.099258 4.178844 -0.003204 0.047625 0.005701 -0.088314 -0.028895
1.120046 4.176490 -0.003275 0.058138 0.005760 -0.088579 -0.026551
1.140681 4.174116 -0.003348 0.068553 0.005819 -0.088845 -0.024230
1.161163 4.171721 -0.003421 0.078873 0.005876 -0.089111 -0.021930
1.181490 4.169306 -0.003495 0.089101 0.005933 -0.089377 -0.019650
1.201663 4.166872 -0.003570 0.099244 0.005990 -0.089644 -0.017388
1.221689 4.164418 -0.003645 0.109306 0.006046 -0.089910 -0.015145
1.241568 4.161943 -0.003720 0.119295 0.006102 -0.090177 -0.012918
1.261298 4.159447 -0.003794 0.129213 0.006158 -0.090444 -0.010707
1.280881 4.156933 -0.003868 0.139063 0.006214 -0.090710 -0.008510
1.300315 4.154399 -0.003941 0.148846 0.006270 -0.090977 -0.006328
1.319601 4.151847 -0.004014 0.158560 0.006326 -0.091244 -0.004160
1.338739 4.149277 -0.004086 0.168204 0.006381 -0.091511 -0.002006
1.357728 4.146690 -0.004158 0.177776 0.006437 -0.091778 0.000132
1.376570 4.144088 -0.004231 0.187272 0.006492 -0.092045 0.002253
1.395263 4.141470 -0.004303 0.196691 0.006547 -0.092312 0.004358
1.413810 4.138838 -0.004375 0.206030 0.006602 -0.092579 0.006444
1.432209 4.136192 -0.004448 0.215285 0.006656 -0.092846 0.008512
1.450461 4.133533 -0.004521 0.224456 0.006709 -0.093113 0.010561
1.468567 4.130862 -0.004595 0.233539 0.006762 -0.093381 0.012589
1.486526 4.128180 -0.004670 0.242533 0.006814 -0.093648 0.014597
1.504339 4.125487 -0.004746 0.251437 0.006866 -0.093916 0.016584
1.522006 4.122784 -0.004822 0.260252 0.006916 -0.094184 0.018551
1.539527 4.120071 -0.004900 0.268979 0.006967 -0.094451 0.020498
1.556902 4.117348 -0.004978 0.277623 0.007016 -0.094719 0.022427
1.574131 4.114616 -0.005056 0.286187 0.007065 -0.094987 0.024338
1.591219 4.111873 -0.005134 0.294679 0.007114 -0.095255 0.026233
1.608168 4.109120 -0.005212 0.303102 0.007162 -0.095523 0.028113
1.624976 4.106356 -0.005289 0.311461 0.007211 -0.095791 0.029978
1.641645 4.103583 -0.005365 0.319758 0.007260 -0.096058 0.031831
1.658174 4.100800 -0.005441 0.327992 0.007308 -0.096326 0.033670
1.674564 4.098008 -0.005516 0.336164 0.007357 -0.096593 0.035496
1.690815 4.095208 -0.005591 0.344271 0.007405 -0.096860 0.037308
1.706927 4.092400 -0.005665 0.352313 0.007453 -0.097127 0.039106
1.722901 4.089584 -0.005739 0.360286 0.007501 -0.097394 0.040890
1.738738 4.086763 -0.005814 0.368190 0.007549 -0.097660 0.042658
1.754437 4.083936 -0.005888 0.376020 0.007597 -0.097927 0.044410
1.770000 4.081104 -0.005962 0.383777 0.007644 -0.098193 0.046145
1.785426 4.078268 -0.006036 0.391456 0.007690 -0.098460 0.047863
1.800717 4.075427 -0.006111 0.399058 0.007736 -0.098726 0.049563
1.815872 4.072584 -0.006187 0.406580 0.007782 -0.098992 0.051244
1.830893 4.069739 -0.006263 0.414021 0.007826 -0.099258 0.052907
1.845779 4.066891 -0.006340 0.421383 0.007871 -0.099524 0.054552
1.860531 4.064041 -0.006417 0.428667 0.007914 -0.099789 0.056179
1.875150 4.061189 -0.006494 0.435876 0.007957 -0.100055 0.057790
1.889635 4.058336 -0.006572 0.443014 0.008000 -0.100320 0.059385
1.903992 4.055481 -0.006650 0.450087 0.008042 -0.100585 0.060965
1.918220 4.052622 -0.006726 0.457099 0.008085 -0.100850 0.062532
1.932320 4.049761 -0.006803 0.464054 0.008127 -0.101114 0.064086
1.946293 4.046898 -0.006878 0.470954 0.008169 -0.101378 0.065629
1.960138 4.044033 -0.006953 0.477798 0.008212 -0.101641 0.067160
1.973857 4.041166 -0.007027 0.484586 0.008254 -0.101904 0.068679
1.987450 4.038298 -0.007101 0.491317 0.008296 -0.102167 0.070186
2.000917 4.035430 -0.007174 0.497989 0.008338 -0.102429 0.071681
2.014260 4.032562 -0.007246 0.504602 0.008380 -0.102691 0.073162
2.027478 4.029695 -0.007319 0.511152 0.008422 -0.102952 0.074630
2.040572 4.026829 -0.007391 0.517639 0.008463 -0.103213 0.076084
2.053544 4.023966 -0.007464 0.524060 0.008504 -0.103473 0.077523
2.066393 4.021104 -0.007536 0.530414 0.008545 -0.103734 0.078947
2.079120 4.018246 -0.007609 0.536699 0.008585 -0.103993 0.080355
2.091726 4.015392 -0.007682 0.542915 0.008625 -0.104252 0.081747
2.104211 4.012541 -0.007755 0.549061 0.008664 -0.104511 0.083122
2.116576 4.009695 -0.007829 0.555137 0.008702 -0.104769 0.084482
2.128822 4.006853 -0.007903 0.561145 0.008740 -0.105027 0.085827
2.140949 4.004017 -0.007977 0.567086 0.008778 -0.105284 0.087156
2.152958 4.001185 -0.008051 0.572966 0.008815 -0.105541 0.088473
2.164852 3.998356 -0.008125 0.578790 0.008852 -0.105798 0.089776
2.176632 3.995532 -0.008198 0.584560 0.008889 -0.106053 0.091068
2.188297 3.992711 -0.008271 0.590281 0.008926 -0.106308 0.092349
2.199850 3.989895 -0.008343 0.595953 0.008963 -0.106562 0.093619
2.211290 3.987083 -0.008414 0.601577 0.009000 -0.106815 0.094880
2.222618 3.984275 -0.008484 0.607152 0.009037 -0.107068 0.096130
2.233835 3.981473 -0.008554 0.612678 0.009074 -0.107320 0.097370
2.244941 3.978677 -0.008623 0.618153 0.009110 -0.107571 0.098598
2.255936 3.975886 -0.008692 0.623576 0.009147 -0.107821 0.099816
2.266823 3.973103 -0.008760 0.628945 0.009183 -0.108071 0.101022
2.277601 3.970326 -0.008828 0.634259 0.009219 -0.108320 0.102215
2.288271 3.967558 -0.008896 0.639517 0.009255 -0.108568 0.103396
2.298834 3.964797 -0.008964 0.644717 0.009290 -0.108815 0.104563
2.309290 3.962046 -0.009032 0.649858 0.009325 -0.109062 0.105717
2.319640 3.959303 -0.009101 0.654939 0.009359 -0.109308 0.106858
2.329885 3.956570 -0.009169 0.659960 0.009393 -0.109553 0.107984
2.340026 3.953847 -0.009238 0.664922 0.009427 -0.109797 0.109097
2.350062 3.951134 -0.009306 0.669824 0.009460 -0.110040 0.110196
2.359995 3.948431 -0.009375 0.674669 0.009492 -0.110282 0.111283
2.369826 3.945738 -0.009444 0.679462 0.009525 -0.110524 0.112358
2.379556 3.943054 -0.009512 0.684205 0.009557 -0.110765 0.113422
2.389187 3.940380 -0.009580 0.688904 0.009589 -0.111004 0.114476
2.398719 3.937715 -0.009646 0.693561 0.009621 -0.111243 0.115521
2.408153 3.935059 -0.009713 0.698175 0.009653 -0.111480 0.116557
2.417489 3.932414 -0.009778 0.702749 0.009685 -0.111716 0.117584
2.426729 3.929778 -0.009843 0.707280 0.009716 -0.111952 0.118603
2.435872 3.927152 -0.009907 0.711769 0.009748 -0.112186 0.119612
2.444920 3.924538 -0.009970 0.716215 0.009780 -0.112419 0.120612
2.453872 3.921935 -0.010033 0.720617 0.009811 -0.112651 0.121603
2.462731 3.919343 -0.010096 0.724973 0.009842 -0.112882 0.122583
2.471496 3.916764 -0.010158 0.729282 0.009873 -0.113112 0.123553
2.480169 3.914197 -0.010220 0.733543 0.009904 -0.113340 0.124512
2.488749 3.911644 -0.010282 0.737755 0.009934 -0.113568 0.125460
2.497237 3.909104 -0.010344 0.741918 0.009964 -0.113794 0.126397
2.505635 3.906577 -0.010406 0.746029 0.009994 -0.114019 0.127322
2.513943 3.904065 -0.010468 0.750090 0.010023 -0.114243 0.128235
2.522161 3.901567 -0.010530 0.754100 0.010052 -0.114466 0.129136
2.530291 3.899084 -0.010592 0.758061 0.010080 -0.114688 0.130026
2.538332 3.896616 -0.010654 0.761973 0.010108 -0.114908 0.130906
2.546285 3.894162 -0.010716 0.765840 0.010136 -0.115127 0.131775
2.554153 3.891722 -0.010777 0.769665 0.010163 -0.115345 0.132635
2.561936 3.889296 -0.010838 0.773453 0.010191 -0.115561 0.133487
2.569635 3.886884 -0.010898 0.777205 0.010218 -0.115776 0.134330
2.577250 3.884486 -0.010957 0.780922 0.010245 -0.115990 0.135167
2.584781 3.882102 -0.011015 0.784603 0.010272 -0.116202 0.135996
2.592230 3.879733 -0.011073 0.788249 0.010299 -0.116413 0.136817
2.599597 3.877378 -0.011131 0.791859 0.010326 -0.116622 0.137631
2.606883 3.875039 -0.011187 0.795433 0.010353 -0.116830 0.138436
2.614088 3.872716 -0.011243 0.798969 0.010380 -0.117036 0.139234
2.621214 3.870409 -0.011299 0.802467 0.010406 -0.117241 0.140023
2.628260 3.868118 -0.011355 0.805926 0.010432 -0.117445 0.140803
2.635227 3.865844 -0.011410 0.809344 0.010458 -0.117647 0.141575
2.642116 3.863587 -0.011465 0.812721 0.010483 -0.117847 0.142336
2.648927 3.861347 -0.011520 0.816056 0.010509 -0.118046 0.143089
2.655662 3.859125 -0.011574 0.819349 0.010534 -0.118243 0.143831
2.662320 3.856921 -0.011629 0.822600 0.010558 -0.118439 0.144564
2.668902 3.854736 -0.011683 0.825807 0.010582 -0.118633 0.145286
2.675410 3.852568 -0.011738 0.828973 0.010606 -0.118826 0.146000
2.681842 3.850420 -0.011792 0.832099 0.010629 -0.119018 0.146704
2.688201 3.848289 -0.011846 0.835186 0.010652 -0.119207 0.147399
2.694487 3.846177 -0.011900 0.838239 0.010675 -0.119395 0.148087
2.700701 3.844082 -0.011953 0.841260 0.010698 -0.119581 0.148768
2.706844 3.842006 -0.012006 0.844250 0.010720 -0.119766 0.149442
2.712915 3.839947 -0.012057 0.847211 0.010743 -0.119949 0.150109
2.718916 3.837906 -0.012108 0.850142 0.010765 -0.120130 0.150771
2.724848 3.835884 -0.012159 0.853042 0.010787 -0.120309 0.151425
2.730710 3.833881 -0.012208 0.855913 0.010810 -0.120486 0.152074
2.736503 3.831897 -0.012258 0.858752 0.010831 -0.120662 0.152715
2.742228 3.829932 -0.012307 0.861560 0.010853 -0.120836 0.153350
2.747885 3.827986 -0.012355 0.864336 0.010875 -0.121008 0.153978
2.753476 3.826060 -0.012403 0.867079 0.010896 -0.121179 0.154598
2.758999 3.824155 -0.012450 0.869788 0.010917 -0.121347 0.155210
2.764457 3.822270 -0.012498 0.872463 0.010938 -0.121514 0.155815
2.769848 3.820406 -0.012545 0.875103 0.010958 -0.121679 0.156412
2.775175 3.818563 -0.012592 0.877707 0.010978 -0.121842 0.157000
2.780437 3.816741 -0.012639 0.880276 0.010998 -0.122003 0.157580
2.785635 3.814940 -0.012685 0.882810 0.011018 -0.122162 0.158152
2.790769 3.813161 -0.012732 0.885308 0.011037 -0.122320 0.158716
2.795840 3.811404 -0.012778 0.887773 0.011055 -0.122476 0.159273
2.800848 3.809668 -0.012824 0.890205 0.011074 -0.122629 0.159822
2.805795 3.807954 -0.012870 0.892609 0.011092 -0.122781 0.160364
2.810680 3.806260 -0.012915 0.894985 0.011110 -0.122931 0.160901
2.815504 3.804588 -0.012959 0.897334 0.011128 -0.123078 0.161431
2.820268 3.802937 -0.013003 0.899658 0.011145 -0.123224 0.161956
2.824971 3.801308 -0.013046 0.901957 0.011163 -0.123368 0.162476
2.829615 3.799700 -0.013089 0.904230 0.011181 -0.123509 0.162990
2.834200 3.798114 -0.013131 0.906477 0.011198 -0.123649 0.163498
2.838727 3.796550 -0.013172 0.908697 0.011215 -0.123786 0.164001
2.843194 3.795008 -0.013213 0.910891 0.011232 -0.123922 0.164498
2.847604 3.793489 -0.013254 0.913057 0.011248 -0.124055 0.164988
2.851957 3.791993 -0.013294 0.915195 0.011265 -0.124187 0.165473
2.856252 3.790520 -0.013334 0.917305 0.011281 -0.124316 0.165951
2.860490 3.789069 -0.013373 0.919386 0.011297 -0.124443 0.166422
2.864672 3.787643 -0.013412 0.921438 0.011313 -0.124568 0.166886
2.868798 3.786240 -0.013451 0.923460 0.011328 -0.124691 0.167344
2.872869 3.784861 -0.013490 0.925452 0.011343 -0.124812 0.167795
2.876883 3.783506 -0.013528 0.927414 0.011357 -0.124931 0.168239
2.880843 3.782174 -0.013566 0.929347 0.011372 -0.125047 0.168676
2.884749 3.780868 -0.013604 0.931252 0.011386 -0.125161 0.169107
2.888599 3.779585 -0.013642 0.933129 0.011399 -0.125274 0.169531
2.892397 3.778326 -0.013679 0.934980 0.011413 -0.125384 0.169950
2.896140 3.777091 -0.013716 0.936808 0.011426 -0.125492 0.170364
2.899830 3.775879 -0.013752 0.938612 0.011439 -0.125597 0.170772
2.903468 3.774692 -0.013788 0.940394 0.011452 -0.125700 0.171175
2.907053 3.773529 -0.013822 0.942153 0.011465 -0.125801 0.171574
2.910585 3.772390 -0.013857 0.943890 0.011478 -0.125900 0.171967
2.914066 3.771275 -0.013891 0.945603 0.011490 -0.125997 0.172355
2.917495 3.770185 -0.013924 0.947293 0.011502 -0.126091 0.172739
2.920872 3.769119 -0.013957 0.948959 0.011514 -0.126183 0.173117
2.924198 3.768079 -0.013989 0.950602 0.011526 -0.126273 0.173490
2.927473 3.767063 -0.014022 0.952221 0.011537 -0.126360 0.173857
2.930697 3.766073 -0.014053 0.953814 0.011549 -0.126445 0.174219
2.933871 3.765108 -0.014084 0.955383 0.011560 -0.126528 0.174575
2.936994 3.764168 -0.014115 0.956927 0.011570 -0.126609 0.174926
2.940067 3.763254 -0.014146 0.958446 0.011581 -0.126687 0.175270
2.943091 3.762366 -0.014176 0.959939 0.011591 -0.126763 0.175609
2.946064 3.761504 -0.014206 0.961407 0.011601 -0.126836 0.175942
2.948988 3.760668 -0.014236 0.962849 0.011610 -0.126907 0.176269
2.951862 3.759858 -0.014265 0.964266 0.011620 -0.126976 0.176591
2.954687 3.759074 -0.014294 0.965660 0.011628 -0.127043 0.176907
2.957463 3.758316 -0.014322 0.967030 0.011637 -0.127107 0.177218
2.960190 3.757583 -0.014350 0.968379 0.011646 -0.127169 0.177524
2.962868 3.756877 -0.014378 0.969706 0.011654 -0.127228 0.177825
2.965498 3.756197 -0.014405 0.971012 0.011662 -0.127285 0.178122
2.968079 3.755542 -0.014431 0.972296 0.011670 -0.127339 0.178414
2.970612 3.754914 -0.014457 0.973560 0.011678 -0.127392 0.178701
2.973097 3.754312 -0.014482 0.974801 0.011686 -0.127441 0.178984
2.975534 3.753737 -0.014507 0.976022 0.011693 -0.127489 0.179262
2.977922 3.753188 -0.014531 0.977221 0.011700 -0.127533 0.179535
2.980263 3.752665 -0.014555 0.978397 0.011707 -0.127576 0.179803
2.982555 3.752170 -0.014579 0.979552 0.011713 -0.127616 0.180067
2.984800 3.751701 -0.014602 0.980685 0.011720 -0.127653 0.180325
2.986997 3.751259 -0.014625 0.981795 0.011726 -0.127689 0.180579
2.989146 3.750844 -0.014647 0.982883 0.011732 -0.127721 0.180827
2.991248 3.750456 -0.014668 0.983948 0.011738 -0.127752 0.181070
2.993301 3.750095 -0.014690 0.984991 0.011743 -0.127779 0.181309
2.995307 3.749761 -0.014711 0.986011 0.011748 -0.127805 0.181542
2.997266 3.749455 -0.014731 0.987008 0.011753 -0.127828 0.181770
2.999176 3.749176 -0.014751 0.987982 0.011758 -0.127848 0.181993
3.001039 3.748925 -0.014771 0.988934 0.011762 -0.127866 0.182210
3.002854 3.748700 -0.014790 0.989864 0.011766 -0.127882 0.182423
3.004622 3.748504 -0.014809 0.990772 0.011770 -0.127895 0.182632
3.006342 3.748335 -0.014827 0.991659 0.011774 -0.127905 0.182835
3.008014 3.748193 -0.014845 0.992524 0.011777 -0.127913 0.183033
3.009638 3.748079 -0.014862 0.993368 0.011781 -0.127919 0.183227
3.011214 3.747993 -0.014879 0.994190 0.011784 -0.127922 0.183416
3.012743 3.747934 -0.014896 0.994990 0.011786 -0.127923 0.183600
3.014223 3.747903 -0.014911 0.995768 0.011789 -0.127921 0.183780
3.015655 3.747900 -0.014927 0.996525 0.011791 -0.127916 0.183954
3.017040 3.747924 -0.014942 0.997260 0.011793 -0.127909 0.184124
3.018376 3.747977 -0.014956 0.997973 0.011795 -0.127900 0.184289
3.019663 3.748057 -0.014970 0.998664 0.011797 -0.127888 0.184449
3.020903 3.748166 -0.014984 0.999333 0.011798 -0.127874 0.184604
3.022094 3.748302 -0.014997 0.999980 0.011799 -0.127857 0.184754
3.023236 3.748467 -0.015010 1.000605 0.011800 -0.127838 0.184900
3.024329 3.748660 -0.015022 1.001208 0.011801 -0.127816 0.185040
3.025374 3.748881 -0.015033 1.001788 0.011802 -0.127792 0.185175
3.026369 3.749130 -0.015045 1.002346 0.011802 -0.127765 0.185306
3.027316 3.749407 -0.015055 1.002881 0.011802 -0.127735 0.185431
3.028213 3.749713 -0.015066 1.003395 0.011802 -0.127704 0.185552
3.029061 3.750046 -0.015076 1.003885 0.011801 -0.127669 0.185668
3.029859 3.750409 -0.015085 1.004353 0.011800 -0.127633 0.185778
3.030607 3.750799 -0.015094 1.004799 0.011799 -0.127593 0.185884
3.031306 3.751218 -0.015102 1.005222 0.011798 -0.127552 0.185984
3.031954 3.751665 -0.015110 1.005622 0.011797 -0.127507 0.186080
3.032552 3.752141 -0.015118 1.006000 0.011795 -0.127461 0.186171
3.033100 3.752645 -0.015125 1.006354 0.011793 -0.127411 0.186256
3.033598 3.753178 -0.015131 1.006686 0.011791 -0.127360 0.186337
3.034044 3.753739 -0.015137 1.006996 0.011789 -0.127305 0.186412
3.034439 3.754328 -0.015143 1.007282 0.011787 -0.127249 0.186483
3.034784 3.754946 -0.015148 1.007545 0.011784 -0.127190 0.186548
3.035077 3.755592 -0.015153 1.007785 0.011781 -0.127128 0.186608
3.035318 3.756267 -0.015157 1.008002 0.011778 -0.127064 0.186664
3.035508 3.756970 -0.015160 1.008197 0.011774 -0.126997 0.186714
3.035646 3.757701 -0.015164 1.008368 0.011771 -0.126928 0.186759
3.035731 3.758461 -0.015166 1.008515 0.011767 -0.126857 0.186799
3.035764 3.759249 -0.015168 1.008640 0.011763 -0.126783 0.186834
3.035745 3.760066 -0.015170 1.008741 0.011758 -0.126707 0.186864
3.035673 3.760911 -0.015171 1.008819 0.011754 -0.126628 0.186888
3.035548 3.761784 -0.015172 1.008873 0.011749 -0.126547 0.186908
3.035369 3.762686 -0.015172 1.008904 0.011744 -0.126463 0.186923
3.035137 3.763616 -0.015172 1.008912 0.011739 -0.126377 0.186932
3.034852 3.764574 -0.015171 1.008896 0.011733 -0.126289 0.186936
3.034512 3.765561 -0.015170 1.008856 0.011728 -0.126198 0.186935
3.034118 3.766575 -0.015168 1.008793 0.011722 -0.126105 0.186929
3.033670 3.767618 -0.015166 1.008705 0.011716 -0.126009 0.186918
3.033167 3.768689 -0.015163 1.008594 0.011710 -0.125911 0.186902
3.032609 3.769788 -0.015160 1.008459 0.011704 -0.125810 0.186880
3.031996 3.770915 -0.015156 1.008300 0.011697 -0.125708 0.186853
3.031328 3.772069 -0.015151 1.008117 0.011690 -0.125602 0.186821
3.030604 3.773252 -0.015147 1.007910 0.011683 -0.125495 0.186784
3.029824 3.774463 -0.015141 1.007679 0.011676 -0.125385 0.186742
3.028988 3.775701 -0.015135 1.007424 0.011668 -0.125273 0.186694
3.028096 3.776968 -0.015129 1.007144 0.011661 -0.125158 0.186641
3.027146 3.778261 -0.015122 1.006840 0.011653 -0.125042 0.186583
3.026140 3.779583 -0.015114 1.006512 0.011645 -0.124922 0.186520
3.025077 3.780932 -0.015106 1.006159 0.011637 -0.124801 0.186451
3.023957 3.782309 -0.015098 1.005782 0.011629 -0.124677 0.186377
3.022778 3.783712 -0.015089 1.005380 0.011620 -0.124551 0.186298
3.021542 3.785144 -0.015079 1.004953 0.011611 -0.124423 0.186213
3.020248 3.786602 -0.015069 1.004501 0.011602 -0.124292 0.186123
3.018895 3.788088 -0.015059 1.004025 0.011593 -0.124160 0.186028
3.017484 3.789600 -0.015048 1.003524 0.011584 -0.124025 0.185928
3.016013 3.791140 -0.015036 1.002998 0.011575 -0.123888 0.185822
3.014483 3.792706 -0.015024 1.002447 0.011565 -0.123748 0.185711
3.012894 3.794299 -0.015011 1.001870 0.011555 -0.123607 0.185594
3.011245 3.795919 -0.014998 1.001269 0.011545 -0.123463 0.185472
3.009537 3.797566 -0.014984 1.000642 0.011535 -0.123317 0.185345
3.007767 3.799238 -0.014969 0.999990 0.011525 -0.123169 0.185212
3.005938 3.800938 -0.014955 0.999313 0.011514 -0.123019 0.185074
3.004048 3.802663 -0.014939 0.998610 0.011504 -0.122867 0.184931
3.002096 3.804414 -0.014923 0.997882 0.011493 -0.122712 0.184782
3.000084 3.806191 -0.014907 0.997128 0.011482 -0.122556 0.184628
2.998010 3.807994 -0.014890 0.996348 0.011471 -0.122397 0.184468
2.995874 3.809823 -0.014872 0.995543 0.011459 -0.122237 0.184303
2.993677 3.811677 -0.014854 0.994712 0.011448 -0.122074 0.184132
2.991417 3.813557 -0.014835 0.993856 0.011436 -0.121910 0.183956
2.989095 3.815462 -0.014816 0.992973 0.011425 -0.121743 0.183774
2.986710 3.817392 -0.014796 0.992065 0.011413 -0.121575 0.183587
2.984263 3.819346 -0.014776 0.991131 0.011401 -0.121405 0.183395
2.981752 3.821326 -0.014755 0.990170 0.011389 -0.121232 0.183197
2.979178 3.823330 -0.014734 0.989184 0.011377 -0.121058 0.182993
2.976541 3.825359 -0.014712 0.988171 0.011364 -0.120882 0.182785
2.973840 3.827411 -0.014689 0.987133 0.011352 -0.120704 0.182570
2.971075 3.829488 -0.014666 0.986068 0.011339 -0.120524 0.182350
2.968247 3.831589 -0.014643 0.984977 0.011326 -0.120343 0.182125
2.965354 3.833713 -0.014619 0.983860 0.011313 -0.120159 0.181894
2.962396 3.835861 -0.014594 0.982717 0.011300 -0.119974 0.181658
2.959374 3.838032 -0.014569 0.981547 0.011287 -0.119787 0.181416
2.956287 3.840226 -0.014543 0.980351 0.011274 -0.119599 0.181168
2.953136 3.842443 -0.014517 0.979129 0.011261 -0.119408 0.180916
2.949919 3.844683 -0.014490 0.977881 0.011247 -0.119216 0.180657
2.946637 3.846945 -0.014463 0.976606 0.011234 -0.119023 0.180393
2.943290 3.849229 -0.014435 0.975304 0.011220 -0.118828 0.180124
2.939877 3.851535 -0.014406 0.973977 0.011206 -0.118631 0.179849
2.936399 3.853863 -0.014377 0.972623 0.011193 -0.118433 0.179569
2.932856 3.856213 -0.014347 0.971242 0.011179 -0.118233 0.179283
2.929246 3.858584 -0.014317 0.969836 0.011165 -0.118031 0.178992
2.925571 3.860975 -0.014286 0.968403 0.011151 -0.117829 0.178696
2.921830 3.863388 -0.014255 0.966944 0.011136 -0.117624 0.178394
2.918023 3.865821 -0.014223 0.965458 0.011122 -0.117419 0.178086
2.914150 3.868275 -0.014191 0.963946 0.011108 -0.117212 0.177774
2.910211 3.870748 -0.014158 0.962408 0.011094 -0.117004 0.177455
2.906206 3.873242 -0.014125 0.960844 0.011079 -0.116794 0.177132
2.902135 3.875755 -0.014091 0.959254 0.011065 -0.116583 0.176803
2.897998 3.878287 -0.014056 0.957637 0.011050 -0.116371 0.176469
2.893795 3.880838 -0.014021 0.955995 0.011036 -0.116158 0.176129
2.889526 3.883407 -0.013985 0.954327 0.011021 -0.115943 0.175784
2.885191 3.885995 -0.013949 0.952633 0.011007 -0.115727 0.175434
2.880790 3.888601 -0.013912 0.950913 0.010992 -0.115511 0.175079
2.876324 3.891225 -0.013875 0.949167 0.010977 -0.115293 0.174718
2.871792 3.893867 -0.013837 0.947396 0.010963 -0.115074 0.174352
2.867194 3.896526 -0.013799 0.945599 0.010948 -0.114854 0.173982
2.862531 3.899201 -0.013760 0.943777 0.010933 -0.114633 0.173605
2.857803 3.901893 -0.013720 0.941929 0.010918 -0.114412 0.173224
2.853009 3.904602 -0.013680 0.940057 0.010904 -0.114189 0.172838
2.848151 3.907327 -0.013640 0.938159 0.010889 -0.113966 0.172447
2.843228 3.910067 -0.013598 0.936237 0.010874 -0.113741 0.172050
2.838240 3.912822 -0.013557 0.934289 0.010859 -0.113516 0.171649
2.833188 3.915593 -0.013515 0.932317 0.010845 -0.113291 0.171243
2.828073 3.918379 -0.013472 0.930321 0.010830 -0.113064 0.170832
2.822893 3.921179 -0.013429 0.928300 0.010815 -0.112837 0.170416
2.817651 3.923993 -0.013385 0.926256 0.010801 -0.112609 0.169995
2.812345 3.926820 -0.013340 0.924187 0.010786 -0.112381 0.169570
2.806977 3.929662 -0.013296 0.922094 0.010771 -0.112152 0.169140
2.801546 3.932516 -0.013250 0.919979 0.010757 -0.111923 0.168705
2.796053 3.935383 -0.013204 0.917839 0.010742 -0.111693 0.168266
2.790499 3.938263 -0.013158 0.915677 0.010728 -0.111463 0.167822
2.784884 3.941155 -0.013111 0.913492 0.010713 -0.111233 0.167373
2.779209 3.944058 -0.013064 0.911284 0.010699 -0.111002 0.166921
2.773473 3.946974 -0.013016 0.909054 0.010685 -0.110771 0.166463
2.767678 3.949900 -0.012967 0.906801 0.010670 -0.110540 0.166002
2.761824 3.952837 -0.012918 0.904527 0.010656 -0.110308 0.165536
2.755912 3.955785 -0.012869 0.902231 0.010642 -0.110076 0.165066
2.749942 3.958743 -0.012819 0.899913 0.010628 -0.109845 0.164592
2.743914 3.961710 -0.012768 0.897575 0.010614 -0.109613 0.164114
2.737831 3.964688 -0.012718 0.895216 0.010600 -0.109381 0.163632
2.731691 3.967674 -0.012666 0.892836 0.010587 -0.109149 0.163146
2.725497 3.970669 -0.012614 0.890437 0.010573 -0.108917 0.162656
2.719248 3.973673 -0.012562 0.888017 0.010559 -0.108686 0.162162
2.712946 3.976685 -0.012509 0.885578 0.010546 -0.108454 0.161664
2.706591 3.979705 -0.012456 0.883120 0.010532 -0.108223 0.161163
2.700184 3.982733 -0.012403 0.880642 0.010519 -0.107991 0.160659
2.693726 3.985768 -0.012349 0.878147 0.010506 -0.107761 0.160151
2.687218 3.988810 -0.012294 0.875633 0.010493 -0.107530 0.159639
2.680661 3.991858 -0.012239 0.873101 0.010480 -0.107300 0.159124
2.674056 3.994913 -0.012184 0.870552 0.010467 -0.107070 0.158606
2.667404 3.997974 -0.012128 0.867986 0.010454 -0.106840 0.158085
2.660705 4.001040 -0.012072 0.865403 0.010442 -0.106611 0.157560
2.653961 4.004112 -0.012016 0.862804 0.010429 -0.106383 0.157033
2.647174 4.007189 -0.011959 0.860189 0.010417 -0.106155 0.156502
2.640343 4.010271 -0.011902 0.857558 0.010404 -0.105928 0.155969
2.633471 4.013358 -0.011845 0.854912 0.010392 -0.105701 0.155433
2.626558 4.016449 -0.011787 0.852252 0.010380 -0.105475 0.154894
2.619605 4.019543 -0.011729 0.849577 0.010368 -0.105250 0.154352
2.612615 4.022641 -0.011671 0.846888 0.010356 -0.105025 0.153808
2.605587 4.025743 -0.011613 0.844186 0.010344 -0.104801 0.153261
2.598524 4.028848 -0.011554 0.841471 0.010332 -0.104578 0.152712
2.591427 4.031955 -0.011495 0.838742 0.010321 -0.104356 0.152161
2.584297 4.035065 -0.011436 0.836002 0.010309 -0.104135 0.151607
2.577135 4.038177 -0.011377 0.833249 0.010298 -0.103915 0.151052
2.569944 4.041291 -0.011318 0.830486 0.010287 -0.103695 0.150494
2.562723 4.044407 -0.011258 0.827711 0.010275 -0.103477 0.149933
2.555476 4.047524 -0.011198 0.824925 0.010264 -0.103260 0.149371
2.548203 4.050642 -0.011139 0.822129 0.010253 -0.103043 0.148807
2.540905 4.053761 -0.011079 0.819323 0.010242 -0.102828 0.148242
2.533585 4.056881 -0.011019 0.816508 0.010231 -0.102614 0.147674
2.526244 4.060000 -0.010960 0.813684 0.010220 -0.102401 0.147104
2.518884 4.063119 -0.010900 0.810851 0.010209 -0.102190 0.146533
2.511506 4.066238 -0.010841 0.808010 0.010198 -0.101979 0.145961
2.504111 4.069357 -0.010781 0.805161 0.010187 -0.101770 0.145386
2.496702 4.072474 -0.010722 0.802305 0.010176 -0.101562 0.144810
2.489280 4.075589 -0.010663 0.799442 0.010165 -0.101355 0.144233
2.481847 4.078703 -0.010604 0.796572 0.010154 -0.101150 0.143654
2.474404 4.081815 -0.010545 0.793695 0.010143 -0.100946 0.143074
2.466954 4.084924 -0.010487 0.790813 0.010132 -0.100743 0.142493
2.459497 4.088031 -0.010429 0.787926 0.010121 -0.100542 0.141910
2.452036 4.091134 -0.010371 0.785033 0.010110 -0.100343 0.141326
2.444572 4.094233 -0.010314 0.782136 0.010098 -0.100144 0.140741
2.437108 4.097328 -0.010257 0.779235 0.010087 -0.099948 0.140155
2.429644 4.100419 -0.010201 0.776330 0.010076 -0.099753 0.139568
2.422183 4.103504 -0.010145 0.773422 0.010064 -0.099559 0.138979
2.414726 4.106584 -0.010090 0.770511 0.010052 -0.099367 0.138390
2.407275 4.109657 -0.010035 0.767598 0.010040 -0.099177 0.137800
2.399832 4.112724 -0.009981 0.764683 0.010028 -0.098988 0.137209
2.392399 4.115783 -0.009928 0.761767 0.010016 -0.098801 0.136618
2.384977 4.118834 -0.009875 0.758850 0.010004 -0.098616 0.136026
2.377568 4.121877 -0.009823 0.755934 0.009991 -0.098433 0.135433
2.370173 4.124910 -0.009772 0.753018 0.009979 -0.098251 0.134840
2.362795 4.127932 -0.009722 0.750104 0.009966 -0.098072 0.134247
2.355435 4.130944 -0.009672 0.747192 0.009953 -0.097894 0.133655
2.348095 4.133943 -0.009623 0.744284 0.009939 -0.097718 0.133062
2.340776 4.136930 -0.009575 0.741381 0.009926 -0.097544 0.132470
2.333479 4.139902 -0.009528 0.738483 0.009912 -0.097372 0.131879
2.326208 4.142860 -0.009481 0.735592 0.009898 -0.097202 0.131288
2.318962 4.145802 -0.009435 0.732710 0.009884 -0.097034 0.130700
2.311743 4.148726 -0.009390 0.729838 0.009870 -0.096868 0.130113
2.304554 4.151632 -0.009346 0.726979 0.009856 -0.096705 0.129529
2.297395 4.154518 -0.009302 0.724134 0.009841 -0.096543 0.128948
2.290267 4.157383 -0.009259 0.721305 0.009827 -0.096384 0.128371
2.283173 4.160225 -0.009216 0.718496 0.009813 -0.096228 0.127798
2.276113 4.163044 -0.009173 0.715709 0.009798 -0.096073 0.127231
2.269088 4.165836 -0.009131 0.712948 0.009784 -0.095922 0.126670
2.262100 4.168602 -0.009089 0.710217 0.009770 -0.095772 0.126117
2.255149 4.171339 -0.009046 0.707519 0.009757 -0.095625 0.125572
2.248237 4.174045 -0.009003 0.704860 0.009744 -0.095481 0.125038
2.241365 4.176719 -0.008959 0.702245 0.009731 -0.095340 0.124515
2.234533 4.179359 -0.008915 0.699678 0.009720 -0.095201 0.124005
2.227742 4.181963 -0.008869 0.697167 0.009709 -0.095065 0.123511
2.220993 4.184529 -0.008821 0.694718 0.009699 -0.094932 0.123034
2.214287 4.187056 -0.008771 0.692338 0.009691 -0.094801 0.122576
2.207623 4.189541 -0.008719 0.690034 0.009684 -0.094674 0.122140
2.201003 4.191984 -0.008663 0.687813 0.009679 -0.094549 0.121727
2.194427 4.194382 -0.008605 0.685681 0.009676 -0.094428 0.121340
2.187897 4.196735 -0.008542 0.683643 0.009675 -0.094309 0.120979
2.181414 4.199042 -0.008476 0.681703 0.009676 -0.094194 0.120645
2.174979 4.201302 -0.008405 0.679861 0.009679 -0.094081 0.120338
2.168595 4.203516 -0.008331 0.678111 0.009685 -0.093972 0.120055
2.162267 4.205685 -0.008253 0.676441 0.009692 -0.093866 0.119793
2.155997 4.207811 -0.008173 0.674830 0.009701 -0.093764 0.119543
2.149777 4.209901 -0.008093 0.673253 0.009710 -0.093666 0.119303
2.143613 4.211959 -0.008015 0.671682 0.009719 -0.093574 0.119064
2.137511 4.213991 -0.007940 0.670090 0.009728 -0.093487 0.118817
2.131475 4.216004 -0.007870 0.668457 0.009734 -0.093408 0.118557
2.125491 4.218008 -0.007807 0.666780 0.009737 -0.093336 0.118289
2.119510 4.220017 -0.007742 0.665107 0.009741 -0.093256 0.118015
2.113537 4.222037 -0.007679 0.663424 0.009744 -0.093174 0.117739
2.107586 4.224068 -0.007620 0.661713 0.009745 -0.093091 0.117456
2.101669 4.226111 -0.007565 0.659968 0.009744 -0.093009 0.117162
2.095794 4.228164 -0.007514 0.658187 0.009741 -0.092929 0.116858
2.089967 4.230225 -0.007467 0.656378 0.009737 -0.092850 0.116545
2.084191 4.232291 -0.007423 0.654551 0.009731 -0.092773 0.116224
2.078466 4.234362 -0.007383 0.652715 0.009725 -0.092698 0.115899
2.072794 4.236434 -0.007343 0.650882 0.009717 -0.092625 0.115573
2.067175 4.238505 -0.007306 0.649062 0.009709 -0.092554 0.115249
2.061609 4.240574 -0.007269 0.647264 0.009701 -0.092484 0.114930
2.056095 4.242637 -0.007232 0.645493 0.009693 -0.092416 0.114616
2.050635 4.244694 -0.007195 0.643754 0.009685 -0.092349 0.114309
2.045228 4.246741 -0.007158 0.642042 0.009678 -0.092284 0.114007
2.039875 4.248776 -0.007122 0.640346 0.009670 -0.092220 0.113704
2.034577 4.250799 -0.007088 0.638643 0.009662 -0.092161 0.113400
2.029335 4.252806 -0.007058 0.636920 0.009652 -0.092106 0.113091
2.024149 4.254796 -0.007032 0.635172 0.009641 -0.092057 0.112774
2.019021 4.256768 -0.007009 0.633401 0.009628 -0.092012 0.112449
2.013949 4.258720 -0.006989 0.631610 0.009615 -0.091971 0.112116
2.008933 4.260651 -0.006972 0.629805 0.009600 -0.091934 0.111777
2.003975 4.262561 -0.006958 0.627993 0.009585 -0.091901 0.111434
1.999073 4.264450 -0.006945 0.626179 0.009569 -0.091873 0.111089
1.994229 4.266316 -0.006934 0.624373 0.009552 -0.091847 0.110744
1.989441 4.268160 -0.006925 0.622581 0.009536 -0.091826 0.110401
1.984712 4.269981 -0.006916 0.620812 0.009519 -0.091808 0.110064
1.980039 4.271781 -0.006907 0.619074 0.009502 -0.091793 0.109733
1.975424 4.273558 -0.006898 0.617373 0.009486 -0.091781 0.109412
1.970866 4.275313 -0.006888 0.615717 0.009470 -0.091773 0.109103
1.966365 4.277047 -0.006878 0.614111 0.009455 -0.091767 0.108806
1.961920 4.278759 -0.006866 0.612560 0.009441 -0.091763 0.108523
1.957531 4.280449 -0.006853 0.611068 0.009428 -0.091762 0.108256
1.953196 4.282118 -0.006838 0.609633 0.009415 -0.091763 0.108003
1.948915 4.283764 -0.006822 0.608251 0.009404 -0.091766 0.107761
1.944690 4.285387 -0.006804 0.606907 0.009393 -0.091770 0.107525
1.940519 4.286987 -0.006789 0.605576 0.009382 -0.091779 0.107295
1.936404 4.288563 -0.006776 0.604241 0.009370 -0.091793 0.107064
1.932344 4.290115 -0.006765 0.602898 0.009357 -0.091812 0.106829
1.928340 4.291642 -0.006758 0.601545 0.009343 -0.091835 0.106591
1.924389 4.293146 -0.006752 0.600186 0.009328 -0.091862 0.106349
1.920492 4.294626 -0.006749 0.598825 0.009313 -0.091893 0.106104
1.916647 4.296084 -0.006747 0.597467 0.009297 -0.091927 0.105858
1.912853 4.297520 -0.006746 0.596118 0.009281 -0.091964 0.105613
1.909110 4.298936 -0.006746 0.594784 0.009264 -0.092005 0.105370
1.905417 4.300333 -0.006747 0.593472 0.009248 -0.092047 0.105133
1.901773 4.301712 -0.006748 0.592190 0.009231 -0.092093 0.104902
1.898177 4.303074 -0.006748 0.590943 0.009215 -0.092140 0.104680
1.894628 4.304422 -0.006748 0.589737 0.009199 -0.092189 0.104469
1.891125 4.305756 -0.006746 0.588580 0.009184 -0.092239 0.104270
1.887667 4.307078 -0.006743 0.587476 0.009170 -0.092291 0.104086
1.884252 4.308388 -0.006739 0.586429 0.009157 -0.092344 0.103916
1.880878 4.309687 -0.006732 0.585442 0.009145 -0.092397 0.103763
1.877545 4.310977 -0.006723 0.584514 0.009134 -0.092451 0.103624
1.874250 4.312257 -0.006712 0.583639 0.009124 -0.092504 0.103498
1.870996 4.313526 -0.006699 0.582804 0.009115 -0.092557 0.103378
1.867781 4.314784 -0.006688 0.581979 0.009105 -0.092613 0.103263
1.864607 4.316031 -0.006679 0.581150 0.009094 -0.092673 0.103148
1.861473 4.317267 -0.006672 0.580311 0.009083 -0.092735 0.103029
1.858377 4.318492 -0.006667 0.579461 0.009070 -0.092800 0.102906
1.855319 4.319707 -0.006665 0.578602 0.009057 -0.092866 0.102779
1.852297 4.320912 -0.006664 0.577739 0.009043 -0.092935 0.102650
1.849309 4.322110 -0.006664 0.576876 0.009028 -0.093005 0.102519
1.846353 4.323303 -0.006665 0.576018 0.009013 -0.093075 0.102388
1.843430 4.324490 -0.006667 0.575173 0.008998 -0.093147 0.102260
1.840536 4.325675 -0.006668 0.574345 0.008983 -0.093219 0.102136
1.837671 4.326860 -0.006670 0.573541 0.008968 -0.093291 0.102017
1.834833 4.328045 -0.006671 0.572766 0.008953 -0.093363 0.101906
1.832020 4.329233 -0.006670 0.572027 0.008939 -0.093434 0.101805
1.829232 4.330426 -0.006669 0.571328 0.008925 -0.093505 0.101715
1.826465 4.331624 -0.006666 0.570675 0.008912 -0.093574 0.101637
1.823718 4.332830 -0.006660 0.570071 0.008900 -0.093643 0.101573
1.820988 4.334044 -0.006653 0.569519 0.008889 -0.093709 0.101523
1.818274 4.335267 -0.006642 0.569019 0.008878 -0.093773 0.101487
1.815574 4.336499 -0.006630 0.568565 0.008869 -0.093835 0.101462
1.812890 4.337738 -0.006615 0.568144 0.008861 -0.093894 0.101441
1.810222 4.338984 -0.006601 0.567724 0.008852 -0.093954 0.101425
1.807573 4.340235 -0.006590 0.567292 0.008842 -0.094015 0.101406
1.804941 4.341492 -0.006581 0.566841 0.008831 -0.094076 0.101382
1.802326 4.342755 -0.006574 0.566372 0.008819 -0.094138 0.101353
1.799725 4.344024 -0.006569 0.565888 0.008806 -0.094200 0.101318
1.797137 4.345300 -0.006564 0.565392 0.008793 -0.094262 0.101279
1.794559 4.346585 -0.006561 0.564888 0.008779 -0.094323 0.101237
1.791990 4.347881 -0.006559 0.564382 0.008764 -0.094382 0.101194
1.789428 4.349189 -0.006557 0.563880 0.008749 -0.094441 0.101151
1.786872 4.350512 -0.006554 0.563386 0.008734 -0.094497 0.101110
1.784319 4.351850 -0.006552 0.562906 0.008720 -0.094552 0.101073
1.781768 4.353206 -0.006548 0.562445 0.008705 -0.094604 0.101042
1.779216 4.354581 -0.006544 0.562008 0.008690 -0.094654 0.101018
1.776662 4.355977 -0.006538 0.561601 0.008676 -0.094701 0.101002
1.774104 4.357397 -0.006530 0.561226 0.008663 -0.094745 0.100996
1.771539 4.358840 -0.006520 0.560889 0.008651 -0.094786 0.101002
1.768964 4.360307 -0.006507 0.560592 0.008639 -0.094823 0.101019
1.766376 4.361799 -0.006492 0.560335 0.008628 -0.094855 0.101048
1.763776 4.363316 -0.006474 0.560115 0.008619 -0.094883 0.101086
1.761164 4.364855 -0.006454 0.559918 0.008610 -0.094906 0.101126
1.758546 4.366414 -0.006435 0.559712 0.008601 -0.094929 0.101168
1.755922 4.367992 -0.006418 0.559482 0.008590 -0.094952 0.101206
1.753295 4.369588 -0.006403 0.559225 0.008578 -0.094973 0.101236
1.750661 4.371201 -0.006391 0.558941 0.008565 -0.094993 0.101259
1.748018 4.372833 -0.006379 0.558633 0.008551 -0.095011 0.101275
1.745364 4.374484 -0.006369 0.558305 0.008537 -0.095028 0.101285
1.742698 4.376155 -0.006359 0.557962 0.008522 -0.095042 0.101290
1.740017 4.377848 -0.006350 0.557609 0.008506 -0.095053 0.101293
1.737319 4.379565 -0.006341 0.557249 0.008490 -0.095062 0.101294
1.734603 4.381307 -0.006332 0.556888 0.008475 -0.095068 0.101295
1.731867 4.383075 -0.006322 0.556530 0.008459 -0.095070 0.101298
1.729109 4.384872 -0.006312 0.556180 0.008443 -0.095069 0.101304
1.726327 4.386699 -0.006300 0.555842 0.008427 -0.095064 0.101314
1.723518 4.388557 -0.006287 0.555520 0.008412 -0.095054 0.101329
1.720680 4.390448 -0.006272 0.555217 0.008397 -0.095041 0.101352
1.717810 4.392372 -0.006255 0.554939 0.008383 -0.095022 0.101383
1.714906 4.394330 -0.006236 0.554688 0.008370 -0.094999 0.101423
1.711965 4.396322 -0.006214 0.554466 0.008358 -0.094971 0.101472
1.708986 4.398346 -0.006189 0.554270 0.008346 -0.094937 0.101529
1.705971 4.400401 -0.006161 0.554088 0.008336 -0.094897 0.101586
1.702930 4.402483 -0.006134 0.553886 0.008325 -0.094856 0.101642
1.699866 4.404589 -0.006111 0.553650 0.008312 -0.094813 0.101692
1.696780 4.406718 -0.006089 0.553378 0.008299 -0.094769 0.101732
1.693669 4.408870 -0.006068 0.553073 0.008284 -0.094722 0.101763
1.690530 4.411046 -0.006049 0.552738 0.008268 -0.094673 0.101786
1.687363 4.413244 -0.006031 0.552377 0.008252 -0.094621 0.101802
1.684165 4.415468 -0.006014 0.551994 0.008236 -0.094567 0.101813
1.680933 4.417717 -0.005996 0.551593 0.008219 -0.094509 0.101819
1.677666 4.419994 -0.005979 0.551179 0.008201 -0.094448 0.101822
1.674363 4.422299 -0.005961 0.550756 0.008184 -0.094383 0.101823
1.671021 4.424634 -0.005943 0.550326 0.008166 -0.094314 0.101824
1.667638 4.427000 -0.005924 0.549893 0.008149 -0.094242 0.101825
1.664214 4.429399 -0.005904 0.549460 0.008132 -0.094165 0.101828
1.660745 4.431831 -0.005883 0.549031 0.008115 -0.094083 0.101834
1.657229 4.434298 -0.005860 0.548610 0.008098 -0.093997 0.101843
1.653663 4.436801 -0.005835 0.548200 0.008082 -0.093906 0.101859
1.650044 4.439339 -0.005808 0.547806 0.008066 -0.093810 0.101880
1.646369 4.441911 -0.005779 0.547429 0.008052 -0.093708 0.101909
1.642638 4.444517 -0.005746 0.547070 0.008039 -0.093600 0.101943
1.638854 4.447154 -0.005710 0.546718 0.008027 -0.093487 0.101976
1.635031 4.449816 -0.005676 0.546336 0.008013 -0.093372 0.102007
1.631175 4.452502 -0.005645 0.545913 0.007998 -0.093255 0.102029
1.627286 4.455209 -0.005615 0.545449 0.007983 -0.093137 0.102040
1.623362 4.457937 -0.005587 0.544947 0.007966 -0.093017 0.102041
1.619399 4.460686 -0.005560 0.544412 0.007948 -0.092894 0.102033
1.615396 4.463456 -0.005534 0.543848 0.007930 -0.092769 0.102018
1.611351 4.466248 -0.005508 0.543259 0.007912 -0.092641 0.101996
1.607262 4.469062 -0.005482 0.542648 0.007894 -0.092510 0.101969
1.603128 4.471901 -0.005456 0.542019 0.007875 -0.092375 0.101939
1.598946 4.474765 -0.005429 0.541375 0.007856 -0.092238 0.101905
1.594715 4.477655 -0.005402 0.540717 0.007837 -0.092096 0.101869
1.590434 4.480572 -0.005375 0.540047 0.007818 -0.091951 0.101831
1.586101 4.483517 -0.005347 0.539370 0.007799 -0.091802 0.101793
1.581714 4.486491 -0.005317 0.538686 0.007781 -0.091649 0.101756
1.577270 4.489495 -0.005287 0.537999 0.007762 -0.091492 0.101720
1.572767 4.492530 -0.005255 0.537313 0.007744 -0.091331 0.101686
1.568202 4.495594 -0.005221 0.536632 0.007727 -0.091165 0.101657
1.563571 4.498687 -0.005184 0.535960 0.007710 -0.090994 0.101633
1.558872 4.501808 -0.005144 0.535299 0.007695 -0.090817 0.101613
1.554113 4.504954 -0.005101 0.534641 0.007681 -0.090636 0.101591
1.549311 4.508118 -0.005061 0.533946 0.007666 -0.090454 0.101565
1.544475 4.511298 -0.005023 0.533207 0.007649 -0.090270 0.101529
1.539603 4.514493 -0.004986 0.532425 0.007632 -0.090086 0.101481
1.534693 4.517701 -0.004951 0.531604 0.007613 -0.089900 0.101423
1.529743 4.520922 -0.004917 0.530751 0.007594 -0.089712 0.101357
1.524749 4.524157 -0.004884 0.529869 0.007575 -0.089523 0.101283
1.519711 4.527406 -0.004850 0.528962 0.007555 -0.089331 0.101203
1.514626 4.530669 -0.004816 0.528032 0.007536 -0.089137 0.101117
1.509494 4.533948 -0.004783 0.527083 0.007516 -0.088940 0.101028
1.504312 4.537244 -0.004749 0.526115 0.007496 -0.088741 0.100935
1.499080 4.540557 -0.004714 0.525130 0.007476 -0.088540 0.100838
1.493796 4.543888 -0.004679 0.524129 0.007456 -0.088335 0.100739
1.488460 4.547238 -0.004644 0.523113 0.007437 -0.088128 0.100637
1.483069 4.550607 -0.004608 0.522084 0.007417 -0.087917 0.100534
1.477621 4.553996 -0.004571 0.521045 0.007398 -0.087704 0.100430
1.472113 4.557405 -0.004532 0.519999 0.007378 -0.087487 0.100327
1.466542 4.560834 -0.004493 0.518951 0.007360 -0.087267 0.100226
1.460905 4.564282 -0.004451 0.517905 0.007342 -0.087042 0.100129
1.455199 4.567747 -0.004406 0.516867 0.007325 -0.086814 0.100035
1.449431 4.571227 -0.004357 0.515829 0.007310 -0.086582 0.099939
1.443627 4.574715 -0.004312 0.514753 0.007294 -0.086350 0.099838
1.437794 4.578208 -0.004269 0.513631 0.007276 -0.086118 0.099726
1.431931 4.581705 -0.004227 0.512469 0.007257 -0.085886 0.099603
1.426036 4.585205 -0.004187 0.511272 0.007237 -0.085653 0.099470
1.420105 4.588707 -0.004148 0.510046 0.007218 -0.085419 0.099329
1.414136 4.592213 -0.004108 0.508795 0.007198 -0.085185 0.099182
1.408128 4.595722 -0.004069 0.507522 0.007178 -0.084949 0.099030
1.402078 4.599235 -0.004029 0.506229 0.007158 -0.084712 0.098873
1.395985 4.602752 -0.003990 0.504918 0.007138 -0.084474 0.098712
1.389849 4.606275 -0.003950 0.503589 0.007118 -0.084235 0.098547
1.383669 4.609804 -0.003909 0.502242 0.007098 -0.083994 0.098379
1.377445 4.613339 -0.003869 0.500878 0.007079 -0.083751 0.098208
1.371174 4.616881 -0.003828 0.499497 0.007059 -0.083507 0.098033
1.364856 4.620430 -0.003787 0.498099 0.007039 -0.083261 0.097856
1.358489 4.623987 -0.003745 0.496688 0.007019 -0.083014 0.097677
1.352070 4.627552 -0.003703 0.495266 0.007000 -0.082764 0.097497
1.345595 4.631124 -0.003659 0.493838 0.006981 -0.082512 0.097318
1.339061 4.634704 -0.003614 0.492411 0.006963 -0.082258 0.097142
1.332465 4.638288 -0.003565 0.490990 0.006946 -0.082002 0.096970
1.325814 4.641875 -0.003513 0.489573 0.006931 -0.081742 0.096796
1.319140 4.645459 -0.003464 0.488118 0.006914 -0.081484 0.096617
1.312448 4.649038 -0.003418 0.486622 0.006896 -0.081227 0.096427
1.305739 4.652608 -0.003374 0.485092 0.006877 -0.080971 0.096228
1.299009 4.656171 -0.003330 0.483535 0.006858 -0.080715 0.096020
1.292254 4.659726 -0.003286 0.481956 0.006839 -0.080459 0.095807
1.285473 4.663273 -0.003242 0.480361 0.006820 -0.080204 0.095590
1.278663 4.666813 -0.003198 0.478752 0.006801 -0.079949 0.095369
1.271823 4.670346 -0.003154 0.477130 0.006782 -0.079693 0.095146
1.264953 4.673873 -0.003109 0.475496 0.006764 -0.079438 0.094920
1.258051 4.677394 -0.003064 0.473850 0.006746 -0.079182 0.094691
1.251119 4.680910 -0.003019 0.472192 0.006728 -0.078926 0.094461
1.244154 4.684422 -0.002973 0.470521 0.006710 -0.078670 0.094228
1.237158 4.687929 -0.002927 0.468839 0.006692 -0.078413 0.093994
1.230128 4.691432 -0.002881 0.467147 0.006674 -0.078156 0.093758
1.223063 4.694932 -0.002834 0.465445 0.006656 -0.077898 0.093521
1.215961 4.698429 -0.002786 0.463738 0.006639 -0.077639 0.093284
1.208818 4.701922 -0.002737 0.462031 0.006623 -0.077380 0.093050
1.201630 4.705412 -0.002687 0.460332 0.006607 -0.077120 0.092822
1.194394 4.708897 -0.002633 0.458651 0.006593 -0.076858 0.092600
1.187119 4.712375 -0.002575 0.456986 0.006581 -0.076595 0.092381
1.179838 4.715841 -0.002519 0.455299 0.006567 -0.076334 0.092160
1.172561 4.719293 -0.002466 0.453588 0.006553 -0.076075 0.091932
1.165289 4.722729 -0.002413 0.451860 0.006539 -0.075817 0.091697
1.158025 4.726151 -0.002360 0.450113 0.006524 -0.075561 0.091454
1.150775 4.729558 -0.002310 0.448338 0.006509 -0.075308 0.091202
1.143506 4.732950 -0.002259 0.446556 0.006495 -0.075054 0.090947
1.136210 4.736330 -0.002207 0.444762 0.006480 -0.074801 0.090692
1.128894 4.739698 -0.002157 0.442946 0.006465 -0.074548 0.090432
1.121564 4.743053 -0.002108 0.441106 0.006450 -0.074296 0.090166
1.114223 4.746396 -0.002060 0.439241 0.006434 -0.074045 0.089893
1.106871 4.749729 -0.002013 0.437353 0.006418 -0.073794 0.089613
1.099510 4.753050 -0.001966 0.435443 0.006401 -0.073544 0.089327
1.092137 4.756361 -0.001921 0.433515 0.006384 -0.073294 0.089036
1.084754 4.759661 -0.001876 0.431570 0.006367 -0.073045 0.088740
1.077358 4.762951 -0.001831 0.429612 0.006350 -0.072796 0.088442
1.069947 4.766231 -0.001786 0.427646 0.006333 -0.072547 0.088142
1.062518 4.769501 -0.001741 0.425678 0.006316 -0.072299 0.087842
1.055069 4.772760 -0.001694 0.423714 0.006300 -0.072051 0.087545
1.047600 4.776007 -0.001645 0.421759 0.006285 -0.071803 0.087251
1.040121 4.779241 -0.001594 0.419808 0.006272 -0.071555 0.086953
1.032646 4.782458 -0.001546 0.417833 0.006257 -0.071309 0.086653
1.025187 4.785654 -0.001501 0.415829 0.006241 -0.071065 0.086345
1.017743 4.788831 -0.001457 0.413801 0.006224 -0.070823 0.086029
1.010314 4.791987 -0.001415 0.411755 0.006207 -0.070583 0.085706
1.002896 4.795122 -0.001373 0.409697 0.006190 -0.070345 0.085379
0.995487 4.798237 -0.001331 0.407633 0.006172 -0.070108 0.085049
0.988085 4.801331 -0.001289 0.405563 0.006155 -0.069873 0.084717
0.980689 4.804405 -0.001248 0.403489 0.006139 -0.069640 0.084383
0.973300 4.807459 -0.001206 0.401413 0.006122 -0.069408 0.084049
0.965915 4.810493 -0.001164 0.399333 0.006106 -0.069177 0.083713
0.958537 4.813508 -0.001123 0.397250 0.006089 -0.068948 0.083376
0.951163 4.816503 -0.001081 0.395163 0.006073 -0.068720 0.083038
0.943794 4.819479 -0.001040 0.393072 0.006057 -0.068494 0.082699
0.936429 4.822435 -0.000998 0.390977 0.006041 -0.068269 0.082358
0.929066 4.825372 -0.000957 0.388879 0.006025 -0.068045 0.082018
0.921704 4.828290 -0.000916 0.386781 0.006009 -0.067823 0.081677
0.914339 4.831188 -0.000874 0.384686 0.005994 -0.067602 0.081338
0.906969 4.834067 -0.000831 0.382601 0.005979 -0.067381 0.081004
0.899592 4.836924 -0.000786 0.380531 0.005966 -0.067162 0.080673
0.892216 4.839760 -0.000738 0.378472 0.005954 -0.066944 0.080342
0.884863 4.842571 -0.000694 0.376397 0.005941 -0.066729 0.080009
0.877539 4.845354 -0.000651 0.374302 0.005926 -0.066516 0.079671
0.870245 4.848110 -0.000610 0.372194 0.005912 -0.066305 0.079326
0.862979 4.850838 -0.000570 0.370079 0.005897 -0.066097 0.078978
0.855736 4.853539 -0.000529 0.367961 0.005883 -0.065892 0.078627
0.848515 4.856212 -0.000489 0.365844 0.005868 -0.065689 0.078276
0.841315 4.858857 -0.000449 0.363729 0.005854 -0.065488 0.077924
0.834134 4.861475 -0.000409 0.361615 0.005840 -0.065289 0.077572
0.826973 4.864067 -0.000369 0.359503 0.005827 -0.065092 0.077220
0.819831 4.866631 -0.000329 0.357392 0.005813 -0.064898 0.076868
0.812707 4.869168 -0.000289 0.355281 0.005800 -0.064706 0.076514
0.805603 4.871678 -0.000249 0.353170 0.005787 -0.064515 0.076160
0.798518 4.874162 -0.000210 0.351057 0.005774 -0.064327 0.075805
0.791451 4.876619 -0.000171 0.348942 0.005761 -0.064141 0.075449
0.784402 4.879049 -0.000132 0.346826 0.005748 -0.063957 0.075092
0.777367 4.881452 -0.000093 0.344711 0.005735 -0.063775 0.074736
0.770345 4.883829 -0.000054 0.342599 0.005723 -0.063595 0.074380
0.763332 4.886179 -0.000015 0.340497 0.005711 -0.063416 0.074028
0.756326 4.888501 0.000026 0.338410 0.005700 -0.063240 0.073679
0.749334 4.890796 0.000070 0.336337 0.005690 -0.063065 0.073332
0.742379 4.893058 0.000111 0.334252 0.005679 -0.062893 0.072982
0.735467 4.895289 0.000149 0.332155 0.005668 -0.062725 0.072627
0.728596 4.897487 0.000187 0.330050 0.005656 -0.062559 0.072269
0.721763 4.899653 0.000223 0.327944 0.005644 -0.062396 0.071907
0.714967 4.901786 0.000260 0.325842 0.005632 -0.062236 0.071545
0.708203 4.903888 0.000297 0.323744 0.005621 -0.062078 0.071183
0.701473 4.905956 0.000333 0.321652 0.005610 -0.061924 0.070821
0.694774 4.907993 0.000370 0.319566 0.005599 -0.061772 0.070460
0.688106 4.909998 0.000406 0.317485 0.005589 -0.061622 0.070099
0.681470 4.911970 0.000443 0.315408 0.005578 -0.061475 0.069738
0.674865 4.913911 0.000479 0.313335 0.005568 -0.061331 0.069377
0.668291 4.915820 0.000515 0.311263 0.005558 -0.061189 0.069016
0.661749 4.917698 0.000550 0.309193 0.005548 -0.061050 0.068653
0.655237 4.919544 0.000585 0.307124 0.005538 -0.060913 0.068290
0.648755 4.921358 0.000620 0.305056 0.005528 -0.060779 0.067927
0.642301 4.923140 0.000654 0.302991 0.005518 -0.060648 0.067563
0.635873 4.924891 0.000688 0.300931 0.005508 -0.060518 0.067200
0.629467 4.926610 0.000723 0.298881 0.005498 -0.060392 0.066840
0.623081 4.928297 0.000758 0.296846 0.005490 -0.060267 0.066484
0.616720 4.929951 0.000796 0.294827 0.005483 -0.060145 0.066129
0.610406 4.931570 0.000831 0.292800 0.005474 -0.060026 0.065773
0.604144 4.933154 0.000865 0.290767 0.005466 -0.059910 0.065412
0.597933 4.934702 0.000897 0.288733 0.005457 -0.059798 0.065049
0.591767 4.936215 0.000929 0.286702 0.005448 -0.059688 0.064685
0.585647 4.937693 0.000961 0.284678 0.005439 -0.059582 0.064320
0.579568 4.939135 0.000993 0.282663 0.005431 -0.059478 0.063956
0.573532 4.940542 0.001025 0.280657 0.005423 -0.059378 0.063594
0.567536 4.941913 0.001056 0.278659 0.005415 -0.059280 0.063232
0.561580 4.943250 0.001088 0.276668 0.005407 -0.059186 0.062871
0.555666 4.944551 0.001119 0.274685 0.005400 -0.059094 0.062510
0.549791 4.945817 0.001150 0.272708 0.005392 -0.059005 0.062150
0.543957 4.947047 0.001181 0.270735 0.005385 -0.058919 0.061789
0.538163 4.948243 0.001211 0.268767 0.005378 -0.058836 0.061429
0.532408 4.949403 0.001241 0.266803 0.005371 -0.058756 0.061067
0.526692 4.950528 0.001271 0.264843 0.005364 -0.058678 0.060706
0.521014 4.951618 0.001300 0.262887 0.005357 -0.058604 0.060345
0.515371 4.952673 0.001329 0.260938 0.005350 -0.058532 0.059985
0.509761 4.953693 0.001358 0.259000 0.005344 -0.058463 0.059627
0.504181 4.954677 0.001388 0.257077 0.005338 -0.058397 0.059273
0.498635 4.955625 0.001419 0.255170 0.005334 -0.058333 0.058920
0.493142 4.956535 0.001449 0.253260 0.005328 -0.058273 0.058566
0.487706 4.957408 0.001476 0.251349 0.005322 -0.058216 0.058210
0.482323 4.958243 0.001504 0.249440 0.005316 -0.058163 0.057852
0.476992 4.959040 0.001531 0.247539 0.005311 -0.058112 0.057493
0.471711 4.959800 0.001557 0.245647 0.005305 -0.058065 0.057135
0.466477 4.960521 0.001584 0.243766 0.005300 -0.058021 0.056779
0.461291 4.961205 0.001610 0.241895 0.005295 -0.057981 0.056423
0.456151 4.961850 0.001637 0.240034 0.005291 -0.057943 0.056069
0.451057 4.962458 0.001663 0.238184 0.005286 -0.057909 0.055716
0.446009 4.963027 0.001690 0.236342 0.005282 -0.057878 0.055364
0.441008 4.963558 0.001716 0.234509 0.005278 -0.057849 0.055013
0.436052 4.964052 0.001741 0.232683 0.005275 -0.057825 0.054662
0.431141 4.964507 0.001767 0.230865 0.005271 -0.057803 0.054311
0.426277 4.964924 0.001792 0.229053 0.005267 -0.057784 0.053961
0.421456 4.965302 0.001816 0.227248 0.005264 -0.057769 0.053611
0.416680 4.965642 0.001841 0.225450 0.005261 -0.057756 0.053262
0.411945 4.965944 0.001865 0.223661 0.005258 -0.057747 0.052914
0.407251 4.966207 0.001889 0.221885 0.005255 -0.057741 0.052568
0.402595 4.966430 0.001914 0.220124 0.005253 -0.057738 0.052226
0.397980 4.966615 0.001941 0.218379 0.005252 -0.057738 0.051886
0.393420 4.966760 0.001965 0.216638 0.005250 -0.057742 0.051546
0.388917 4.966865 0.001989 0.214901 0.005249 -0.057749 0.051205
0.384470 4.966929 0.002012 0.213172 0.005247 -0.057760 0.050864
0.380077 4.966952 0.002036 0.211454 0.005246 -0.057774 0.050524
0.375737 4.966935 0.002059 0.209750 0.005245 -0.057791 0.050185
0.371448 4.966877 0.002082 0.208059 0.005244 -0.057812 0.049849
0.367209 4.966778 0.002106 0.206384 0.005244 -0.057836 0.049515
0.363022 4.966638 0.002129 0.204724 0.005244 -0.057864 0.049185
0.358884 4.966457 0.002153 0.203079 0.005245 -0.057895 0.048856
0.354797 4.966235 0.002177 0.201449 0.005246 -0.057930 0.048531
0.350761 4.965972 0.002201 0.199835 0.005247 -0.057968 0.048208
0.346776 4.965667 0.002225 0.198237 0.005249 -0.058009 0.047888
0.342842 4.965321 0.002250 0.196654 0.005251 -0.058054 0.047571
0.338958 4.964933 0.002274 0.195089 0.005254 -0.058103 0.047257
0.335126 4.964504 0.002299 0.193542 0.005257 -0.058154 0.046947
0.331344 4.964033 0.002324 0.192013 0.005260 -0.058210 0.046641
0.327613 4.963520 0.002350 0.190507 0.005265 -0.058268 0.046340
0.323931 4.962965 0.002377 0.189026 0.005269 -0.058330 0.046045
0.320298 4.962368 0.002404 0.187573 0.005275 -0.058396 0.045757
0.316716 4.961729 0.002433 0.186152 0.005282 -0.058465 0.045476
0.313194 4.961047 0.002463 0.184756 0.005289 -0.058537 0.045201
0.309735 4.960322 0.002493 0.183388 0.005297 -0.058614 0.044933
0.306339 4.959554 0.002523 0.182055 0.005306 -0.058693 0.044673
0.303005 4.958743 0.002556 0.180759 0.005315 -0.058777 0.044422
0.299733 4.957889 0.002590 0.179507 0.005326 -0.058864 0.044182
0.296524 4.956992 0.002625 0.178302 0.005338 -0.058955 0.043954
0.293380 4.956053 0.002663 0.177151 0.005352 -0.059049 0.043741
0.290301 4.955070 0.002703 0.176057 0.005367 -0.059147 0.043543
0.287290 4.954044 0.002746 0.175028 0.005383 -0.059248 0.043363
0.284348 4.952976 0.002792 0.174070 0.005402 -0.059354 0.043203
0.281479 4.951865 0.002842 0.173191 0.005422 -0.059462 0.043066
0.278685 4.950711 0.002896 0.172402 0.005445 -0.059575 0.042953
0.275970 4.949515 0.002954 0.171713 0.005470 -0.059691 0.042870
0.273339 4.948277 0.003017 0.171137 0.005498 -0.059812 0.042820
0.270798 4.946997 0.003086 0.170688 0.005530 -0.059936 0.042805
0.268359 4.945674 0.003162 0.170378 0.005565 -0.060064 0.042830
0.266045 4.944309 0.003245 0.170210 0.005604 -0.060198 0.042890
0.263908 4.942902 0.003337 0.170154 0.005649 -0.060336 0.042966
0.262077 4.941451 0.003432 0.170090 0.005696 -0.060478 0.042990
0.260905 4.939952 0.003439 0.169581 0.005701 -0.060621 0.042904
0.259962 4.938410 0.003451 0.169151 0.005712 -0.060765 0.042812
