-0.000000 -0.000000 0.000000 -0.000000 0.000000 0.000000 -0.000000
-0.352491 0.017137 0.050712 1.091865 -0.157662 0.070526 -0.209325
-0.701309 0.037068 0.110658 2.207782 -0.307159 0.124735 -0.287063
-1.070153 0.054889 0.161646 3.322973 -0.455995 0.168732 -0.352901
-1.470979 0.068137 0.204341 4.436733 -0.604039 0.206389 -0.414361
-1.903817 0.075466 0.239879 5.550062 -0.751002 0.239931 -0.470162
-2.363052 0.076072 0.268874 6.663955 -0.896844 0.270727 -0.518631
-2.841490 0.069453 0.291603 7.779167 -1.041702 0.299729 -0.558952
-3.330183 0.055021 0.307001 8.890489 -1.183622 0.326490 -0.593742
-3.827632 0.032657 0.315652 9.997978 -1.322832 0.351996 -0.625091
-4.320033 0.002104 0.316919 11.102570 -1.459789 0.376349 -0.650345
-4.796945 -0.036807 0.310137 12.204745 -1.595012 0.399685 -0.668824
-5.252369 -0.084070 0.295058 13.304796 -1.728932 0.422321 -0.680652
-5.682474 -0.139554 0.271660 14.402990 -1.861919 0.444631 -0.685996
-6.084676 -0.203053 0.239931 15.499477 -1.994353 0.466946 -0.685463
-6.456231 -0.274737 0.198388 16.591070 -2.124100 0.487938 -0.678972
-6.795946 -0.354181 0.147337 17.677999 -2.251467 0.508068 -0.666690
-7.103386 -0.440868 0.087187 18.760536 -2.376742 0.527829 -0.648486
-7.378305 -0.534569 0.017307 19.838930 -2.500307 0.546987 -0.624304
-7.620954 -0.635015 -0.062520 20.913394 -2.622512 0.565599 -0.594192
-7.831697 -0.741961 -0.152425 21.984178 -2.743669 0.583775 -0.558027
-8.010523 -0.855168 -0.252281 23.051539 -2.864058 0.601810 -0.515705
-8.157619 -0.974634 -0.361033 24.114083 -2.981637 0.618434 -0.467959
-8.273682 -1.100304 -0.478807 25.171958 -3.096679 0.633763 -0.415066
-8.360105 -1.231584 -0.604162 26.225071 -3.209389 0.648723 -0.357928
-8.417899 -1.368373 -0.736991 27.273635 -3.320028 0.663545 -0.296377
-8.448187 -1.510615 -0.877668 28.317920 -3.428877 0.678242 -0.230050
-8.452603 -1.658159 -1.026118 29.358006 -3.536206 0.693026 -0.159210
-8.432495 -1.810602 -1.180637 30.392903 -3.640462 0.707303 -0.084193
-8.390089 -1.967733 -1.341189 31.422681 -3.741891 0.721277 -0.005255
-8.327880 -2.129345 -1.507866 32.447449 -3.840741 0.735090 0.077528
-8.248565 -2.295231 -1.680861 33.467328 -3.937255 0.748843 0.164146
-8.154946 -2.465217 -1.860530 34.482450 -4.031678 0.762577 0.254634
-8.049498 -2.639178 -2.047341 35.492863 -4.124260 0.776301 0.348643
-7.933808 -2.816570 -2.241342 36.498547 -4.215208 0.790208 0.445612
-7.808207 -2.996768 -2.439453 37.498801 -4.303405 0.804017 0.545237
-7.673185 -3.179350 -2.640824 38.493451 -4.389039 0.818221 0.646639
-7.529526 -3.363867 -2.845126 39.482368 -4.472326 0.833093 0.749113
-7.378369 -3.549822 -3.052303 40.465455 -4.553489 0.848797 0.852071
-7.221213 -3.736654 -3.262526 41.442640 -4.632748 0.865414 0.955024
-7.059832 -3.923785 -3.475876 42.413873 -4.710308 0.883076 1.057542
-6.896189 -4.110537 -3.692197 43.379094 -4.786334 0.902017 1.159159
-6.732101 -4.295679 -3.909470 44.337902 -4.859918 0.921411 1.259184
-6.569687 -4.478620 -4.128166 45.290319 -4.931224 0.941312 1.357361
-6.411030 -4.658890 -4.348926 46.236386 -5.000442 0.961702 1.453546
-6.258111 -4.836067 -4.572346 47.176138 -5.067756 0.982575 1.547597
-6.112777 -5.009742 -4.798908 48.109612 -5.133334 1.003974 1.639358
-5.976712 -5.179413 -5.028713 49.036826 -5.197304 1.026087 1.728597
-5.851364 -5.343966 -5.259801 49.957677 -5.259066 1.047964 1.814867
-5.738163 -5.503019 -5.492436 50.872203 -5.318743 1.069756 1.897984
-5.638435 -5.656415 -5.727302 51.780479 -5.376485 1.091474 1.977872
-5.553373 -5.804083 -5.965081 52.682579 -5.432444 1.113118 2.054458
-5.484042 -5.946006 -6.206411 53.578572 -5.486768 1.134703 2.127658
-5.431389 -6.082195 -6.451825 54.468528 -5.539589 1.156281 2.197369
-5.396283 -6.212552 -6.701528 55.352505 -5.591004 1.178023 2.263437
-5.379646 -6.336269 -6.953608 56.230640 -5.640914 1.198805 2.325383
-5.382355 -6.453287 -7.208182 57.102940 -5.689408 1.218824 2.382838
-5.405202 -6.563717 -7.465552 57.969268 -5.736614 1.238149 2.434908
-5.448388 -6.667573 -7.725592 58.828675 -5.782748 1.256685 2.477728
-5.505596 -6.764819 -7.988741 59.666997 -5.827808 1.274836 2.514725
-5.567345 -6.855428 -8.255888 60.463577 -5.871622 1.293404 2.554617
-5.631276 -6.939129 -8.526524 61.212818 -5.914307 1.312594 2.595340
-5.697438 -7.015101 -8.798428 61.914040 -5.955426 1.330972 2.634892
-5.766051 -7.083352 -9.071503 62.567166 -5.995040 1.348797 2.672873
-5.837385 -7.144120 -9.346060 63.172665 -6.033232 1.366201 2.709073
-5.911692 -7.197699 -9.622474 63.731345 -6.070086 1.383304 2.743404
-5.989217 -7.244351 -9.900981 64.244306 -6.105665 1.400279 2.775874
-6.070310 -7.284145 -10.181367 64.713073 -6.139991 1.417465 2.806618
-6.155859 -7.316377 -10.461432 65.140453 -6.172998 1.433435 2.834885
-6.246042 -7.341123 -10.740922 65.528109 -6.204694 1.448547 2.860886
-6.340750 -7.358649 -11.019934 65.877465 -6.235117 1.463027 2.884794
-6.439674 -7.369264 -11.298637 66.189878 -6.264313 1.477070 2.906781
-6.542260 -7.373278 -11.577218 66.466623 -6.292328 1.490855 2.927012
-6.647522 -7.371055 -11.855990 66.708660 -6.319225 1.504503 2.945579
-6.753948 -7.363149 -12.135567 66.916234 -6.345086 1.518029 2.962386
-6.864701 -7.349189 -12.412593 67.092278 -6.370114 1.530539 2.976790
-6.979688 -7.329768 -12.687001 67.237202 -6.394322 1.542279 2.988775
-7.097858 -7.305495 -12.959246 67.351308 -6.417778 1.553304 2.998313
-7.218356 -7.276848 -13.229588 67.435300 -6.440531 1.563736 3.005504
-7.340566 -7.244233 -13.498117 67.490154 -6.462608 1.573764 3.010531
-7.464109 -7.207962 -13.764715 67.517095 -6.484016 1.583651 3.013658
-7.588856 -7.168146 -14.028880 67.517756 -6.504723 1.593800 3.015268
-7.714709 -7.124408 -14.288972 67.494671 -6.524792 1.602840 3.014641
-7.841637 -7.076888 -14.544498 67.449318 -6.544191 1.611163 3.012145
-7.969457 -7.025930 -14.795332 67.382669 -6.562921 1.619023 3.008026
-8.097935 -6.971935 -15.041467 67.295497 -6.580992 1.626625 3.002488
-8.226909 -6.915254 -15.282838 67.188659 -6.598407 1.634196 2.995767
-8.356423 -6.856083 -15.519105 67.063434 -6.615141 1.642062 2.988221
-8.486680 -6.794245 -15.748998 66.922253 -6.631206 1.648939 2.979006
-8.617738 -6.729917 -15.972184 66.766278 -6.646577 1.655141 2.968466
-8.749430 -6.663404 -16.188622 66.596110 -6.661255 1.660864 2.956803
-8.881478 -6.595045 -16.398397 66.412091 -6.675256 1.666252 2.944158
-9.013593 -6.525160 -16.601608 66.214515 -6.688593 1.671436 2.930667
-9.145582 -6.454021 -16.798290 66.003843 -6.701272 1.676573 2.916516
-9.277490 -6.381794 -16.988276 65.781008 -6.713276 1.681898 2.902025
-9.409810 -6.308380 -17.170571 65.548338 -6.724350 1.686261 2.886248
-9.542615 -6.233910 -17.344986 65.306732 -6.734472 1.689895 2.869509
-9.675735 -6.158569 -17.511527 65.056562 -6.743642 1.692942 2.851993
-9.808896 -6.082544 -17.670276 64.797971 -6.751867 1.695508 2.833829
-9.941808 -6.006007 -17.821327 64.531062 -6.759151 1.697689 2.815142
-10.074259 -5.929111 -17.964755 64.256089 -6.765498 1.699587 2.796098
-10.206289 -5.851979 -18.100526 63.973754 -6.770889 1.701352 2.776994
-10.338709 -5.774547 -18.227908 63.686266 -6.775501 1.702495 2.757165
-10.471584 -5.696903 -18.346844 63.394334 -6.779313 1.703164 2.736917
-10.604739 -5.619125 -18.457373 63.098209 -6.782320 1.703448 2.716434
-10.737925 -5.541277 -18.559562 62.797991 -6.784516 1.703419 2.695860
-10.870929 -5.463427 -18.653500 62.493846 -6.785900 1.703133 2.675363
-11.003749 -5.385679 -18.739283 62.186297 -6.786460 1.702659 2.655212
-11.137240 -5.308094 -18.816610 61.877338 -6.786239 1.701784 2.634686
-11.271415 -5.230737 -18.885557 61.567479 -6.785225 1.700568 2.614054
-11.406068 -5.153600 -18.946170 61.256822 -6.783406 1.699059 2.593476
-11.540927 -5.076626 -18.998461 60.945321 -6.780772 1.697300 2.573068
-11.675712 -4.999749 -19.042442 60.632901 -6.777311 1.695330 2.552942
-11.810187 -4.922931 -19.078178 60.319581 -6.773014 1.693165 2.533239
-11.944294 -4.846237 -19.105865 60.005692 -6.767877 1.690788 2.514191
-12.078767 -4.769863 -19.125735 59.692922 -6.762183 1.688228 2.494970
-12.213570 -4.693846 -19.137969 59.381614 -6.755927 1.685461 2.475814
-12.348499 -4.618093 -19.142587 59.071793 -6.749091 1.682493 2.456870
-12.483309 -4.542456 -19.139529 58.763372 -6.741657 1.679348 2.438252
-12.617753 -4.466779 -19.128730 58.456255 -6.733604 1.676046 2.420071
-12.751617 -4.390958 -19.110202 58.150432 -6.724915 1.672576 2.402466
-12.884836 -4.315044 -19.084205 57.846172 -6.715592 1.668849 2.385663
-13.018009 -4.239436 -19.051598 57.544996 -6.706057 1.665162 2.368804
-13.151091 -4.164170 -19.012637 57.247196 -6.696311 1.661416 2.352120
-13.283903 -4.089113 -18.967312 56.952788 -6.686336 1.657586 2.335758
-13.416239 -4.014087 -18.915529 56.661710 -6.676110 1.653666 2.319840
-13.547910 -3.938950 -18.857260 56.373932 -6.665617 1.649624 2.304499
-13.678839 -3.863734 -18.792767 56.089631 -6.654862 1.645329 2.289934
-13.809500 -3.788919 -18.723246 55.810047 -6.644161 1.641216 2.275312
-13.939843 -3.714522 -18.648956 55.535357 -6.633519 1.637146 2.260831
-14.069716 -3.640378 -18.569823 55.265514 -6.622919 1.633083 2.246614
-14.198952 -3.566258 -18.485646 55.000393 -6.612336 1.629028 2.232754
-14.327379 -3.491931 -18.396212 54.739858 -6.601743 1.624981 2.219342
-14.454840 -3.417226 -18.301408 54.483807 -6.591125 1.620902 2.206478
-14.581247 -3.342151 -18.201463 54.232277 -6.580495 1.616633 2.194311
-14.706884 -3.267238 -18.097846 53.986076 -6.570094 1.612652 2.182164
-14.831685 -3.192493 -17.990792 53.745251 -6.559938 1.608791 2.170184
-14.955529 -3.117740 -17.880160 53.509703 -6.550014 1.605004 2.158467
-15.078284 -3.042750 -17.765680 53.279293 -6.540297 1.601289 2.147088
-15.199820 -2.967296 -17.647070 53.053872 -6.530766 1.597641 2.136119
-15.320009 -2.891207 -17.524146 52.833307 -6.521408 1.594019 2.125638
-15.438761 -2.814497 -17.397087 52.617558 -6.512244 1.590248 2.115757
-15.556203 -2.737770 -17.267560 52.407116 -6.503339 1.586775 2.105971
-15.672262 -2.661041 -17.135752 52.201942 -6.494718 1.583417 2.096391
-15.786830 -2.584148 -17.001470 52.001911 -6.486373 1.580122 2.087086
-15.899794 -2.506891 -16.864424 51.806872 -6.478289 1.576871 2.078116
-16.011043 -2.429111 -16.724389 51.616671 -6.470458 1.573616 2.069540
-16.120480 -2.350819 -16.581500 51.431193 -6.462908 1.570177 2.061437
-16.228109 -2.272655 -16.437518 51.250636 -6.455587 1.566987 2.053452
-16.333854 -2.194629 -16.292580 51.074882 -6.448525 1.563860 2.045660
-16.437631 -2.116585 -16.146441 50.903772 -6.441716 1.560748 2.038109
-16.539364 -2.038319 -15.998743 50.737142 -6.435145 1.557644 2.030842
-16.638976 -1.959632 -15.849117 50.574823 -6.428799 1.554542 2.023897
-16.736387 -1.880373 -15.697282 50.416645 -6.422672 1.551402 2.017313
-16.831514 -1.800555 -15.543313 50.262443 -6.416796 1.548047 2.011144
-16.924291 -1.720838 -15.389010 50.112220 -6.411083 1.544884 2.005143
-17.014646 -1.641240 -15.234451 49.965812 -6.405568 1.541731 1.999361
-17.102519 -1.561615 -15.079348 49.823053 -6.400248 1.538544 1.993833
-17.187854 -1.481784 -14.923315 49.683787 -6.395112 1.535317 1.988590
-17.270597 -1.401566 -14.765952 49.547858 -6.390148 1.532044 1.983664
-17.350692 -1.320823 -14.606947 49.415111 -6.385355 1.528688 1.979087
-17.428081 -1.239564 -14.446313 49.285394 -6.380763 1.525085 1.974902
-17.502783 -1.158386 -14.285677 49.158713 -6.376311 1.521621 1.970940
-17.574747 -1.077303 -14.125060 49.034917 -6.372031 1.518128 1.967244
-17.643922 -0.996188 -13.964150 48.913850 -6.367925 1.514562 1.963842
-17.710256 -0.914890 -13.802562 48.795364 -6.363987 1.510907 1.960762
-17.773702 -0.833294 -13.639977 48.679315 -6.360218 1.507119 1.958033
-17.834240 -0.751425 -13.476402 48.565581 -6.356653 1.503033 1.955705
-17.892018 -0.669903 -13.313537 48.454304 -6.353117 1.499195 1.953591
-17.947023 -0.588757 -13.151398 48.345357 -6.349648 1.495436 1.951737
-17.999216 -0.507871 -12.989664 48.238589 -6.346248 1.491712 1.950169
-18.048556 -0.427098 -12.827927 48.133850 -6.342910 1.488013 1.948912
-18.095002 -0.346294 -12.665778 48.030987 -6.339627 1.484330 1.947987
-18.138514 -0.265353 -12.502890 47.929847 -6.336403 1.480621 1.947420
-18.179097 -0.184310 -12.339258 47.830311 -6.333272 1.476722 1.947257
-18.217016 -0.103756 -12.176504 47.732580 -6.330027 1.473159 1.947424
-18.252279 -0.023724 -12.014634 47.636526 -6.326703 1.469764 1.947965
-18.284843 0.055885 -11.853328 47.541981 -6.323304 1.466493 1.948901
-18.314662 0.135206 -11.692186 47.448777 -6.319823 1.463334 1.950251
-18.341684 0.214370 -11.530803 47.356744 -6.316255 1.460276 1.952032
-18.365866 0.293475 -11.368851 47.265713 -6.312600 1.457281 1.954267
-18.387216 0.372484 -11.206303 47.175559 -6.308892 1.454192 1.957004
-18.406047 0.450832 -11.044733 47.086555 -6.305219 1.451628 1.960031
-18.422368 0.528483 -10.884128 46.998564 -6.301616 1.449430 1.963393
-18.436127 0.605527 -10.724173 46.911394 -6.298085 1.447555 1.967109
-18.447262 0.682078 -10.564492 46.824850 -6.294622 1.445985 1.971195
-18.455722 0.758224 -10.404767 46.738745 -6.291230 1.444681 1.975669
-18.461521 0.833932 -10.244962 46.652951 -6.287941 1.443497 1.980583
-18.465000 0.908649 -10.086590 46.567811 -6.284687 1.442827 1.985623
-18.466174 0.982345 -9.929631 46.483190 -6.281503 1.442521 1.990839
-18.464992 1.055113 -9.773774 46.398887 -6.278390 1.442543 1.996249
-18.461387 1.127076 -9.618641 46.314693 -6.275345 1.442887 2.001869
-18.455299 1.198357 -9.463855 46.230409 -6.272362 1.443546 2.007714
-18.446688 1.269050 -9.309098 46.145867 -6.269443 1.444492 2.013817
-18.435611 1.339138 -9.154321 46.061028 -6.266617 1.445598 2.020260
-18.422521 1.408110 -9.000896 45.976515 -6.263839 1.447022 2.026686
-18.407475 1.475950 -8.848789 45.892277 -6.261139 1.448632 2.033176
-18.390431 1.542754 -8.697698 45.808129 -6.258519 1.450401 2.039758
-18.371322 1.608648 -8.547265 45.723850 -6.255978 1.452322 2.046448
-18.350080 1.673754 -8.397132 45.639220 -6.253510 1.454391 2.053260
-18.326665 1.738170 -8.246992 45.554064 -6.251119 1.456587 2.060229
-18.301144 1.801889 -8.096783 45.468368 -6.248830 1.458794 2.067450
-18.273939 1.864403 -7.947903 45.382825 -6.246570 1.461185 2.074585
-18.245120 1.925706 -7.800303 45.297410 -6.244368 1.463642 2.081728
-18.214649 1.985896 -7.653697 45.211928 -6.242226 1.466137 2.088910
-18.182468 2.045088 -7.507752 45.126151 -6.240144 1.468663 2.096147
-18.148545 2.103384 -7.362174 45.039898 -6.238124 1.471198 2.103476
-18.112959 2.160790 -7.216879 44.953189 -6.236189 1.473641 2.111007
-18.076088 2.216812 -7.073253 44.866774 -6.234271 1.476182 2.118435
-18.038015 2.271461 -6.931225 44.780667 -6.232395 1.478716 2.125871
-17.998704 2.324841 -6.790514 44.694673 -6.230564 1.481222 2.133347
-17.958082 2.377074 -6.650797 44.608535 -6.228776 1.483693 2.140871
-17.916075 2.428280 -6.511754 44.521996 -6.227030 1.486124 2.148455
-17.872648 2.478564 -6.373099 44.434867 -6.225328 1.488496 2.156133
-17.827887 2.527948 -6.234738 44.347187 -6.223692 1.490722 2.164021
-17.782158 2.575975 -6.098007 44.259750 -6.222053 1.493004 2.171838
-17.735552 2.622668 -5.962825 44.172590 -6.220434 1.495249 2.179700
-17.688033 2.668131 -5.828921 44.085507 -6.218836 1.497437 2.187642
-17.639525 2.712482 -5.695995 43.998229 -6.217259 1.499561 2.195669
-17.589951 2.755837 -5.563744 43.910486 -6.215704 1.501614 2.203791
-17.539278 2.798298 -5.431897 43.822076 -6.214171 1.503579 2.212041
-17.487599 2.839901 -5.300349 43.733042 -6.212680 1.505376 2.220540
-17.435268 2.880227 -5.170377 43.644244 -6.211196 1.507213 2.228847
-17.382389 2.919314 -5.041889 43.555719 -6.209740 1.509007 2.237084
-17.328938 2.957265 -4.914630 43.467266 -6.208314 1.510739 2.245286
-17.274866 2.994192 -4.788322 43.378626 -6.206917 1.512398 2.253467
-17.220159 3.030200 -4.662707 43.289611 -6.205551 1.513969 2.261668
-17.164945 3.065337 -4.537672 43.200314 -6.204231 1.515381 2.270026
-17.109612 3.099220 -4.414453 43.111739 -6.202924 1.516832 2.278084
-17.054290 3.131897 -4.292949 43.023979 -6.201645 1.518249 2.285978
-16.998966 3.163478 -4.172918 42.936839 -6.200395 1.519614 2.293745
-16.943575 3.194074 -4.054098 42.850032 -6.199176 1.520918 2.301389
-16.888053 3.223798 -3.936228 42.763268 -6.197988 1.522149 2.308913
-16.832387 3.252757 -3.819061 42.676351 -6.196832 1.523294 2.316350
-16.776704 3.281010 -3.702466 42.589373 -6.195719 1.524300 2.323836
-16.721279 3.308205 -3.587567 42.503247 -6.194616 1.525344 2.330989
-16.666249 3.334405 -3.474244 42.418066 -6.193537 1.526369 2.337945
-16.611614 3.359718 -3.362267 42.333626 -6.192481 1.527361 2.344733
-16.557325 3.384255 -3.251397 42.249626 -6.191450 1.528306 2.351349
-16.503336 3.408128 -3.141393 42.165767 -6.190446 1.529193 2.357790
-16.449659 3.431446 -3.032023 42.081846 -6.189468 1.530010 2.364085
-16.396434 3.454287 -2.923134 41.997962 -6.188522 1.530718 2.370365
-16.343769 3.476309 -2.815796 41.914892 -6.187592 1.531465 2.376308
-16.291817 3.497592 -2.709869 41.832730 -6.186685 1.532208 2.382044
-16.240612 3.518249 -2.605135 41.751276 -6.185800 1.532935 2.387601
-16.190147 3.538389 -2.501372 41.670244 -6.184939 1.533632 2.392977
-16.140454 3.558121 -2.398362 41.589424 -6.184102 1.534288 2.398195
-16.091678 3.577523 -2.295948 41.508896 -6.183292 1.534869 2.403380
-16.043871 3.596266 -2.195101 41.429386 -6.182494 1.535513 2.408269
-15.997178 3.614428 -2.095672 41.350990 -6.181710 1.536185 2.412990
-15.951622 3.632114 -1.997451 41.273517 -6.180940 1.536874 2.417566
-15.907160 3.649426 -1.900229 41.196679 -6.180186 1.537569 2.421988
-15.863744 3.666462 -1.803800 41.120190 -6.179450 1.538257 2.426242
-15.821357 3.683315 -1.707967 41.043838 -6.178734 1.538924 2.430343
-15.780092 3.700046 -1.612606 40.967657 -6.178045 1.539529 2.434389
-15.740169 3.716395 -1.518564 40.892351 -6.177361 1.540203 2.438172
-15.701681 3.732419 -1.425722 40.817978 -6.176689 1.540905 2.441798
-15.664604 3.748206 -1.333886 40.744378 -6.176030 1.541624 2.445289
-15.628868 3.763844 -1.242853 40.671328 -6.175384 1.542353 2.448647
-15.594393 3.779415 -1.152422 40.598613 -6.174752 1.543084 2.451871
-15.561116 3.794995 -1.062407 40.526068 -6.174137 1.543805 2.454979
-15.529064 3.810622 -0.972716 40.453698 -6.173551 1.544466 2.458051
-15.498601 3.826085 -0.884118 40.382204 -6.172963 1.545198 2.460897
-15.469748 3.841419 -0.796523 40.311622 -6.172385 1.545954 2.463604
-15.442430 3.856692 -0.709746 40.241846 -6.171818 1.546724 2.466202
-15.416540 3.871972 -0.623592 40.172743 -6.171261 1.547503 2.468710
-15.391962 3.887317 -0.537883 40.104189 -6.170718 1.548278 2.471148
-15.368644 3.902742 -0.452565 40.036140 -6.170208 1.548990 2.473569
-15.347082 3.918083 -0.368351 39.969223 -6.169690 1.549770 2.475786
-15.327221 3.933354 -0.285186 39.903428 -6.169183 1.550558 2.477857
-15.308936 3.948604 -0.202893 39.838692 -6.168688 1.551348 2.479817
-15.292094 3.963891 -0.121272 39.774965 -6.168204 1.552140 2.481699
-15.276549 3.979266 -0.040123 39.712197 -6.167727 1.552939 2.483536
-15.262133 3.994768 0.040719 39.650311 -6.167262 1.553730 2.485349
-15.248708 4.010388 0.121270 39.589186 -6.166836 1.554441 2.487155
-15.236941 4.026015 0.200868 39.529324 -6.166396 1.555212 2.488773
-15.226700 4.041638 0.279526 39.470625 -6.165971 1.555971 2.490222
-15.217825 4.057288 0.357411 39.413053 -6.165561 1.556709 2.491533
-15.210178 4.073008 0.434721 39.356622 -6.165164 1.557430 2.492749
-15.203625 4.088842 0.511656 39.301358 -6.164777 1.558143 2.493916
-15.198020 4.104825 0.588385 39.247264 -6.164400 1.558844 2.495072
-15.193222 4.120951 0.664941 39.194277 -6.164057 1.559467 2.496237
-15.189677 4.137094 0.740621 39.142711 -6.163703 1.560135 2.497229
-15.187260 4.153251 0.815456 39.092519 -6.163361 1.560784 2.498070
-15.185840 4.169453 0.889613 39.043728 -6.163033 1.561412 2.498799
-15.185311 4.185741 0.963285 38.996399 -6.162715 1.562025 2.499468
-15.185558 4.202149 1.036644 38.950577 -6.162406 1.562622 2.500117
-15.186458 4.218685 1.109733 38.906231 -6.162126 1.563148 2.500767
-15.188250 4.235202 1.181808 38.863470 -6.161839 1.563709 2.501252
-15.190828 4.251706 1.252912 38.822260 -6.161563 1.564250 2.501590
-15.194110 4.268230 1.323210 38.782636 -6.161301 1.564769 2.501817
-15.198040 4.284813 1.392890 38.744660 -6.161046 1.565275 2.501975
-15.202565 4.301490 1.462135 38.708389 -6.160796 1.565776 2.502107
-15.207618 4.318296 1.531110 38.673850 -6.160551 1.566272 2.502240
-15.213112 4.335235 1.599857 38.640983 -6.160330 1.566707 2.502380
-15.219204 4.352142 1.667626 38.609755 -6.160096 1.567184 2.502407
-15.225818 4.369023 1.734456 38.580104 -6.159868 1.567648 2.502323
-15.232910 4.385909 1.800506 38.552051 -6.159647 1.568096 2.502150
-15.240460 4.402835 1.865948 38.525641 -6.159430 1.568536 2.501920
-15.248451 4.419836 1.930957 38.500924 -6.159214 1.568974 2.501662
-15.256860 4.436944 1.995688 38.477926 -6.158998 1.569411 2.501399
-15.265633 4.454167 2.060197 38.456603 -6.158800 1.569800 2.501130
-15.274788 4.471315 2.123741 38.436803 -6.158589 1.570224 2.500782
-15.284283 4.488397 2.186372 38.418485 -6.158383 1.570635 2.500354
-15.294108 4.505444 2.248240 38.401681 -6.158181 1.571034 2.499864
-15.304269 4.522495 2.309508 38.386442 -6.157981 1.571425 2.499336
-15.314767 4.539583 2.370323 38.372804 -6.157783 1.571810 2.498787
-15.325569 4.556722 2.430747 38.360734 -6.157600 1.572147 2.498213
-15.336602 4.573718 2.490077 38.349984 -6.157409 1.572506 2.497587
-15.347840 4.590584 2.548370 38.340517 -6.157223 1.572846 2.496899
-15.359295 4.607352 2.605766 38.332364 -6.157043 1.573166 2.496163
-15.370992 4.624054 2.662419 38.325568 -6.156866 1.573472 2.495394
-15.382956 4.640723 2.718475 38.320171 -6.156691 1.573767 2.494606
-15.395198 4.657387 2.774072 38.316193 -6.156517 1.574051 2.493805
-15.407696 4.674054 2.829262 38.313582 -6.156360 1.574285 2.492974
-15.420375 4.690545 2.883414 38.312050 -6.156193 1.574538 2.492134
-15.433214 4.706866 2.936577 38.311546 -6.156030 1.574772 2.491265
-15.446225 4.723046 2.988879 38.312094 -6.155873 1.574984 2.490371
-15.459432 4.739114 3.040455 38.313735 -6.155720 1.575178 2.489460
-15.472856 4.755100 3.091438 38.316507 -6.155569 1.575355 2.488540
-15.486505 4.771028 3.141949 38.320429 -6.155422 1.575512 2.487608
-15.500355 4.786900 3.192035 38.325447 -6.155292 1.575613 2.486642
-15.514352 4.802551 3.241140 38.331293 -6.155153 1.575734 2.485705
-15.528470 4.817983 3.289310 38.337920 -6.155017 1.575838 2.484771
-15.542710 4.833220 3.336655 38.345350 -6.154886 1.575920 2.483840
-15.557080 4.848290 3.383293 38.353623 -6.154759 1.575980 2.482913
-15.571578 4.863215 3.429331 38.362762 -6.154639 1.576014 2.481986
-15.586170 4.877995 3.474812 38.372718 -6.154537 1.575988 2.481033
-15.600794 4.892486 3.519248 38.383226 -6.154427 1.575979 2.480134
-15.615415 4.906685 3.562679 38.394240 -6.154321 1.575952 2.479262
-15.630025 4.920614 3.605202 38.405787 -6.154221 1.575902 2.478413
-15.644627 4.934298 3.646922 38.417916 -6.154126 1.575830 2.477589
-15.659221 4.947761 3.687944 38.430679 -6.154037 1.575733 2.476793
-15.673794 4.961021 3.728360 38.444104 -6.153955 1.575608 2.476018
-15.688303 4.974077 3.768206 38.458148 -6.153890 1.575422 2.475238
-15.702658 4.986792 3.807062 38.472554 -6.153819 1.575252 2.474533
-15.716812 4.999162 3.844958 38.487281 -6.153752 1.575065 2.473876
-15.730748 5.011208 3.881980 38.502359 -6.153691 1.574855 2.473260
-15.744456 5.022951 3.918214 38.517841 -6.153637 1.574620 2.472686
-15.757929 5.034415 3.953749 38.533780 -6.153589 1.574359 2.472156
-15.771148 5.045618 3.988663 38.550213 -6.153549 1.574066 2.471665
-15.784062 5.056559 4.022993 38.567118 -6.153524 1.573715 2.471192
-15.796515 5.067104 4.056381 38.584242 -6.153496 1.573371 2.470801
-15.808455 5.077252 4.088858 38.601560 -6.153474 1.573010 2.470468
-15.819861 5.087022 4.120495 38.619103 -6.153458 1.572623 2.470189
-15.830717 5.096435 4.151363 38.636916 -6.153449 1.572206 2.469960
-15.841008 5.105510 4.181530 38.655038 -6.153448 1.571756 2.469779
-15.850685 5.114248 4.211039 38.673471 -6.153460 1.571251 2.469633
-15.859508 5.122513 4.239601 38.691963 -6.153473 1.570750 2.469564
-15.867430 5.130305 4.267254 38.710510 -6.153491 1.570232 2.469559
-15.874438 5.137645 4.294056 38.729143 -6.153516 1.569690 2.469611
-15.880529 5.144555 4.320066 38.747894 -6.153548 1.569121 2.469718
-15.885700 5.151060 4.345341 38.766798 -6.153588 1.568519 2.469875
-15.889951 5.157181 4.369938 38.785892 -6.153636 1.567880 2.470082
-15.893251 5.162923 4.393905 38.805203 -6.153693 1.567193 2.470335
-15.895276 5.168148 4.417009 38.824484 -6.153754 1.566504 2.470658
-15.896000 5.172861 4.439294 38.843753 -6.153822 1.565801 2.471046
-15.895429 5.177086 4.460807 38.863025 -6.153895 1.565079 2.471493
-15.893576 5.180848 4.481592 38.882309 -6.153975 1.564331 2.471990
-15.890459 5.184174 4.501690 38.901609 -6.154064 1.563551 2.472527
-15.886102 5.187089 4.521149 38.920948 -6.154161 1.562734 2.473104
-15.880505 5.189606 4.540020 38.940374 -6.154261 1.561877 2.473726
-15.873283 5.191578 4.558113 38.959668 -6.154370 1.561020 2.474404
-15.864444 5.193015 4.575476 38.978862 -6.154484 1.560157 2.475142
-15.854028 5.193945 4.592149 38.997952 -6.154602 1.559283 2.475932
-15.842077 5.194395 4.608162 39.016912 -6.154726 1.558392 2.476760
-15.828645 5.194391 4.623556 39.035743 -6.154854 1.557480 2.477623
-15.813768 5.193950 4.638387 39.054507 -6.154979 1.556548 2.478539
-15.797056 5.192917 4.652498 39.073057 -6.155112 1.555632 2.479518
-15.778554 5.191307 4.665943 39.091445 -6.155246 1.554734 2.480576
-15.758325 5.189149 4.678754 39.109644 -6.155379 1.553849 2.481703
-15.736423 5.186468 4.690949 39.127583 -6.155515 1.552967 2.482874
-15.712904 5.183292 4.702547 39.145186 -6.155655 1.552080 2.484065
-15.687847 5.179647 4.713575 39.162421 -6.155797 1.551183 2.485265
-15.661325 5.175547 4.724092 39.179358 -6.155933 1.550283 2.486504
-15.632997 5.170836 4.733973 39.195961 -6.156077 1.549414 2.487802
-15.602948 5.165529 4.743275 39.212288 -6.156218 1.548581 2.489186
-15.571270 5.159650 4.752018 39.228279 -6.156356 1.547781 2.490641
-15.538035 5.153226 4.760211 39.243817 -6.156494 1.547002 2.492134
-15.503319 5.146282 4.767859 39.258778 -6.156634 1.546235 2.493631
-15.467224 5.138847 4.774979 39.273090 -6.156777 1.545474 2.495115
-15.429860 5.130938 4.781620 39.286813 -6.156909 1.544727 2.496620
-15.390960 5.122416 4.787692 39.300002 -6.157051 1.544020 2.498158
-15.350653 5.113300 4.793243 39.312703 -6.157189 1.543360 2.499760
-15.309060 5.103617 4.798285 39.324818 -6.157324 1.542742 2.501408
-15.266292 5.093396 4.802817 39.336204 -6.157458 1.542157 2.503067
-15.222477 5.082667 4.806847 39.346771 -6.157589 1.541601 2.504725
-15.177757 5.071454 4.810429 39.356596 -6.157702 1.541085 2.506427
-15.131839 5.059617 4.813508 39.365822 -6.157825 1.540616 2.508150
-15.084878 5.047180 4.816137 39.374525 -6.157943 1.540207 2.509944
-15.037012 5.034177 4.818319 39.382601 -6.158053 1.539855 2.511791
-14.988353 5.020642 4.820041 39.389872 -6.158160 1.539548 2.513653
-14.939013 5.006610 4.821285 39.396165 -6.158266 1.539273 2.515491
-14.889133 4.992117 4.822053 39.401384 -6.158369 1.539028 2.517295
-14.838872 4.977196 4.822401 39.405642 -6.158449 1.538831 2.519132
-14.787876 4.961691 4.822332 39.409169 -6.158544 1.538669 2.520935
-14.736322 4.945638 4.821904 39.412073 -6.158635 1.538561 2.522771
-14.684363 4.929078 4.821110 39.414243 -6.158719 1.538505 2.524630
-14.632118 4.912055 4.819921 39.415478 -6.158798 1.538486 2.526470
-14.579703 4.894617 4.818309 39.415578 -6.158878 1.538492 2.528252
-14.527265 4.876810 4.816260 39.414424 -6.158954 1.538517 2.529966
-14.474964 4.858675 4.813827 39.412123 -6.159004 1.538582 2.531686
-14.422466 4.840056 4.811090 39.409007 -6.159074 1.538670 2.533322
-14.369952 4.820997 4.808104 39.405176 -6.159138 1.538803 2.534948
-14.317578 4.801551 4.804849 39.400491 -6.159196 1.538975 2.536553
-14.265472 4.781775 4.801285 39.394746 -6.159249 1.539171 2.538102
-14.213769 4.761725 4.797384 39.387792 -6.159295 1.539385 2.539582
-14.162623 4.741443 4.793191 39.379711 -6.159313 1.539634 2.541066
-14.111777 4.720784 4.788861 39.370951 -6.159346 1.539912 2.542463
-14.061398 4.699790 4.784440 39.361599 -6.159369 1.540243 2.543850
-14.011612 4.678520 4.779898 39.351504 -6.159382 1.540616 2.545213
-13.962513 4.657030 4.775184 39.340439 -6.159389 1.541015 2.546513
-13.914182 4.635379 4.770243 39.328187 -6.159393 1.541424 2.547709
-13.866721 4.613625 4.765040 39.314605 -6.159393 1.541833 2.548791
-13.820250 4.591811 4.759607 39.299778 -6.159368 1.542260 2.549836
-13.774607 4.569805 4.754143 39.284288 -6.159357 1.542711 2.550772
-13.729927 4.547648 4.748686 39.268219 -6.159337 1.543207 2.551680
-13.686304 4.525395 4.743196 39.251428 -6.159307 1.543739 2.552549
-13.643804 4.503099 4.737619 39.233705 -6.159271 1.544290 2.553345
-13.602481 4.480813 4.731898 39.214845 -6.159233 1.544844 2.554032
-13.562401 4.458590 4.725990 39.194700 -6.159193 1.545391 2.554600
-13.523650 4.436464 4.719911 39.173316 -6.159132 1.545944 2.555112
-13.486195 4.414327 4.713894 39.151321 -6.159084 1.546512 2.555513
-13.450134 4.392211 4.707958 39.128758 -6.159029 1.547109 2.555869
-13.415531 4.370162 4.702062 39.105487 -6.158968 1.547727 2.556171
-13.382431 4.348226 4.696152 39.081327 -6.158903 1.548351 2.556395
-13.350880 4.326447 4.690186 39.056146 -6.158834 1.548972 2.556533
-13.320938 4.304853 4.684175 39.029973 -6.158744 1.549602 2.556642
-13.292610 4.283357 4.678365 39.003406 -6.158665 1.550241 2.556662
-13.265957 4.261983 4.672772 38.976485 -6.158580 1.550901 2.556655
-13.241012 4.240765 4.667359 38.949094 -6.158489 1.551576 2.556616
-13.217792 4.219736 4.662077 38.921080 -6.158393 1.552255 2.556528
-13.196303 4.198923 4.656880 38.892298 -6.158297 1.552926 2.556372
-13.176557 4.178355 4.651732 38.862644 -6.158199 1.553583 2.556146
-13.158573 4.158048 4.646639 38.832142 -6.158088 1.554236 2.555900
-13.142410 4.137933 4.641861 38.801370 -6.157986 1.554884 2.555573
-13.128088 4.118023 4.637408 38.770359 -6.157882 1.555540 2.555217
-13.115610 4.098339 4.633249 38.739023 -6.157773 1.556198 2.554835
-13.104964 4.078898 4.629346 38.707253 -6.157663 1.556850 2.554420
-13.096135 4.059715 4.625663 38.674945 -6.157553 1.557489 2.553964
-13.089109 4.040805 4.622169 38.642024 -6.157444 1.558110 2.553471
-13.083873 4.022176 4.618869 38.608505 -6.157326 1.558721 2.552983
-13.080504 4.003779 4.615995 38.574880 -6.157217 1.559318 2.552419
-13.078989 3.985620 4.613553 38.541172 -6.157107 1.559912 2.551824
-13.079311 3.967710 4.611521 38.507326 -6.156997 1.560498 2.551208
-13.081442 3.950058 4.609873 38.473276 -6.156887 1.561072 2.550572
-13.085355 3.932672 4.608585 38.438970 -6.156777 1.561631 2.549926
-13.091017 3.915553 4.607659 38.404410 -6.156662 1.562178 2.549301
-13.098501 3.898664 4.607278 38.369974 -6.156553 1.562710 2.548601
-13.107774 3.882005 4.607447 38.335676 -6.156444 1.563232 2.547861
-13.118802 3.865583 4.608152 38.301487 -6.156336 1.563741 2.547094
-13.131549 3.849399 4.609376 38.267373 -6.156228 1.564235 2.546310
-13.145975 3.833458 4.611107 38.233303 -6.156122 1.564713 2.545520
-13.162040 3.817763 4.613334 38.199255 -6.156017 1.565171 2.544736
-13.179692 3.802309 4.616059 38.165225 -6.155911 1.565612 2.543981
-13.198981 3.787058 4.619401 38.131473 -6.155810 1.566033 2.543155
-13.219859 3.772007 4.623366 38.098004 -6.155712 1.566437 2.542284
-13.242285 3.757161 4.627952 38.064818 -6.155615 1.566822 2.541385
-13.266219 3.742523 4.633156 38.031915 -6.155521 1.567189 2.540475
-13.291621 3.728096 4.638979 37.999301 -6.155429 1.567536 2.539572
-13.318445 3.713883 4.645423 37.966978 -6.155339 1.567863 2.538692
-13.346629 3.699881 4.652488 37.934933 -6.155251 1.568167 2.537850
-13.376196 3.686046 4.660223 37.903310 -6.155167 1.568454 2.536947
-13.407086 3.672378 4.668634 37.872107 -6.155085 1.568722 2.535998
-13.439252 3.658884 4.677728 37.841344 -6.155006 1.568970 2.535025
-13.472650 3.645570 4.687517 37.811048 -6.154930 1.569199 2.534048
-13.507229 3.632442 4.698010 37.781235 -6.154857 1.569406 2.533082
-13.542918 3.619497 4.709206 37.751876 -6.154790 1.569583 2.532134
-13.579746 3.606688 4.721074 37.723022 -6.154723 1.569750 2.531106
-13.617646 3.594015 4.733617 37.694655 -6.154659 1.569899 2.530007
-13.656570 3.581484 4.746853 37.666810 -6.154598 1.570029 2.528855
-13.696479 3.569107 4.760807 37.639548 -6.154539 1.570142 2.527678
-13.737333 3.556893 4.775505 37.612927 -6.154482 1.570239 2.526501
-13.779077 3.544849 4.790967 37.586980 -6.154428 1.570319 2.525342
-13.821635 3.532971 4.807189 37.561667 -6.154384 1.570366 2.524194
-13.865079 3.521217 4.824065 37.536976 -6.154334 1.570416 2.522981
-13.909337 3.509584 4.841595 37.512882 -6.154284 1.570455 2.521700
-13.954354 3.498084 4.859809 37.489442 -6.154236 1.570482 2.520372
-14.000089 3.486733 4.878747 37.466748 -6.154188 1.570500 2.519029
-14.046497 3.475547 4.898446 37.444896 -6.154140 1.570511 2.517701
-14.093509 3.464537 4.918938 37.423938 -6.154093 1.570511 2.516405
-14.141038 3.453702 4.940214 37.403823 -6.154057 1.570480 2.515127
-14.189215 3.443016 4.962100 37.384485 -6.154009 1.570469 2.513816
-14.237952 3.432480 4.984594 37.365889 -6.153958 1.570457 2.512462
-14.287170 3.422111 5.007732 37.348114 -6.153907 1.570443 2.511085
-14.336799 3.411933 5.031561 37.331270 -6.153854 1.570426 2.509713
-14.386744 3.401963 5.056116 37.315423 -6.153803 1.570401 2.508361
-14.436896 3.392199 5.081377 37.300499 -6.153769 1.570337 2.507001
-14.487478 3.382635 5.107107 37.286369 -6.153717 1.570308 2.505611
-14.538388 3.373270 5.133293 37.272977 -6.153663 1.570284 2.504167
-14.589537 3.364124 5.159980 37.260416 -6.153608 1.570262 2.502687
-14.640859 3.355226 5.187228 37.248846 -6.153551 1.570247 2.501212
-14.692280 3.346607 5.215094 37.238423 -6.153490 1.570240 2.499779
-14.743688 3.338284 5.243621 37.229221 -6.153428 1.570234 2.498398
-14.794952 3.330250 5.272776 37.221121 -6.153387 1.570187 2.497022
-14.846429 3.322523 5.302287 37.213966 -6.153321 1.570196 2.495665
-14.897995 3.315095 5.332129 37.207654 -6.153251 1.570220 2.494281
-14.949539 3.307989 5.362349 37.202275 -6.153179 1.570254 2.492885
-15.000978 3.301240 5.393013 37.198009 -6.153105 1.570299 2.491513
-15.052227 3.294883 5.424188 37.195029 -6.153027 1.570359 2.490204
-15.103157 3.288945 5.455915 37.193419 -6.152948 1.570424 2.488965
-15.153621 3.283416 5.488160 37.193053 -6.152892 1.570445 2.487743
-15.204032 3.278314 5.520604 37.193790 -6.152809 1.570536 2.486581
-15.254248 3.273632 5.553216 37.195515 -6.152721 1.570652 2.485426
-15.304137 3.269395 5.586042 37.198306 -6.152632 1.570780 2.484282
-15.353592 3.265643 5.619145 37.202307 -6.152544 1.570920 2.483171
-15.402485 3.262405 5.652571 37.207603 -6.152460 1.571059 2.482097
-15.450677 3.259676 5.686289 37.214099 -6.152402 1.571151 2.481012
-15.498506 3.257456 5.719923 37.221632 -6.152322 1.571304 2.479980
-15.545850 3.255738 5.753447 37.230110 -6.152240 1.571474 2.478953
-15.592613 3.254549 5.786914 37.239617 -6.152161 1.571651 2.477933
-15.638734 3.253931 5.820397 37.250316 -6.152084 1.571836 2.476947
-15.684157 3.253924 5.853970 37.262369 -6.152007 1.572032 2.476023
-15.728800 3.254560 5.887687 37.275863 -6.151935 1.572228 2.475161
-15.772552 3.255836 5.921528 37.290722 -6.151887 1.572382 2.474318
-15.815655 3.257730 5.955078 37.306711 -6.151820 1.572586 2.473567
-15.858012 3.260237 5.988319 37.323758 -6.151752 1.572798 2.472863
-15.899556 3.263385 6.021308 37.341941 -6.151689 1.573010 2.472204
-15.940252 3.267215 6.054119 37.361411 -6.151628 1.573222 2.471611
-15.980070 3.271769 6.086827 37.382321 -6.151569 1.573436 2.471104
-16.018950 3.277077 6.119490 37.404761 -6.151516 1.573646 2.470683
-16.056798 3.283138 6.152097 37.428675 -6.151485 1.573810 2.470304
-16.093724 3.289910 6.184211 37.453737 -6.151440 1.574005 2.470043
-16.129640 3.297390 6.215825 37.479892 -6.151398 1.574192 2.469853
-16.164493 3.305604 6.246993 37.507224 -6.151362 1.574362 2.469732
-16.198253 3.314590 6.277787 37.535858 -6.151333 1.574516 2.469689
-16.230878 3.324375 6.308264 37.565887 -6.151313 1.574647 2.469721
-16.262276 3.334956 6.338423 37.597268 -6.151316 1.574719 2.469784
-16.292447 3.346270 6.367825 37.629555 -6.151314 1.574793 2.469945
-16.321314 3.358311 6.396470 37.662704 -6.151320 1.574835 2.470160
-16.348861 3.371097 6.424419 37.696806 -6.151337 1.574840 2.470424
-16.375102 3.384655 6.451747 37.731999 -6.151364 1.574813 2.470751
-16.400058 3.399012 6.478528 37.768432 -6.151399 1.574756 2.471155
-16.423733 3.414185 6.504830 37.806224 -6.151442 1.574672 2.471641
-16.446055 3.430168 6.530671 37.845370 -6.151504 1.574533 2.472168
-16.466839 3.446877 6.555585 37.885231 -6.151568 1.574375 2.472776
-16.486026 3.464300 6.579591 37.925794 -6.151643 1.574173 2.473425
-16.503638 3.482444 6.602757 37.967171 -6.151730 1.573928 2.474115
-16.519723 3.501317 6.625157 38.009507 -6.151827 1.573646 2.474859
-16.534339 3.520928 6.646869 38.052960 -6.151931 1.573337 2.475673
-16.547522 3.541279 6.667969 38.097679 -6.152041 1.573007 2.476568
-16.559206 3.562352 6.688482 38.143693 -6.152165 1.572639 2.477504
-16.569106 3.584078 6.707899 38.190131 -6.152296 1.572232 2.478496
-16.577173 3.606430 6.726247 38.237014 -6.152442 1.571768 2.479501
-16.583468 3.629397 6.743603 38.284492 -6.152601 1.571259 2.480531
-16.588077 3.652962 6.760049 38.332738 -6.152769 1.570716 2.481605
-16.591072 3.677107 6.775670 38.381931 -6.152942 1.570157 2.482741
-16.592402 3.701794 6.790502 38.432114 -6.153128 1.569571 2.483896
-16.591827 3.726988 6.804075 38.482276 -6.153324 1.568927 2.485078
-16.589321 3.752643 6.816428 38.532443 -6.153538 1.568219 2.486239
-16.584987 3.778720 6.827643 38.582772 -6.153767 1.567462 2.487392
-16.578957 3.805172 6.837808 38.633439 -6.154004 1.566675 2.488560
-16.571373 3.831951 6.847013 38.684654 -6.154243 1.565882 2.489773
-16.562362 3.859022 6.855360 38.736676 -6.154475 1.565112 2.491072
-16.551860 3.886347 6.862900 38.789615 -6.154705 1.564370 2.492419
-16.539424 3.913925 6.869146 38.842136 -6.154953 1.563558 2.493757
-16.525029 3.941718 6.874149 38.894332 -6.155223 1.562683 2.495047
-16.508835 3.969682 6.878006 38.946444 -6.155505 1.561777 2.496326
-16.491030 3.997752 6.880809 38.998696 -6.155792 1.560866 2.497630
-16.471806 4.025869 6.882649 39.051330 -6.156074 1.559981 2.499003
-16.451330 4.053989 6.883629 39.104635 -6.156341 1.559158 2.500493
-16.429561 4.082086 6.883800 39.158719 -6.156595 1.558411 2.502056
-16.406024 4.110187 6.882754 39.212186 -6.156864 1.557608 2.503625
-16.380717 4.138275 6.880542 39.265134 -6.157150 1.556763 2.505157
-16.353844 4.166316 6.877259 39.317843 -6.157441 1.555915 2.506701
-16.325635 4.194265 6.872990 39.370567 -6.157728 1.555098 2.508303
-16.296295 4.222083 6.867820 39.423547 -6.157998 1.554346 2.510002
-16.265869 4.249750 6.861805 39.476865 -6.158251 1.553679 2.511767
-16.233856 4.277222 6.854714 39.529435 -6.158515 1.552980 2.513586
-16.200310 4.304483 6.846597 39.581303 -6.158787 1.552266 2.515418
-16.165431 4.331502 6.837516 39.632624 -6.159060 1.551567 2.517280
-16.129430 4.358234 6.827521 39.683507 -6.159329 1.550903 2.519181
-16.092514 4.384631 6.816653 39.734041 -6.159588 1.550294 2.521123
-16.054877 4.410660 6.804958 39.784314 -6.159830 1.549763 2.523109
-16.016619 4.436305 6.792484 39.834341 -6.160050 1.549329 2.525107
-15.977293 4.461479 6.779177 39.883380 -6.160279 1.548895 2.527159
-15.936998 4.486175 6.765078 39.931430 -6.160509 1.548481 2.529231
-15.895920 4.510372 6.750215 39.978543 -6.160735 1.548104 2.531315
-15.854247 4.534045 6.734600 40.024737 -6.160956 1.547778 2.533400
-15.812162 4.557163 6.718243 40.070011 -6.161167 1.547513 2.535468
-15.769850 4.579710 6.701156 40.114375 -6.161366 1.547323 2.537506
-15.727451 4.601679 6.683381 40.157835 -6.161540 1.547235 2.539498
-15.684600 4.622984 6.665011 40.199963 -6.161724 1.547159 2.541510
-15.641433 4.643627 6.646081 40.240754 -6.161906 1.547119 2.543525
-15.598127 4.663602 6.626589 40.280193 -6.162083 1.547128 2.545525
-15.554858 4.682901 6.606522 40.318240 -6.162252 1.547192 2.547489
-15.511804 4.701520 6.585874 40.354871 -6.162410 1.547323 2.549401
-15.469122 4.719463 6.564683 40.390110 -6.162540 1.547550 2.551266
-15.426505 4.736660 6.543154 40.423779 -6.162683 1.547785 2.553140
-15.384103 4.753119 6.521319 40.455889 -6.162822 1.548056 2.555025
-15.342074 4.768845 6.499158 40.486384 -6.162954 1.548370 2.556900
-15.300559 4.783837 6.476631 40.515170 -6.163080 1.548729 2.558733
-15.259699 4.798099 6.453698 40.542151 -6.163201 1.549133 2.560493
-15.219650 4.811641 6.430331 40.567277 -6.163312 1.549588 2.562165
-15.180562 4.824489 6.406562 40.590609 -6.163395 1.550128 2.563776
-15.142126 4.836604 6.382662 40.612147 -6.163494 1.550659 2.565351
-15.104486 4.848016 6.358660 40.631943 -6.163590 1.551211 2.566916
-15.067784 4.858740 6.334519 40.649932 -6.163681 1.551793 2.568456
-15.032131 4.868785 6.310183 40.665992 -6.163767 1.552399 2.569939
-14.997636 4.878165 6.285593 40.680001 -6.163849 1.553029 2.571333
-14.964419 4.886896 6.260705 40.691887 -6.163925 1.553685 2.572625
-14.932603 4.895007 6.235544 40.701713 -6.163975 1.554402 2.573851
-14.901916 4.902496 6.210452 40.709624 -6.164042 1.555091 2.575001
-14.872479 4.909393 6.185455 40.715682 -6.164104 1.555787 2.576110
-14.844398 4.915714 6.160505 40.719813 -6.164161 1.556493 2.577170
-14.817758 4.921472 6.135538 40.721902 -6.164211 1.557208 2.578160
-14.792651 4.926686 6.110502 40.721877 -6.164253 1.557935 2.579070
-14.769171 4.931389 6.085415 40.719801 -6.164268 1.558706 2.579942
-14.747121 4.935626 6.060651 40.715901 -6.164297 1.559441 2.580720
-14.726588 4.939429 6.036228 40.710247 -6.164320 1.560175 2.581445
-14.707632 4.942815 6.012094 40.702769 -6.164335 1.560911 2.582116
-14.690287 4.945791 5.988178 40.693349 -6.164343 1.561644 2.582710
-14.674578 4.948366 5.964409 40.681870 -6.164347 1.562369 2.583211
-14.660543 4.950554 5.940731 40.668272 -6.164344 1.563087 2.583617
-14.648238 4.952387 5.917156 40.652637 -6.164318 1.563832 2.583978
-14.637520 4.953936 5.894055 40.635289 -6.164305 1.564534 2.584214
-14.628437 4.955230 5.871445 40.616318 -6.164288 1.565226 2.584377
-14.621008 4.956276 5.849272 40.595672 -6.164265 1.565911 2.584473
-14.615227 4.957078 5.827470 40.573250 -6.164237 1.566587 2.584492
-14.611079 4.957635 5.805972 40.548954 -6.164206 1.567247 2.584424
-14.608563 4.957953 5.784725 40.522734 -6.164170 1.567896 2.584276
-14.607707 4.958056 5.763732 40.494670 -6.164116 1.568561 2.584098
-14.608461 4.958040 5.743330 40.465130 -6.164072 1.569183 2.583787
-14.610847 4.957926 5.723527 40.434204 -6.164027 1.569792 2.583396
-14.614851 4.957713 5.704279 40.401860 -6.163976 1.570393 2.582941
-14.620438 4.957390 5.685528 40.368029 -6.163922 1.570984 2.582425
-14.627576 4.956953 5.667227 40.332668 -6.163862 1.571567 2.581857
-14.636268 4.956411 5.649369 40.295836 -6.163789 1.572165 2.581283
-14.646577 4.955867 5.632246 40.257935 -6.163722 1.572727 2.580580
-14.658497 4.955329 5.615859 40.219039 -6.163653 1.573275 2.579796
-14.671978 4.954786 5.600165 40.179121 -6.163579 1.573813 2.578949
-14.686945 4.954221 5.585119 40.138127 -6.163503 1.574341 2.578046
-14.703321 4.953616 5.570674 40.096006 -6.163423 1.574859 2.577095
-14.721035 4.952953 5.556792 40.052729 -6.163342 1.575368 2.576112
-14.740060 4.952231 5.543462 40.008351 -6.163252 1.575885 2.575139
-14.760530 4.951551 5.530926 39.963296 -6.163168 1.576363 2.574035
-14.782416 4.950907 5.519177 39.917633 -6.163082 1.576820 2.572848
-14.805638 4.950280 5.508189 39.871357 -6.162995 1.577261 2.571601
-14.830101 4.949645 5.497930 39.824448 -6.162905 1.577688 2.570311
-14.855707 4.948975 5.488373 39.776891 -6.162815 1.578103 2.568997
-14.882364 4.948248 5.479492 39.728684 -6.162722 1.578511 2.567682
-14.910024 4.947453 5.471277 39.679881 -6.162627 1.578923 2.566404
-14.938871 4.946697 5.463895 39.630868 -6.162533 1.579296 2.565014
-14.968855 4.945970 5.457341 39.581713 -6.162439 1.579643 2.563554
-14.999875 4.945244 5.451602 39.532435 -6.162344 1.579970 2.562054
-15.031820 4.944488 5.446662 39.483048 -6.162249 1.580282 2.560537
-15.064580 4.943672 5.442508 39.433557 -6.162154 1.580581 2.559028
-15.098085 4.942776 5.439119 39.383979 -6.162063 1.580871 2.557548
-15.132624 4.941918 5.436589 39.334640 -6.161969 1.581124 2.555962
-15.168131 4.941081 5.434902 39.285569 -6.161877 1.581345 2.554296
-15.204494 4.940233 5.434055 39.236796 -6.161786 1.581537 2.552577
-15.241596 4.939345 5.434052 39.188363 -6.161696 1.581708 2.550837
-15.279317 4.938386 5.434896 39.140313 -6.161606 1.581864 2.549109
-15.317536 4.937325 5.436588 39.092675 -6.161515 1.582009 2.547417
-15.356170 4.936144 5.439105 39.045451 -6.161435 1.582140 2.545774
-15.395562 4.934974 5.442446 38.998868 -6.161347 1.582240 2.544058
-15.435636 4.933796 5.446595 38.952938 -6.161261 1.582308 2.542283
-15.476271 4.932584 5.451561 38.907714 -6.161177 1.582349 2.540479
-15.517351 4.931309 5.457364 38.863271 -6.161094 1.582371 2.538684
-15.558753 4.929945 5.464028 38.819690 -6.161010 1.582381 2.536936
-15.600347 4.928466 5.471565 38.777022 -6.160925 1.582384 2.535262
-15.642027 4.926854 5.479946 38.735252 -6.160854 1.582367 2.533662
-15.684168 4.925250 5.489085 38.694501 -6.160771 1.582330 2.532032
-15.726670 4.923642 5.498960 38.654763 -6.160690 1.582265 2.530373
-15.769403 4.922004 5.509591 38.616110 -6.160611 1.582173 2.528713
-15.812238 4.920317 5.521011 38.578639 -6.160533 1.582063 2.527092
-15.855033 4.918557 5.533241 38.542418 -6.160457 1.581936 2.525535
-15.897660 4.916711 5.546250 38.507408 -6.160402 1.581773 2.524027
-15.940504 4.914918 5.559866 38.473608 -6.160334 1.581593 2.522488
-15.983448 4.913169 5.574062 38.440986 -6.160271 1.581377 2.520902
-16.026368 4.911444 5.588869 38.409623 -6.160212 1.581128 2.519298
-16.069155 4.909730 5.604332 38.379643 -6.160157 1.580854 2.517718
-16.111696 4.908013 5.620499 38.351171 -6.160102 1.580563 2.516204
-16.153855 4.906277 5.637401 38.324282 -6.160050 1.580256 2.514777
-16.195486 4.904512 5.654998 38.298893 -6.160022 1.579903 2.513399
-16.237033 4.902870 5.673057 38.274878 -6.159977 1.579547 2.512025
-16.278368 4.901342 5.691545 38.252160 -6.159936 1.579159 2.510617
-16.319370 4.899916 5.710499 38.230823 -6.159901 1.578741 2.509197
-16.359945 4.898583 5.729977 38.211011 -6.159869 1.578300 2.507807
-16.400001 4.897339 5.750037 38.192878 -6.159837 1.577845 2.506492
-16.439415 4.896180 5.770722 38.176533 -6.159807 1.577377 2.505277
-16.478029 4.895103 5.791992 38.161898 -6.159800 1.576862 2.504118
-16.516216 4.894256 5.813539 38.148716 -6.159776 1.576358 2.502992
-16.553837 4.893638 5.835331 38.136919 -6.159756 1.575833 2.501857
-16.590789 4.893250 5.857416 38.126629 -6.159741 1.575289 2.500739
-16.626992 4.893095 5.879858 38.118016 -6.159728 1.574735 2.499680
-16.662343 4.893178 5.902708 38.111210 -6.159718 1.574170 2.498707
-16.696678 4.893504 5.925930 38.106135 -6.159734 1.573560 2.497769
-16.730268 4.894188 5.949161 38.102386 -6.159735 1.572968 2.496869
-16.762977 4.895235 5.972368 38.099882 -6.159742 1.572361 2.495955
-16.794734 4.896652 5.995607 38.098736 -6.159758 1.571738 2.495047
-16.825504 4.898445 6.018947 38.099113 -6.159778 1.571109 2.494182
-16.855254 4.900622 6.042458 38.101175 -6.159799 1.570480 2.493400
-16.883920 4.903191 6.066195 38.105029 -6.159822 1.569852 2.492716
-16.911368 4.906153 6.090129 38.110584 -6.159868 1.569188 2.492074
-16.937770 4.909559 6.113868 38.117386 -6.159898 1.568559 2.491505
-16.963015 4.913409 6.137389 38.125341 -6.159933 1.567929 2.490953
-16.987066 4.917712 6.160748 38.134547 -6.159973 1.567299 2.490428
-17.009919 4.922474 6.184016 38.145155 -6.160015 1.566675 2.489960
-17.031576 4.927705 6.207267 38.157321 -6.160057 1.566066 2.489583
-17.052005 4.933416 6.230558 38.171156 -6.160098 1.565473 2.489308
-17.071097 4.939606 6.253867 38.186584 -6.160158 1.564859 2.489082
-17.088890 4.946275 6.276776 38.203098 -6.160202 1.564291 2.488940
-17.105298 4.953424 6.299267 38.220628 -6.160249 1.563736 2.488830
-17.120312 4.961061 6.321401 38.239291 -6.160299 1.563196 2.488764
-17.133954 4.969196 6.343250 38.259245 -6.160348 1.562679 2.488770
-17.146226 4.977838 6.364878 38.280620 -6.160397 1.562190 2.488864
-17.157051 4.986988 6.386274 38.303372 -6.160459 1.561698 2.488999
-17.166334 4.996594 6.407011 38.326961 -6.160510 1.561246 2.489208
-17.174019 5.006651 6.427084 38.351338 -6.160565 1.560807 2.489442
-17.180135 5.017158 6.446555 38.376607 -6.160622 1.560384 2.489709
-17.184743 5.028111 6.465498 38.402909 -6.160679 1.559988 2.490031
-17.187911 5.039504 6.483988 38.430383 -6.160732 1.559630 2.490431
-17.189681 5.051336 6.502087 38.459145 -6.160781 1.559317 2.490916
-17.190011 5.063602 6.519799 38.489167 -6.160835 1.559026 2.491446
-17.188690 5.076210 6.536706 38.519851 -6.160883 1.558764 2.492045
-17.185693 5.089151 6.552812 38.551165 -6.160934 1.558512 2.492668
-17.181084 5.102417 6.568181 38.583210 -6.160987 1.558277 2.493322
-17.174957 5.115993 6.582882 38.616103 -6.161039 1.558070 2.494018
-17.167405 5.129866 6.596983 38.649961 -6.161088 1.557904 2.494771
-17.158508 5.144024 6.610545 38.684878 -6.161130 1.557787 2.495584
-17.148265 5.158454 6.623583 38.720831 -6.161175 1.557705 2.496417
-17.136429 5.173038 6.635744 38.757245 -6.161216 1.557640 2.497316
-17.123015 5.187762 6.647044 38.794098 -6.161260 1.557581 2.498242
-17.108121 5.202618 6.657539 38.831476 -6.161306 1.557536 2.499194
-17.091864 5.217594 6.667289 38.869480 -6.161351 1.557519 2.500182
-17.074356 5.232679 6.676352 38.908201 -6.161391 1.557541 2.501206
-17.055637 5.247864 6.684755 38.947644 -6.161429 1.557596 2.502242
-17.035410 5.263017 6.692230 38.987276 -6.161469 1.557646 2.503342
-17.013724 5.278126 6.698802 39.027086 -6.161515 1.557687 2.504477
-16.990694 5.293178 6.704519 39.067133 -6.161562 1.557729 2.505640
-16.966449 5.308154 6.709427 39.107467 -6.161611 1.557781 2.506824
-16.941119 5.323033 6.713573 39.148135 -6.161657 1.557853 2.508025
-16.914830 5.337803 6.717001 39.189187 -6.161699 1.557955 2.509235
-16.887651 5.352452 6.719742 39.230629 -6.161734 1.558090 2.510431
-16.859282 5.366859 6.721622 39.271992 -6.161776 1.558209 2.511671
-16.829798 5.381014 6.722670 39.313276 -6.161824 1.558313 2.512929
-16.799324 5.394910 6.722919 39.354511 -6.161873 1.558412 2.514194
-16.767992 5.408531 6.722397 39.395715 -6.161924 1.558512 2.515453
-16.735933 5.421864 6.721130 39.436902 -6.161974 1.558620 2.516691
-16.703280 5.434901 6.719148 39.478095 -6.162021 1.558745 2.517897
-16.670124 5.447638 6.716481 39.519309 -6.162058 1.558895 2.519054
-16.636209 5.459978 6.713052 39.560173 -6.162106 1.559021 2.520226
-16.601628 5.471921 6.708886 39.600696 -6.162159 1.559130 2.521395
-16.566515 5.483467 6.704003 39.640896 -6.162214 1.559230 2.522548
-16.531005 5.494612 6.698415 39.680778 -6.162268 1.559327 2.523673
-16.495234 5.505356 6.692137 39.720362 -6.162320 1.559429 2.524759
-16.459303 5.515702 6.685202 39.759675 -6.162360 1.559548 2.525797
-16.422988 5.525588 6.677622 39.798444 -6.162411 1.559639 2.526852
-16.386384 5.535019 6.669423 39.836689 -6.162466 1.559714 2.527914
-16.349613 5.543998 6.660608 39.874410 -6.162522 1.559778 2.528968
-16.312784 5.552524 6.651169 39.911579 -6.162579 1.559832 2.529993
-16.276006 5.560597 6.641097 39.948168 -6.162635 1.559877 2.530966
-16.239393 5.568219 6.630388 39.984176 -6.162689 1.559917 2.531874
-16.203037 5.575403 6.619069 40.019636 -6.162730 1.559970 2.532714
-16.166738 5.582119 6.607232 40.054357 -6.162784 1.559991 2.533552
-16.130583 5.588380 6.594897 40.088368 -6.162841 1.559996 2.534383
-16.094675 5.594195 6.582054 40.121659 -6.162898 1.559989 2.535194
-16.059101 5.599565 6.568675 40.154186 -6.162957 1.559968 2.535961
-16.023950 5.604495 6.554735 40.185907 -6.163016 1.559931 2.536659
-15.989313 5.608990 6.540214 40.216804 -6.163073 1.559880 2.537274
-15.955273 5.613067 6.525130 40.246910 -6.163119 1.559833 2.537805
-15.921668 5.616733 6.509645 40.276108 -6.163177 1.559751 2.538322
-15.888578 5.620004 6.493775 40.304428 -6.163239 1.559652 2.538825
-15.856087 5.622887 6.477493 40.331854 -6.163300 1.559538 2.539300
-15.824270 5.625387 6.460765 40.358343 -6.163362 1.559407 2.539727
-15.793202 5.627507 6.443563 40.383872 -6.163420 1.559260 2.540093
-15.762948 5.629263 6.425898 40.408473 -6.163466 1.559118 2.540400
-15.733393 5.630688 6.407997 40.432106 -6.163522 1.558949 2.540717
-15.704594 5.631798 6.389869 40.454805 -6.163577 1.558774 2.541046
-15.676602 5.632597 6.371479 40.476545 -6.163630 1.558594 2.541376
-15.649452 5.633088 6.352778 40.497274 -6.163681 1.558402 2.541683
-15.623172 5.633272 6.333713 40.516939 -6.163732 1.558193 2.541946
-15.597796 5.633155 6.314243 40.535518 -6.163780 1.557968 2.542152
-15.573353 5.632757 6.294370 40.553037 -6.163818 1.557744 2.542303
-15.549753 5.632149 6.274364 40.569498 -6.163864 1.557500 2.542451
-15.527023 5.631350 6.254225 40.584936 -6.163910 1.557254 2.542601
-15.505183 5.630365 6.233910 40.599333 -6.163954 1.557007 2.542743
-15.484238 5.629196 6.213360 40.612649 -6.163996 1.556753 2.542862
-15.464188 5.627843 6.192517 40.624843 -6.164039 1.556487 2.542941
-15.445040 5.626310 6.171334 40.635904 -6.164079 1.556209 2.542973
-15.426800 5.624613 6.149810 40.645876 -6.164108 1.555939 2.542971
-15.409364 5.622831 6.128236 40.654821 -6.164147 1.555654 2.542953
-15.392736 5.620979 6.106611 40.662788 -6.164183 1.555376 2.542933
-15.376916 5.619057 6.084889 40.669771 -6.164217 1.555104 2.542909
-15.361893 5.617062 6.063009 40.675744 -6.164249 1.554837 2.542871
-15.347655 5.614992 6.040922 40.680699 -6.164276 1.554574 2.542817
-15.334197 5.612855 6.018619 40.684682 -6.164290 1.554334 2.542761
-15.321451 5.610733 5.996394 40.687823 -6.164310 1.554089 2.542695
-15.309406 5.608632 5.974240 40.690175 -6.164326 1.553861 2.542635
-15.298037 5.606547 5.952104 40.691735 -6.164338 1.553649 2.542580
-15.287308 5.604468 5.929928 40.692477 -6.164346 1.553451 2.542524
-15.277179 5.602385 5.907648 40.692374 -6.164351 1.553262 2.542458
-15.267609 5.600285 5.885211 40.691416 -6.164353 1.553082 2.542381
-15.258574 5.598166 5.862602 40.689643 -6.164344 1.552929 2.542307
-15.250071 5.596110 5.840112 40.687244 -6.164341 1.552768 2.542211
-15.242074 5.594110 5.817729 40.684262 -6.164336 1.552618 2.542110
-15.234540 5.592150 5.795400 40.680696 -6.164328 1.552480 2.542004
-15.227418 5.590213 5.773068 40.676528 -6.164319 1.552352 2.541890
-15.220657 5.588278 5.750673 40.671741 -6.164307 1.552233 2.541766
-15.214209 5.586324 5.728164 40.666328 -6.164294 1.552122 2.541631
-15.208045 5.584337 5.705525 40.660325 -6.164272 1.552039 2.541502
-15.202208 5.582396 5.683052 40.653956 -6.164257 1.551939 2.541348
-15.196669 5.580483 5.660731 40.647258 -6.164242 1.551841 2.541185
-15.191384 5.578573 5.638513 40.640225 -6.164226 1.551748 2.541016
-15.186302 5.576638 5.616344 40.632841 -6.164211 1.551658 2.540839
-15.181377 5.574650 5.594175 40.625096 -6.164194 1.551575 2.540655
-15.176585 5.572589 5.571989 40.617016 -6.164171 1.551514 2.540478
-15.171999 5.570531 5.550080 40.608826 -6.164155 1.551431 2.540278
-15.167599 5.568455 5.528432 40.600553 -6.164140 1.551342 2.540070
-15.163346 5.566331 5.507001 40.592191 -6.164126 1.551251 2.539855
-15.159197 5.564133 5.485735 40.583722 -6.164112 1.551158 2.539634
-15.155112 5.561830 5.464585 40.575132 -6.164100 1.551063 2.539405
-15.151056 5.559395 5.443506 40.566411 -6.164088 1.550969 2.539170
-15.147016 5.556807 5.422482 40.557580 -6.164071 1.550893 2.538942
-15.143071 5.554136 5.401788 40.548836 -6.164061 1.550792 2.538692
-15.139215 5.551363 5.381410 40.540199 -6.164054 1.550681 2.538434
-15.135421 5.548459 5.361307 40.531659 -6.164048 1.550564 2.538167
-15.131665 5.545397 5.341432 40.523198 -6.164044 1.550442 2.537893
-15.127922 5.542149 5.321741 40.514802 -6.164041 1.550317 2.537611
-15.124176 5.538691 5.302193 40.506458 -6.164038 1.550190 2.537323
-15.120425 5.535005 5.282775 40.498183 -6.164032 1.550078 2.537038
-15.116737 5.531156 5.263731 40.490124 -6.164032 1.549941 2.536735
-15.113116 5.527129 5.245049 40.482294 -6.164035 1.549795 2.536423
-15.109555 5.522900 5.226690 40.474683 -6.164039 1.549642 2.536103
-15.106045 5.518445 5.208615 40.467270 -6.164044 1.549484 2.535775
-15.102582 5.513740 5.190786 40.460043 -6.164050 1.549324 2.535439
-15.099175 5.508775 5.173191 40.453006 -6.164051 1.549174 2.535101
-15.095877 5.503610 5.156055 40.446256 -6.164059 1.549002 2.534751
-15.092702 5.498233 5.139367 40.439800 -6.164069 1.548820 2.534393
-15.089651 5.492627 5.123094 40.433624 -6.164080 1.548631 2.534029
-15.086727 5.486772 5.107199 40.427712 -6.164091 1.548436 2.533658
-15.083932 5.480650 5.091643 40.422047 -6.164103 1.548235 2.533278
-15.081270 5.474245 5.076395 40.416614 -6.164115 1.548031 2.532888
-15.078754 5.467548 5.061443 40.411408 -6.164124 1.547834 2.532490
-15.076438 5.460623 5.046997 40.406491 -6.164136 1.547620 2.532085
-15.074334 5.453465 5.033048 40.401861 -6.164150 1.547401 2.531676
-15.072450 5.446059 5.019565 40.397509 -6.164163 1.547178 2.531261
-15.070791 5.438392 5.006516 40.393425 -6.164176 1.546951 2.530842
-15.069359 5.430451 4.993869 40.389600 -6.164188 1.546720 2.530416
-15.068156 5.422223 4.981593 40.386021 -6.164201 1.546485 2.529982
-15.067192 5.413705 4.969673 40.382669 -6.164211 1.546254 2.529534
-15.066548 5.404967 4.958287 40.379587 -6.164222 1.546015 2.529090
-15.066229 5.396005 4.947421 40.376761 -6.164232 1.545778 2.528647
-15.066233 5.386811 4.937049 40.374184 -6.164241 1.545540 2.528202
-15.066552 5.377373 4.927139 40.371847 -6.164249 1.545302 2.527752
-15.067175 5.367681 4.917662 40.369731 -6.164257 1.545059 2.527291
-15.068106 5.357728 4.908595 40.367798 -6.164268 1.544813 2.526807
-15.069489 5.347583 4.900077 40.366097 -6.164275 1.544574 2.526337
-15.071326 5.337240 4.892086 40.364598 -6.164279 1.544344 2.525869
-15.073601 5.326692 4.884597 40.363292 -6.164281 1.544119 2.525400
-15.076296 5.315933 4.877584 40.362189 -6.164281 1.543899 2.524932
-15.079392 5.304956 4.871022 40.361298 -6.164281 1.543679 2.524463
-15.082861 5.293755 4.864884 40.360601 -6.164282 1.543456 2.523986
-15.086695 5.282321 4.859139 40.360048 -6.164289 1.543225 2.523483
-15.091096 5.270726 4.853897 40.359709 -6.164288 1.543011 2.523007
-15.096052 5.258966 4.849129 40.359540 -6.164283 1.542810 2.522540
-15.101528 5.247038 4.844810 40.359536 -6.164276 1.542615 2.522078
-15.107490 5.234942 4.840917 40.359719 -6.164268 1.542425 2.521622
-15.113897 5.222678 4.837428 40.360107 -6.164260 1.542234 2.521174
-15.120704 5.210243 4.834314 40.360688 -6.164255 1.542035 2.520725
-15.127885 5.197629 4.831543 40.361407 -6.164257 1.541820 2.520256
-15.135686 5.184907 4.829219 40.362374 -6.164250 1.541630 2.519831
-15.144077 5.172070 4.827309 40.363540 -6.164237 1.541458 2.519429
-15.152995 5.159121 4.825786 40.364889 -6.164223 1.541293 2.519041
-15.162374 5.146062 4.824622 40.366426 -6.164210 1.541127 2.518662
-15.172143 5.132894 4.823787 40.368127 -6.164201 1.540951 2.518278
-15.182265 5.119610 4.823245 40.369930 -6.164203 1.540750 2.517867
-15.193024 5.106284 4.823095 40.371973 -6.164194 1.540588 2.517492
-15.204382 5.092913 4.823303 40.374200 -6.164180 1.540452 2.517132
-15.216270 5.079506 4.823838 40.376605 -6.164164 1.540331 2.516779
-15.228619 5.066079 4.824679 40.379224 -6.164148 1.540217 2.516435
-15.241359 5.052652 4.825803 40.382088 -6.164134 1.540104 2.516104
-15.254410 5.039232 4.827180 40.385187 -6.164126 1.539978 2.515776
-15.267729 5.025815 4.828773 40.388464 -6.164129 1.539825 2.515430
-15.281624 5.012462 4.830675 40.392102 -6.164119 1.539724 2.515130
-15.296048 4.999172 4.832850 40.396048 -6.164102 1.539661 2.514856
-15.310918 4.985959 4.835267 40.400299 -6.164082 1.539622 2.514599
-15.326156 4.972849 4.837904 40.404891 -6.164062 1.539598 2.514362
-15.341680 4.959867 4.840737 40.409862 -6.164042 1.539579 2.514147
-15.357397 4.947028 4.843735 40.415204 -6.164027 1.539552 2.513946
-15.373252 4.934325 4.846860 40.420859 -6.164024 1.539499 2.513736
-15.389562 4.921804 4.850188 40.427027 -6.164007 1.539508 2.513579
-15.406265 4.909458 4.853681 40.433649 -6.163982 1.539560 2.513453
-15.423260 4.897300 4.857307 40.440701 -6.163954 1.539641 2.513342
-15.440449 4.885351 4.861037 40.448190 -6.163927 1.539737 2.513238
-15.457728 4.873623 4.864838 40.456093 -6.163905 1.539831 2.513126
-15.475036 4.862105 4.868675 40.464350 -6.163895 1.539904 2.512985
-15.492666 4.850815 4.872600 40.473156 -6.163871 1.540043 2.512879
-15.510566 4.839743 4.876579 40.482459 -6.163840 1.540230 2.512787
-15.528649 4.828905 4.880583 40.492251 -6.163805 1.540449 2.512698
-15.546839 4.818326 4.884589 40.502565 -6.163770 1.540691 2.512611
-15.565063 4.808035 4.888572 40.513435 -6.163737 1.540945 2.512525
-15.583245 4.798044 4.892507 40.524854 -6.163708 1.541195 2.512428
-15.601338 4.788341 4.896362 40.536776 -6.163690 1.541426 2.512301
-15.619604 4.778927 4.900175 40.549362 -6.163660 1.541711 2.512215
-15.638002 4.769786 4.903915 40.562565 -6.163624 1.542034 2.512149
-15.656469 4.760928 4.907557 40.576375 -6.163585 1.542380 2.512092
-15.674946 4.752376 4.911079 40.590822 -6.163547 1.542740 2.512037
-15.693380 4.744152 4.914461 40.605935 -6.163510 1.543104 2.511980
-15.711714 4.736262 4.917678 40.621712 -6.163479 1.543459 2.511910
-15.729913 4.728691 4.920704 40.638111 -6.163457 1.543791 2.511806
-15.748181 4.721418 4.923581 40.655248 -6.163426 1.544158 2.511746
-15.766485 4.714424 4.926284 40.673078 -6.163391 1.544547 2.511710
-15.784774 4.707710 4.928787 40.691585 -6.163356 1.544945 2.511678
-15.803003 4.701283 4.931068 40.710776 -6.163323 1.545340 2.511638
-15.821126 4.695147 4.933107 40.730641 -6.163294 1.545722 2.511573
-15.839115 4.689284 4.934882 40.751140 -6.163274 1.546078 2.511457
-15.857094 4.683672 4.936439 40.772299 -6.163249 1.546454 2.511376
-15.875044 4.678293 4.937761 40.794083 -6.163221 1.546840 2.511306
-15.892937 4.673146 4.938827 40.816501 -6.163194 1.547225 2.511234
-15.910756 4.668241 4.939621 40.839590 -6.163167 1.547603 2.511152
-15.928486 4.663586 4.940126 40.863391 -6.163145 1.547968 2.511053
-15.946110 4.659182 4.940326 40.887921 -6.163127 1.548312 2.510926
-15.963611 4.655011 4.940206 40.913147 -6.163117 1.548628 2.510742
-15.981050 4.651049 4.939819 40.939009 -6.163103 1.548951 2.510595
-15.998415 4.647278 4.939153 40.965475 -6.163088 1.549273 2.510457
-16.015694 4.643690 4.938190 40.992564 -6.163074 1.549588 2.510313
-16.032886 4.640289 4.936915 41.020320 -6.163061 1.549892 2.510156
-16.049992 4.637077 4.935311 41.048791 -6.163052 1.550178 2.509977
-16.067005 4.634049 4.933362 41.078000 -6.163047 1.550442 2.509762
-16.083912 4.631187 4.931058 41.107918 -6.163048 1.550679 2.509479
-16.100722 4.628473 4.928459 41.138405 -6.163048 1.550915 2.509239
-16.117420 4.625887 4.925552 41.169429 -6.163046 1.551145 2.509008
-16.134003 4.623419 4.922321 41.201007 -6.163046 1.551363 2.508769
-16.150471 4.621063 4.918746 41.233173 -6.163049 1.551564 2.508506
-16.166821 4.618810 4.914810 41.265945 -6.163056 1.551744 2.508199
-16.183038 4.616641 4.910504 41.299286 -6.163068 1.551900 2.507812
-16.199116 4.614548 4.905914 41.333012 -6.163079 1.552052 2.507485
-16.215042 4.612512 4.901030 41.367091 -6.163088 1.552198 2.507183
-16.230815 4.610520 4.895832 41.401547 -6.163097 1.552334 2.506885
-16.246442 4.608567 4.890301 41.436428 -6.163109 1.552455 2.506579
-16.261929 4.606647 4.884415 41.471786 -6.163123 1.552559 2.506253
-16.277275 4.604749 4.878154 41.507645 -6.163142 1.552642 2.505885
-16.292460 4.602857 4.871509 41.543965 -6.163167 1.552702 2.505436
-16.307458 4.600975 4.864596 41.580525 -6.163190 1.552758 2.505065
-16.322249 4.599086 4.857406 41.617285 -6.163211 1.552807 2.504732
-16.336830 4.597180 4.849915 41.654270 -6.163234 1.552847 2.504414
-16.351202 4.595248 4.842099 41.691533 -6.163259 1.552874 2.504098
-16.365370 4.593284 4.833932 41.729129 -6.163287 1.552885 2.503771
-16.379329 4.591281 4.825390 41.767090 -6.163319 1.552876 2.503413
-16.393049 4.589225 4.816469 41.805386 -6.163356 1.552852 2.502982
-16.406440 4.587131 4.807306 41.843760 -6.163392 1.552820 2.502633
-16.419471 4.584987 4.797895 41.882179 -6.163428 1.552784 2.502324
-16.432133 4.582782 4.788208 41.920670 -6.163465 1.552740 2.502032
-16.444421 4.580511 4.778218 41.959279 -6.163504 1.552685 2.501739
-16.456327 4.578163 4.767898 41.998036 -6.163546 1.552618 2.501426
-16.467816 4.575732 4.757244 42.036918 -6.163590 1.552544 2.501052
-16.478766 4.573235 4.746410 42.075663 -6.163634 1.552461 2.500758
-16.489139 4.570665 4.735388 42.114247 -6.163678 1.552375 2.500504
-16.498925 4.568013 4.724152 42.152701 -6.163723 1.552285 2.500270
-16.508119 4.565271 4.712669 42.191074 -6.163769 1.552187 2.500039
-16.516718 4.562433 4.700906 42.229418 -6.163818 1.552078 2.499798
-16.524714 4.559492 4.688834 42.267766 -6.163871 1.551957 2.499527
-16.532075 4.556443 4.676449 42.306106 -6.163925 1.551832 2.499189
-16.538660 4.553311 4.663897 42.344183 -6.163983 1.551692 2.498926
-16.544438 4.550092 4.651174 42.381976 -6.164041 1.551545 2.498699
-16.549400 4.546776 4.638249 42.419508 -6.164102 1.551388 2.498486
-16.553546 4.543355 4.625085 42.456811 -6.164167 1.551220 2.498269
-16.556879 4.539822 4.611646 42.493917 -6.164236 1.551037 2.498028
-16.559400 4.536170 4.597904 42.530848 -6.164311 1.550838 2.497743
-16.561092 4.532400 4.583853 42.567594 -6.164388 1.550633 2.497380
-16.561804 4.528537 4.569632 42.603917 -6.164472 1.550405 2.497088
-16.561525 4.524583 4.555236 42.639795 -6.164560 1.550163 2.496832
-16.560265 4.520530 4.540632 42.675231 -6.164652 1.549906 2.496585
-16.558045 4.516373 4.525785 42.710235 -6.164751 1.549632 2.496326
-16.554887 4.512109 4.510668 42.744820 -6.164854 1.549343 2.496034
-16.550795 4.507748 4.495281 42.779000 -6.164958 1.549052 2.495687
-16.545560 4.503309 4.479749 42.812559 -6.165072 1.548731 2.495428
-16.539188 4.498802 4.464073 42.845499 -6.165191 1.548394 2.495231
-16.531706 4.494225 4.448220 42.877816 -6.165314 1.548040 2.495074
-16.523142 4.489572 4.432150 42.909491 -6.165444 1.547668 2.494929
-16.513532 4.484840 4.415823 42.940506 -6.165583 1.547273 2.494772
-16.502915 4.480032 4.399211 42.970871 -6.165728 1.546859 2.494584
-16.491310 4.475166 4.382326 43.000628 -6.165871 1.546445 2.494361
-16.478393 4.470241 4.365269 43.029588 -6.166030 1.545997 2.494210
-16.464185 4.465275 4.348052 43.057784 -6.166195 1.545533 2.494125
-16.448734 4.460272 4.330643 43.085201 -6.166366 1.545055 2.494084
-16.432086 4.455228 4.313001 43.111794 -6.166545 1.544562 2.494059
-16.414294 4.450141 4.295083 43.137517 -6.166732 1.544051 2.494020
-16.395421 4.445019 4.276864 43.162362 -6.166927 1.543526 2.493953
-16.375502 4.439888 4.258361 43.186380 -6.167117 1.543011 2.493859
-16.354139 4.434739 4.239642 43.209363 -6.167330 1.542454 2.493794
-16.331376 4.429601 4.220726 43.231353 -6.167554 1.541880 2.493759
-16.307298 4.424482 4.201589 43.252331 -6.167786 1.541294 2.493739
-16.281994 4.419387 4.182194 43.272254 -6.168027 1.540700 2.493714
-16.255565 4.414328 4.162524 43.291126 -6.168273 1.540106 2.493677
-16.228069 4.409342 4.142614 43.309044 -6.168507 1.539545 2.493653
-16.198978 4.404390 4.122495 43.325824 -6.168770 1.538933 2.493647
-16.168349 4.399507 4.102203 43.341553 -6.169047 1.538299 2.493681
-16.136277 4.394701 4.081716 43.356201 -6.169333 1.537655 2.493745
-16.102845 4.389964 4.060991 43.369671 -6.169630 1.536999 2.493805
-16.068133 4.385287 4.039988 43.381857 -6.169939 1.536330 2.493830
-16.032244 4.380674 4.018685 43.392719 -6.170258 1.535657 2.493807
-15.995255 4.376156 3.997120 43.402343 -6.170569 1.535015 2.493765
-15.956659 4.371684 3.975334 43.410612 -6.170919 1.534301 2.493689
-15.916541 4.367289 3.953367 43.417597 -6.171289 1.533547 2.493606
-15.875016 4.362972 3.931197 43.423232 -6.171677 1.532765 2.493501
-15.832186 4.358720 3.908784 43.427380 -6.172085 1.531954 2.493340
-15.788169 4.354525 3.886092 43.429939 -6.172511 1.531119 2.493100
-15.743093 4.350404 3.863123 43.430951 -6.172946 1.530280 2.492805
-15.696774 4.346334 3.839832 43.430520 -6.173388 1.529440 2.492479
-15.648956 4.342322 3.816349 43.428696 -6.173869 1.528513 2.492144
-15.599808 4.338402 3.792726 43.425543 -6.174372 1.527542 2.491838
-15.549421 4.334564 3.768935 43.420985 -6.174894 1.526535 2.491548
-15.497847 4.330784 3.744932 43.414910 -6.175436 1.525493 2.491253
-15.445130 4.327042 3.720682 43.407229 -6.175996 1.524419 2.490939
-15.391330 4.323338 3.696200 43.397921 -6.176567 1.523340 2.490613
-15.336352 4.319690 3.671661 43.386979 -6.177182 1.522163 2.490254
-15.280247 4.316099 3.647079 43.374392 -6.177832 1.520914 2.489876
-15.223039 4.312541 3.622422 43.360092 -6.178516 1.519601 2.489474
-15.164732 4.308987 3.597645 43.343987 -6.179234 1.518223 2.489037
-15.105330 4.305409 3.572703 43.325989 -6.179986 1.516781 2.488556
-15.044851 4.301784 3.547565 43.306036 -6.180770 1.515283 2.488034
-14.983352 4.298109 3.522248 43.284146 -6.181577 1.513756 2.487497
-14.920783 4.294422 3.496948 43.260419 -6.182441 1.512109 2.486909
-14.857201 4.290721 3.471684 43.234867 -6.183351 1.510371 2.486299
-14.792616 4.286980 3.446426 43.207414 -6.184306 1.508548 2.485670
-14.727021 4.283167 3.421130 43.177955 -6.185306 1.506641 2.485015
-14.660408 4.279251 3.395752 43.146385 -6.186353 1.504652 2.484331
-14.592789 4.275205 3.370260 43.112634 -6.187444 1.502586 2.483626
-14.524239 4.271031 3.344668 43.076741 -6.188569 1.500471 2.482946
-14.454819 4.266780 3.319161 43.038990 -6.189757 1.498217 2.482202
-14.384606 4.262452 3.293755 42.999403 -6.190997 1.495852 2.481437
-14.313612 4.258021 3.268416 42.957878 -6.192288 1.493382 2.480657
-14.241838 4.253454 3.243102 42.914273 -6.193632 1.490805 2.479855
-14.169315 4.248724 3.217777 42.868475 -6.195028 1.488125 2.479040
-14.096183 4.243837 3.192456 42.820536 -6.196468 1.485372 2.478272
-14.022754 4.238890 3.167354 42.771069 -6.197933 1.482515 2.477376
-13.948959 4.233873 3.142451 42.720250 -6.199418 1.479570 2.476439
-13.874712 4.228758 3.117705 42.668083 -6.200923 1.476539 2.475498
-13.800080 4.223523 3.093094 42.614424 -6.202445 1.473428 2.474561
-13.725112 4.218133 3.068577 42.559028 -6.203987 1.470236 2.473606
-13.649881 4.212564 3.044123 42.501721 -6.205548 1.466965 2.472634
-13.574539 4.206833 3.019771 42.442625 -6.207114 1.463654 2.471740
-13.499056 4.200988 2.995631 42.382414 -6.208687 1.460296 2.470757
-13.423574 4.195049 2.971747 42.321221 -6.210250 1.456932 2.469783
-13.348135 4.188987 2.948090 42.258870 -6.211805 1.453565 2.468822
-13.272715 4.182760 2.924608 42.195072 -6.213355 1.450185 2.467840
-13.197285 4.176321 2.901249 42.129536 -6.214908 1.446784 2.466804
-13.121864 4.169644 2.877980 42.062084 -6.216464 1.443362 2.465718
-13.046578 4.162743 2.854829 41.992849 -6.218008 1.439953 2.464686
-12.971483 4.155682 2.831923 41.922616 -6.219548 1.436530 2.463542
-12.896711 4.148477 2.809297 41.851523 -6.221068 1.433130 2.462395
-12.822287 4.141101 2.786919 41.779402 -6.222568 1.429754 2.461254
-12.748187 4.133515 2.764744 41.705998 -6.224052 1.426397 2.460105
-12.674418 4.125692 2.742736 41.631129 -6.225522 1.423058 2.458955
-12.601089 4.117644 2.720918 41.554915 -6.226963 1.419769 2.457910
-12.528312 4.109453 2.699448 41.478187 -6.228388 1.416497 2.456780
-12.456194 4.101132 2.678355 41.401074 -6.229783 1.413275 2.455675
-12.384724 4.092655 2.657605 41.323402 -6.231148 1.410104 2.454607
-12.313826 4.083983 2.637148 41.244897 -6.232487 1.406975 2.453554
-12.243423 4.075076 2.616935 41.165283 -6.233807 1.403879 2.452496
-12.173478 4.065911 2.596927 41.084385 -6.235108 1.400814 2.451445
-12.104074 4.056502 2.577142 41.002324 -6.236376 1.397809 2.450510
-12.035361 4.046945 2.557758 40.919979 -6.237628 1.394834 2.449484
-11.967425 4.037256 2.538797 40.837479 -6.238849 1.391919 2.448480
-11.900232 4.027412 2.520225 40.754658 -6.240040 1.389064 2.447514
-11.833691 4.017380 2.501996 40.671255 -6.241205 1.386262 2.446572
-11.767708 4.007127 2.484060 40.587008 -6.242348 1.383502 2.445640
-11.702234 3.996633 2.466383 40.501747 -6.243471 1.380784 2.444735
-11.637335 3.985914 2.448977 40.415583 -6.244560 1.378133 2.443965
-11.573166 3.975069 2.432017 40.329388 -6.245634 1.375515 2.443099
-11.509803 3.964115 2.415521 40.243277 -6.246680 1.372956 2.442248
-11.447206 3.953035 2.399457 40.157092 -6.247699 1.370457 2.441433
-11.385297 3.941803 2.383782 40.070602 -6.248693 1.368011 2.440654
-11.324028 3.930404 2.368461 39.983644 -6.249663 1.365617 2.439931
-11.263454 3.918855 2.353506 39.896317 -6.250597 1.363297 2.439369
-11.203724 3.907248 2.339071 39.809465 -6.251515 1.361016 2.438716
-11.144897 3.895602 2.325170 39.723197 -6.252406 1.358800 2.438079
-11.086924 3.883903 2.311774 39.637356 -6.253269 1.356649 2.437482
-11.029707 3.872130 2.298843 39.551704 -6.254107 1.354553 2.436918
-10.973149 3.860264 2.286339 39.466004 -6.254924 1.352507 2.436382
-10.917191 3.848293 2.274232 39.380100 -6.255720 1.350508 2.435896
-10.861884 3.836239 2.262529 39.294086 -6.256483 1.348576 2.435563
-10.807376 3.824186 2.251361 39.208780 -6.257234 1.346685 2.435135
-10.753726 3.812155 2.240740 39.124280 -6.257961 1.344856 2.434717
-10.700885 3.800137 2.230640 39.040436 -6.258664 1.343089 2.434332
-10.648764 3.788121 2.221028 38.957021 -6.259345 1.341375 2.433977
-10.597274 3.776093 2.211870 38.873807 -6.260007 1.339708 2.433647
-10.546364 3.764052 2.203142 38.790638 -6.260651 1.338086 2.433362
-10.496085 3.752018 2.194848 38.707590 -6.261266 1.336524 2.433220
-10.446596 3.740065 2.187085 38.625424 -6.261872 1.335004 2.432989
-10.397957 3.728216 2.179860 38.544219 -6.262457 1.333543 2.432767
-10.350135 3.716471 2.173153 38.463828 -6.263022 1.332140 2.432576
-10.303067 3.704827 2.166937 38.384046 -6.263569 1.330787 2.432417
-10.256714 3.693286 2.161191 38.304720 -6.264098 1.329482 2.432312
-10.211130 3.681869 2.155919 38.225906 -6.264600 1.328238 2.432347
-10.166464 3.670633 2.151168 38.148287 -6.265093 1.327037 2.432306
-10.122776 3.659603 2.146947 38.071928 -6.265567 1.325892 2.432277
-10.080034 3.648782 2.143238 37.996686 -6.266023 1.324801 2.432281
-10.038177 3.638172 2.140023 37.922357 -6.266462 1.323759 2.432316
-9.997139 3.627776 2.137283 37.848741 -6.266886 1.322758 2.432380
-9.956891 3.617601 2.135004 37.775696 -6.267295 1.321797 2.432491
-9.917482 3.607673 2.133189 37.703269 -6.267684 1.320883 2.432730
-9.879049 3.598034 2.131842 37.632062 -6.268065 1.320004 2.432890
-9.841651 3.588709 2.130969 37.562130 -6.268433 1.319169 2.433053
-9.805269 3.579711 2.130562 37.493342 -6.268786 1.318375 2.433236
-9.769857 3.571049 2.130610 37.425518 -6.269127 1.317617 2.433443
-9.735370 3.562732 2.131101 37.358477 -6.269457 1.316891 2.433671
-9.701791 3.554778 2.132030 37.292089 -6.269776 1.316193 2.433938
-9.669171 3.547212 2.133400 37.226383 -6.270079 1.315528 2.434314
-9.637633 3.540069 2.135178 37.161861 -6.270378 1.314887 2.434606
-9.607239 3.533378 2.137370 37.098559 -6.270667 1.314276 2.434884
-9.577987 3.527158 2.139974 37.036361 -6.270948 1.313691 2.435167
-9.549860 3.521428 2.142988 36.975116 -6.271219 1.313130 2.435460
-9.522855 3.516207 2.146412 36.914704 -6.271482 1.312589 2.435780
-9.497023 3.511524 2.150250 36.855129 -6.271733 1.312070 2.436183
-9.472479 3.507405 2.154436 36.796778 -6.271982 1.311565 2.436495
-9.449281 3.503879 2.158978 36.739664 -6.272225 1.311076 2.436775
-9.427440 3.500967 2.163883 36.683677 -6.272463 1.310602 2.437038
-9.406951 3.498690 2.169153 36.628672 -6.272696 1.310138 2.437287
-9.387811 3.497067 2.174798 36.574506 -6.272924 1.309682 2.437522
-9.370032 3.496120 2.180824 36.521066 -6.273149 1.309232 2.437757
-9.353669 3.495874 2.187240 36.468332 -6.273367 1.308785 2.438032
-9.338834 3.496343 2.193953 36.416570 -6.273587 1.308334 2.438192
-9.325588 3.497552 2.200974 36.365769 -6.273807 1.307878 2.438280
-9.313963 3.499520 2.208320 36.315834 -6.274027 1.307415 2.438310
-9.303977 3.502266 2.216007 36.266648 -6.274246 1.306945 2.438289
-9.295653 3.505803 2.224056 36.218097 -6.274464 1.306468 2.438221
-9.289022 3.510148 2.232488 36.170094 -6.274681 1.305983 2.438119
-9.284135 3.515315 2.241317 36.122607 -6.274896 1.305487 2.438015
-9.281127 3.521299 2.250431 36.075819 -6.275113 1.304971 2.437779
-9.280055 3.528111 2.259850 36.029734 -6.275332 1.304434 2.437450
-9.280956 3.535759 2.269610 35.984334 -6.275550 1.303882 2.437059
-9.283860 3.544251 2.279751 35.939616 -6.275763 1.303322 2.436639
-9.288787 3.553589 2.290316 35.895608 -6.275967 1.302762 2.436230
-9.295755 3.563773 2.301332 35.852385 -6.276162 1.302202 2.435884
-9.304916 3.574785 2.312683 35.810219 -6.276341 1.301645 2.435539
-9.316265 3.586624 2.324412 35.769321 -6.276499 1.301101 2.435282
-9.329749 3.599300 2.336591 35.729966 -6.276625 1.300593 2.435214
-9.345214 3.612814 2.349288 35.692379 -6.276713 1.300142 2.435408
-9.362331 3.627140 2.362505 35.656425 -6.276779 1.299733 2.435813
-9.381171 3.642280 2.376229 35.621430 -6.276839 1.299339 2.436272
-9.402149 3.658271 2.390478 35.586717 -6.276899 1.298943 2.436671
-9.424921 3.675012 2.405036 35.552272 -6.276978 1.298516 2.436830
-9.449324 3.692485 2.419957 35.518324 -6.277073 1.298066 2.436822
-9.475289 3.710679 2.435319 35.485114 -6.277174 1.297616 2.436733
-9.502771 3.729582 2.451199 35.452813 -6.277276 1.297184 2.436629
-9.531724 3.749179 2.467663 35.421529 -6.277373 1.296784 2.436559
-9.562086 3.769452 2.484770 35.391304 -6.277466 1.296423 2.436550
-9.593777 3.790369 2.502527 35.362117 -6.277563 1.296086 2.436610
-9.627091 3.811895 2.520781 35.334202 -6.277637 1.295788 2.436737
-9.661945 3.833999 2.539539 35.307499 -6.277700 1.295515 2.436926
-9.698264 3.856664 2.558853 35.281967 -6.277753 1.295265 2.437175
-9.735976 3.879876 2.578780 35.257571 -6.277799 1.295042 2.437485
-9.774991 3.903617 2.599370 35.234246 -6.277842 1.294844 2.437842
-9.815200 3.927854 2.620611 35.211867 -6.277901 1.294644 2.438217
-9.857018 3.952576 2.642296 35.190641 -6.277931 1.294468 2.438652
-9.900341 3.977750 2.664420 35.170448 -6.277952 1.294291 2.439118
-9.945078 4.003358 2.687038 35.151238 -6.277968 1.294111 2.439604
-9.991154 4.029388 2.710219 35.132999 -6.277979 1.293933 2.440109
-10.038494 4.055827 2.734035 35.115741 -6.277987 1.293763 2.440640
-10.087009 4.082661 2.758552 35.099466 -6.277995 1.293604 2.441198
-10.136563 4.109863 2.783782 35.084113 -6.278018 1.293433 2.441761
-10.187248 4.137388 2.809392 35.069640 -6.278023 1.293273 2.442319
-10.238938 4.165212 2.835398 35.055996 -6.278026 1.293103 2.442853
-10.291553 4.193323 2.861871 35.043208 -6.278029 1.292925 2.443370
-10.345028 4.221715 2.888898 35.031330 -6.278031 1.292749 2.443882
-10.399301 4.250381 2.916562 35.020420 -6.278033 1.292582 2.444405
-10.454292 4.279313 2.944941 35.010519 -6.278036 1.292429 2.444947
-10.509866 4.308491 2.974053 35.001581 -6.278055 1.292263 2.445487
-10.566014 4.337819 3.003498 34.993475 -6.278058 1.292122 2.446018
-10.622612 4.367281 3.033298 34.986159 -6.278059 1.291981 2.446519
-10.679589 4.396875 3.063533 34.979685 -6.278060 1.291843 2.446998
-10.736891 4.426606 3.094293 34.974126 -6.278061 1.291714 2.447472
-10.794448 4.456476 3.125661 34.969529 -6.278064 1.291598 2.447945
-10.852125 4.486464 3.157656 34.965834 -6.278085 1.291465 2.448389
-10.909886 4.516448 3.189831 34.962824 -6.278091 1.291360 2.448805
-10.967610 4.546409 3.222209 34.960441 -6.278096 1.291257 2.449165
-11.025251 4.576358 3.254876 34.958741 -6.278104 1.291155 2.449476
-11.082790 4.606311 3.287928 34.957810 -6.278112 1.291064 2.449755
-11.140211 4.636282 3.321462 34.957737 -6.278121 1.290989 2.450019
-11.197480 4.666287 3.355566 34.958577 -6.278131 1.290933 2.450275
-11.254494 4.696314 3.390263 34.960273 -6.278159 1.290865 2.450493
-11.311200 4.726221 3.425059 34.962563 -6.278171 1.290835 2.450684
-11.367510 4.756002 3.459981 34.965391 -6.278183 1.290814 2.450819
-11.423408 4.785674 3.495119 34.968815 -6.278195 1.290802 2.450904
-11.478909 4.815264 3.530573 34.972934 -6.278207 1.290806 2.450956
-11.534032 4.844800 3.566445 34.977848 -6.278217 1.290832 2.450996
-11.588774 4.874308 3.602828 34.983639 -6.278227 1.290884 2.451035
-11.643066 4.903788 3.639754 34.990286 -6.278250 1.290931 2.451052
-11.696788 4.933091 3.676678 34.997491 -6.278255 1.291022 2.451065
-11.749877 4.962221 3.713633 35.005258 -6.278255 1.291129 2.451060
-11.802337 4.991211 3.750717 35.013719 -6.278250 1.291256 2.451062
-11.854189 5.020100 3.788037 35.023060 -6.278236 1.291410 2.451111
-11.905432 5.048926 3.825694 35.033475 -6.278211 1.291600 2.451252
-11.955979 5.077701 3.863729 35.045093 -6.278184 1.291799 2.451501
-12.005589 5.106257 3.901565 35.057706 -6.278125 1.292056 2.451912
-12.053995 5.134571 3.939208 35.071288 -6.278053 1.292325 2.452443
-12.100958 5.162604 3.976664 35.085552 -6.277999 1.292565 2.452975
-12.147377 5.190487 4.014223 35.100470 -6.277919 1.292861 2.453549
-12.193110 5.218189 4.051916 35.115735 -6.277840 1.293180 2.454044
-12.238006 5.245709 4.089808 35.131323 -6.277770 1.293510 2.454425
-12.281939 5.273040 4.127926 35.147225 -6.277725 1.293814 2.454664
-12.324837 5.300028 4.165751 35.163158 -6.277674 1.294148 2.454819
-12.366653 5.326680 4.203315 35.179147 -6.277629 1.294480 2.454879
-12.407406 5.353033 4.240715 35.195345 -6.277588 1.294815 2.454870
-12.447155 5.379132 4.278052 35.211934 -6.277549 1.295157 2.454832
-12.485968 5.405022 4.315432 35.229078 -6.277509 1.295515 2.454797
-12.523897 5.430743 4.352946 35.246879 -6.277466 1.295887 2.454779
-12.560954 5.456307 4.390629 35.265305 -6.277434 1.296245 2.454752
-12.597116 5.481568 4.427971 35.284007 -6.277387 1.296638 2.454765
-12.632400 5.506537 4.465008 35.302929 -6.277336 1.297036 2.454784
-12.666867 5.531250 4.501828 35.322128 -6.277284 1.297437 2.454810
-12.700595 5.555747 4.538527 35.341686 -6.277229 1.297843 2.454850
-12.733654 5.580065 4.575196 35.361657 -6.277172 1.298254 2.454904
-12.766076 5.604217 4.611870 35.381990 -6.277125 1.298640 2.454941
-12.797855 5.628064 4.648063 35.402358 -6.277065 1.299049 2.455014
-12.829023 5.651618 4.683811 35.422705 -6.277003 1.299453 2.455090
-12.859655 5.674913 4.719201 35.443073 -6.276940 1.299850 2.455164
-12.889836 5.697986 4.754328 35.463540 -6.276876 1.300243 2.455245
-12.919652 5.720874 4.789286 35.484181 -6.276809 1.300636 2.455340
-12.949173 5.743610 4.824162 35.505038 -6.276740 1.301028 2.455443
-12.978433 5.766205 4.858988 35.526053 -6.276681 1.301391 2.455521
-13.007465 5.788539 4.893319 35.546941 -6.276610 1.301768 2.455632
-13.036300 5.810619 4.927189 35.567648 -6.276538 1.302133 2.455745
-13.064996 5.832475 4.960681 35.588217 -6.276466 1.302484 2.455854
-13.093622 5.854137 4.993885 35.608728 -6.276393 1.302825 2.455966
-13.122245 5.875635 5.026892 35.629260 -6.276319 1.303159 2.456090
-13.150910 5.896995 5.059782 35.649862 -6.276244 1.303485 2.456221
-13.179634 5.918224 5.092589 35.670491 -6.276180 1.303779 2.456329
-13.208474 5.939221 5.124915 35.690921 -6.276104 1.304083 2.456473
-13.237438 5.959989 5.156792 35.711116 -6.276027 1.304373 2.456623
-13.266551 5.980549 5.188300 35.731131 -6.275951 1.304648 2.456777
-13.295845 6.000919 5.219523 35.751048 -6.275876 1.304911 2.456942
-13.325333 6.021116 5.250536 35.770918 -6.275802 1.305160 2.457112
-13.355005 6.041141 5.281367 35.790693 -6.275743 1.305372 2.457255
-13.384973 6.060916 5.311678 35.810209 -6.275673 1.305591 2.457428
-13.415218 6.080438 5.341497 35.829426 -6.275604 1.305794 2.457599
-13.445742 6.099717 5.370896 35.848408 -6.275537 1.305979 2.457768
-13.476554 6.118764 5.399958 35.867266 -6.275472 1.306151 2.457949
-13.507657 6.137592 5.428761 35.886110 -6.275407 1.306314 2.458157
-13.539031 6.156205 5.457375 35.905008 -6.275345 1.306466 2.458390
-13.570631 6.174597 5.485823 35.923919 -6.275299 1.306585 2.458616
-13.602574 6.192707 5.513804 35.942714 -6.275239 1.306716 2.458881
-13.634808 6.210526 5.541340 35.961361 -6.275181 1.306835 2.459152
-13.667297 6.228052 5.568499 35.979943 -6.275124 1.306944 2.459433
-13.700021 6.245288 5.595356 35.998595 -6.275069 1.307046 2.459744
-13.732952 6.262238 5.621986 36.017456 -6.275013 1.307146 2.460106
-13.766036 6.278902 5.648452 36.036621 -6.274959 1.307244 2.460524
-13.799190 6.295271 5.674770 36.056068 -6.274921 1.307317 2.460966
-13.832479 6.311310 5.700662 36.075669 -6.274869 1.307401 2.461459
-13.865813 6.327008 5.726140 36.095410 -6.274818 1.307474 2.461972
-13.899126 6.342364 5.751266 36.115397 -6.274769 1.307536 2.462512
-13.932365 6.357379 5.776107 36.135776 -6.274722 1.307590 2.463100
-13.965456 6.372052 5.800720 36.156665 -6.274678 1.307636 2.463745
-13.998287 6.386375 5.825121 36.178070 -6.274650 1.307655 2.464422
-14.030776 6.400298 5.849054 36.199795 -6.274613 1.307673 2.465130
-14.062813 6.413814 5.872533 36.221841 -6.274578 1.307672 2.465842
-14.094332 6.426922 5.895611 36.244325 -6.274548 1.307650 2.466568
-14.125290 6.439624 5.918352 36.267403 -6.274521 1.307611 2.467331
-14.155646 6.451924 5.940816 36.291231 -6.274496 1.307560 2.468154
-14.185339 6.463825 5.963057 36.315925 -6.274475 1.307495 2.469047
-14.214258 6.475323 5.985089 36.341487 -6.274467 1.307399 2.469982
-14.242208 6.486357 6.006676 36.367611 -6.274453 1.307295 2.470947
-14.269084 6.496926 6.027832 36.394292 -6.274443 1.307166 2.471910
-14.294839 6.507037 6.048606 36.421629 -6.274438 1.307009 2.472877
-14.319450 6.516699 6.069050 36.449759 -6.274439 1.306827 2.473864
-14.342904 6.525926 6.089218 36.478815 -6.274443 1.306621 2.474886
-14.365175 6.534735 6.109158 36.508906 -6.274452 1.306392 2.475951
-14.386186 6.543136 6.128889 36.540041 -6.274473 1.306124 2.477031
-14.405655 6.551069 6.148184 36.571813 -6.274491 1.305845 2.478131
-14.423517 6.558549 6.167059 36.604219 -6.274514 1.305539 2.479217
-14.439772 6.565601 6.185559 36.637348 -6.274542 1.305205 2.480292
-14.454444 6.572250 6.203731 36.671305 -6.274576 1.304844 2.481362
-14.467557 6.578526 6.221620 36.706184 -6.274614 1.304455 2.482429
-14.479086 6.584458 6.239248 36.742001 -6.274660 1.304026 2.483469
-14.488724 6.589985 6.256383 36.778308 -6.274708 1.303589 2.484527
-14.496458 6.595134 6.273047 36.815103 -6.274761 1.303130 2.485572
-14.502342 6.599939 6.289280 36.852443 -6.274819 1.302648 2.486597
-14.506446 6.604431 6.305124 36.890388 -6.274882 1.302142 2.487597
-14.508852 6.608642 6.320621 36.928997 -6.274951 1.301613 2.488566
-14.509648 6.612612 6.335813 36.968330 -6.275024 1.301059 2.489500
-14.508878 6.616383 6.350723 37.008411 -6.275103 1.300470 2.490378
-14.506234 6.619892 6.365103 37.048795 -6.275184 1.299884 2.491288
-14.501772 6.623181 6.378972 37.089487 -6.275268 1.299288 2.492206
-14.495605 6.626292 6.392370 37.130512 -6.275356 1.298683 2.493117
-14.487856 6.629260 6.405334 37.171878 -6.275447 1.298065 2.494000
-14.478657 6.632122 6.417900 37.213591 -6.275542 1.297435 2.494838
-14.468149 6.634919 6.430108 37.255673 -6.275641 1.296792 2.495615
-14.456439 6.637700 6.441984 37.298151 -6.275741 1.296130 2.496315
-14.443227 6.640395 6.453269 37.340600 -6.275844 1.295480 2.497054
-14.428631 6.643050 6.463990 37.383036 -6.275949 1.294837 2.497811
-14.412819 6.645710 6.474184 37.425465 -6.276053 1.294200 2.498570
-14.395964 6.648414 6.483888 37.467882 -6.276157 1.293571 2.499308
-14.378249 6.651207 6.493141 37.510303 -6.276259 1.292953 2.500013
-14.359812 6.654138 6.501973 37.552772 -6.276356 1.292345 2.500675
-14.340330 6.657133 6.510145 37.594887 -6.276454 1.291755 2.501402
-14.319940 6.660239 6.517687 37.636686 -6.276550 1.291182 2.502183
-14.298819 6.663490 6.524634 37.678173 -6.276642 1.290629 2.503002
-14.277133 6.666910 6.531015 37.719312 -6.276731 1.290097 2.503830
-14.255049 6.670520 6.536862 37.760073 -6.276816 1.289587 2.504639
-14.232739 6.674349 6.542210 37.800465 -6.276896 1.289104 2.505416
-14.210336 6.678432 6.547092 37.840551 -6.276965 1.288652 2.506158
-14.187512 6.682703 6.551344 37.879986 -6.277036 1.288213 2.506961
-14.164391 6.687193 6.554998 37.918838 -6.277102 1.287791 2.507824
-14.141130 6.691922 6.558086 37.957132 -6.277163 1.287392 2.508737
-14.117869 6.696896 6.560634 37.994850 -6.277217 1.287019 2.509679
-14.094734 6.702115 6.562665 38.031962 -6.277264 1.286675 2.510623
-14.071847 6.707582 6.564203 38.068458 -6.277305 1.286363 2.511549
-14.049305 6.713300 6.565276 38.104344 -6.277335 1.286088 2.512440
-14.026972 6.719237 6.565866 38.139393 -6.277363 1.285822 2.513408
-14.004933 6.725395 6.565998 38.173626 -6.277385 1.285570 2.514443
-13.983282 6.731767 6.565693 38.207054 -6.277400 1.285338 2.515529
-13.962100 6.738339 6.564969 38.239671 -6.277408 1.285129 2.516649
-13.941451 6.745089 6.563840 38.271455 -6.277410 1.284945 2.517779
-13.921382 6.751997 6.562326 38.302350 -6.277406 1.284790 2.518883
-13.901923 6.759069 6.560560 38.332199 -6.277396 1.284641 2.520076
-13.883111 6.766282 6.558560 38.360961 -6.277379 1.284504 2.521329
-13.864987 6.773611 6.556338 38.388635 -6.277357 1.284382 2.522624
-13.847593 6.781027 6.553906 38.415237 -6.277329 1.284277 2.523953
-13.830963 6.788504 6.551271 38.440780 -6.277295 1.284193 2.525305
-13.815120 6.796007 6.548442 38.465246 -6.277256 1.284131 2.526659
-13.800068 6.803503 6.545437 38.488547 -6.277214 1.284096 2.527973
-13.785894 6.811023 6.542494 38.510514 -6.277166 1.284076 2.529324
-13.772609 6.818532 6.539631 38.531061 -6.277112 1.284076 2.530672
-13.760241 6.825992 6.536856 38.550167 -6.277054 1.284099 2.531999
-13.748835 6.833365 6.534177 38.567835 -6.276991 1.284146 2.533298
-13.738437 6.840613 6.531601 38.584060 -6.276925 1.284221 2.534559
-13.729082 6.847684 6.529135 38.598784 -6.276856 1.284323 2.535757
-13.720780 6.854521 6.526796 38.611847 -6.276789 1.284456 2.536836
-13.713601 6.861137 6.524874 38.622969 -6.276721 1.284611 2.537807
-13.707532 6.867457 6.523373 38.631951 -6.276660 1.284785 2.538602
-13.702532 6.873396 6.522259 38.638663 -6.276614 1.284959 2.539182
-13.698473 6.878861 6.521449 38.643011 -6.276601 1.285096 2.539515
-13.695100 6.883760 6.520747 38.645002 -6.276654 1.285121 2.539604
-13.692606 6.888189 6.519789 38.645547 -6.276662 1.284882 2.539773
-13.691363 6.892033 6.518792 38.645282 -6.276699 1.284591 2.539729
