0.000000 -0.000000 0.000000 0.000000 0.000000 -0.000000 0.000000
0.385913 0.012390 0.313394 -1.241093 0.005013 0.025524 0.578500
0.756966 0.039582 0.617630 -2.526933 0.005360 0.035051 0.851051
1.101835 0.079857 0.928802 -3.815082 0.006681 0.034576 1.098308
1.433383 0.132830 1.247365 -5.103631 0.008730 0.026797 1.334788
1.754143 0.198764 1.573093 -6.393456 0.010970 0.013409 1.560089
2.061000 0.278269 1.906217 -7.685494 0.013058 -0.004442 1.773109
2.349177 0.372103 2.247113 -8.980475 0.014755 -0.025772 1.973525
2.612955 0.480211 2.586769 -10.273094 0.016032 -0.048341 2.158556
2.852771 0.602973 2.924783 -11.563363 0.016752 -0.070907 2.330908
3.056392 0.741206 3.262305 -12.852133 0.017040 -0.093460 2.488593
3.214622 0.895734 3.600374 -14.139803 0.017072 -0.115975 2.631625
3.322565 1.067264 3.939457 -15.426602 0.016940 -0.138199 2.760730
3.377425 1.256414 4.279666 -16.712752 0.016681 -0.159783 2.876552
3.377563 1.463715 4.620810 -17.998395 0.016290 -0.180234 2.980021
3.320851 1.688756 4.957098 -19.279867 0.015729 -0.198535 3.070304
3.206707 1.932050 5.288916 -20.557202 0.015067 -0.214812 3.148693
3.035184 2.194148 5.616802 -21.830494 0.014382 -0.229347 3.216120
2.806376 2.475370 5.940830 -23.099949 0.013704 -0.242083 3.272997
2.521106 2.776022 6.261260 -24.365735 0.013065 -0.253107 3.319821
2.180405 3.096418 6.578559 -25.627977 0.012511 -0.262612 3.357246
1.785273 3.437030 6.893839 -26.886831 0.012039 -0.271094 3.386008
1.337130 3.796309 7.200431 -28.140482 0.011652 -0.277505 3.405284
0.837859 4.173900 7.497698 -29.389023 0.011287 -0.281314 3.415677
0.290125 4.569461 7.784921 -30.632314 0.010951 -0.282046 3.418347
-0.304298 4.983046 8.062667 -31.870481 0.010664 -0.279871 3.413749
-0.943868 5.415016 8.331957 -33.103674 0.010453 -0.275162 3.402259
-1.626465 5.865306 8.592928 -34.331880 0.010326 -0.267809 3.384695
-2.349735 6.332491 8.841214 -35.553757 0.010726 -0.258068 3.359651
-3.110856 6.816112 9.077178 -36.769303 0.011643 -0.245874 3.327862
-3.906763 7.315679 9.301609 -37.978553 0.013094 -0.231360 3.289882
-4.734164 7.830588 9.515533 -39.181547 0.015099 -0.214743 3.246250
-5.589605 8.360125 9.720266 -40.378299 0.017687 -0.196324 3.197617
-6.469785 8.903335 9.917025 -41.568654 0.020880 -0.176257 3.145315
-7.372253 9.459518 10.105424 -42.752511 0.024675 -0.154109 3.090054
-8.295701 10.026669 10.281518 -43.928925 0.028734 -0.129989 3.029951
-9.238887 10.603768 10.444847 -45.097730 0.033063 -0.103447 2.965871
-10.200221 11.189867 10.595531 -46.258770 0.037694 -0.074292 2.898654
-11.177702 11.783930 10.733861 -47.411904 0.042662 -0.042404 2.829082
-12.168965 12.384800 10.860119 -48.557010 0.048011 -0.007681 2.757801
-13.171408 12.991348 10.975333 -49.694008 0.053769 0.029755 2.685499
-14.182256 13.602273 11.080487 -50.822827 0.059944 0.069842 2.612896
-15.198538 14.215241 11.173857 -51.942812 0.066483 0.111457 2.539105
-16.217358 14.828719 11.256154 -53.053913 0.073395 0.154656 2.464700
-17.235941 15.441327 11.328475 -54.156113 0.080705 0.199339 2.390123
-18.251688 16.051740 11.391992 -55.249415 0.088442 0.245373 2.315761
-19.262180 16.658656 11.447809 -56.333828 0.096632 0.292655 2.241971
-20.265154 17.260680 11.496707 -57.409365 0.105287 0.341209 2.169099
-21.258407 17.855814 11.537806 -58.475761 0.114366 0.390062 2.096444
-22.240015 18.442771 11.571885 -59.533046 0.123883 0.439244 2.024301
-23.208257 19.020467 11.599920 -60.581264 0.133868 0.488698 1.952923
-24.161612 19.587934 11.622906 -61.620468 0.144352 0.538350 1.882533
-25.098747 20.144271 11.641734 -62.650718 0.155367 0.588158 1.813322
-26.018485 20.688577 11.657070 -63.672087 0.166941 0.638151 1.745420
-26.919747 21.219853 11.669151 -64.684687 0.179105 0.688463 1.678754
-27.801579 21.736968 11.677775 -65.688605 0.191624 0.737998 1.612664
-28.663398 22.239254 11.683758 -66.683997 0.204521 0.786745 1.547065
-29.504952 22.726064 11.687962 -67.670998 0.217831 0.834658 1.481929
-30.326452 23.196699 11.691286 -68.649551 0.231610 0.881644 1.417850
-31.127156 23.651660 11.694263 -69.619662 0.245908 0.927692 1.355172
-31.905740 24.092160 11.697146 -70.581462 0.260771 0.972870 1.293834
-32.662334 24.517996 11.700409 -71.534869 0.276248 1.017183 1.234467
-33.396990 24.928446 11.703751 -72.480176 0.292242 1.059761 1.176957
-34.109816 25.323252 11.707493 -73.417541 0.308785 1.100689 1.121179
-34.800917 25.702398 11.712010 -74.347095 0.325917 1.140013 1.067100
-35.470376 26.066035 11.717657 -75.268958 0.343683 1.177771 1.014735
-36.118236 26.414432 11.724736 -76.183247 0.362129 1.214007 0.964095
-36.744465 26.747906 11.733453 -77.090120 0.381299 1.248793 0.915061
-37.348894 27.066602 11.743553 -77.990030 0.401234 1.281543 0.867492
-37.931424 27.371026 11.755098 -78.883099 0.421981 1.312347 0.821384
-38.491945 27.661842 11.768080 -79.769369 0.443593 1.341298 0.777004
-39.030281 27.939823 11.782329 -80.648818 0.466121 1.368512 0.734835
-39.546132 28.205837 11.797398 -81.521315 0.489617 1.394169 0.695712
-40.039078 28.460811 11.812420 -82.386467 0.514125 1.418532 0.661378
-40.509325 28.705512 11.826247 -83.242800 0.539713 1.441834 0.637400
-40.967340 28.937815 11.842690 -84.069105 0.565948 1.463377 0.609288
-41.417738 29.157277 11.862782 -84.855326 0.592919 1.482996 0.575593
-41.861652 29.364396 11.886275 -85.597820 0.620695 1.500788 0.537677
-42.299277 29.559887 11.912877 -86.295030 0.649345 1.516869 0.496285
-42.730434 29.744517 11.942412 -86.946598 0.678937 1.531331 0.451806
-43.154655 29.919043 11.974770 -87.553137 0.709544 1.544261 0.404347
-43.570933 30.084211 12.009682 -88.116480 0.741231 1.555803 0.353649
-43.976616 30.240910 12.045980 -88.641896 0.772886 1.566451 0.302483
-44.370823 30.389770 12.083510 -89.131653 0.804579 1.576324 0.250432
-44.753237 30.531328 12.122400 -89.587391 0.836389 1.585447 0.197237
-45.123725 30.666063 12.162862 -90.010642 0.868399 1.593821 0.142643
-45.482091 30.794427 12.205094 -90.403186 0.900690 1.601456 0.086312
-45.827712 30.916875 12.249095 -90.767555 0.933336 1.608428 0.027676
-46.158507 31.034030 12.293968 -91.109360 0.964818 1.614743 -0.030091
-46.473974 31.146279 12.339709 -91.431088 0.995209 1.620478 -0.087573
-46.774141 31.253933 12.386519 -91.734441 1.024585 1.625638 -0.145153
-47.059240 31.357257 12.434650 -92.020810 1.053023 1.630210 -0.203143
-47.329537 31.456491 12.484352 -92.291521 1.080597 1.634181 -0.261851
-47.585185 31.551872 12.535826 -92.548073 1.107378 1.637555 -0.321641
-47.825995 31.643636 12.589108 -92.792476 1.133427 1.640393 -0.383019
-48.050823 31.732028 12.643568 -93.028936 1.157804 1.642560 -0.443130
-48.259489 31.817271 12.699222 -93.259385 1.180566 1.644120 -0.502469
-48.452166 31.899563 12.756243 -93.485165 1.201769 1.645080 -0.561386
-48.629162 31.979088 12.814833 -93.707349 1.221468 1.645433 -0.620162
-48.790809 32.056014 12.875187 -93.926909 1.239713 1.645174 -0.679053
-48.937378 32.130503 12.937455 -94.144856 1.256551 1.644310 -0.738327
-49.068996 32.202671 13.001687 -94.362380 1.272019 1.642886 -0.798288
-49.185614 32.272380 13.067660 -94.581403 1.285587 1.640721 -0.857517
-49.287334 32.339747 13.135394 -94.803035 1.297284 1.637864 -0.916296
-49.374373 32.404934 13.204973 -95.028114 1.307136 1.634336 -0.974847
-49.447007 32.468099 13.276482 -95.257322 1.315167 1.630154 -1.033351
-49.505517 32.529370 13.349962 -95.491258 1.321393 1.625347 -1.091965
-49.550211 32.588768 13.425376 -95.730438 1.325820 1.619973 -1.150803
-49.581730 32.645862 13.502592 -95.974971 1.327953 1.613770 -1.209969
-49.600349 32.700681 13.581545 -96.225299 1.327787 1.606802 -1.269552
-49.606309 32.753361 13.662209 -96.481853 1.325316 1.599107 -1.329658
-49.599849 32.804071 13.744575 -96.745011 1.320529 1.590719 -1.390376
-49.581218 32.852980 13.828616 -97.015082 1.313409 1.581672 -1.451777
-49.550697 32.900235 13.914272 -97.292265 1.303932 1.572008 -1.513899
-49.508706 32.945878 14.001466 -97.576521 1.292064 1.561778 -1.576696
-49.456307 32.989474 14.090192 -97.866905 1.277681 1.550643 -1.640391
-49.393890 33.031078 14.180343 -98.163345 1.260736 1.538660 -1.704927
-49.321681 33.070860 14.271798 -98.465962 1.241179 1.525880 -1.770312
-49.239864 33.109020 14.364430 -98.774914 1.218952 1.512354 -1.836568
-49.148624 33.145753 14.458088 -99.090323 1.193990 1.498139 -1.903705
-49.048199 33.181216 14.552574 -99.412178 1.166220 1.483300 -1.971695
-48.939018 33.215432 14.647659 -99.740155 1.135559 1.467920 -2.040411
-48.822221 33.247947 14.743283 -100.072927 1.102597 1.452199 -2.109878
-48.698221 33.278795 14.839181 -100.410139 1.067237 1.436224 -2.179959
-48.567238 33.308141 14.935072 -100.751694 1.029377 1.420080 -2.250596
-48.429451 33.336182 15.030679 -101.097540 0.988908 1.403850 -2.321749
-48.285091 33.363081 15.125703 -101.447523 0.945715 1.387623 -2.393344
-48.134621 33.388867 15.219852 -101.801155 0.899676 1.371487 -2.465206
-47.979266 33.413079 15.312926 -102.156989 0.852198 1.355242 -2.536881
-47.819462 33.435761 15.404633 -102.514574 0.803148 1.338975 -2.608196
-47.655398 33.457103 15.494674 -102.873820 0.752391 1.322769 -2.679089
-47.487180 33.477357 15.582776 -103.234762 0.699786 1.306700 -2.749529
-47.314922 33.496796 15.668687 -103.597438 0.645191 1.290832 -2.819484
-47.138834 33.515701 15.752186 -103.961751 0.588462 1.275219 -2.888883
-46.959414 33.534315 15.833166 -104.327229 0.529455 1.259878 -2.957544
-46.778021 33.552646 15.911912 -104.692419 0.469245 1.244761 -3.024987
-46.595145 33.570945 15.988305 -105.056878 0.407679 1.229884 -3.091029
-46.410975 33.589506 16.062107 -105.420545 0.344596 1.215303 -3.155596
-46.225598 33.608623 16.133053 -105.783498 0.279827 1.201080 -3.218650
-46.039094 33.628582 16.200874 -106.145825 0.213201 1.187280 -3.280151
-45.851631 33.649653 16.265321 -106.507486 0.144542 1.173959 -3.340023
-45.663648 33.672049 16.326239 -106.868098 0.073676 1.161147 -3.398086
-45.476320 33.695695 16.383436 -107.226465 0.002386 1.147642 -3.453724
-45.290086 33.720797 16.436737 -107.582204 -0.069508 1.133473 -3.506749
-45.105117 33.747601 16.485863 -107.935258 -0.142197 1.118697 -3.557060
-44.921506 33.776349 16.530510 -108.285667 -0.215871 1.103377 -3.604580
-44.739398 33.807251 16.570383 -108.633402 -0.290727 1.087571 -3.649208
-44.559157 33.840444 16.605266 -108.978160 -0.366954 1.071310 -3.690761
-44.381765 33.875796 16.634928 -109.318781 -0.442761 1.053761 -3.729433
-44.207568 33.913431 16.659157 -109.654995 -0.518341 1.034943 -3.765038
-44.036659 33.953532 16.677672 -109.986840 -0.593893 1.014892 -3.797467
-43.869035 33.996292 16.690180 -110.314468 -0.669614 0.993643 -3.826641
-43.704679 34.041895 16.696387 -110.638037 -0.745703 0.971222 -3.852473
-43.543632 34.090492 16.696006 -110.957601 -0.822359 0.947653 -3.874848
-43.386126 34.142154 16.688802 -111.272955 -0.899777 0.922938 -3.893573
-43.232908 34.196811 16.674917 -111.582890 -0.976327 0.897822 -3.909893
-43.084198 34.254531 16.654120 -111.887194 -1.052201 0.872294 -3.923604
-42.940003 34.315458 16.626142 -112.185901 -1.127596 0.846347 -3.934564
-42.800256 34.379761 16.590716 -112.479139 -1.202706 0.819967 -3.942652
-42.664874 34.447624 16.547598 -112.767023 -1.277723 0.793129 -3.947743
-42.533841 34.519228 16.496587 -113.049567 -1.352833 0.765787 -3.949676
-42.407339 34.594733 16.437601 -113.326523 -1.428216 0.737857 -3.948223
-42.286142 34.674234 16.371146 -113.596334 -1.501956 0.710110 -3.945694
-42.170423 34.757883 16.297151 -113.858722 -1.574227 0.682447 -3.941848
-42.060140 34.845850 16.215444 -114.113627 -1.645206 0.654794 -3.936499
-41.955188 34.938297 16.125833 -114.361048 -1.715070 0.627081 -3.929482
-41.855495 35.035367 16.028165 -114.600915 -1.783987 0.599222 -3.920609
-41.761182 35.137152 15.922423 -114.832925 -1.852118 0.571089 -3.909632
-41.673006 35.243644 15.809357 -115.055455 -1.918175 0.543680 -3.898855
-41.591068 35.354916 15.688975 -115.268201 -1.982308 0.516852 -3.888034
-41.515253 35.471077 15.561161 -115.471092 -2.044670 0.490495 -3.876992
-41.445366 35.592232 15.425773 -115.664138 -2.105410 0.464504 -3.865582
-41.381204 35.718473 15.282680 -115.847345 -2.164674 0.438765 -3.853660
-41.322615 35.849858 15.131807 -116.020642 -2.222601 0.413151 -3.841063
-41.269651 35.986369 14.973243 -116.183720 -2.279315 0.387483 -3.827566
-41.223081 36.127825 14.807979 -116.335055 -2.334109 0.362773 -3.814934
-41.182952 36.274187 14.636137 -116.474324 -2.387098 0.338829 -3.802951
-41.149090 36.425469 14.457699 -116.601431 -2.438403 0.315495 -3.791473
-41.121252 36.581696 14.272614 -116.716348 -2.488139 0.292618 -3.780385
-41.099180 36.742875 14.080845 -116.819056 -2.536418 0.270044 -3.769582
-41.082655 36.908973 13.882424 -116.909482 -2.583347 0.247593 -3.758949
-41.071633 37.079862 13.677561 -116.987372 -2.629020 0.225039 -3.748322
-41.066732 37.255202 13.467346 -117.051491 -2.672776 0.203201 -3.738931
-41.067910 37.434837 13.252038 -117.101581 -2.714699 0.181833 -3.730627
-41.074942 37.618675 13.031751 -117.137559 -2.754875 0.160726 -3.723331
-41.087557 37.806633 12.806580 -117.159393 -2.793388 0.139671 -3.716985
-41.105509 37.998593 12.576664 -117.167038 -2.830315 0.118448 -3.711538
-41.128692 38.194342 12.342313 -117.160335 -2.865722 0.096789 -3.706909
-41.157591 38.393480 12.104797 -117.138497 -2.899863 0.075791 -3.703489
-41.192126 38.595787 11.864443 -117.101364 -2.932796 0.055177 -3.701218
-41.232078 38.801140 11.621415 -117.048892 -2.964584 0.034711 -3.700089
-41.277202 39.009446 11.375830 -116.981072 -2.995288 0.014165 -3.700119
-41.327252 39.220612 11.127804 -116.897908 -3.024966 -0.006688 -3.701340
-41.381999 39.434507 10.877508 -116.799413 -3.053672 -0.028094 -3.703796
-41.441302 39.650899 10.625245 -116.685571 -3.081455 -0.050329 -3.707519
-41.505429 39.869375 10.372214 -116.556186 -3.108720 -0.072071 -3.712103
-41.574271 40.089696 10.118731 -116.411241 -3.135514 -0.093603 -3.717604
-41.647650 40.311722 9.864986 -116.250752 -3.161882 -0.115179 -3.724112
-41.725390 40.535348 9.611130 -116.074737 -3.187873 -0.137047 -3.731733
-41.807318 40.760461 9.357316 -115.883229 -3.213532 -0.159451 -3.740589
-41.893256 40.986901 9.103729 -115.676316 -3.238906 -0.182649 -3.750824
-41.983034 41.214397 8.850629 -115.454158 -3.264040 -0.206907 -3.762602
-42.076599 41.442515 8.598905 -115.217248 -3.289054 -0.230852 -3.774921
-42.173806 41.670969 8.348826 -114.965775 -3.313993 -0.254755 -3.787975
-42.274526 41.899577 8.100605 -114.699882 -3.338904 -0.278879 -3.801967
-42.378645 42.128184 7.854439 -114.419706 -3.363831 -0.303484 -3.817113
-42.486030 42.356607 7.610520 -114.125444 -3.388820 -0.328827 -3.833651
-42.596480 42.584571 7.369020 -113.817450 -3.413925 -0.355150 -3.851867
-42.709570 42.811718 7.130502 -113.496932 -3.439142 -0.380679 -3.870094
-42.825134 43.037794 6.895106 -113.164228 -3.464526 -0.405646 -3.888634
-42.943120 43.262663 6.662982 -112.819489 -3.490127 -0.430293 -3.907756
-43.063532 43.486242 6.434282 -112.462785 -3.515997 -0.454861 -3.927721
-43.186388 43.708464 6.209162 -112.094187 -3.542185 -0.479593 -3.948799
-43.311671 43.929227 5.987783 -111.713858 -3.568745 -0.504728 -3.971291
-43.439240 44.148346 5.770257 -111.322192 -3.595735 -0.530485 -3.995564
-43.568517 44.365595 5.556846 -110.920707 -3.623073 -0.555309 -4.019881
-43.699382 44.580798 5.347644 -110.509802 -3.650821 -0.579412 -4.044626
-43.831866 44.793877 5.142804 -110.089631 -3.679039 -0.603019 -4.070136
-43.966068 45.004796 4.942500 -109.660250 -3.707785 -0.626364 -4.096729
-44.102094 45.213529 4.746921 -109.221720 -3.737119 -0.649679 -4.124733
-44.240003 45.420019 4.556261 -108.774221 -3.767103 -0.673195 -4.154516
-44.379679 45.624140 4.370644 -108.318230 -3.797808 -0.697117 -4.186526
-44.520353 45.825778 4.190152 -107.855808 -3.829105 -0.719896 -4.218163
-44.661908 46.024808 4.014906 -107.387474 -3.861071 -0.741732 -4.249899
-44.804410 46.221175 3.845129 -106.913482 -3.893776 -0.762848 -4.282148
-44.947977 46.414850 3.681070 -106.434010 -3.927291 -0.783471 -4.315308
-45.092676 46.605794 3.522966 -105.949322 -3.961691 -0.803820 -4.349805
-45.238357 46.793923 3.370933 -105.459997 -3.997062 -0.824079 -4.386156
-45.383969 46.979185 3.224615 -104.968496 -4.033082 -0.843341 -4.421412
-45.529360 47.161510 3.084103 -104.475381 -4.069844 -0.861771 -4.456093
-45.674621 47.340885 2.949617 -103.980855 -4.107433 -0.879566 -4.490623
-45.819922 47.517319 2.821414 -103.484982 -4.145934 -0.896927 -4.525396
-45.965435 47.690817 2.699753 -102.987828 -4.185434 -0.914050 -4.560804
-46.111241 47.861344 2.584860 -102.489617 -4.226027 -0.931116 -4.597288
-46.257103 48.028794 2.476756 -101.991008 -4.267823 -0.948253 -4.635411
-46.401445 48.193119 2.374511 -101.495025 -4.310466 -0.964763 -4.672096
-46.544005 48.354214 2.278135 -101.002373 -4.354072 -0.980760 -4.707917
-46.684849 48.512046 2.187872 -100.513335 -4.398749 -0.996415 -4.743329
-46.824133 48.666612 2.104033 -100.028055 -4.444601 -1.011912 -4.778744
-46.962006 48.817913 2.026951 -99.546706 -4.491734 -1.027436 -4.814579
-47.098495 48.965921 1.956916 -99.069672 -4.540264 -1.043162 -4.851311
-47.233189 49.110568 1.893943 -98.597909 -4.590323 -1.059196 -4.889582
-47.363732 49.252016 1.836634 -98.135319 -4.640898 -1.074734 -4.926463
-47.489669 49.390192 1.784991 -97.682961 -4.692128 -1.089871 -4.962616
-47.610973 49.525044 1.739315 -97.241391 -4.744144 -1.104768 -4.998545
-47.727704 49.656519 1.699950 -96.811050 -4.797073 -1.119590 -5.034712
-47.839826 49.784504 1.667140 -96.392518 -4.851052 -1.134472 -5.071618
-47.946825 49.908779 1.640709 -95.986930 -4.906245 -1.149439 -5.109933
-48.045958 50.029225 1.618597 -95.598615 -4.961119 -1.163509 -5.146653
-48.136683 50.145636 1.600564 -95.228698 -5.015842 -1.176680 -5.182431
-48.218945 50.257927 1.586768 -94.877691 -5.070561 -1.189043 -5.217715
-48.292818 50.366074 1.577456 -94.545873 -5.125415 -1.200710 -5.252876
-48.358393 50.470061 1.572861 -94.233469 -5.180542 -1.211781 -5.288259
-48.415687 50.569817 1.573119 -93.940792 -5.236088 -1.222326 -5.324226
-48.464425 50.665136 1.578046 -93.668501 -5.292224 -1.232322 -5.361240
-48.503017 50.755648 1.586156 -93.419323 -5.347822 -1.241076 -5.396918
-48.531157 50.841159 1.597204 -93.193903 -5.403054 -1.248541 -5.431696
-48.548819 50.921619 1.611233 -92.992510 -5.458071 -1.254738 -5.465871
-48.556047 50.997044 1.628342 -92.815257 -5.513016 -1.259700 -5.499685
-48.552897 51.067456 1.648610 -92.662200 -5.568032 -1.263449 -5.533346
-48.539400 51.132827 1.672033 -92.533404 -5.623269 -1.265975 -5.567054
-48.515512 51.192980 1.698409 -92.429019 -5.678891 -1.267199 -5.601021
-48.480911 51.247344 1.726926 -92.349833 -5.734126 -1.266853 -5.634106
-48.435531 51.295742 1.757317 -92.295960 -5.789141 -1.264826 -5.666481
-48.379369 51.338149 1.789455 -92.267376 -5.844090 -1.261050 -5.698263
-48.312453 51.374586 1.823225 -92.263961 -5.899122 -1.255455 -5.729526
-48.234853 51.405049 1.858478 -92.285484 -5.954389 -1.247948 -5.760298
-48.146821 51.429399 1.895046 -92.331487 -6.010046 -1.238408 -5.790516
-48.049588 51.446905 1.933092 -92.400461 -6.065559 -1.226958 -5.820461
-47.943387 51.457435 1.972404 -92.491911 -6.121084 -1.213451 -5.850029
-47.828253 51.461007 2.012737 -92.605517 -6.176775 -1.197742 -5.879165
-47.704179 51.457686 2.053847 -92.740980 -6.232786 -1.179688 -5.907806
-47.571172 51.447549 2.095475 -92.897930 -6.289270 -1.159131 -5.935858
-47.429357 51.430651 2.137369 -93.075802 -6.346380 -1.135901 -5.963154
-47.279332 51.406934 2.179502 -93.273484 -6.404258 -1.109852 -5.989329
-47.124174 51.375507 2.223118 -93.486816 -6.462608 -1.082613 -6.016549
-46.964456 51.336319 2.268159 -93.714697 -6.521575 -1.054019 -6.044428
-46.800260 51.289436 2.314318 -93.956564 -6.581320 -1.023862 -6.072758
-46.631536 51.234959 2.361259 -94.212019 -6.642007 -0.991932 -6.101373
-46.458226 51.173018 2.408662 -94.480669 -6.703799 -0.958019 -6.130098
-46.280362 51.103785 2.456276 -94.761975 -6.766858 -0.921924 -6.158706
-46.098406 51.027476 2.504158 -95.054904 -6.831325 -0.883513 -6.186798
-45.914971 50.943851 2.553459 -95.355651 -6.895529 -0.844944 -6.216573
-45.730495 50.853146 2.604216 -95.663199 -6.959616 -0.806072 -6.247627
-45.544986 50.755576 2.656156 -95.977015 -7.023751 -0.766682 -6.279714
-45.358365 50.651361 2.708973 -96.296689 -7.088103 -0.726553 -6.312630
-45.170612 50.540790 2.762444 -96.621740 -7.152834 -0.685488 -6.346141
-44.982051 50.424296 2.816692 -96.951312 -7.218083 -0.643376 -6.379884
-44.794678 50.302207 2.872746 -97.282507 -7.281694 -0.602161 -6.415047
-44.608794 50.174950 2.930717 -97.614551 -7.343803 -0.561731 -6.451288
-44.424348 50.042792 2.990386 -97.947123 -7.404567 -0.521889 -6.488414
-44.241201 49.905921 3.051468 -98.280064 -7.464148 -0.482422 -6.526284
-44.059217 49.764516 3.113685 -98.613250 -7.522706 -0.443118 -6.564766
-43.878342 49.618817 3.176848 -98.946459 -7.580389 -0.403791 -6.603700
-43.698833 49.469207 3.241058 -99.279140 -7.637326 -0.364333 -6.642814
-43.522290 49.316048 3.307115 -99.609201 -7.692287 -0.326523 -6.682593
-43.348963 49.159713 3.375107 -99.936137 -7.745395 -0.290253 -6.722779
-43.178804 49.000420 3.444853 -100.259809 -7.796787 -0.255346 -6.763242
-43.011689 48.838311 3.516110 -100.580217 -7.846601 -0.221609 -6.803893
-42.847493 48.673523 3.588649 -100.897389 -7.894972 -0.188858 -6.844653
-42.686146 48.506256 3.662317 -101.211285 -7.942026 -0.156932 -6.885424
-42.527780 48.336865 3.737183 -101.521638 -7.987870 -0.125738 -6.926035
-42.373310 48.165848 3.813719 -101.827209 -8.031913 -0.096620 -6.966894
-42.222872 47.993562 3.891997 -102.127744 -8.074255 -0.069489 -7.007838
-42.076416 47.820223 3.971896 -102.423223 -8.115004 -0.044208 -7.048782
-41.933855 47.645999 4.053269 -102.713698 -8.154270 -0.020637 -7.089667
-41.795133 47.471109 4.136034 -102.999201 -8.192152 0.001344 -7.130430
-41.660327 47.295925 4.220297 -103.279619 -8.228733 0.021791 -7.170959
-41.529985 47.121114 4.306658 -103.554248 -8.263875 0.040348 -7.211569
-41.404188 46.947027 4.395236 -103.823007 -8.297655 0.057063 -7.252162
-41.282887 46.773835 4.485982 -104.085987 -8.330158 0.072032 -7.292701
-41.165999 46.601625 4.578808 -104.343346 -8.361475 0.085363 -7.333171
-41.053445 46.430470 4.673636 -104.595247 -8.391690 0.097159 -7.373561
-40.945191 46.260496 4.770451 -104.841797 -8.420884 0.107501 -7.413849
-40.841331 46.091959 4.869401 -105.082952 -8.449120 0.116419 -7.453964
-40.742375 45.925340 4.971004 -105.318282 -8.476056 0.123631 -7.493592
-40.648426 45.760884 5.075420 -105.547740 -8.501752 0.129159 -7.532667
-40.559475 45.598695 5.182667 -105.771423 -8.526274 0.133067 -7.571172
-40.475477 45.438808 5.292728 -105.989478 -8.549693 0.135431 -7.609110
-40.396398 45.281241 5.405592 -106.202051 -8.572076 0.136322 -7.646483
-40.322241 45.126038 5.521289 -106.409233 -8.593485 0.135801 -7.683282
-40.253131 44.973325 5.639964 -106.610973 -8.613972 0.133892 -7.719455
-40.189574 44.823346 5.762083 -106.806856 -8.633327 0.130490 -7.754798
-40.131710 44.676231 5.887805 -106.996805 -8.651597 0.125614 -7.789257
-40.079578 44.532038 6.017191 -107.180850 -8.668833 0.119310 -7.822811
-40.033199 44.390801 6.150291 -107.359040 -8.685088 0.111629 -7.855453
-39.992628 44.252569 6.287182 -107.531380 -8.700411 0.102610 -7.887159
-39.958029 44.117451 6.428040 -107.697744 -8.714840 0.092269 -7.917871
-39.929943 43.985686 6.573544 -107.857598 -8.728386 0.081187 -7.947704
-39.908549 43.857381 6.723884 -108.010798 -8.741085 0.069375 -7.976599
-39.893929 43.732588 6.879174 -108.157315 -8.752977 0.056868 -8.004530
-39.886145 43.611329 7.039511 -108.297149 -8.764104 0.043707 -8.031489
-39.885265 43.493626 7.204996 -108.430283 -8.774505 0.029936 -8.057461
-39.891397 43.379512 7.375745 -108.556643 -8.784218 0.015597 -8.082421
-39.904739 43.269053 7.551923 -108.676028 -8.793279 0.000722 -8.106308
-39.925780 43.162393 7.734048 -108.787873 -8.801770 -0.014158 -8.129302
-39.954743 43.059613 7.922296 -108.891943 -8.809724 -0.029007 -8.151340
-39.991786 42.960774 8.116812 -108.988095 -8.817176 -0.043777 -8.172388
-40.037052 42.865933 8.317737 -109.076206 -8.824159 -0.058413 -8.192423
-40.090697 42.775141 8.525205 -109.156140 -8.830709 -0.072856 -8.211420
-40.152900 42.688450 8.739335 -109.227711 -8.836863 -0.087033 -8.229349
-40.223878 42.605905 8.960204 -109.290650 -8.842658 -0.100853 -8.246166
-40.303891 42.527552 9.187849 -109.344457 -8.847683 -0.114076 -8.262312
-40.393189 42.453454 9.422353 -109.388816 -8.851975 -0.126602 -8.277741
-40.492013 42.383690 9.663837 -109.423451 -8.855569 -0.138334 -8.292415
-40.600606 42.318338 9.912428 -109.448087 -8.858500 -0.149169 -8.306304
-40.719209 42.257455 10.168206 -109.462435 -8.860807 -0.158985 -8.319381
-40.848008 42.201042 10.431117 -109.466203 -8.862537 -0.167610 -8.331639
-40.986859 42.149023 10.700519 -109.459240 -8.863158 -0.175291 -8.343266
-41.135976 42.101418 10.976389 -109.441230 -8.862714 -0.181850 -8.354260
-41.295658 42.058317 11.258867 -109.411838 -8.861236 -0.187153 -8.364605
-41.466230 42.019840 11.548162 -109.370731 -8.858748 -0.191077 -8.374284
-41.648028 41.986107 11.844482 -109.317570 -8.855274 -0.193490 -8.383287
-41.841352 41.957190 12.147956 -109.252026 -8.850842 -0.194227 -8.391620
-42.046338 41.933068 12.458465 -109.173859 -8.845500 -0.193044 -8.399346
-42.262344 41.913601 12.774732 -109.083480 -8.839029 -0.190655 -8.406139
-42.489532 41.898786 13.096672 -108.980627 -8.831470 -0.186809 -8.412068
-42.728264 41.888721 13.424482 -108.864924 -8.822842 -0.181327 -8.417153
-42.978964 41.883557 13.758465 -108.735973 -8.813155 -0.174056 -8.421402
-43.242061 41.883437 14.098934 -108.593385 -8.802418 -0.164832 -8.424837
-43.517910 41.888437 14.446092 -108.436818 -8.790647 -0.153453 -8.427507
-43.806567 41.898500 14.799778 -108.266150 -8.777885 -0.139602 -8.429564
-44.106783 41.913392 15.158002 -108.082407 -8.764019 -0.124732 -8.430501
-44.418630 41.933059 15.520633 -107.885458 -8.749086 -0.108519 -8.430484
-44.742503 41.957562 15.887921 -107.674947 -8.733094 -0.090737 -8.429583
-45.078870 41.986994 16.260224 -107.450484 -8.716043 -0.071185 -8.427861
-45.428113 42.021388 16.637799 -107.211753 -8.697938 -0.049622 -8.425416
-45.790199 42.060619 17.020460 -106.958760 -8.678822 -0.025676 -8.422487
-46.163359 42.104365 17.405786 -106.693163 -8.658910 -0.000849 -8.418156
-46.547576 42.152523 17.793638 -106.414954 -8.638237 0.025230 -8.412671
-46.943299 42.205158 18.184395 -106.123788 -8.616794 0.052794 -8.406140
-47.351115 42.262411 18.578616 -105.819223 -8.594558 0.082027 -8.398643
-47.771623 42.324412 18.976883 -105.500826 -8.571504 0.113114 -8.390264
-48.205283 42.391178 19.379614 -105.168282 -8.547623 0.146301 -8.381143
-48.652010 42.462510 19.786648 -104.821699 -8.522948 0.182006 -8.371596
-49.109579 42.537931 20.195152 -104.463314 -8.497881 0.218704 -8.360263
-49.577910 42.617259 20.604989 -104.093222 -8.472452 0.256821 -8.347467
-50.057502 42.700524 21.016659 -103.711080 -8.446642 0.296603 -8.333359
-50.549037 42.787860 21.430892 -103.316413 -8.420413 0.338238 -8.318042
-51.053210 42.879398 21.848460 -102.908750 -8.393722 0.381904 -8.301624
-51.570565 42.975169 22.269976 -102.487757 -8.366542 0.427840 -8.284271
-52.101040 43.074992 22.695440 -102.053587 -8.338898 0.476469 -8.266349
-52.642194 43.178393 23.121833 -101.608861 -8.310955 0.525939 -8.245967
-53.193948 43.285202 23.549159 -101.153734 -8.282735 0.576687 -8.223497
-53.756841 43.395442 23.978086 -100.687878 -8.254206 0.628963 -8.199120
-54.331554 43.509200 24.409467 -100.210859 -8.225324 0.682969 -8.172979
-54.918618 43.626506 24.844032 -99.722365 -8.196052 0.738950 -8.145267
-55.517851 43.747222 25.281817 -99.222655 -8.166414 0.797361 -8.116413
-56.126199 43.870993 25.719269 -98.714759 -8.136100 0.856031 -8.085042
-56.743468 43.997723 26.156419 -98.198899 -8.105130 0.915425 -8.051575
-57.370226 44.127500 26.594090 -97.674669 -8.073458 0.975783 -8.016182
-58.007265 44.260490 27.033377 -97.141470 -8.041015 1.037268 -7.978964
-58.655377 44.396850 27.475409 -96.598692 -8.007729 1.100037 -7.940021
-59.315112 44.536634 27.921099 -96.045926 -7.973547 1.164326 -7.899530
-59.986098 44.679711 28.370457 -95.483485 -7.938489 1.230641 -7.857973
-60.664331 44.825797 28.819144 -94.915296 -7.902611 1.297207 -7.813221
-61.349402 44.974798 29.267123 -94.341666 -7.865932 1.364555 -7.765748
-62.041850 45.126791 29.715340 -93.762140 -7.828390 1.432931 -7.715716
-62.742484 45.281921 30.165064 -93.176044 -7.789894 1.502485 -7.663203
-63.452115 45.440311 30.617615 -92.582704 -7.750348 1.573360 -7.608285
-64.171274 45.601979 31.074052 -91.981682 -7.709680 1.645790 -7.551128
-64.899398 45.766739 31.534335 -91.373397 -7.667907 1.720351 -7.492250
-65.631578 45.934188 31.993066 -90.762214 -7.625152 1.795036 -7.430358
-66.367192 46.104189 32.450096 -90.148576 -7.581434 1.870462 -7.365967
-67.106714 46.276781 32.906451 -89.532073 -7.536674 1.946893 -7.299240
-67.850860 46.452045 33.363455 -88.912110 -7.490765 2.024504 -7.230263
-68.600123 46.629984 33.822217 -88.288263 -7.443618 2.103543 -7.159188
-69.353847 46.810409 34.282620 -87.660971 -7.395246 2.184655 -7.086533
-70.106577 46.992749 34.738239 -87.034708 -7.345792 2.265325 -7.011428
-70.857608 47.176887 35.188802 -86.409893 -7.295269 2.346245 -6.934373
-71.607440 47.362902 35.635378 -85.786031 -7.243579 2.427682 -6.855481
-72.356895 47.550928 36.079428 -85.162382 -7.190584 2.509775 -6.774765
-73.106809 47.741085 36.522474 -84.538212 -7.136140 2.592645 -6.692231
-73.857734 47.933430 36.965772 -83.913046 -7.080122 2.676506 -6.607981
-74.609035 48.127891 37.409301 -83.287345 -7.022510 2.761988 -6.522502
-75.355032 48.324020 37.846105 -82.665530 -6.964252 2.846118 -6.435886
-76.095033 48.521825 38.275976 -82.048082 -6.905334 2.929583 -6.348615
-76.829554 48.721425 38.700064 -81.434545 -6.845624 3.012619 -6.260778
-77.559416 48.922949 39.119875 -80.824213 -6.784958 3.095339 -6.172362
-78.285449 49.126500 39.536965 -80.216376 -6.723164 3.177839 -6.083347
-79.008238 49.332142 39.952657 -79.610563 -6.660087 3.260290 -5.993800
-79.727296 49.539862 40.367091 -79.007155 -6.595671 3.343268 -5.904137
-80.437270 49.749225 40.773390 -78.410245 -6.530612 3.424135 -5.814334
-81.137615 49.960298 41.171507 -77.820260 -6.464858 3.503517 -5.724809
-81.828855 50.173210 41.562645 -77.236805 -6.398251 3.581601 -5.635637
-82.511722 50.388079 41.948266 -76.659321 -6.330602 3.658477 -5.546822
-83.186790 50.605018 42.329693 -76.087405 -6.261734 3.734273 -5.458424
-83.853716 50.824139 42.707227 -75.521407 -6.191554 3.809475 -5.370806
-84.507698 51.045291 43.074742 -74.965053 -6.121293 3.882377 -5.284053
-85.148350 51.268657 43.432360 -74.418701 -6.050864 3.953506 -5.198523
-85.776218 51.494393 43.781266 -73.881942 -5.980085 4.022999 -5.114263
-86.392039 51.722599 44.122848 -73.354169 -5.908756 4.090908 -5.031240
-86.996546 51.953350 44.458506 -72.834773 -5.836672 4.157271 -4.949417
-87.590308 52.186726 44.789491 -72.323327 -5.763638 4.222170 -4.868819
-88.173138 52.422849 45.116203 -71.820059 -5.689531 4.285996 -4.789729
-88.740922 52.661610 45.433224 -71.328220 -5.616460 4.347592 -4.711810
-89.293426 52.903193 45.740808 -70.848071 -5.544309 4.407382 -4.635349
-89.831160 53.147720 46.040066 -70.379249 -5.472887 4.465453 -4.560376
-90.354762 53.395250 46.332247 -69.921230 -5.401990 4.521829 -4.486859
-90.864862 53.645820 46.618599 -69.473493 -5.331418 4.576526 -4.414761
-91.361971 53.899479 46.900262 -69.035661 -5.260974 4.629585 -4.344094
-91.846045 54.156332 47.177750 -68.607850 -5.190521 4.681285 -4.275056
-92.313891 54.416292 47.446805 -68.192550 -5.121856 4.731028 -4.207295
-92.765419 54.679511 47.707831 -67.789928 -5.054852 4.779115 -4.141016
-93.201062 54.946070 47.961851 -67.399702 -4.989324 4.825588 -4.076241
-93.621323 55.216005 48.209958 -67.021502 -4.925088 4.870453 -4.012954
-94.026638 55.489349 48.453176 -66.655028 -4.861963 4.913731 -3.951158
-94.417055 55.766172 48.692059 -66.300313 -4.799817 4.955622 -3.890984
-94.790162 56.046311 48.923293 -65.959099 -4.739867 4.995816 -3.832150
-95.145963 56.329872 49.147338 -65.631447 -4.681992 5.034532 -3.774785
-95.484825 56.616915 49.365094 -65.317111 -4.626033 5.071795 -3.718890
-95.807156 56.907466 49.577497 -65.015778 -4.571833 5.107601 -3.664434
-96.113351 57.201541 49.785461 -64.727145 -4.519236 5.141947 -3.611384
-96.403750 57.499158 49.989839 -64.450974 -4.468098 5.174842 -3.559726
-96.678426 57.800341 50.191143 -64.187249 -4.418307 5.206431 -3.509525
-96.935565 58.104827 50.386772 -63.937097 -4.370694 5.236558 -3.460564
-97.175196 58.412671 50.577168 -63.700547 -4.325161 5.265380 -3.412913
-97.397582 58.723920 50.763081 -63.477458 -4.281583 5.292911 -3.366561
-97.603003 59.038608 50.945275 -63.267669 -4.239836 5.319145 -3.321483
-97.791729 59.356765 51.124492 -63.071038 -4.199802 5.344080 -3.277653
-97.963992 59.678409 51.301422 -62.887457 -4.161372 5.367723 -3.235050
-98.119865 60.003528 51.476510 -62.716932 -4.124464 5.390184 -3.193694
-98.258009 60.331741 51.647710 -62.560130 -4.089488 5.411371 -3.153384
-98.378455 60.663057 51.815407 -62.417104 -4.056375 5.431402 -3.114142
-98.481372 60.997517 51.980196 -62.287850 -4.025036 5.450294 -3.075950
-98.566931 61.335163 52.142668 -62.172366 -3.995384 5.468053 -3.038785
-98.635294 61.676013 52.303367 -62.070653 -3.967340 5.484696 -3.002617
-98.686551 62.019990 52.462656 -61.982682 -3.940853 5.500316 -2.967405
-98.719892 62.366463 52.619002 -61.908476 -3.916161 5.514702 -2.933177
-98.735370 62.715375 52.772719 -61.848054 -3.893225 5.527952 -2.899891
-98.733086 63.066784 52.924257 -61.801512 -3.871984 5.540092 -2.867518
-98.713123 63.420777 53.074067 -61.768992 -3.852383 5.551140 -2.836031
-98.675557 63.777442 53.222567 -61.750644 -3.834370 5.561118 -2.805401
-98.620474 64.136816 53.370123 -61.746582 -3.817904 5.570062 -2.775579
-98.547979 64.498753 53.516967 -61.756755 -3.802966 5.578063 -2.746456
-98.457824 64.862282 53.662048 -61.780493 -3.789615 5.584769 -2.718229
-98.350090 65.227270 53.805555 -61.817793 -3.777841 5.590277 -2.690786
-98.224816 65.593783 53.947760 -61.868867 -3.767623 5.594633 -2.664076
-98.082010 65.961946 54.088927 -61.933999 -3.758938 5.597877 -2.638062
-97.921679 66.331879 54.229286 -62.013476 -3.751772 5.600059 -2.612704
-97.743855 66.703622 54.369005 -62.107494 -3.746119 5.601243 -2.587921
-97.548685 67.076919 54.508154 -62.215924 -3.741997 5.601529 -2.563519
-97.336679 67.450322 54.646305 -62.337210 -3.739308 5.600334 -2.539867
-97.107978 67.823577 54.783485 -62.471258 -3.738079 5.597759 -2.516761
-96.862599 68.196722 54.919748 -62.618311 -3.738327 5.593889 -2.494105
-96.600529 68.569855 55.055125 -62.778680 -3.740069 5.588805 -2.471817
-96.321786 68.942980 55.189587 -62.952559 -3.743333 5.582605 -2.449774
-96.026581 69.315689 55.323044 -63.139663 -3.748169 5.575404 -2.427678
-95.716367 69.685952 55.455903 -63.337359 -3.754431 5.566366 -2.406274
-95.391359 70.053371 55.588051 -63.545422 -3.762174 5.555600 -2.385262
-95.051550 70.417974 55.719373 -63.764141 -3.771447 5.543208 -2.364514
-94.696880 70.779907 55.849756 -63.993945 -3.782292 5.529283 -2.343942
-94.327281 71.139308 55.979045 -64.235247 -3.794761 5.513925 -2.323447
-93.942740 71.496161 56.107002 -64.488259 -3.808917 5.497259 -2.302865
-93.543506 71.849893 56.233314 -64.752549 -3.824852 5.479425 -2.281803
-93.131943 72.197755 56.359039 -65.024333 -3.842270 5.459366 -2.261679
-92.708332 72.539173 56.483842 -65.303239 -3.861270 5.437212 -2.242101
-92.272663 72.874130 56.607388 -65.589543 -3.881937 5.413092 -2.222897
-91.824863 73.202761 56.729354 -65.883707 -3.904351 5.387118 -2.203950
-91.364853 73.525195 56.849382 -66.186177 -3.928597 5.359405 -2.185137
-90.892607 73.841400 56.967019 -66.497194 -3.954777 5.330097 -2.166271
-90.408364 74.150754 57.081712 -66.816333 -3.983018 5.299358 -2.146935
-89.914883 74.450295 57.194711 -67.139602 -4.012620 5.266219 -2.128662
-89.412447 74.739393 57.305431 -67.466617 -4.043720 5.230834 -2.111035
-88.901057 75.017991 57.413303 -67.797634 -4.076439 5.193352 -2.093855
-88.380661 75.286151 57.517763 -68.133053 -4.110897 5.153903 -2.076971
-87.851228 75.543841 57.618185 -68.473160 -4.147223 5.112632 -2.060197
-87.312951 75.790537 57.713868 -68.817715 -4.185563 5.069695 -2.043168
-86.768836 76.023823 57.806629 -69.163577 -4.225900 5.024554 -2.026442
-86.219096 76.243193 57.895754 -69.510579 -4.268390 4.977349 -2.009665
-85.663682 76.448637 57.980553 -69.859107 -4.313179 4.928207 -1.992669
-85.102474 76.640277 58.060365 -70.209709 -4.360413 4.877231 -1.975338
-84.535340 76.818238 58.134510 -70.562930 -4.410240 4.824520 -1.957551
-83.962171 76.982533 58.202230 -70.919179 -4.462824 4.770191 -1.939150
-83.383057 77.132777 58.262705 -71.278414 -4.518338 4.714362 -1.919825
-82.801282 77.267170 58.318441 -71.637964 -4.576554 4.656966 -1.900631
-82.216954 77.385339 58.368584 -71.997811 -4.637661 4.598114 -1.881260
-81.629944 77.487294 58.412286 -72.358358 -4.701850 4.537913 -1.861543
-81.040065 77.573146 58.448725 -72.720117 -4.769313 4.476448 -1.841347
-80.447112 77.643004 58.477059 -73.083584 -4.840249 4.413801 -1.820532
-79.850895 77.696888 58.496377 -73.449117 -4.914873 4.350070 -1.798923
-79.251394 77.734522 58.505731 -73.816708 -4.993403 4.285339 -1.776223
-78.652057 77.754676 58.508097 -74.184172 -5.075748 4.219918 -1.753040
-78.052868 77.757078 58.502475 -74.551482 -5.162149 4.153891 -1.729067
-77.453609 77.741728 58.487844 -74.918916 -5.252860 4.087352 -1.704101
-76.854015 77.708678 58.463195 -75.286812 -5.348140 4.020383 -1.677952
-76.253818 77.657933 58.427482 -75.655427 -5.448260 3.953069 -1.650411
-75.652894 77.589304 58.379681 -76.024750 -5.553495 3.885457 -1.621178
-75.054868 77.502023 58.323169 -76.392575 -5.664477 3.817475 -1.591973
-74.459592 77.395913 58.256885 -76.758892 -5.781507 3.749166 -1.562492
-73.866717 77.270975 58.179719 -77.123943 -5.904911 3.680600 -1.532516
-73.275845 77.127257 58.090584 -77.488043 -6.035023 3.611829 -1.501845
-72.686547 76.964804 57.988383 -77.851501 -6.172195 3.542898 -1.470278
-72.098396 76.783633 57.871994 -78.214550 -6.316794 3.473849 -1.437595
-71.511136 76.583728 57.740423 -78.577258 -6.469180 3.404630 -1.403521
-70.928838 76.365109 57.597976 -78.937822 -6.627420 3.334867 -1.369497
-70.351212 76.127762 57.443596 -79.296278 -6.791911 3.264511 -1.335239
-69.777760 75.871678 57.276064 -79.652795 -6.963088 3.193592 -1.300507
-69.207945 75.596848 57.094160 -80.007579 -7.141400 3.122134 -1.265075
-68.641210 75.303260 56.896650 -80.360829 -7.327314 3.050149 -1.228713
-68.077004 74.990921 56.682302 -80.712712 -7.521310 2.977629 -1.191185
-67.515060 74.659984 56.450235 -81.063332 -7.723835 2.904368 -1.152216
-66.961543 74.311310 56.208371 -81.410574 -7.931466 2.832440 -1.113924
-66.416136 73.945074 55.955743 -81.754488 -8.144691 2.761655 -1.076020
-65.878220 73.561281 55.691031 -82.095159 -8.364056 2.691997 -1.038248
-65.347141 73.159908 55.412901 -82.432690 -8.590126 2.623458 -1.000361
-64.822260 72.740987 55.120086 -82.767213 -8.823470 2.555984 -0.962120
-64.303370 72.304861 54.811964 -83.098887 -9.064599 2.489204 -0.923250
-63.798177 71.852955 54.498593 -83.425284 -9.306853 2.424790 -0.885831
-63.306398 71.385659 54.179266 -83.746482 -9.550770 2.362404 -0.849571
-62.827318 70.903045 53.852681 -84.062527 -9.796966 2.301997 -0.814222
-62.360184 70.405105 53.517485 -84.373440 -10.046063 2.243548 -0.779535
-61.904236 69.891871 53.172369 -84.679260 -10.298691 2.187018 -0.745272
-61.458774 69.363596 52.816220 -84.980118 -10.555466 2.132273 -0.711214
-61.023802 68.821260 52.449099 -85.276304 -10.816901 2.078645 -0.677098
-60.608636 68.268046 52.084024 -85.565489 -11.075605 2.027749 -0.644695
-60.213175 67.705043 51.720935 -85.847805 -11.332106 1.978982 -0.613713
-59.836676 67.132653 51.358708 -86.123201 -11.587033 1.932231 -0.583908
-59.478361 66.551088 50.996075 -86.391542 -11.841024 1.887459 -0.555029
-59.137471 65.960600 50.631822 -86.652709 -12.094711 1.844614 -0.526837
-58.813372 65.361746 50.265042 -86.906716 -12.348701 1.803513 -0.499111
-58.506306 64.756037 49.896315 -87.153780 -12.603475 1.763341 -0.471559
-58.224859 64.147645 49.538241 -87.392019 -12.850453 1.726118 -0.444830
-57.969178 63.538213 49.191293 -87.621493 -13.090110 1.691104 -0.418603
-57.738645 62.928519 48.854627 -87.842062 -13.323020 1.658142 -0.392644
-57.532597 62.319124 48.527224 -88.053503 -13.549755 1.627164 -0.366714
-57.350471 61.710736 48.208266 -88.255669 -13.770861 1.598037 -0.340589
-57.192223 61.104757 47.897903 -88.448609 -13.986793 1.570243 -0.314013
-57.061441 60.504637 47.602309 -88.631975 -14.191251 1.545871 -0.286870
-56.958088 59.911772 47.321630 -88.805746 -14.384657 1.524453 -0.258897
-56.881712 59.326834 47.055157 -88.969702 -14.567477 1.505894 -0.229864
-56.831834 58.750234 46.802015 -89.123534 -14.740164 1.490198 -0.199540
-56.807999 58.182331 46.561350 -89.266927 -14.903148 1.477380 -0.167695
-56.809797 57.623599 46.332467 -89.399639 -15.056827 1.467415 -0.134111
-56.836911 57.074926 46.115063 -89.521634 -15.201549 1.460131 -0.098606
-56.889274 56.538431 45.910285 -89.633183 -15.332884 1.456567 -0.062538
-56.966625 56.014964 45.717947 -89.734241 -15.451124 1.456558 -0.025723
-57.068666 55.504924 45.537581 -89.824557 -15.556557 1.460089 0.012055
-57.195099 55.008535 45.368660 -89.903811 -15.649442 1.467195 0.051018
-57.345632 54.525966 45.210685 -89.971671 -15.730012 1.477927 0.091385
-57.519928 54.057418 45.063206 -90.027860 -15.798467 1.492337 0.133357
-57.717391 53.603268 44.925704 -90.072338 -15.854986 1.510504 0.177036
-57.935788 53.164465 44.796086 -90.106026 -15.899540 1.531209 0.221471
-58.174582 52.741340 44.673996 -90.128898 -15.932246 1.554514 0.266765
-58.433495 52.334014 44.559252 -90.140693 -15.953182 1.580461 0.313112
-58.712279 51.942517 44.451700 -90.141104 -15.962400 1.609100 0.360719
-59.010587 51.566845 44.351144 -90.129870 -15.959928 1.640514 0.409762
-59.327571 51.207013 44.256982 -90.107035 -15.945789 1.674921 0.460267
-59.659809 50.863257 44.165722 -90.073925 -15.922665 1.710749 0.510785
-60.006519 50.535539 44.076911 -90.030617 -15.890525 1.748194 0.561337
-60.367413 50.223748 43.990570 -89.976890 -15.849292 1.787316 0.612084
-60.742307 49.927735 43.906840 -89.912474 -15.798860 1.828146 0.663212
-61.131001 49.647333 43.825895 -89.837123 -15.739100 1.870714 0.714894
-61.533145 49.382367 43.747837 -89.750717 -15.669867 1.915079 0.767251
-61.947747 49.132697 43.672227 -89.653594 -15.591019 1.961461 0.820196
-62.370829 48.898430 43.595242 -89.547911 -15.505982 2.008213 0.872531
-62.801450 48.679399 43.516549 -89.434051 -15.414571 2.055532 0.924157
-63.239295 48.475368 43.436408 -89.311960 -15.316561 2.103448 0.975172
-63.684186 48.286073 43.355213 -89.181475 -15.211701 2.151951 1.025709
-64.135931 48.111230 43.273372 -89.042435 -15.099726 2.201029 1.075894
-64.594165 47.950540 43.191171 -88.894817 -14.980358 2.250712 1.125795
-65.057814 47.803708 43.108245 -88.739103 -14.853334 2.301223 1.175248
-65.522757 47.670624 43.020770 -88.577856 -14.722897 2.351485 1.223410
-65.987949 47.550985 42.928432 -88.411613 -14.588754 2.401705 1.270104
-66.453027 47.444473 42.831593 -88.240427 -14.450572 2.451884 1.315361
-66.917756 47.350764 42.730750 -88.064255 -14.308000 2.501980 1.359250
-67.381786 47.269542 42.626326 -87.883149 -14.160681 2.551971 1.401794
-67.844192 47.200530 42.518220 -87.697613 -14.008270 2.601986 1.442824
-68.301606 47.143700 42.403576 -87.510269 -13.856127 2.651274 1.482792
-68.753132 47.098775 42.282289 -87.321649 -13.703896 2.699957 1.521520
-69.198457 47.065433 42.154769 -87.131820 -13.551193 2.747998 1.559012
-69.637408 47.043334 42.021533 -86.940724 -13.397632 2.795323 1.595314
-70.069814 47.032138 41.883096 -86.748304 -13.242819 2.841849 1.630467
-70.495379 47.031523 41.739877 -86.554638 -13.086364 2.887519 1.664462
-70.913297 47.041235 41.591850 -86.360262 -12.927891 2.932397 1.697112
-71.320755 47.061322 41.436914 -86.167752 -12.771980 2.976614 1.729118
-71.716957 47.091539 41.275010 -85.977692 -12.618256 3.020230 1.760284
-72.101602 47.131578 41.106498 -85.790227 -12.466331 3.063179 1.790575
-72.474509 47.181104 40.931819 -85.605377 -12.315817 3.105361 1.820000
-72.835505 47.239788 40.751412 -85.423164 -12.166328 3.146671 1.848567
-73.184331 47.307327 40.565669 -85.243722 -12.017484 3.187008 1.876248
-73.520406 47.383510 40.374749 -85.067538 -11.868914 3.226331 1.902892
-73.841937 47.468464 40.177798 -84.896618 -11.723888 3.265178 1.929207
-74.148329 47.561992 39.974934 -84.731503 -11.582047 3.303504 1.955033
-74.439284 47.663808 39.766475 -84.572412 -11.443027 3.341207 1.980323
-74.714574 47.773600 39.552754 -84.419481 -11.306472 3.378170 2.005060
-74.973941 47.891056 39.334070 -84.272875 -11.172032 3.414286 2.029214
-75.216975 48.015900 39.110598 -84.132938 -11.039368 3.449473 2.052702
-75.442718 48.148022 38.882232 -84.000828 -10.910729 3.484599 2.075994
-75.650744 48.287159 38.649083 -83.876907 -10.785792 3.519594 2.099007
-75.840778 48.433013 38.411324 -83.761359 -10.664237 3.554364 2.121715
-76.012582 48.585274 38.169109 -83.654310 -10.545753 3.588817 2.144113
-76.165920 48.743627 37.922564 -83.555876 -10.430037 3.622865 2.166201
-76.300544 48.907754 37.671794 -83.466203 -10.316794 3.656421 2.187974
-76.416171 49.077325 37.416877 -83.385497 -10.205737 3.689404 2.209419
-76.512488 49.252002 37.158084 -83.314198 -10.098443 3.722581 2.230865
-76.589187 49.431466 36.895435 -83.252552 -9.994642 3.755880 2.252297
-76.645977 49.615414 36.628918 -83.200771 -9.894068 3.789231 2.273711
-76.682568 49.803548 36.358487 -83.159057 -9.796463 3.822570 2.295109
-76.698673 49.995567 36.084073 -83.127613 -9.701580 3.855836 2.316494
-76.694030 50.191164 35.805621 -83.106635 -9.609174 3.888961 2.337884
-76.668514 50.390002 35.523219 -83.096242 -9.519007 3.921826 2.359341
-76.622709 50.591700 35.238061 -83.096033 -9.431865 3.955383 2.380769
-76.556466 50.795922 34.950179 -83.106163 -9.347521 3.989524 2.402232
-76.469483 51.002349 34.659401 -83.126894 -9.265761 4.024203 2.423750
-76.361434 51.210660 34.365494 -83.158498 -9.186375 4.059389 2.445345
-76.232054 51.420496 34.068240 -83.201189 -9.109162 4.095048 2.467063
-76.081387 51.631405 33.767685 -83.254907 -9.033922 4.131062 2.489062
-75.910978 51.842656 33.465702 -83.318237 -8.961222 4.168288 2.511145
-75.720861 52.053800 33.162282 -83.391154 -8.890872 4.206621 2.533475
-75.510738 52.264484 32.857087 -83.473940 -8.822695 4.246056 2.556105
-75.280231 52.474387 32.549688 -83.566954 -8.756517 4.286615 2.579063
-75.028960 52.683183 32.239631 -83.670557 -8.692172 4.328328 2.602385
-74.756655 52.890508 31.926525 -83.785012 -8.629497 4.371205 2.626145
-74.463540 53.095893 31.610423 -83.910166 -8.568326 4.415113 2.650584
-74.152196 53.298520 31.294020 -84.043666 -8.508968 4.460325 2.675216
-73.822853 53.497919 30.977324 -84.185404 -8.451263 4.506721 2.700287
-73.475224 53.693715 30.659837 -84.335723 -8.395067 4.554340 2.725875
-73.108901 53.885564 30.340941 -84.495091 -8.340237 4.603263 2.752024
-72.723480 54.073115 30.019997 -84.663976 -8.286637 4.653575 2.778783
-72.318698 54.255976 29.696454 -84.842731 -8.234130 4.705333 2.806245
-71.894944 54.433660 29.370354 -85.031176 -8.182578 4.758402 2.834708
-71.455759 54.605314 29.045163 -85.226247 -8.131997 4.812761 2.863480
-71.001559 54.770443 28.720879 -85.427802 -8.082253 4.868290 2.892865
-70.532103 54.928627 28.396852 -85.636253 -8.033219 4.925075 2.922967
-70.047033 55.079458 28.072316 -85.852119 -7.984774 4.983246 2.953857
-69.546122 55.222517 27.746607 -86.075821 -7.936794 5.042896 2.985647
-69.029889 55.357333 27.419769 -86.307202 -7.889152 5.103887 3.018666
-68.502546 55.483087 27.095603 -86.542648 -7.842181 5.165064 3.051608
-67.964631 55.599322 26.774120 -86.782050 -7.795755 5.226297 3.084804
-67.415917 55.705625 26.454581 -87.025914 -7.749755 5.287705 3.118364
-66.856004 55.801592 26.136092 -87.274884 -7.704066 5.349456 3.152354
-66.284498 55.886813 25.817754 -87.529602 -7.658573 5.411722 3.186840
-65.701194 55.960872 25.498820 -87.790553 -7.613162 5.474621 3.221947
-65.106762 56.023341 25.179381 -88.057555 -7.567712 5.537993 3.258040
-64.506312 56.073482 24.864183 -88.326372 -7.522590 5.601214 3.293575
-63.900540 56.110893 24.553270 -88.596848 -7.477678 5.664135 3.328923
-63.289261 56.135172 24.245828 -88.869506 -7.432862 5.726891 3.364210
-62.672103 56.145917 23.940877 -89.145015 -7.388027 5.789675 3.399511
-62.048696 56.142746 23.637453 -89.424046 -7.343061 5.852676 3.434904
-61.418874 56.125342 23.334804 -89.707123 -7.297846 5.916004 3.470514
-60.783383 56.093555 23.033149 -89.994126 -7.252259 5.979439 3.506701
-60.147620 56.047279 22.737620 -90.280747 -7.206189 6.041738 3.541602
-59.512341 55.986413 22.448373 -90.566857 -7.159510 6.102696 3.575584
-58.877409 55.910703 22.164608 -90.852945 -7.112103 6.162434 3.608784
-58.242537 55.819870 21.885375 -91.139594 -7.063844 6.221123 3.641299
-57.607594 55.713733 21.609929 -91.427275 -7.014608 6.278863 3.673263
-56.973304 55.592398 21.338513 -91.715874 -6.964264 6.335409 3.705017
-56.344812 55.456394 21.076478 -92.001545 -6.914291 6.390757 3.735249
-55.722813 55.305875 20.824001 -92.284171 -6.864556 6.444687 3.764302
-55.107148 55.140716 20.580290 -92.564202 -6.814930 6.497311 3.792302
-54.497482 54.960685 20.344348 -92.842202 -6.765286 6.548821 3.819334
-53.893482 54.765553 20.115191 -93.118724 -6.715498 6.599407 3.845479
-53.294984 54.555209 19.892051 -93.394205 -6.665435 6.649181 3.870854
-52.702523 54.329842 19.674977 -93.668596 -6.614969 6.697977 3.895737
-52.120063 54.090092 19.467856 -93.938999 -6.565313 6.745472 3.919415
-51.548115 53.836193 19.270672 -94.205335 -6.516341 6.791522 3.942172
-50.986520 53.568092 19.082627 -94.467967 -6.467925 6.836255 3.964126
-50.434977 53.285638 18.902754 -94.727334 -6.419944 6.879864 3.985366
-49.893203 52.988704 18.730111 -94.983856 -6.372273 6.922535 4.005978
-49.361059 52.677330 18.563973 -95.237841 -6.324789 6.964376 4.026082
-48.838987 52.351947 18.404349 -95.489195 -6.277370 7.005239 4.045927
-48.330038 52.013648 18.254117 -95.735614 -6.231329 7.044079 4.064944
-47.834634 51.662926 18.113226 -95.976951 -6.186547 7.080766 4.083391
-47.352666 51.299945 17.980948 -96.213403 -6.142909 7.115410 4.101401
-46.883939 50.924793 17.856438 -96.445220 -6.100302 7.148162 4.119083
-46.428349 50.537701 17.739015 -96.672592 -6.058614 7.179114 4.136563
-45.986214 50.139334 17.628626 -96.895430 -6.017737 7.208136 4.154056
-45.559662 49.731229 17.527548 -97.112239 -5.978739 7.234913 4.171491
-45.148986 49.314061 17.435678 -97.322905 -5.941518 7.259333 4.189090
-44.754081 48.888088 17.352323 -97.527566 -5.905977 7.281493 4.206979
-44.374753 48.453418 17.276638 -97.726415 -5.872022 7.301549 4.225264
-44.010819 48.010191 17.207812 -97.919643 -5.839567 7.319644 4.244049
-43.662192 47.558769 17.145251 -98.107388 -5.808523 7.335841 4.263454
-43.329086 47.100046 17.088946 -98.289606 -5.778801 7.349993 4.283658
-43.012850 46.636045 17.040867 -98.465367 -5.750776 7.362454 4.304378
-42.713698 46.167674 17.000978 -98.634596 -5.724366 7.373086 4.325806
-42.431574 45.695342 16.968702 -98.797367 -5.699500 7.381951 4.348073
-42.166360 45.219268 16.943299 -98.953789 -5.676110 7.389170 4.371294
-41.917946 44.739673 16.924039 -99.103966 -5.654135 7.394866 4.395585
-41.686285 44.256975 16.910360 -99.247978 -5.633510 7.399097 4.421070
-41.471499 43.772070 16.902134 -99.385820 -5.614174 7.401764 4.447901
-41.274220 43.286909 16.900552 -99.516936 -5.596529 7.403150 4.475098
-41.094587 42.802414 16.905502 -99.641295 -5.580519 7.403156 4.502824
-40.932601 42.319077 16.916491 -99.758933 -5.566098 7.401823 4.531210
-40.788228 41.837261 16.932932 -99.869907 -5.553222 7.399232 4.560381
-40.661437 41.357422 16.954318 -99.974288 -5.541850 7.395436 4.590452
-40.552213 40.880378 16.980406 -100.072192 -5.531939 7.390392 4.621528
-40.460460 40.407858 17.011626 -100.163678 -5.524625 7.384301 4.652445
-40.386182 39.940637 17.047771 -100.248846 -5.519876 7.377118 4.683312
-40.329376 39.479086 17.088397 -100.327753 -5.517671 7.368891 4.714243
-40.290033 39.023403 17.132975 -100.400441 -5.517999 7.359708 4.745350
-40.268128 38.573760 17.180982 -100.466951 -5.520854 7.349655 4.776740
-40.263616 38.130429 17.231972 -100.527354 -5.526236 7.338798 4.808512
-40.276352 37.693968 17.285633 -100.581831 -5.534143 7.327146 4.840730
-40.305723 37.265637 17.341805 -100.630912 -5.545488 7.314749 4.872595
-40.351602 36.845970 17.400242 -100.674753 -5.560286 7.301604 4.904176
-40.413957 36.435202 17.460607 -100.713380 -5.578566 7.287755 4.935574
-40.492766 36.033436 17.522525 -100.746774 -5.600370 7.273262 4.966897
-40.587994 35.640743 17.585622 -100.774910 -5.625747 7.258193 4.998249
-40.699543 35.257247 17.649554 -100.797796 -5.654753 7.242604 5.029724
-40.827135 34.883243 17.713988 -100.815597 -5.687450 7.226542 5.061366
-40.969822 34.519509 17.778499 -100.829013 -5.723997 7.210374 5.092557
-41.127325 34.166325 17.842829 -100.838186 -5.764476 7.194131 5.123345
-41.299516 33.823792 17.906751 -100.843081 -5.808982 7.177847 5.153825
-41.486283 33.491932 17.970044 -100.843622 -5.857623 7.161559 5.184100
-41.687442 33.170767 18.032481 -100.839771 -5.910517 7.145309 5.214260
-41.902573 32.860385 18.093768 -100.831678 -5.967784 7.129162 5.244331
-42.130455 32.561143 18.153189 -100.820252 -6.027890 7.113096 5.274338
-42.370669 32.273096 18.210524 -100.805625 -6.090975 7.097159 5.304311
-42.623009 31.996185 18.265665 -100.787721 -6.157194 7.081370 5.334344
-42.887317 31.730297 18.318549 -100.766398 -6.226714 7.065741 5.364544
-43.163414 31.475295 18.369130 -100.741516 -6.299707 7.050280 5.395020
-43.451015 31.231038 18.417354 -100.713006 -6.376354 7.035000 5.425857
-43.749558 30.997422 18.463064 -100.681043 -6.456839 7.019945 5.457067
-44.057606 30.774511 18.505593 -100.646630 -6.539502 7.005021 5.488634
-44.374586 30.562181 18.544857 -100.609937 -6.624541 6.990254 5.520573
-44.700178 30.360250 18.580926 -100.570891 -6.712170 6.975627 5.552975
-45.034127 30.168511 18.613924 -100.529340 -6.802610 6.961109 5.585950
-45.376161 29.986740 18.644002 -100.485141 -6.896088 6.946664 5.619610
-45.725902 29.814708 18.671298 -100.438240 -6.992839 6.932257 5.654041
-46.082680 29.652207 18.695845 -100.388852 -7.093096 6.917887 5.689250
-46.444978 29.499183 18.717358 -100.337869 -7.194834 6.903906 5.724480
-46.812113 29.355414 18.735924 -100.285523 -7.298300 6.890297 5.759739
-47.183657 29.220642 18.751767 -100.231791 -7.403753 6.877007 5.795110
-47.559239 29.094590 18.765145 -100.176588 -7.511459 6.863973 5.830694
-47.938418 28.976957 18.776285 -100.119891 -7.621690 6.851144 5.866573
-48.320488 28.867426 18.785270 -100.061934 -7.734714 6.838509 5.902752
-48.703978 28.765746 18.791924 -100.003500 -7.847402 6.826682 5.938310
-49.088209 28.671606 18.796357 -99.944820 -7.960030 6.815647 5.973253
-49.472785 28.584722 18.798832 -99.885857 -8.072881 6.805343 6.007666
-49.857411 28.504837 18.799670 -99.826476 -8.186243 6.795692 6.041659
-50.241810 28.431711 18.799205 -99.766536 -8.300404 6.786615 6.075343
-50.625641 28.365126 18.797771 -99.705965 -8.415654 6.778029 6.108810
-51.008360 28.304904 18.795634 -99.644911 -8.532275 6.769872 6.142088
-51.388863 28.250999 18.792996 -99.583913 -8.647017 6.762553 6.174413
-51.766634 28.203253 18.790132 -99.523132 -8.760159 6.756009 6.205809
-52.141379 28.161489 18.787379 -99.462516 -8.871990 6.750160 6.236356
-52.512894 28.125529 18.785076 -99.401943 -8.982794 6.744930 6.266152
-52.880985 28.095196 18.783551 -99.341297 -9.092852 6.740248 6.295290
-53.245398 28.070310 18.783085 -99.280548 -9.202444 6.736056 6.323836
-53.605675 28.050697 18.783846 -99.219902 -9.311837 6.732328 6.351785
-53.960781 28.036222 18.785646 -99.160108 -9.418678 6.728944 6.378813
-54.310285 28.026725 18.788641 -99.101401 -9.523227 6.725883 6.404907
-54.653979 28.022056 18.793081 -99.043801 -9.625749 6.723102 6.430110
-54.991728 28.022071 18.799223 -98.987278 -9.726501 6.720556 6.454480
-55.323377 28.026610 18.807275 -98.931844 -9.825739 6.718217 6.478057
-55.648616 28.035483 18.817297 -98.877698 -9.923704 6.716097 6.500823
-55.966667 28.048435 18.828924 -98.825547 -10.018802 6.714060 6.522767
-56.277266 28.065299 18.842195 -98.775591 -10.111266 6.712126 6.543868
-56.580350 28.085964 18.857269 -98.727836 -10.201327 6.710282 6.564157
-56.875938 28.110352 18.874339 -98.682217 -10.289214 6.708505 6.583686
-57.164077 28.138388 18.893579 -98.638653 -10.375150 6.706779 6.602508
-57.444785 28.169966 18.915098 -98.597102 -10.459351 6.705111 6.620661
-57.717970 28.204899 18.938845 -98.557636 -10.542024 6.703553 6.638141
-57.983239 28.242800 18.964303 -98.520620 -10.622040 6.701834 6.655020
-58.240522 28.283501 18.991403 -98.486133 -10.699595 6.700015 6.671292
-58.489882 28.326935 19.020215 -98.454143 -10.774884 6.698112 6.686987
-58.731435 28.373080 19.050855 -98.424576 -10.848098 6.696131 6.702147
-58.965313 28.421918 19.083428 -98.397354 -10.919422 6.694076 6.716814
-59.191620 28.473392 19.117976 -98.372429 -10.989035 6.691977 6.731017
-59.410375 28.527333 19.154380 -98.349827 -11.057109 6.689912 6.744759
-59.621385 28.583290 19.192037 -98.329718 -11.122865 6.687535 6.758020
-59.824671 28.641103 19.230811 -98.312141 -11.186465 6.684930 6.770797
-60.020347 28.700727 19.270709 -98.297068 -11.248069 6.682136 6.783112
-60.208554 28.762154 19.311772 -98.284455 -11.307832 6.679180 6.794994
-60.389423 28.825353 19.354003 -98.274264 -11.365904 6.676102 6.806467
-60.563032 28.890184 19.397274 -98.266498 -11.422428 6.672983 6.817538
-60.729323 28.956211 19.441041 -98.261196 -11.476892 6.669572 6.828142
-60.888372 29.023310 19.485174 -98.258369 -11.529430 6.665951 6.838285
-61.040318 29.091486 19.529679 -98.257997 -11.580174 6.662154 6.847986
-61.185319 29.160799 19.574621 -98.260054 -11.629252 6.658200 6.857273
-61.323537 29.231315 19.620066 -98.264512 -11.676788 6.654103 6.866172
-61.455115 29.303070 19.666038 -98.271363 -11.722900 6.649890 6.874703
-61.580151 29.376001 19.712449 -98.280622 -11.767704 6.645628 6.882873
-61.698654 29.449793 19.758917 -98.292300 -11.810803 6.641237 6.890578
-61.810708 29.524390 19.805354 -98.306429 -11.852305 6.636781 6.897823
-61.916440 29.599843 19.851784 -98.323029 -11.892313 6.632288 6.904620
-62.015986 29.676250 19.898281 -98.342121 -11.930928 6.627766 6.910989
-62.109481 29.753719 19.944929 -98.363734 -11.968247 6.623221 6.916945
-62.197042 29.832340 19.991787 -98.387914 -12.004363 6.618667 6.922501
-62.278751 29.912139 20.038842 -98.414734 -12.039366 6.614140 6.927657
-62.354619 29.992982 20.085881 -98.444305 -12.072979 6.609580 6.932465
-62.424712 30.074897 20.132892 -98.476718 -12.105286 6.605023 6.936924
-62.489123 30.157982 20.179935 -98.512057 -12.136365 6.600482 6.941038
-62.547944 30.242355 20.227097 -98.550407 -12.166296 6.595961 6.944815
-62.601261 30.328129 20.274458 -98.591865 -12.195154 6.591465 6.948258
-62.649134 30.415376 20.322051 -98.636550 -12.223010 6.587016 6.951368
-62.691580 30.504067 20.369828 -98.684633 -12.249658 6.582775 6.954256
-62.728646 30.594280 20.417831 -98.736249 -12.275165 6.578762 6.956920
-62.760395 30.686146 20.466153 -98.791530 -12.299595 6.574979 6.959363
-62.786894 30.779814 20.514913 -98.850611 -12.323008 6.571424 6.961587
-62.808208 30.875439 20.564235 -98.913632 -12.345465 6.568089 6.963600
-62.824397 30.973164 20.614236 -98.980737 -12.367022 6.564973 6.965405
-62.835517 31.073103 20.665010 -99.052073 -12.387733 6.562085 6.967009
-62.841641 31.175273 20.716614 -99.127760 -12.407383 6.559493 6.968485
-62.842813 31.279793 20.769147 -99.207958 -12.426021 6.557207 6.969839
-62.839073 31.386818 20.822739 -99.292845 -12.443695 6.555225 6.971077
-62.830459 31.496523 20.877535 -99.382605 -12.460451 6.553545 6.972206
-62.817012 31.609087 20.933689 -99.477417 -12.476331 6.552161 6.973237
-62.798789 31.724681 20.991368 -99.577445 -12.491377 6.551069 6.974187
-62.775898 31.843452 21.050758 -99.682789 -12.505630 6.550263 6.975098
-62.748626 31.965451 21.112210 -99.793259 -12.518857 6.549958 6.975676
-62.717075 32.090826 21.175919 -99.908963 -12.531093 6.550152 6.975965
-62.681296 32.219754 21.242063 -100.030076 -12.542372 6.550847 6.975988
-62.641326 32.352417 21.310817 -100.156784 -12.552725 6.552050 6.975769
-62.597233 32.488970 21.382360 -100.289232 -12.562182 6.553773 6.975343
-62.549185 32.629496 21.456903 -100.427433 -12.570774 6.556030 6.974786
-62.497670 32.773806 21.534643 -100.570788 -12.578198 6.558134 6.973597
-62.442854 32.921994 21.615802 -100.719321 -12.584481 6.560103 6.971852
-62.384792 33.074235 21.700579 -100.873201 -12.589643 6.561954 6.969590
-62.323505 33.230734 21.789165 -101.032643 -12.593700 6.563708 6.966836
-62.259020 33.391690 21.881749 -101.197848 -12.596665 6.565389 6.963619
-62.191413 33.557260 21.978519 -101.368948 -12.598552 6.567030 6.959987
-62.120918 33.727474 22.079685 -101.545860 -12.599376 6.568675 6.956049
-62.048268 33.901961 22.185600 -101.727727 -12.599260 6.570172 6.951500
-61.973701 34.080760 22.296491 -101.914476 -12.598215 6.571568 6.946450
-61.897297 34.264047 22.412560 -102.106250 -12.596244 6.572907 6.940949
-61.819088 34.452038 22.534006 -102.303260 -12.593347 6.574231 6.935030
-61.739104 34.644935 22.661005 -102.505714 -12.589521 6.575595 6.928725
-61.657423 34.842852 22.793697 -102.713733 -12.584760 6.577078 6.922087
-61.574279 35.045669 22.932169 -102.927189 -12.579066 6.578799 6.915233
-61.490436 35.252623 23.076447 -103.145183 -12.572612 6.580584 6.908345
-61.406140 35.463592 23.226628 -103.367580 -12.565394 6.582562 6.901546
-61.321484 35.678673 23.382846 -103.594474 -12.557401 6.584835 6.894900
-61.236530 35.898010 23.545241 -103.826007 -12.548618 6.587506 6.888458
-61.151374 36.121661 23.713909 -104.062248 -12.539030 6.590703 6.882290
-61.066264 36.349392 23.888864 -104.302996 -12.528626 6.594609 6.876535
-60.982004 36.580142 24.069915 -104.547162 -12.517926 6.598858 6.871320
-60.898846 36.813699 24.257110 -104.794559 -12.506917 6.603635 6.866788
-60.816882 37.050162 24.450602 -105.045282 -12.495579 6.609077 6.863016
-60.736161 37.289738 24.650586 -105.299525 -12.483888 6.615304 6.860063
-60.656725 37.532618 24.857243 -105.557475 -12.471820 6.622450 6.857989
-60.578639 37.778846 25.070654 -105.819229 -12.459350 6.630695 6.856874
-60.502071 38.028079 25.290711 -106.084611 -12.446457 6.640313 6.856858
-60.427572 38.278909 25.516598 -106.352414 -12.433584 6.649895 6.857462
-60.355309 38.531005 25.748230 -106.622456 -12.420710 6.659722 6.858837
-60.285349 38.784426 25.985717 -106.894816 -12.407809 6.669994 6.861080
-60.217739 39.039374 26.229252 -107.169651 -12.394854 6.680884 6.864277
-60.152525 39.296037 26.479006 -107.447106 -12.381817 6.692575 6.868517
-60.089755 39.554429 26.735022 -107.727222 -12.368671 6.705312 6.873907
-60.029526 39.814114 26.997062 -108.009767 -12.355392 6.719458 6.880608
-59.972129 40.073403 27.263743 -108.293307 -12.342217 6.732708 6.887477
-59.917649 40.331852 27.534820 -108.577574 -12.329124 6.745443 6.894685
-59.866129 40.589436 27.810288 -108.862532 -12.316086 6.757945 6.902366
-59.817605 40.846242 28.090207 -109.148193 -12.303075 6.770471 6.910642
-59.772099 41.102229 28.374525 -109.434506 -12.290064 6.783325 6.919645
-59.729605 41.356903 28.662868 -109.721206 -12.277027 6.796942 6.929541
-59.690112 41.608523 28.953620 -110.006957 -12.264086 6.809354 6.939106
-59.653594 41.856633 29.246437 -110.291500 -12.251215 6.820991 6.948510
-59.620056 42.101272 29.541327 -110.574797 -12.238388 6.832143 6.957887
-59.589531 42.342663 29.838450 -110.856895 -12.225577 6.843044 6.967364
-59.562056 42.581042 30.137963 -111.137841 -12.212753 6.853925 6.977064
-59.537638 42.816474 30.439879 -111.417604 -12.199887 6.865078 6.987122
-59.516211 43.048581 30.743854 -111.695960 -12.186951 6.876934 6.997692
-59.497535 43.275804 31.048161 -111.971844 -12.174291 6.887476 7.007974
-59.481521 43.497782 31.352455 -112.245019 -12.161879 6.897137 7.018127
-59.468158 43.714605 31.656744 -112.515429 -12.149688 6.906210 7.028289
-59.457482 43.926542 31.961184 -112.783087 -12.137691 6.914928 7.038588
-59.449530 44.133870 32.265929 -113.048002 -12.125859 6.923523 7.049154
-59.444296 44.336713 32.570982 -113.310113 -12.114166 6.932285 7.060120
-59.441647 44.534800 32.875974 -113.569208 -12.102581 6.941644 7.071633
-59.441053 44.726812 33.179040 -113.824273 -12.091154 6.949430 7.082361
-59.442353 44.912479 33.479779 -114.075062 -12.079857 6.956082 7.092450
-59.445514 45.091914 33.778132 -114.321446 -12.068662 6.961901 7.102042
-59.450553 45.265349 34.074148 -114.563330 -12.057545 6.967145 7.111273
-59.457460 45.432959 34.367806 -114.800583 -12.046478 6.972093 7.120279
-59.466106 45.594631 34.658803 -115.032970 -12.035433 6.977129 7.129203
-59.475976 45.749468 34.945631 -115.259670 -12.024575 6.980672 7.137062
-59.486923 45.897383 35.227995 -115.480454 -12.013877 6.983093 7.143993
-59.498928 46.038603 35.505911 -115.695208 -12.003313 6.984638 7.150117
-59.512028 46.173477 35.779521 -115.903870 -11.992858 6.985496 7.155550
-59.526271 46.302368 36.048986 -116.106385 -11.982488 6.985847 7.160405
-59.541668 46.425554 36.314374 -116.302653 -11.972175 6.985898 7.164791
-59.558127 46.543085 36.575515 -116.492478 -11.961893 6.985945 7.168824
-59.575207 46.654427 36.831244 -116.675214 -11.951569 6.984625 7.171783
-59.592801 46.759625 37.081373 -116.850656 -11.941175 6.982227 7.173774
-59.610912 46.858947 37.325948 -117.018685 -11.930685 6.978941 7.174896
-59.629589 46.952743 37.565111 -117.179221 -11.920073 6.974916 7.175235
-59.648891 47.041374 37.799010 -117.332182 -11.909314 6.970289 7.174879
-59.668855 47.125138 38.027729 -117.477448 -11.898379 6.965217 7.173910
-59.689443 47.204183 38.251177 -117.614818 -11.887239 6.959917 7.172418
-59.710375 47.278251 38.468544 -117.743755 -11.876029 6.953389 7.169932
-59.731605 47.347469 38.679712 -117.864035 -11.864719 6.945845 7.166532
-59.753164 47.412097 38.884717 -117.975498 -11.853279 6.937432 7.162288
-59.775109 47.472429 39.083641 -118.078002 -11.841681 6.928269 7.157263
-59.797488 47.528724 39.276542 -118.171385 -11.829894 6.918479 7.151514
-59.820303 47.581120 39.463366 -118.255424 -11.817887 6.908223 7.145103
-59.843441 47.629441 39.643650 -118.329752 -11.805822 6.897138 7.138212
-59.866902 47.673808 39.817337 -118.394143 -11.793665 6.885370 7.130890
-59.890737 47.714446 39.984487 -118.448434 -11.781387 6.873013 7.123175
-59.915020 47.751614 40.145205 -118.492486 -11.768954 6.860134 7.115095
-59.939832 47.785562 40.299603 -118.526161 -11.756333 6.846793 7.106672
-59.965248 47.816501 40.447762 -118.549291 -11.743493 6.833052 7.097930
-59.991332 47.844541 40.589693 -118.561648 -11.730399 6.818999 7.088895
-60.018140 47.869549 40.725182 -118.562855 -11.717175 6.804393 7.079768
-60.045739 47.891609 40.854228 -118.552668 -11.703786 6.789312 7.070566
-60.074214 47.910879 40.976890 -118.530890 -11.690195 6.773799 7.061295
-60.103663 47.927538 41.093254 -118.497342 -11.676367 6.757883 7.051950
-60.134187 47.941757 41.203412 -118.451847 -11.662265 6.741581 7.042522
-60.165887 47.953685 41.307435 -118.394213 -11.647851 6.724912 7.032997
-60.198846 47.963410 41.405349 -118.324221 -11.633085 6.707909 7.023359
-60.233118 47.970902 41.497078 -118.241599 -11.618015 6.690548 7.013669
-60.268794 47.976221 41.582638 -118.146112 -11.602599 6.672851 7.003901
-60.305988 47.979452 41.662083 -118.037537 -11.586794 6.654819 6.994022
-60.344823 47.980678 41.735479 -117.915658 -11.570559 6.636441 6.983991
-60.385421 47.979965 41.802888 -117.780258 -11.553847 6.617701 6.973757
-60.427876 47.977344 41.864344 -117.631130 -11.536613 6.598590 6.963263
-60.472230 47.972808 41.919928 -117.468137 -11.519146 6.579545 6.952585
-60.518587 47.966355 41.969675 -117.291055 -11.501396 6.560547 6.941653
-60.567088 47.957992 42.013648 -117.099636 -11.483314 6.541557 6.930395
-60.617887 47.947715 42.051927 -116.893628 -11.464851 6.522526 6.918732
-60.671146 47.935516 42.084601 -116.672779 -11.445955 6.503398 6.906578
-60.727026 47.921374 42.111769 -116.436856 -11.426574 6.484105 6.893832
-60.785663 47.905272 42.133533 -116.185673 -11.406653 6.464575 6.880379
-60.847158 47.887247 42.150160 -115.919322 -11.386398 6.445468 6.866719
-60.911660 47.867251 42.161756 -115.637606 -11.365751 6.426703 6.852719
-60.979351 47.845200 42.168429 -115.340267 -11.344653 6.408191 6.838250
-61.050429 47.820992 42.170290 -115.027031 -11.323047 6.389843 6.823177
-61.125097 47.794517 42.167464 -114.697631 -11.300870 6.371558 6.807353
-61.203555 47.765669 42.160098 -114.351850 -11.278059 6.353224 6.790614
-61.285967 47.734392 42.148368 -113.989580 -11.254547 6.334713 6.772761
-61.372383 47.700787 42.132592 -113.611357 -11.230443 6.316727 6.755056
-61.462978 47.664775 42.112962 -113.217087 -11.205675 6.299125 6.737279
-61.557976 47.626207 42.089663 -112.806578 -11.180171 6.281767 6.719222
-61.657613 47.584914 42.062885 -112.379626 -11.153859 6.264510 6.700670
-61.762109 47.540759 42.032838 -111.936091 -11.126659 6.247201 6.681384
-61.871585 47.493712 41.999738 -111.476030 -11.098489 6.229672 6.661068
-61.985769 47.444102 41.963763 -111.000533 -11.069472 6.212594 6.641206
-62.104796 47.391883 41.925129 -110.509634 -11.039518 6.195795 6.621489
-62.228916 47.336870 41.884048 -110.003140 -11.008541 6.179111 6.601653
-62.358413 47.278826 41.840722 -109.480764 -10.976451 6.162381 6.581445
-62.493569 47.217509 41.795352 -108.942227 -10.943155 6.145446 6.560603
-62.634616 47.152730 41.748144 -108.387360 -10.908554 6.128136 6.538825
-62.781553 47.084472 41.699225 -107.816338 -10.872540 6.110297 6.515708
-62.933465 47.013291 41.648299 -107.231020 -10.834936 6.092832 6.493213
-63.090367 46.939165 41.595494 -106.631569 -10.795625 6.075583 6.470922
-63.252521 46.861878 41.541029 -106.017778 -10.754493 6.058367 6.448507
-63.420259 46.781140 41.485134 -105.389301 -10.711422 6.041004 6.425664
-63.593918 46.696667 41.428052 -104.745789 -10.666288 6.023307 6.402083
-63.773776 46.608252 41.370051 -104.087038 -10.618960 6.005075 6.377408
-63.959842 46.515950 41.311329 -103.413284 -10.569293 5.986111 6.351153
-64.151020 46.420660 41.251673 -102.726935 -10.518281 5.967685 6.325614
-64.347326 46.322451 41.191306 -102.028258 -10.465771 5.949589 6.300284
-64.549059 46.221139 41.130542 -101.317091 -10.411609 5.931598 6.274765
-64.756567 46.116475 41.069704 -100.593163 -10.355640 5.913491 6.248677
-64.970120 46.008301 41.009107 -99.856345 -10.297700 5.895044 6.221595
-65.189583 45.896792 40.948908 -99.107077 -10.237613 5.876063 6.192919
-65.413156 45.783258 40.888360 -98.348675 -10.176497 5.857665 6.165225
-65.640722 45.667879 40.827615 -97.581559 -10.114167 5.839658 6.137907
-65.872584 45.550465 40.766975 -96.805498 -10.050444 5.821823 6.110532
-66.109157 45.430689 40.706742 -96.020023 -9.985149 5.803950 6.082725
-66.350856 45.308207 40.647214 -95.224640 -9.918098 5.785834 6.054105
-66.597989 45.182777 40.588671 -94.419059 -9.849099 5.767267 6.024229
-66.850391 45.054505 40.531188 -93.603671 -9.777945 5.748088 5.992445
-67.105989 44.924689 40.473721 -92.782146 -9.706098 5.729571 5.961492
-67.364632 44.793456 40.416359 -91.954940 -9.633344 5.711548 5.930695
-67.626647 44.660576 40.359412 -91.121829 -9.559474 5.693802 5.899574
-67.892470 44.525713 40.303220 -90.282404 -9.484280 5.676116 5.867692
-68.162487 44.388580 40.248114 -89.436377 -9.407545 5.658270 5.834574
-68.436751 44.249175 40.194309 -88.584025 -9.329043 5.640064 5.799571
-68.713908 44.108449 40.141142 -87.728174 -9.248695 5.621836 5.764277
-68.992272 43.967508 40.087796 -86.871880 -9.168321 5.604206 5.729959
-69.271904 43.826369 40.034530 -86.015259 -9.087664 5.586933 5.695657
-69.553005 43.684905 39.981584 -85.158222 -9.006510 5.569852 5.661085
-69.835746 43.542977 39.929128 -84.300633 -8.924652 5.552837 5.626098
-70.120241 43.400476 39.877289 -83.442348 -8.841883 5.535778 5.590571
-70.406476 43.257361 39.826137 -82.583276 -8.757985 5.518570 5.554193
-70.693661 43.114008 39.775243 -81.724518 -8.674579 5.501607 5.517780
-70.981771 42.970404 39.724662 -80.865974 -8.591447 5.484790 5.481035
-71.270881 42.826487 39.674478 -80.007484 -8.508383 5.468030 5.443885
-71.561079 42.682182 39.624759 -79.148872 -8.425183 5.451246 5.406293
-71.852447 42.537419 39.575568 -78.289963 -8.341643 5.434356 5.368222
-72.145047 42.392147 39.526982 -77.430589 -8.257556 5.417275 5.329608
-72.438846 42.246381 39.479065 -76.570642 -8.172705 5.399901 5.290176
-72.733079 42.100559 39.431421 -75.711233 -8.088921 5.382459 5.250723
-73.027724 41.954698 39.384127 -74.852257 -8.005988 5.364847 5.210965
-73.322847 41.808751 39.337264 -73.993544 -7.923699 5.346974 5.170837
-73.618529 41.662648 39.290891 -73.134918 -7.841854 5.328758 5.130303
-73.914848 41.516317 39.245066 -72.276198 -7.760252 5.310117 5.089327
-74.211869 41.369704 39.199860 -71.417215 -7.678690 5.290961 5.047843
-74.509576 41.222806 39.155352 -70.557854 -7.596956 5.271182 5.005588
-74.807284 41.076038 39.111282 -69.699262 -7.516151 5.251218 4.963580
-75.104994 40.929386 39.067750 -68.841328 -7.436064 5.230955 4.921539
-75.402794 40.782767 39.024853 -67.983890 -7.356495 5.210289 4.879379
-75.700793 40.636062 38.982682 -67.126780 -7.277246 5.189119 4.837026
-75.999106 40.489144 38.941349 -66.269845 -7.198117 5.167332 4.794359
-76.297790 40.341910 38.900989 -65.413008 -7.118893 5.144791 4.750985
-76.596180 40.194656 38.861370 -64.557547 -7.041267 5.121941 4.707193
-76.893101 40.048309 38.822013 -63.706121 -6.965126 5.098950 4.664053
-77.187761 39.903526 38.782641 -62.860716 -6.890334 5.075887 4.622261
-77.480396 39.760110 38.743495 -62.021122 -6.816672 5.052560 4.581231
-77.771447 39.617646 38.704844 -61.186662 -6.743930 5.028773 4.540521
-78.061297 39.475768 38.666941 -60.356733 -6.671899 5.004336 4.499666
-78.349869 39.334493 38.629892 -59.531556 -6.600364 4.979093 4.457932
-78.634942 39.195337 38.592607 -58.715889 -6.530471 4.954314 4.418386
-78.916421 39.058350 38.555189 -57.909970 -6.462011 4.929848 4.380307
-79.194689 38.923167 38.517852 -57.113076 -6.394791 4.905517 4.343281
-79.470245 38.789289 38.480768 -56.324161 -6.328627 4.881163 4.306996
-79.743591 38.656209 38.444094 -55.542145 -6.263336 4.856635 4.271151
-80.015129 38.523529 38.408001 -54.766178 -6.198736 4.831767 4.235378
-80.284828 38.391239 38.372586 -53.996282 -6.134633 4.806409 4.199029
-80.550687 38.260810 38.337043 -53.236872 -6.072139 4.781763 4.164695
-80.812647 38.132272 38.301492 -52.488078 -6.011066 4.757672 4.131720
-81.071068 38.005267 38.266119 -51.749159 -5.951240 4.733967 4.099735
-81.326397 37.879343 38.231075 -51.019151 -5.892495 4.710496 4.068446
-81.579014 37.754117 38.196510 -50.297233 -5.834666 4.687105 4.037517
-81.828927 37.629557 38.162520 -49.583360 -5.777578 4.663644 4.006360
-82.074357 37.507012 38.128432 -48.881542 -5.722184 4.641053 3.977109
-82.315291 37.386482 38.094350 -48.191793 -5.668316 4.619184 3.949181
-82.552093 37.267610 38.060399 -47.513299 -5.615823 4.597896 3.922272
-82.785224 37.149945 38.026657 -46.844986 -5.564563 4.577072 3.896163
-83.015147 37.033034 37.993184 -46.185762 -5.514397 4.556600 3.870647
-83.242246 36.916512 37.960060 -45.534731 -5.465185 4.536357 3.845461
-83.466571 36.800343 37.927354 -44.891744 -5.416778 4.516212 3.820099
-83.686583 36.685805 37.894606 -44.260437 -5.369910 4.496909 3.796358
-83.902306 36.572889 37.861902 -43.640742 -5.324437 4.478312 3.773730
-84.114097 36.461265 37.829317 -43.031842 -5.280231 4.460305 3.751963
-84.322393 36.350520 37.796880 -42.432700 -5.237174 4.442796 3.730881
-84.527633 36.240244 37.764613 -41.842272 -5.195150 4.425696 3.710319
-84.730181 36.130105 37.732552 -41.259702 -5.154041 4.408905 3.690056
-84.930098 36.020081 37.700752 -40.684842 -5.113719 4.392301 3.669633
-85.125961 35.911451 37.668947 -40.121174 -5.074736 4.376466 3.650580
-85.317803 35.804210 37.637211 -39.568636 -5.036967 4.361274 3.632432
-85.505953 35.698057 37.605584 -39.026484 -5.000307 4.346628 3.614970
-85.690799 35.592631 37.574080 -38.493821 -4.964655 4.332447 3.598031
-85.872675 35.487635 37.542716 -37.969882 -4.929910 4.318644 3.581412
-86.051629 35.383054 37.511537 -37.454556 -4.895960 4.305108 3.564690
-86.226307 35.280179 37.480430 -36.951232 -4.863220 4.292294 3.549190
-86.396733 35.179013 37.449448 -36.459861 -4.831584 4.280089 3.534489
-86.563213 35.079279 37.418602 -35.979732 -4.800962 4.268415 3.520404
-86.726118 34.980641 37.387868 -35.509964 -4.771271 4.257214 3.506817
-86.885814 34.882764 37.357218 -35.049680 -4.742433 4.246433 3.493616
-87.042605 34.785383 37.326638 -34.598173 -4.714365 4.236007 3.480639
-87.196512 34.688506 37.296151 -34.155387 -4.686976 4.225839 3.467500
-87.346214 34.593419 37.265768 -33.724697 -4.660583 4.216304 3.455397
-87.491707 34.500141 37.235523 -33.306119 -4.635097 4.207302 3.443944
-87.633254 34.408427 37.205405 -32.899047 -4.610444 4.198773 3.432983
-87.771176 34.317977 37.175377 -32.502727 -4.586560 4.190672 3.422417
-87.905788 34.228495 37.145396 -32.116414 -4.563380 4.182959 3.412153
-88.037342 34.139744 37.115435 -31.739529 -4.540837 4.175583 3.402050
-88.165824 34.051741 37.085507 -31.372117 -4.518854 4.168461 3.391750
-88.289927 33.965742 37.055716 -31.017559 -4.497678 4.161909 3.382353
-88.409609 33.881773 37.026085 -30.675978 -4.477234 4.155841 3.373498
-88.525073 33.799616 36.996592 -30.346920 -4.457462 4.150206 3.365042
-88.636564 33.719017 36.967201 -30.029831 -4.438307 4.144969 3.356890
-88.744276 33.639767 36.937879 -29.724275 -4.419715 4.140086 3.348913
-88.848153 33.561889 36.908632 -29.430391 -4.401618 4.135485 3.340783
-88.946921 33.486588 36.879628 -29.151469 -4.384209 4.131436 3.333483
-89.040492 33.413901 36.850880 -28.887714 -4.367423 4.127866 3.326689
-89.129013 33.343647 36.822354 -28.638792 -4.351211 4.124738 3.320282
-89.212674 33.275606 36.794001 -28.404257 -4.335529 4.122029 3.314199
-89.291652 33.209570 36.765768 -28.183685 -4.320336 4.119720 3.308379
-89.366067 33.145379 36.737615 -27.976794 -4.305588 4.117782 3.302723
-89.435810 33.083084 36.709532 -27.783832 -4.291229 4.116160 3.296948
-89.499662 33.023822 36.681757 -27.607918 -4.277410 4.115074 3.291900
-89.557481 32.967658 36.654286 -27.449379 -4.264077 4.114468 3.287300
-89.609326 32.914469 36.627080 -27.308072 -4.251191 4.114319 3.283053
-89.655290 32.864099 36.600086 -27.183771 -4.238718 4.114615 3.279113
-89.695454 32.816405 36.573249 -27.076276 -4.226625 4.115347 3.275438
-89.729845 32.771284 36.546524 -26.985520 -4.214876 4.116503 3.271954
-89.758293 32.728817 36.519894 -26.911885 -4.203427 4.118040 3.268434
-89.779713 32.690007 36.493652 -26.858155 -4.192393 4.120130 3.265551
-89.793897 32.654952 36.467784 -26.824802 -4.181729 4.122734 3.263083
-89.800799 32.623595 36.442249 -26.811930 -4.171405 4.125842 3.260960
-89.800391 32.595864 36.416995 -26.819605 -4.161392 4.129453 3.259147
-89.792601 32.571718 36.391975 -26.847982 -4.151664 4.133564 3.257592
-89.777211 32.551255 36.367168 -26.897560 -4.142182 4.138151 3.256136
-89.753345 32.535282 36.342917 -26.970594 -4.133033 4.143336 3.255249
-89.720741 32.523925 36.319203 -27.067680 -4.124179 4.149098 3.254778
-89.679247 32.517197 36.295980 -27.189162 -4.115598 4.155441 3.254684
-89.628717 32.515101 36.273198 -27.335369 -4.107266 4.162377 3.254956
-89.568982 32.517657 36.250805 -27.506675 -4.099163 4.169922 3.255592
-89.499837 32.524912 36.228752 -27.703541 -4.091267 4.178088 3.256577
-89.420982 32.537005 36.207018 -27.926646 -4.083550 4.186874 3.257840
-89.331790 32.554513 36.185998 -28.177616 -4.076069 4.196354 3.259623
-89.231908 32.577611 36.165670 -28.457244 -4.068798 4.206531 3.261863
-89.121028 32.606422 36.145990 -28.766225 -4.061718 4.217426 3.264558
-88.998824 32.641071 36.126909 -29.105274 -4.054811 4.229067 3.267729
-88.864947 32.681703 36.108380 -29.475155 -4.048062 4.241486 3.271400
-88.719019 32.728491 36.090353 -29.876682 -4.041455 4.254717 3.275610
-88.560642 32.781635 36.072796 -30.310700 -4.034971 4.268786 3.280409
-88.389495 32.841433 36.056135 -30.777993 -4.028641 4.283734 3.285780
-88.205116 32.908153 36.040332 -31.279510 -4.022447 4.299596 3.291792
-88.006991 32.982097 36.025328 -31.816255 -4.016378 4.316423 3.298521
-87.794578 33.063606 36.011052 -32.389249 -4.010423 4.334275 3.306064
-87.567320 33.153048 35.997417 -32.999455 -4.004574 4.353224 3.314562
-87.324754 33.250751 35.984338 -33.647554 -3.998827 4.373346 3.324284
-87.067066 33.356679 35.972267 -34.332703 -3.993183 4.394643 3.334875
-86.793726 33.471298 35.961068 -35.055451 -3.987644 4.417224 3.346689
-86.504091 33.595207 35.950525 -35.816343 -3.982219 4.441232 3.360090
-86.197685 33.728907 35.940317 -36.615248 -3.976933 4.466872 3.375679
-85.874919 33.872122 35.929996 -37.449723 -3.971860 4.494442 3.394879
-85.540641 34.020793 35.920224 -38.306585 -3.966839 4.523659 3.415249
-85.201427 34.169428 35.912405 -39.168563 -3.961541 4.553870 3.431561
-84.857368 34.318089 35.906201 -40.034507 -3.956112 4.585709 3.446516
-84.507968 34.467287 35.901301 -40.904446 -3.950575 4.619397 3.460642
-84.152796 34.617445 35.897528 -41.778508 -3.944924 4.655086 3.474093
-83.791495 34.768885 35.894755 -42.656845 -3.939148 4.692910 3.486934
-83.423787 34.921843 35.892865 -43.539624 -3.933232 4.733003 3.499191
-83.049470 35.076472 35.891721 -44.427010 -3.927164 4.775516 3.510895
-82.668490 35.232763 35.891105 -45.319093 -3.920952 4.820646 3.522407
-82.281983 35.389603 35.890911 -46.213785 -3.913935 4.868284 3.533984
-81.889980 35.546895 35.890954 -47.111193 -3.906117 4.918629 3.545941
-81.492445 35.704620 35.891113 -48.011509 -3.897477 4.971847 3.558231
-81.089357 35.862740 35.891282 -48.914937 -3.887988 5.028105 3.570773
-80.680745 36.021177 35.891340 -49.821675 -3.877621 5.087577 3.583516
-80.266850 36.179722 35.891238 -50.731798 -3.866369 5.150420 3.596913
-79.849921 36.337049 35.892438 -51.642104 -3.852921 5.216179 3.610458
-79.430238 36.492941 35.894900 -52.552679 -3.837261 5.285022 3.624583
-79.007879 36.647289 35.898506 -53.463726 -3.819345 5.357155 3.639226
-78.582878 36.800016 35.903142 -54.375457 -3.799120 5.432787 3.654290
-78.155258 36.951054 35.908697 -55.288085 -3.776530 5.512137 3.669679
-77.725069 37.100350 35.915095 -56.201810 -3.751508 5.595412 3.685343
-77.292582 37.247899 35.922561 -57.116735 -3.723994 5.682696 3.701624
-76.859783 37.393375 35.932380 -58.030786 -3.694758 5.769841 3.718696
-76.426962 37.536791 35.944762 -58.944072 -3.663730 5.856951 3.736891
-75.994180 37.678125 35.959617 -59.856789 -3.630824 5.944260 3.756174
-75.561453 37.817346 35.976815 -60.769145 -3.595951 6.032025 3.776476
-75.128790 37.954428 35.996218 -61.681344 -3.559016 6.120503 3.797736
-74.696225 38.089346 36.017707 -62.593582 -3.519920 6.209948 3.819934
-74.263963 38.222101 36.041345 -63.505973 -3.478574 6.300531 3.843350
-73.833427 38.352366 36.067621 -64.416782 -3.436413 6.388937 3.866793
-73.404838 38.480152 36.096596 -65.326127 -3.393340 6.475342 3.890540
-72.978242 38.605450 36.128143 -66.234197 -3.349243 6.560002 3.914584
-72.553649 38.728246 36.162101 -67.141189 -3.304005 6.643180 3.938902
-72.131072 38.848521 36.198293 -68.047285 -3.257512 6.725143 3.963516
-71.710638 38.966227 36.236597 -68.952580 -3.209669 6.806123 3.988755
-71.293450 39.080876 36.277186 -69.855621 -3.161962 6.884360 4.013954
-70.879633 39.192432 36.319956 -70.756507 -3.114292 6.960077 4.039436
-70.469182 39.300895 36.364748 -71.655415 -3.066541 7.033521 4.065235
-70.062057 39.406275 36.411407 -72.552534 -3.018583 7.104935 4.091348
-69.658210 39.508581 36.459772 -73.448049 -2.970295 7.174561 4.117780
-69.257597 39.607814 36.509661 -74.342131 -2.921555 7.242638 4.144584
-68.860268 39.703935 36.560898 -75.234875 -2.872267 7.309389 4.172072
-68.467018 39.796515 36.613419 -76.125071 -2.824030 7.373336 4.199268
-68.077892 39.885531 36.667064 -77.012815 -2.776751 7.434689 4.226483
-67.692827 39.971007 36.721661 -77.898272 -2.730311 7.493669 4.253783
-67.311731 40.052988 36.777051 -78.781618 -2.684592 7.550488 4.281203
-66.934499 40.131531 36.833075 -79.663023 -2.639477 7.605350 4.308785
-66.561030 40.206708 36.889563 -80.542644 -2.594856 7.658456 4.336619
-66.191305 40.278606 36.946385 -81.420575 -2.550640 7.709973 4.365004
-65.825903 40.347164 37.003672 -82.295925 -2.507815 7.759048 4.393086
-65.464777 40.412519 37.061276 -83.168778 -2.466300 7.805845 4.421190
-65.107753 40.474840 37.118991 -84.039270 -2.426001 7.850553 4.449470
-64.754599 40.534331 37.176580 -84.907528 -2.386828 7.893364 4.478091
-64.405036 40.591241 37.233762 -85.773659 -2.348703 7.934476 4.507297
-64.058771 40.645863 37.290200 -86.637689 -2.311576 7.974085 4.537575
-63.715799 40.698407 37.345445 -87.498883 -2.276188 8.011303 4.568615
-63.375670 40.749142 37.398847 -88.357032 -2.242588 8.046387 4.601688
-63.038642 40.797736 37.450015 -89.210506 -2.210874 8.079488 4.638558
-62.708819 40.841545 37.501084 -90.050082 -2.180161 8.110255 4.672214
-62.386770 40.880059 37.551824 -90.873474 -2.150490 8.138799 4.703864
-62.072277 40.913345 37.601661 -91.679763 -2.121870 8.165347 4.734301
-61.765106 40.941571 37.650116 -92.468342 -2.094299 8.190091 4.764222
-61.465702 40.964658 37.697190 -93.237420 -2.067907 8.212835 4.791926
-61.173759 40.982885 37.742514 -93.986954 -2.042679 8.233733 4.817945
-60.888770 40.996632 37.785691 -94.717355 -2.018591 8.252950 4.842679
-60.610182 41.006296 37.826352 -95.429243 -1.995613 8.270643 4.866464
-60.337450 41.012247 37.864159 -96.123304 -1.973716 8.286952 4.889606
-60.070093 41.014797 37.898807 -96.800177 -1.952873 8.302004 4.912413
-59.807810 41.014156 37.930080 -97.460288 -1.933063 8.315887 4.935236
-59.550872 41.010343 37.958201 -98.102990 -1.914410 8.328743 4.956647
-59.299000 41.003517 37.982967 -98.728738 -1.896896 8.340649 4.976967
-59.051757 40.993875 38.004112 -99.338211 -1.880500 8.351706 4.996450
-58.808679 40.981608 38.021378 -99.932155 -1.865201 8.362009 5.015321
-58.569338 40.966878 38.034540 -100.511274 -1.850980 8.371638 5.033806
-58.333456 40.949789 38.043472 -101.076095 -1.837823 8.380634 5.052164
-58.101240 40.930354 38.048482 -101.626317 -1.825891 8.389185 5.069303
-57.872416 40.908640 38.049457 -102.162471 -1.815174 8.397321 5.085463
-57.646561 40.884729 38.046211 -102.685262 -1.805663 8.405100 5.100830
-57.423215 40.858698 38.038554 -103.195451 -1.797346 8.412579 5.115567
-57.201920 40.830605 38.026315 -103.693782 -1.790217 8.419808 5.129831
-56.982275 40.800490 38.009371 -104.180923 -1.784271 8.426816 5.143791
-56.764057 40.768364 37.987736 -104.657343 -1.779513 8.433576 5.157658
-56.547632 40.734191 37.962008 -105.122677 -1.776084 8.440346 5.170488
-56.332777 40.697954 37.932198 -105.577364 -1.773993 8.447096 5.182484
-56.119089 40.659631 37.898190 -106.022001 -1.773249 8.453842 5.193802
-55.906117 40.619188 37.859841 -106.457227 -1.773862 8.460608 5.204578
-55.693412 40.576583 37.817022 -106.883657 -1.775846 8.467410 5.214946
-55.480593 40.531768 37.769662 -107.301818 -1.779220 8.474243 5.225057
-55.267494 40.484690 37.717863 -107.712016 -1.784010 8.481031 5.235113
-55.054677 40.435283 37.662514 -108.113626 -1.789735 8.488237 5.244160
-54.841977 40.383478 37.603706 -108.506905 -1.796427 8.495783 5.252398
-54.629023 40.329190 37.541365 -108.892267 -1.804118 8.503655 5.259981
-54.415406 40.272323 37.475388 -109.270140 -1.812841 8.511845 5.267049
-54.200792 40.212781 37.405735 -109.640868 -1.822633 8.520321 5.273761
-53.985132 40.150474 37.332597 -110.004537 -1.833540 8.528964 5.280335
-53.769301 40.085244 37.256897 -110.360012 -1.844977 8.537316 5.285349
-53.553248 40.016992 37.178797 -110.707345 -1.856991 8.545262 5.289018
-53.336643 39.945602 37.098218 -111.046809 -1.869628 8.552771 5.291488
-53.119076 39.870944 37.015003 -111.378731 -1.882935 8.559839 5.292885
-52.900160 39.792888 36.929000 -111.703402 -1.896958 8.566453 5.293335
-52.679624 39.711330 36.840134 -112.020999 -1.911749 8.572569 5.292986
-52.457562 39.626199 36.748602 -112.331386 -1.927367 8.578034 5.292060
-52.235253 39.537430 36.655791 -112.633025 -1.943248 8.583437 5.288995
-52.012805 39.444966 36.561851 -112.925738 -1.959454 8.588632 5.284008
-51.789993 39.348722 36.466643 -113.209608 -1.976040 8.593578 5.277236
-51.566509 39.248603 36.369935 -113.484784 -1.993063 8.598266 5.268789
-51.342075 39.144543 36.271503 -113.751390 -2.010579 8.602680 5.258771
-51.116577 39.036544 36.171229 -114.009430 -2.028647 8.606757 5.247309
-50.890354 38.924725 36.069337 -114.258582 -2.047332 8.610297 5.234605
-50.665160 38.809365 35.967496 -114.497297 -2.065200 8.614090 5.220230
-50.441369 38.690617 35.865874 -114.725199 -2.082315 8.617947 5.204380
-50.218955 38.568546 35.764271 -114.942179 -2.098735 8.621819 5.187171
-49.997813 38.443191 35.662379 -115.148178 -2.114513 8.625692 5.168692
-49.777934 38.314634 35.559931 -115.343065 -2.129702 8.629535 5.149042
-49.559675 38.183078 35.456910 -115.526470 -2.144356 8.633215 5.128370
-49.344484 38.048917 35.354306 -115.697129 -2.157151 8.637077 5.106471
-49.132730 37.912349 35.252049 -115.854654 -2.168133 8.641002 5.083477
-48.924440 37.773438 35.149788 -115.998892 -2.177341 8.644984 5.059455
-48.719538 37.632188 35.047079 -116.129765 -2.184804 8.649052 5.034438
-48.517953 37.488588 34.943472 -116.247202 -2.190549 8.653238 5.008451
-48.319720 37.342682 34.838583 -116.351073 -2.194596 8.657547 4.981520
-48.125154 37.194634 34.732232 -116.441087 -2.196964 8.661901 4.953701
-47.935324 37.044836 34.624881 -116.516515 -2.198103 8.666312 4.925212
-47.750560 36.893439 34.516342 -116.577062 -2.198024 8.670702 4.896093
-47.570937 36.740458 34.406236 -116.622599 -2.196729 8.675073 4.866331
-47.396446 36.585844 34.294132 -116.653065 -2.194214 8.679446 4.835887
-47.227076 36.429549 34.179622 -116.668429 -2.190474 8.683839 4.804705
-47.062883 36.271590 34.062382 -116.668663 -2.185495 8.688231 4.772718
-46.904094 36.112156 33.942287 -116.653707 -2.179262 8.692527 4.739857
-46.751350 35.951824 33.819847 -116.623645 -2.172371 8.697248 4.707040
-46.604881 35.790778 33.694972 -116.578435 -2.164799 8.702284 4.674176
-46.464766 35.629030 33.567435 -116.518094 -2.156519 8.707585 4.641152
-46.331030 35.466548 33.436992 -116.442680 -2.147500 8.713107 4.607836
-46.203709 35.303354 33.303481 -116.352300 -2.137708 8.718781 4.574077
-46.082892 35.139669 33.166929 -116.247147 -2.127104 8.724466 4.539693
-45.968773 34.976238 33.028005 -116.127964 -2.116268 8.731049 4.505790
-45.861425 34.813248 32.886772 -115.994958 -2.105156 8.738383 4.472167
-45.760849 34.650656 32.743142 -115.848278 -2.093724 8.746379 4.438634
-45.667011 34.488318 32.596980 -115.688066 -2.081927 8.754970 4.404991
-45.579862 34.326090 32.448184 -115.514500 -2.069717 8.764079 4.371027
-45.499343 34.163927 32.296763 -115.327861 -2.057040 8.773596 4.336496
-45.425351 34.002043 32.142913 -115.128650 -2.043835 8.783344 4.301090
-45.357565 33.841323 31.987410 -114.918422 -2.030890 8.794358 4.266297
-45.295869 33.681965 31.830495 -114.697701 -2.018142 8.806455 4.231792
-45.240187 33.523888 31.672261 -114.466822 -2.005532 8.819502 4.197290
-45.190439 33.366898 31.512743 -114.226066 -1.993001 8.833398 4.162515
-45.146533 33.210791 31.351994 -113.975747 -1.980491 8.848035 4.127178
-45.108336 33.055466 31.190165 -113.716327 -1.967937 8.863278 4.090945
-45.075575 32.901099 31.027568 -113.448604 -1.955262 8.878942 4.053395
-45.047457 32.748601 30.864909 -113.174974 -1.943299 8.895981 4.016739
-45.023695 32.598163 30.702554 -112.896294 -1.931972 8.914199 3.980532
-45.004136 32.449717 30.540767 -112.613141 -1.921213 8.933440 3.944399
-44.988647 32.303127 30.379781 -112.326039 -1.910957 8.953561 3.907977
-44.977052 32.158342 30.219882 -112.035623 -1.901135 8.974406 3.870869
-44.968976 32.015604 30.061475 -111.742906 -1.891668 8.995789 3.832580
-44.963318 31.875947 29.905160 -111.450808 -1.882723 9.018400 3.795768
-44.959700 31.739615 29.751333 -111.160322 -1.874226 9.042063 3.759941
-44.957948 31.606550 29.600258 -110.872036 -1.866113 9.066645 3.724714
-44.957943 31.476576 29.452113 -110.586375 -1.858328 9.092049 3.689744
-44.959569 31.349523 29.307069 -110.303751 -1.850815 9.118182 3.654692
-44.962648 31.225337 29.165353 -110.024714 -1.843513 9.144941 3.619185
-44.966780 31.104271 29.027286 -109.750206 -1.836349 9.172194 3.582751
-44.970731 30.987309 28.893047 -109.483150 -1.829416 9.199732 3.548143
-44.974102 30.874728 28.762951 -109.224467 -1.822645 9.227432 3.514902
-44.976728 30.766511 28.637200 -108.974641 -1.815980 9.255213 3.482688
-44.978517 30.662527 28.515906 -108.733964 -1.809375 9.283021 3.451216
-44.979402 30.562624 28.399146 -108.502664 -1.802785 9.310818 3.420222
-44.979301 30.466709 28.287020 -108.281003 -1.796165 9.338562 3.389438
-44.978051 30.374856 28.179689 -108.069414 -1.789463 9.366191 3.358560
-44.975121 30.287516 28.077203 -107.869419 -1.782821 9.393215 3.329458
-44.970357 30.204794 27.979702 -107.681399 -1.776192 9.419584 3.301855
-44.963707 30.126643 27.887227 -107.505494 -1.769538 9.445277 3.275545
-44.955164 30.052963 27.799755 -107.341711 -1.762826 9.470298 3.250361
-44.944761 29.983653 27.717239 -107.189974 -1.756027 9.494654 3.226168
-44.932596 29.918643 27.639673 -107.050123 -1.749115 9.518339 3.202861
-44.918930 29.857908 27.567068 -106.921958 -1.742198 9.540863 3.180850
-44.903869 29.801402 27.499382 -106.805247 -1.735255 9.562231 3.160066
-44.887472 29.749060 27.436490 -106.699754 -1.728266 9.582476 3.140447
-44.869781 29.700810 27.378231 -106.605208 -1.721212 9.601644 3.121946
-44.850856 29.656587 27.324425 -106.521284 -1.714078 9.619784 3.104539
-44.830810 29.616329 27.274901 -106.447562 -1.706854 9.636941 3.088235
-44.809907 29.579970 27.229556 -106.383423 -1.699532 9.653134 3.073103
-44.788871 29.547336 27.188429 -106.327607 -1.692234 9.667860 3.058897
-44.767951 29.518372 27.151421 -106.279473 -1.684955 9.681134 3.045707
-44.747232 29.493036 27.118371 -106.238542 -1.677688 9.693002 3.033587
-44.726736 29.471276 27.089103 -106.204393 -1.670427 9.703513 3.022582
-44.706472 29.453015 27.063436 -106.176582 -1.663166 9.712720 3.012748
-44.686487 29.438125 27.041191 -106.154584 -1.655904 9.720675 3.004169
-44.666980 29.426372 27.022214 -106.137646 -1.648647 9.727420 2.996996
-44.648660 29.417296 27.006570 -106.124284 -1.642605 9.733025 2.990851
-44.631739 29.410572 26.994130 -106.113762 -1.637788 9.737526 2.985885
-44.616330 29.405897 26.984754 -106.105591 -1.634201 9.740969 2.982187
-44.602649 29.402989 26.978321 -106.099410 -1.631844 9.743387 2.979801
-44.591336 29.401656 26.974807 -106.094906 -1.630710 9.744755 2.978771
-44.584640 29.401800 26.974936 -106.091189 -1.630875 9.744932 2.979678
-44.579435 29.401876 26.976497 -106.088729 -1.630969 9.744656 2.980258
