-0.000000
-0.002491
-0.003328
-0.003388
-0.003179
-0.002858
-0.002486
-0.002085
-0.001681
-0.001291
-0.000923
-0.000583
-0.000270
0.000014
0.000274
0.000512
0.000734
0.000945
0.001129
0.001292
0.001441
0.001573
0.001690
0.001792
0.001879
0.001952
0.002011
0.002059
0.002095
0.002122
0.002141
0.002160
0.002177
0.002192
0.002202
0.002209
0.002212
0.002210
0.002203
0.002192
0.002176
0.002157
0.002135
0.002113
0.002090
0.002067
0.002042
0.002016
0.001988
0.001959
0.001927
0.001894
0.001857
0.001818
0.001778
0.001737
0.001697
0.001658
0.001619
0.001581
0.001543
0.001505
0.001466
0.001426
0.001384
0.001340
0.001295
0.001249
0.001203
0.001159
0.001116
0.001075
0.001035
0.000995
0.000955
0.000916
0.000875
0.000834
0.000791
0.000747
0.000701
0.000654
0.000608
0.000564
0.000522
0.000480
0.000440
0.000401
0.000361
0.000321
0.000280
0.000239
0.000195
0.000150
0.000105
0.000061
0.000018
-0.000023
-0.000063
-0.000101
-0.000139
-0.000176
-0.000214
-0.000253
-0.000292
-0.000333
-0.000376
-0.000419
-0.000461
-0.000501
-0.000540
-0.000576
-0.000612
-0.000646
-0.000680
-0.000715
-0.000749
-0.000785
-0.000821
-0.000859
-0.000899
-0.000940
-0.000979
-0.001017
-0.001052
-0.001087
-0.001120
-0.001152
-0.001184
-0.001217
-0.001250
-0.001284
-0.001320
-0.001357
-0.001395
-0.001432
-0.001467
-0.001500
-0.001531
-0.001561
-0.001591
-0.001620
-0.001649
-0.001680
-0.001711
-0.001743
-0.001778
-0.001812
-0.001846
-0.001877
-0.001907
-0.001935
-0.001961
-0.001987
-0.002012
-0.002037
-0.002063
-0.002089
-0.002117
-0.002146
-0.002177
-0.002208
-0.002238
-0.002266
-0.002293
-0.002318
-0.002341
-0.002364
-0.002387
-0.002410
-0.002434
-0.002459
-0.002485
-0.002513
-0.002541
-0.002569
-0.002594
-0.002617
-0.002639
-0.002660
-0.002680
-0.002699
-0.002719
-0.002740
-0.002761
-0.002784
-0.002809
-0.002833
-0.002857
-0.002879
-0.002899
-0.002917
-0.002934
-0.002950
-0.002965
-0.002980
-0.002996
-0.003013
-0.003031
-0.003050
-0.003071
-0.003092
-0.003113
-0.003131
-0.003148
-0.003163
-0.003177
-0.003190
-0.003203
-0.003217
-0.003230
-0.003245
-0.003262
-0.003280
-0.003298
-0.003316
-0.003331
-0.003345
-0.003357
-0.003368
-0.003378
-0.003387
-0.003397
-0.003408
-0.003420
-0.003433
-0.003447
-0.003462
-0.003476
-0.003488
-0.003498
-0.003506
-0.003513
-0.003519
-0.003524
-0.003530
-0.003536
-0.003542
-0.003550
-0.003559
-0.003570
-0.003582
-0.003592
-0.003601
-0.003607
-0.003612
-0.003616
-0.003619
-0.003622
-0.003625
-0.003629
-0.003634
-0.003640
-0.003648
-0.003656
-0.003664
-0.003669
-0.003672
-0.003674
-0.003675
-0.003675
-0.003674
-0.003674
-0.003674
-0.003676
-0.003678
-0.003683
-0.003687
-0.003691
-0.003693
-0.003692
-0.003690
-0.003686
-0.003682
-0.003677
-0.003672
-0.003668
-0.003664
-0.003662
-0.003661
-0.003662
-0.003663
-0.003663
-0.003661
-0.003658
-0.003653
-0.003646
-0.003640
-0.003633
-0.003626
-0.003620
-0.003615
-0.003611
-0.003609
-0.003607
-0.003605
-0.003601
-0.003595
-0.003587
-0.003578
-0.003568
-0.003559
-0.003549
-0.003541
-0.003533
-0.003527
-0.003522
-0.003518
-0.003513
-0.003506
-0.003497
-0.003487
-0.003475
-0.003463
-0.003451
-0.003438
-0.003426
-0.003415
-0.003405
-0.003397
-0.003391
-0.003385
-0.003379
-0.003371
-0.003361
-0.003351
-0.003340
-0.003327
-0.003315
-0.003303
-0.003293
-0.003283
-0.003275
-0.003270
-0.003264
-0.003259
-0.003252
-0.003243
-0.003233
-0.003223
-0.003212
-0.003201
-0.003192
-0.003183
-0.003176
-0.003170
-0.003167
-0.003165
-0.003162
-0.003158
-0.003152
-0.003146
-0.003139
-0.003131
-0.003124
-0.003118
-0.003113
-0.003109
-0.003107
-0.003108
-0.003111
-0.003115
-0.003119
-0.003122
-0.003124
-0.003126
-0.003127
-0.003129
-0.003132
-0.003136
-0.003141
-0.003149
-0.003159
-0.003171
-0.003185
-0.003199
-0.003213
-0.003226
-0.003238
-0.003250
-0.003263
-0.003276
-0.003291
-0.003307
-0.003326
-0.003347
-0.003371
-0.003395
-0.003420
-0.003444
-0.003466
-0.003488
-0.003508
-0.003529
-0.003549
-0.003569
-0.003589
-0.003610
-0.003630
-0.003652
-0.003673
-0.003696
-0.003719
-0.003742
-0.003766
-0.003791
-0.003817
-0.003843
-0.003869
-0.003897
-0.003925
-0.003953
-0.003982
-0.004012
-0.004041
-0.004072
-0.004103
-0.004134
-0.004165
-0.004197
-0.004229
-0.004261
-0.004294
-0.004326
-0.004359
-0.004392
-0.004424
-0.004457
-0.004490
-0.004522
-0.004554
-0.004586
-0.004618
-0.004649
-0.004680
-0.004711
-0.004741
-0.004771
-0.004800
-0.004828
-0.004856
-0.004883
-0.004909
-0.004935
-0.004960
-0.004984
-0.005006
-0.005028
-0.005049
-0.005069
-0.005088
-0.005106
-0.005122
-0.005138
-0.005152
-0.005165
-0.005177
-0.005187
-0.005196
-0.005204
-0.005211
-0.005217
-0.005221
-0.005224
-0.005226
-0.005227
-0.005227
-0.005226
-0.005225
-0.005223
-0.005221
-0.005220
-0.005218
-0.005218
-0.005219
-0.005221
-0.005227
-0.005236
-0.005249
-0.005266
-0.005285
-0.005298
-0.005316
-0.005331
-0.005341
-0.005346
-0.005348
-0.005347
-0.005345
-0.005343
-0.005342
-0.005343
-0.005347
-0.005351
-0.005348
-0.005350
-0.005348
-0.005340
-0.005328
-0.005312
-0.005293
-0.005272
-0.005252
-0.005233
-0.005215
-0.005201
-0.005186
-0.005165
-0.005148
-0.005127
-0.005102
-0.005071
-0.005036
-0.004999
-0.004960
-0.004921
-0.004882
-0.004846
-0.004812
-0.004781
-0.004752
-0.004716
-0.004685
-0.004652
-0.004614
-0.004573
-0.004528
-0.004482
-0.004435
-0.004389
-0.004345
-0.004303
-0.004264
-0.004227
-0.004183
-0.004144
-0.004103
-0.004059
-0.004010
-0.003959
-0.003906
-0.003853
-0.003800
-0.003750
-0.003702
-0.003658
-0.003614
-0.003564
-0.003520
-0.003473
-0.003423
-0.003369
-0.003312
-0.003254
-0.003195
-0.003137
-0.003080
-0.003026
-0.002976
-0.002929
-0.002884
-0.002833
-0.002789
-0.002744
-0.002696
-0.002646
-0.002594
-0.002540
-0.002488
-0.002437
-0.002389
-0.002344
-0.002304
-0.002265
-0.002220
-0.002182
-0.002144
-0.002103
-0.002060
-0.002016
-0.001971
-0.001927
-0.001886
-0.001847
-0.001813
-0.001782
-0.001753
-0.001719
-0.001692
-0.001666
-0.001637
-0.001606
-0.001575
-0.001543
-0.001512
-0.001484
-0.001458
-0.001437
-0.001421
-0.001410
-0.001402
-0.001389
-0.001385
-0.001382
-0.001379
-0.001374
-0.001369
-0.001365
-0.001363
-0.001364
-0.001368
-0.001377
-0.001391
-0.001406
-0.001416
-0.001433
-0.001450
-0.001464
-0.001475
-0.001484
-0.001490
-0.001495
-0.001499
-0.001501
-0.001503
-0.001505
-0.001506
-0.001508
-0.001510
-0.001512
-0.001513
-0.001515
-0.001516
-0.001516
-0.001515
-0.001512
-0.001507
-0.001499
-0.001488
-0.001475
-0.001461
-0.001456
-0.001444
-0.001435
-0.001430
-0.001429
-0.001433
-0.001439
-0.001447
-0.001456
-0.001465
-0.001473
-0.001480
-0.001489
-0.001506
-0.001518
-0.001533
-0.001553
-0.001578
-0.001607
-0.001639
-0.001672
-0.001707
-0.001741
-0.001774
-0.001806
-0.001838
-0.001879
-0.001915
-0.001954
-0.001997
-0.002045
-0.002097
-0.002152
-0.002209
-0.002266
-0.002323
-0.002378
-0.002431
-0.002482
-0.002532
-0.002589
-0.002641
-0.002694
-0.002751
-0.002812
-0.002875
-0.002941
-0.003007
-0.003072
-0.003136
-0.003198
-0.003256
-0.003314
-0.003379
-0.003438
-0.003498
-0.003563
-0.003630
-0.003701
-0.003773
-0.003845
-0.003917
-0.003987
-0.004053
-0.004117
-0.004180
-0.004249
-0.004312
-0.004377
-0.004446
-0.004518
-0.004593
-0.004670
-0.004747
-0.004824
-0.004899
-0.004971
-0.005039
-0.005103
-0.005165
-0.005232
-0.005293
-0.005355
-0.005420
-0.005487
-0.005557
-0.005627
-0.005696
-0.005764
-0.005829
-0.005890
-0.005946
-0.006000
-0.006059
-0.006112
-0.006165
-0.006221
-0.006279
-0.006339
-0.006400
-0.006459
-0.006516
-0.006570
-0.006619
-0.006663
-0.006705
-0.006751
-0.006789
-0.006829
-0.006871
-0.006916
-0.006961
-0.007007
-0.007052
-0.007094
-0.007133
-0.007167
-0.007196
-0.007218
-0.007236
-0.007258
-0.007272
-0.007285
-0.007300
-0.007316
-0.007333
-0.007349
-0.007362
-0.007373
-0.007379
-0.007379
-0.007374
-0.007365
-0.007360
-0.007348
-0.007337
-0.007329
-0.007324
-0.007321
-0.007320
-0.007321
-0.007322
-0.007323
-0.007324
-0.007325
-0.007325
-0.007324
-0.007322
-0.007320
-0.007317
-0.007313
-0.007310
-0.007306
-0.007303
-0.007301
-0.007301
-0.007304
-0.007309
-0.007318
-0.007327
-0.007330
-0.007337
-0.007340
-0.007337
-0.007329
-0.007316
-0.007300
-0.007282
-0.007264
-0.007245
-0.007228
-0.007213
-0.007198
-0.007175
-0.007155
-0.007132
-0.007103
-0.007068
-0.007029
-0.006987
-0.006943
-0.006899
-0.006856
-0.006814
-0.006774
-0.006735
-0.006687
-0.006645
-0.006598
-0.006547
-0.006490
-0.006429
-0.006366
-0.006300
-0.006235
-0.006170
-0.006106
-0.006046
-0.005989
-0.005933
-0.005870
-0.005813
-0.005753
-0.005690
-0.005622
-0.005552
-0.005479
-0.005407
-0.005335
-0.005265
-0.005198
-0.005134
-0.005072
-0.005003
-0.004940
-0.004875
-0.004806
-0.004734
-0.004659
-0.004583
-0.004507
-0.004431
-0.004358
-0.004288
-0.004222
-0.004156
-0.004084
-0.004019
-0.003951
-0.003881
-0.003806
-0.003730
-0.003651
-0.003573
-0.003496
-0.003420
-0.003348
-0.003279
-0.003214
-0.003152
-0.003084
-0.003023
-0.002961
-0.002896
-0.002830
-0.002762
-0.002693
-0.002626
-0.002560
-0.002497
-0.002438
-0.002384
-0.002331
-0.002272
-0.002222
-0.002171
-0.002117
-0.002062
-0.002006
-0.001950
-0.001895
-0.001842
-0.001793
-0.001748
-0.001707
-0.001668
-0.001624
-0.001588
-0.001552
-0.001515
-0.001476
-0.001436
-0.001396
-0.001357
-0.001321
-0.001289
-0.001260
-0.001237
-0.001220
-0.001205
-0.001186
-0.001176
-0.001168
-0.001158
-0.001149
-0.001139
-0.001130
-0.001123
-0.001119
-0.001120
-0.001125
-0.001134
-0.001146
-0.001152
-0.001166
-0.001180
-0.001191
-0.001200
-0.001206
-0.001210
-0.001212
-0.001214
-0.001214
-0.001215
-0.001215
-0.001215
-0.001215
-0.001216
-0.001217
-0.001217
-0.001218
-0.001219
-0.001218
-0.001217
-0.001214
-0.001208
-0.001201
-0.001190
-0.001177
-0.001164
-0.001159
-0.001148
-0.001139
-0.001135
-0.001135
-0.001140
-0.001147
-0.001156
-0.001166
-0.001176
-0.001186
-0.001194
-0.001204
-0.001223
-0.001237
-0.001253
-0.001275
-0.001302
-0.001332
-0.001366
-0.001402
-0.001438
-0.001474
-0.001509
-0.001543
-0.001578
-0.001621
-0.001659
-0.001700
-0.001746
-0.001796
-0.001850
-0.001907
-0.001966
-0.002026
-0.002085
-0.002143
-0.002198
-0.002251
-0.002304
-0.002364
-0.002417
-0.002473
-0.002533
-0.002596
-0.002662
-0.002730
-0.002799
-0.002867
-0.002933
-0.002997
-0.003059
-0.003119
-0.003186
-0.003248
-0.003311
-0.003378
-0.003448
-0.003521
-0.003596
-0.003671
-0.003745
-0.003817
-0.003886
-0.003953
-0.004018
-0.004089
-0.004155
-0.004223
-0.004294
-0.004369
-0.004446
-0.004526
-0.004605
-0.004685
-0.004762
-0.004836
-0.004907
-0.004973
-0.005037
-0.005107
-0.005171
-0.005235
-0.005302
-0.005372
-0.005444
-0.005516
-0.005588
-0.005658
-0.005726
-0.005789
-0.005847
-0.005904
-0.005965
-0.006020
-0.006075
-0.006134
-0.006195
-0.006257
-0.006320
-0.006381
-0.006440
-0.006496
-0.006548
-0.006594
-0.006638
-0.006686
-0.006727
-0.006769
-0.006813
-0.006860
-0.006908
-0.006956
-0.007003
-0.007047
-0.007088
-0.007125
-0.007155
-0.007180
-0.007200
-0.007224
-0.007240
-0.007256
-0.007273
-0.007291
-0.007310
-0.007328
-0.007344
-0.007356
-0.007364
-0.007367
-0.007364
-0.007357
-0.007354
-0.007344
-0.007335
-0.007330
-0.007327
-0.007327
-0.007328
-0.007331
-0.007334
-0.007338
-0.007341
-0.007344
-0.007346
-0.007347
-0.007348
-0.007348
-0.007347
-0.007346
-0.007344
-0.007343
-0.007342
-0.007343
-0.007345
-0.007350
-0.007358
-0.007369
-0.007381
-0.007386
-0.007395
-0.007400
-0.007400
-0.007394
-0.007384
-0.007370
-0.007355
-0.007339
-0.007323
-0.007308
-0.007296
-0.007283
-0.007262
-0.007246
-0.007225
-0.007198
-0.007166
-0.007130
-0.007091
-0.007050
-0.007008
-0.006967
-0.006928
-0.006891
-0.006854
-0.006810
-0.006770
-0.006726
-0.006678
-0.006624
-0.006566
-0.006505
-0.006443
-0.006380
-0.006318
-0.006258
-0.006200
-0.006146
-0.006093
-0.006033
-0.005979
-0.005923
-0.005862
-0.005797
-0.005730
-0.005661
-0.005592
-0.005523
-0.005456
-0.005393
-0.005332
-0.005273
-0.005207
-0.005147
-0.005085
-0.005020
-0.004951
-0.004879
-0.004806
-0.004733
-0.004662
-0.004592
-0.004525
-0.004462
-0.004400
-0.004331
-0.004269
-0.004205
-0.004138
-0.004067
-0.003993
-0.003919
-0.003844
-0.003769
-0.003697
-0.003628
-0.003563
-0.003502
-0.003443
-0.003378
-0.003320
-0.003262
-0.003201
-0.003137
-0.003072
-0.003007
-0.002943
-0.002880
-0.002821
-0.002765
-0.002714
-0.002664
-0.002609
-0.002561
-0.002513
-0.002463
-0.002410
-0.002357
-0.002304
-0.002252
-0.002202
-0.002155
-0.002113
-0.002074
-0.002038
-0.001997
-0.001963
-0.001930
-0.001894
-0.001857
-0.001819
-0.001782
-0.001745
-0.001711
-0.001680
-0.001653
-0.001632
-0.001616
-0.001602
-0.001585
-0.001576
-0.001568
-0.001560
-0.001550
-0.001541
-0.001533
-0.001526
-0.001523
-0.001523
-0.001528
-0.001537
-0.001548
-0.001553
-0.001566
-0.001579
-0.001589
-0.001596
-0.001601
-0.001603
-0.001603
-0.001602
-0.001600
-0.001598
-0.001595
-0.001592
-0.001589
-0.001586
-0.001583
-0.001579
-0.001575
-0.001571
-0.001566
-0.001559
-0.001550
-0.001539
-0.001525
-0.001508
-0.001488
-0.001468
-0.001456
-0.001437
-0.001420
-0.001408
-0.001399
-0.001395
-0.001393
-0.001392
-0.001392
-0.001392
-0.001391
-0.001388
-0.001387
-0.001393
-0.001395
-0.001399
-0.001408
-0.001421
-0.001438
-0.001458
-0.001479
-0.001500
-0.001521
-0.001541
-0.001558
-0.001577
-0.001603
-0.001623
-0.001647
-0.001674
-0.001706
-0.001741
-0.001778
-0.001818
-0.001857
-0.001895
-0.001932
-0.001965
-0.001996
-0.002026
-0.002063
-0.002093
-0.002125
-0.002160
-0.002199
-0.002240
-0.002282
-0.002324
-0.002366
-0.002405
-0.002442
-0.002475
-0.002507
-0.002545
-0.002578
-0.002611
-0.002648
-0.002687
-0.002729
-0.002773
-0.002816
-0.002858
-0.002897
-0.002934
-0.002967
-0.002998
-0.003035
-0.003067
-0.003099
-0.003135
-0.003175
-0.003216
-0.003259
-0.003303
-0.003345
-0.003385
-0.003422
-0.003455
-0.003484
-0.003510
-0.003541
-0.003566
-0.003592
-0.003620
-0.003651
-0.003684
-0.003718
-0.003750
-0.003781
-0.003809
-0.003833
-0.003853
-0.003870
-0.003892
-0.003907
-0.003924
-0.003943
-0.003966
-0.003990
-0.004014
-0.004038
-0.004060
-0.004079
-0.004094
-0.004104
-0.004112
-0.004124
-0.004130
-0.004138
-0.004149
-0.004163
-0.004179
-0.004195
-0.004212
-0.004227
-0.004239
-0.004248
-0.004252
-0.004250
-0.004246
-0.004246
-0.004239
-0.004233
-0.004231
-0.004231
-0.004233
-0.004236
-0.004238
-0.004238
-0.004235
-0.004229
-0.004218
-0.004204
-0.004197
-0.004184
-0.004174
-0.004169
-0.004169
-0.004173
-0.004180
-0.004191
-0.004203
-0.004218
-0.004233
-0.004249
-0.004266
-0.004283
-0.004301
-0.004318
-0.004334
-0.004350
-0.004365
-0.004379
-0.004392
-0.004404
-0.004413
-0.004421
-0.004426
-0.004429
-0.004430
-0.004429
-0.004428
-0.004428
-0.004429
-0.004431
-0.004433
-0.004436
-0.004438
-0.004439
-0.004439
-0.004438
-0.004435
-0.004429
-0.004423
-0.004418
-0.004413
-0.004411
-0.004409
-0.004408
-0.004408
-0.004407
-0.004406
-0.004404
-0.004400
-0.004395
-0.004388
-0.004380
-0.004373
-0.004367
-0.004363
-0.004361
-0.004359
-0.004358
-0.004357
-0.004356
-0.004354
-0.004351
-0.004346
-0.004340
-0.004331
-0.004323
-0.004314
-0.004307
-0.004301
-0.004297
-0.004294
-0.004290
-0.004287
-0.004283
-0.004279
-0.004272
-0.004264
-0.004255
-0.004244
-0.004234
-0.004226
-0.004219
-0.004214
-0.004209
-0.004205
-0.004200
-0.004196
-0.004190
-0.004183
-0.004174
-0.004163
-0.004152
-0.004141
-0.004131
-0.004124
-0.004118
-0.004113
-0.004108
-0.004104
-0.004099
-0.004093
-0.004087
-0.004079
-0.004068
-0.004056
-0.004044
-0.004031
-0.004021
-0.004011
-0.004003
-0.003996
-0.003989
-0.003982
-0.003975
-0.003966
-0.003956
-0.003945
-0.003931
-0.003917
-0.003903
-0.003890
-0.003880
-0.003870
-0.003862
-0.003854
-0.003845
-0.003836
-0.003827
-0.003815
-0.003802
-0.003787
-0.003772
-0.003757
-0.003744
-0.003732
-0.003722
-0.003713
-0.003704
-0.003695
-0.003686
-0.003677
-0.003666
-0.003654
-0.003639
-0.003623
-0.003606
-0.003589
-0.003574
-0.003561
-0.003549
-0.003537
-0.003526
-0.003515
-0.003503
-0.003490
-0.003476
-0.003460
-0.003442
-0.003423
-0.003405
-0.003389
-0.003374
-0.003360
-0.003347
-0.003335
-0.003322
-0.003309
-0.003295
-0.003279
-0.003262
-0.003242
-0.003223
-0.003203
-0.003186
-0.003170
-0.003155
-0.003142
-0.003128
-0.003115
-0.003102
-0.003088
-0.003073
-0.003056
-0.003038
-0.003017
-0.002995
-0.002974
-0.002955
-0.002937
-0.002921
-0.002905
-0.002890
-0.002874
-0.002858
-0.002841
-0.002823
-0.002802
-0.002780
-0.002757
-0.002734
-0.002713
-0.002694
-0.002676
-0.002659
-0.002643
-0.002626
-0.002609
-0.002590
-0.002571
-0.002549
-0.002526
-0.002502
-0.002478
-0.002456
-0.002437
-0.002418
-0.002400
-0.002383
-0.002366
-0.002349
-0.002331
-0.002312
-0.002291
-0.002269
-0.002244
-0.002219
-0.002194
-0.002171
-0.002150
-0.002130
-0.002111
-0.002092
-0.002073
-0.002053
-0.002033
-0.002011
-0.001987
-0.001961
-0.001935
-0.001909
-0.001886
-0.001863
-0.001842
-0.001822
-0.001803
-0.001783
-0.001763
-0.001742
-0.001719
-0.001695
-0.001669
-0.001643
-0.001617
-0.001593
-0.001571
-0.001550
-0.001530
-0.001511
-0.001492
-0.001473
-0.001453
-0.001432
-0.001410
-0.001386
-0.001360
-0.001333
-0.001307
-0.001283
-0.001260
-0.001239
-0.001219
-0.001199
-0.001179
-0.001159
-0.001138
-0.001115
-0.001091
-0.001066
-0.001039
-0.001013
-0.000989
-0.000967
-0.000947
-0.000927
-0.000908
-0.000889
-0.000869
-0.000849
-0.000828
-0.000804
-0.000780
-0.000754
-0.000730
-0.000707
-0.000687
-0.000668
-0.000650
-0.000633
-0.000616
-0.000599
-0.000581
-0.000563
-0.000543
-0.000522
-0.000499
-0.000476
-0.000453
-0.000432
-0.000413
-0.000395
-0.000379
-0.000363
-0.000347
-0.000331
-0.000314
-0.000297
-0.000277
-0.000257
-0.000235
-0.000215
-0.000197
-0.000180
-0.000165
-0.000152
-0.000139
-0.000126
-0.000114
-0.000100
-0.000086
-0.000071
-0.000054
-0.000037
-0.000021
-0.000007
0.000004
0.000014
0.000022
0.000029
0.000035
0.000041
0.000047
0.000053
0.000059
0.000067
0.000076
0.000085
0.000092
0.000097
0.000099
0.000099
0.000096
0.000092
0.000087
0.000081
0.000075
0.000068
0.000061
0.000055
0.000047
0.000037
0.000023
0.000005
-0.000017
-0.000042
-0.000070
-0.000101
-0.000134
-0.000170
-0.000208
-0.000248
-0.000289
-0.000335
-0.000385
-0.000442
-0.000506
-0.000576
-0.000653
-0.000736
-0.000825
-0.000922
-0.001024
-0.001134
-0.001250
-0.001373
-0.001502
-0.001641
-0.001791
-0.001953
-0.002128
-0.002317
-0.002519
-0.002735
-0.002965
-0.003210
-0.003470
-0.003744
-0.004035
-0.004341
-0.004665
-0.005008
-0.005371
-0.005754
-0.006154
-0.006568
-0.006990
-0.007412
-0.007820
-0.008195
-0.008503
-0.008694
-0.008688
-0.008564
-0.008548
