-0.000000 0.000000 -0.000000
0.003186 -0.053207 -0.002026
0.010808 -0.146798 -0.005176
0.019586 -0.264536 -0.009008
0.027652 -0.390361 -0.013265
0.034729 -0.512914 -0.017879
0.041011 -0.626382 -0.022798
0.046649 -0.728195 -0.027949
0.051589 -0.817629 -0.033217
0.055838 -0.894961 -0.038525
0.059417 -0.960976 -0.043818
0.062364 -1.016683 -0.049058
0.064726 -1.063157 -0.054221
0.066555 -1.101453 -0.059296
0.067900 -1.132569 -0.064274
0.068823 -1.157438 -0.069156
0.069366 -1.176946 -0.073950
0.069572 -1.191955 -0.078672
0.069464 -1.203195 -0.083193
0.069147 -1.211028 -0.087528
0.068626 -1.215840 -0.091699
0.067912 -1.218036 -0.095718
0.067022 -1.218002 -0.099596
0.065970 -1.216091 -0.103339
0.064771 -1.212614 -0.106949
0.063440 -1.207839 -0.110429
0.061991 -1.202000 -0.113779
0.060437 -1.195291 -0.116999
0.058802 -1.187884 -0.120084
0.057095 -1.179919 -0.123031
0.055338 -1.171519 -0.125839
0.053569 -1.162800 -0.128516
0.051786 -1.153842 -0.131059
0.049989 -1.144714 -0.133465
0.048181 -1.135468 -0.135734
0.046365 -1.126151 -0.137869
0.044546 -1.116801 -0.139870
0.042727 -1.107448 -0.141739
0.040911 -1.098118 -0.143479
0.039098 -1.088834 -0.145092
0.037292 -1.079613 -0.146581
0.035496 -1.070472 -0.147946
0.033726 -1.061428 -0.149190
0.031985 -1.052491 -0.150315
0.030274 -1.043669 -0.151322
0.028593 -1.034967 -0.152215
0.026942 -1.026390 -0.152996
0.025321 -1.017940 -0.153669
0.023730 -1.009616 -0.154237
0.022170 -1.001420 -0.154703
0.020639 -0.993352 -0.155070
0.019137 -0.985409 -0.155340
0.017663 -0.977592 -0.155516
0.016215 -0.969899 -0.155602
0.014794 -0.962331 -0.155599
0.013414 -0.954890 -0.155508
0.012074 -0.947576 -0.155331
0.010774 -0.940387 -0.155071
0.009511 -0.933321 -0.154730
0.008284 -0.926375 -0.154312
0.007091 -0.919544 -0.153818
0.005930 -0.912825 -0.153252
0.004801 -0.906215 -0.152616
0.003701 -0.899709 -0.151913
0.002629 -0.893305 -0.151145
0.001583 -0.886999 -0.150315
0.000560 -0.880789 -0.149424
-0.000440 -0.874674 -0.148475
-0.001404 -0.868655 -0.147468
-0.002332 -0.862731 -0.146405
-0.003227 -0.856901 -0.145287
-0.004091 -0.851161 -0.144118
-0.004925 -0.845508 -0.142898
-0.005732 -0.839939 -0.141630
-0.006512 -0.834449 -0.140316
-0.007267 -0.829035 -0.138959
-0.007999 -0.823695 -0.137561
-0.008709 -0.818424 -0.136124
-0.009399 -0.813220 -0.134649
-0.010072 -0.808080 -0.133139
-0.010729 -0.803003 -0.131594
-0.011371 -0.797986 -0.130017
-0.011985 -0.793035 -0.128407
-0.012572 -0.788147 -0.126765
-0.013134 -0.783322 -0.125094
-0.013673 -0.778557 -0.123393
-0.014191 -0.773849 -0.121666
-0.014689 -0.769197 -0.119913
-0.015171 -0.764596 -0.118136
-0.015637 -0.760045 -0.116338
-0.016088 -0.755541 -0.114519
-0.016527 -0.751081 -0.112681
-0.016957 -0.746665 -0.110825
-0.017379 -0.742289 -0.108953
-0.017793 -0.737956 -0.107064
-0.018187 -0.733667 -0.105159
-0.018562 -0.729424 -0.103239
-0.018919 -0.725226 -0.101305
-0.019261 -0.721070 -0.099357
-0.019589 -0.716955 -0.097397
-0.019906 -0.712878 -0.095426
-0.020212 -0.708838 -0.093445
-0.020510 -0.704833 -0.091456
-0.020800 -0.700860 -0.089460
-0.021084 -0.696918 -0.087458
-0.021365 -0.693005 -0.085451
-0.021645 -0.689121 -0.083439
-0.021923 -0.685266 -0.081423
-0.022188 -0.681444 -0.079403
-0.022438 -0.677657 -0.077379
-0.022676 -0.673903 -0.075351
-0.022905 -0.670181 -0.073321
-0.023124 -0.666490 -0.071289
-0.023337 -0.662828 -0.069256
-0.023543 -0.659193 -0.067223
-0.023744 -0.655583 -0.065192
-0.023941 -0.651998 -0.063163
-0.024134 -0.648435 -0.061137
-0.024327 -0.644892 -0.059116
-0.024519 -0.641369 -0.057099
-0.024715 -0.637866 -0.055088
-0.024912 -0.634384 -0.053081
-0.025098 -0.630926 -0.051080
-0.025274 -0.627495 -0.049083
-0.025441 -0.624089 -0.047091
-0.025601 -0.620708 -0.045104
-0.025756 -0.617351 -0.043124
-0.025907 -0.614016 -0.041150
-0.026055 -0.610702 -0.039184
-0.026202 -0.607408 -0.037227
-0.026348 -0.604132 -0.035279
-0.026496 -0.600873 -0.033340
-0.026647 -0.597631 -0.031412
-0.026803 -0.594404 -0.029494
-0.026964 -0.591196 -0.027587
-0.027117 -0.588010 -0.025689
-0.027263 -0.584847 -0.023799
-0.027402 -0.581707 -0.021920
-0.027537 -0.578591 -0.020050
-0.027669 -0.575496 -0.018190
-0.027800 -0.572422 -0.016340
-0.027931 -0.569367 -0.014502
-0.028063 -0.566330 -0.012676
-0.028196 -0.563311 -0.010863
-0.028333 -0.560307 -0.009062
-0.028476 -0.557318 -0.007275
-0.028625 -0.554345 -0.005500
-0.028781 -0.551389 -0.003739
-0.028932 -0.548454 -0.001990
-0.029076 -0.545543 -0.000252
-0.029215 -0.542654 0.001474
-0.029351 -0.539787 0.003188
-0.029485 -0.536942 0.004890
-0.029618 -0.534118 0.006580
-0.029752 -0.531312 0.008256
-0.029886 -0.528525 0.009918
-0.030022 -0.525754 0.011567
-0.030161 -0.522998 0.013200
-0.030303 -0.520258 0.014818
-0.030451 -0.517531 0.016421
-0.030606 -0.514819 0.018009
-0.030767 -0.512122 0.019581
-0.030923 -0.509445 0.021140
-0.031072 -0.506791 0.022686
-0.031216 -0.504158 0.024219
-0.031357 -0.501547 0.025738
-0.031496 -0.498957 0.027244
-0.031635 -0.496386 0.028736
-0.031774 -0.493833 0.030214
-0.031914 -0.491298 0.031677
-0.032057 -0.488779 0.033125
-0.032204 -0.486275 0.034558
-0.032357 -0.483786 0.035975
-0.032518 -0.481312 0.037376
-0.032685 -0.478854 0.038764
-0.032847 -0.476418 0.040137
-0.033003 -0.474004 0.041497
-0.033154 -0.471613 0.042845
-0.033303 -0.469244 0.044180
-0.033450 -0.466897 0.045502
-0.033597 -0.464570 0.046810
-0.033745 -0.462262 0.048105
-0.033894 -0.459972 0.049385
-0.034047 -0.457699 0.050651
-0.034203 -0.455443 0.051903
-0.034366 -0.453202 0.053139
-0.034537 -0.450977 0.054361
-0.034715 -0.448769 0.055569
-0.034887 -0.446582 0.056764
-0.035053 -0.444420 0.057947
-0.035214 -0.442281 0.059119
-0.035371 -0.440165 0.060278
-0.035527 -0.438071 0.061425
-0.035681 -0.435998 0.062559
-0.035836 -0.433944 0.063681
-0.035991 -0.431910 0.064789
-0.036146 -0.429892 0.065884
-0.036304 -0.427891 0.066964
-0.036465 -0.425905 0.068030
-0.036631 -0.423933 0.069081
-0.036804 -0.421976 0.070119
-0.036982 -0.420036 0.071143
-0.037153 -0.418116 0.072154
-0.037316 -0.416218 0.073154
-0.037474 -0.414343 0.074142
-0.037626 -0.412490 0.075119
-0.037776 -0.410657 0.076084
-0.037924 -0.408845 0.077037
-0.038070 -0.407051 0.077978
-0.038217 -0.405274 0.078906
-0.038365 -0.403513 0.079821
-0.038516 -0.401768 0.080723
-0.038671 -0.400037 0.081611
-0.038832 -0.398320 0.082487
-0.038999 -0.396620 0.083350
-0.039158 -0.394940 0.084202
-0.039309 -0.393283 0.085043
-0.039453 -0.391648 0.085875
-0.039592 -0.390035 0.086696
-0.039729 -0.388442 0.087506
-0.039863 -0.386868 0.088306
-0.039995 -0.385313 0.089095
-0.040128 -0.383775 0.089872
-0.040262 -0.382252 0.090638
-0.040398 -0.380744 0.091391
-0.040538 -0.379250 0.092132
-0.040684 -0.377770 0.092862
-0.040834 -0.376305 0.093580
-0.040977 -0.374861 0.094288
-0.041111 -0.373437 0.094987
-0.041238 -0.372036 0.095677
-0.041359 -0.370655 0.096357
-0.041475 -0.369294 0.097028
-0.041589 -0.367951 0.097690
-0.041699 -0.366625 0.098341
-0.041808 -0.365314 0.098981
-0.041915 -0.364018 0.099610
-0.042022 -0.362735 0.100228
-0.042130 -0.361464 0.100834
-0.042241 -0.360204 0.101428
-0.042357 -0.358955 0.102010
-0.042475 -0.357718 0.102582
-0.042584 -0.356499 0.103143
-0.042683 -0.355297 0.103695
-0.042773 -0.354115 0.104238
-0.042856 -0.352949 0.104773
-0.042933 -0.351801 0.105298
-0.043005 -0.350667 0.105813
-0.043075 -0.349548 0.106319
-0.043142 -0.348441 0.106814
-0.043208 -0.347345 0.107298
-0.043274 -0.346259 0.107771
-0.043343 -0.345182 0.108233
-0.043415 -0.344115 0.108684
-0.043490 -0.343058 0.109124
-0.043556 -0.342017 0.109556
-0.043611 -0.340992 0.109979
-0.043656 -0.339983 0.110394
-0.043694 -0.338990 0.110801
-0.043726 -0.338012 0.111200
-0.043754 -0.337046 0.111589
-0.043778 -0.336093 0.111970
-0.043800 -0.335150 0.112340
-0.043820 -0.334216 0.112701
-0.043841 -0.333290 0.113051
-0.043864 -0.332371 0.113391
-0.043890 -0.331458 0.113721
-0.043919 -0.330555 0.114041
-0.043938 -0.329663 0.114353
-0.043946 -0.328786 0.114657
-0.043944 -0.327923 0.114954
-0.043934 -0.327073 0.115243
-0.043917 -0.326235 0.115525
-0.043894 -0.325408 0.115798
-0.043867 -0.324589 0.116062
-0.043836 -0.323778 0.116318
-0.043802 -0.322973 0.116563
-0.043766 -0.322173 0.116799
-0.043729 -0.321375 0.117024
-0.043694 -0.320580 0.117238
-0.043661 -0.319787 0.117442
-0.043630 -0.318998 0.117637
-0.043588 -0.318217 0.117823
-0.043533 -0.317445 0.118002
-0.043468 -0.316683 0.118173
-0.043393 -0.315928 0.118336
-0.043312 -0.315181 0.118492
-0.043224 -0.314439 0.118640
-0.043132 -0.313701 0.118779
-0.043036 -0.312966 0.118909
-0.042938 -0.312232 0.119030
-0.042839 -0.311497 0.119142
-0.042742 -0.310762 0.119244
-0.042647 -0.310025 0.119336
-0.042554 -0.309289 0.119420
-0.042450 -0.308557 0.119497
-0.042335 -0.307830 0.119567
-0.042209 -0.307110 0.119631
-0.042074 -0.306393 0.119689
-0.041933 -0.305680 0.119740
-0.041786 -0.304969 0.119784
-0.041635 -0.304258 0.119822
-0.041482 -0.303545 0.119852
-0.041327 -0.302830 0.119874
-0.041171 -0.302110 0.119888
-0.041018 -0.301385 0.119894
-0.040869 -0.300655 0.119892
-0.040722 -0.299920 0.119884
-0.040564 -0.299185 0.119870
-0.040395 -0.298452 0.119851
-0.040217 -0.297719 0.119827
-0.040030 -0.296986 0.119800
-0.039837 -0.296251 0.119767
-0.039639 -0.295512 0.119730
-0.039436 -0.294769 0.119687
-0.039230 -0.294019 0.119639
-0.039021 -0.293260 0.119585
-0.038812 -0.292491 0.119525
-0.038604 -0.291711 0.119458
-0.038398 -0.290918 0.119384
-0.038196 -0.290112 0.119305
-0.037997 -0.289295 0.119220
-0.037789 -0.288472 0.119132
-0.037570 -0.287645 0.119041
-0.037344 -0.286817 0.118947
-0.037112 -0.285989 0.118852
-0.036876 -0.285164 0.118754
-0.036635 -0.284342 0.118653
-0.036390 -0.283516 0.118550
-0.036144 -0.282684 0.118444
-0.035898 -0.281843 0.118336
-0.035654 -0.280992 0.118224
-0.035415 -0.280131 0.118110
-0.035182 -0.279261 0.117994
-0.034954 -0.278383 0.117876
-0.034719 -0.277503 0.117759
-0.034475 -0.276624 0.117644
-0.034225 -0.275747 0.117530
-0.033971 -0.274871 0.117419
-0.033713 -0.273997 0.117310
-0.033455 -0.273125 0.117204
-0.033197 -0.272254 0.117100
-0.032941 -0.271384 0.116997
-0.032688 -0.270514 0.116897
-0.032441 -0.269645 0.116800
-0.032202 -0.268776 0.116704
-0.031972 -0.267909 0.116612
-0.031750 -0.267047 0.116525
-0.031524 -0.266193 0.116443
-0.031292 -0.265352 0.116369
-0.031057 -0.264524 0.116302
-0.030821 -0.263709 0.116243
-0.030584 -0.262907 0.116193
-0.030350 -0.262117 0.116152
-0.030119 -0.261340 0.116118
-0.029892 -0.260574 0.116094
-0.029671 -0.259819 0.116077
-0.029458 -0.259075 0.116069
-0.029254 -0.258341 0.116070
-0.029062 -0.257618 0.116080
-0.028883 -0.256907 0.116100
-0.028717 -0.256209 0.116131
-0.028551 -0.255532 0.116176
-0.028384 -0.254876 0.116234
-0.028218 -0.254243 0.116308
-0.028056 -0.253633 0.116398
-0.027899 -0.253047 0.116504
-0.027749 -0.252483 0.116626
-0.027608 -0.251942 0.116765
-0.027479 -0.251423 0.116920
-0.027363 -0.250925 0.117093
-0.027262 -0.250449 0.117282
-0.027178 -0.249995 0.117490
-0.027115 -0.249563 0.117717
-0.027070 -0.249158 0.117964
-0.027032 -0.248783 0.118233
-0.027000 -0.248442 0.118526
-0.026976 -0.248135 0.118843
-0.026962 -0.247864 0.119185
-0.026961 -0.247627 0.119553
-0.026975 -0.247425 0.119947
-0.027005 -0.247258 0.120366
-0.027054 -0.247124 0.120812
-0.027123 -0.247024 0.121284
-0.027215 -0.246958 0.121783
-0.027333 -0.246925 0.122310
-0.027477 -0.246928 0.122864
-0.027647 -0.246969 0.123448
-0.027830 -0.247052 0.124063
-0.028026 -0.247182 0.124711
-0.028236 -0.247357 0.125392
-0.028461 -0.247580 0.126106
-0.028704 -0.247850 0.126854
-0.028965 -0.248166 0.127636
-0.029245 -0.248527 0.128451
-0.029545 -0.248934 0.129299
-0.029864 -0.249385 0.130180
-0.030203 -0.249879 0.131093
-0.030560 -0.250416 0.132038
-0.030937 -0.250994 0.133014
-0.031332 -0.251614 0.134020
-0.031745 -0.252273 0.135056
-0.032175 -0.252971 0.136121
-0.032622 -0.253707 0.137215
-0.033085 -0.254480 0.138337
-0.033562 -0.255290 0.139485
-0.034054 -0.256134 0.140660
-0.034560 -0.257013 0.141860
-0.035078 -0.257924 0.143085
-0.035608 -0.258868 0.144333
-0.036150 -0.259842 0.145604
-0.036702 -0.260847 0.146897
-0.037263 -0.261881 0.148212
-0.037834 -0.262942 0.149546
-0.038412 -0.264030 0.150900
-0.038997 -0.265145 0.152272
-0.039589 -0.266284 0.153661
-0.040187 -0.267446 0.155067
-0.040789 -0.268632 0.156488
-0.041396 -0.269839 0.157924
-0.042006 -0.271066 0.159374
-0.042619 -0.272313 0.160836
-0.043233 -0.273578 0.162310
-0.043849 -0.274861 0.163794
-0.044465 -0.276159 0.165288
-0.045080 -0.277473 0.166791
-0.045695 -0.278800 0.168301
-0.046308 -0.280140 0.169817
-0.046918 -0.281492 0.171339
-0.047526 -0.282854 0.172866
-0.048129 -0.284225 0.174396
-0.048728 -0.285605 0.175928
-0.049322 -0.286991 0.177462
-0.049910 -0.288384 0.178996
-0.050491 -0.289780 0.180529
-0.051065 -0.291180 0.182060
-0.051632 -0.292582 0.183588
-0.052189 -0.293985 0.185112
-0.052738 -0.295387 0.186630
-0.053276 -0.296788 0.188143
-0.053804 -0.298185 0.189648
-0.054321 -0.299578 0.191144
-0.054826 -0.300965 0.192630
-0.055318 -0.302345 0.194106
-0.055798 -0.303716 0.195569
-0.056263 -0.305078 0.197020
-0.056714 -0.306427 0.198456
-0.057150 -0.307764 0.199876
-0.057571 -0.309087 0.201279
-0.057975 -0.310394 0.202665
-0.058362 -0.311683 0.204031
-0.058732 -0.312953 0.205377
-0.059084 -0.314202 0.206702
-0.059418 -0.315430 0.208003
-0.059732 -0.316633 0.209281
-0.060027 -0.317810 0.210533
-0.060302 -0.318960 0.211758
-0.060556 -0.320081 0.212956
-0.060790 -0.321171 0.214125
-0.061002 -0.322228 0.215263
-0.061193 -0.323250 0.216369
-0.061362 -0.324235 0.217443
-0.061509 -0.325182 0.218482
-0.061634 -0.326088 0.219486
-0.061738 -0.326952 0.220453
-0.061820 -0.327771 0.221382
-0.061881 -0.328543 0.222271
-0.061922 -0.329266 0.223120
-0.061943 -0.329939 0.223927
-0.061945 -0.330558 0.224691
-0.061930 -0.331121 0.225410
-0.061901 -0.331626 0.226084
-0.061859 -0.332072 0.226711
-0.061808 -0.332455 0.227289
-0.061751 -0.332773 0.227819
-0.061694 -0.333024 0.228297
-0.061643 -0.333205 0.228724
-0.061605 -0.333315 0.229099
-0.061588 -0.333351 0.229420
-0.061602 -0.333313 0.229688
-0.061652 -0.333202 0.229903
-0.061728 -0.333023 0.230066
-0.061746 -0.332795 0.230182
-0.061696 -0.332522 0.230253
-0.061584 -0.332205 0.230280
-0.061422 -0.331845 0.230262
-0.061220 -0.331438 0.230199
-0.060989 -0.330983 0.230092
-0.060740 -0.330477 0.229938
-0.060484 -0.329918 0.229738
-0.060233 -0.329303 0.229490
-0.059997 -0.328629 0.229194
-0.059789 -0.327897 0.228851
-0.059615 -0.327107 0.228459
-0.059467 -0.326264 0.228023
-0.059262 -0.325385 0.227546
-0.058991 -0.324476 0.227031
-0.058661 -0.323538 0.226479
-0.058284 -0.322569 0.225890
-0.057871 -0.321567 0.225263
-0.057434 -0.320530 0.224599
-0.056984 -0.319455 0.223896
-0.056532 -0.318338 0.223154
-0.056090 -0.317177 0.222371
-0.055670 -0.315970 0.221547
-0.055283 -0.314715 0.220682
-0.054937 -0.313413 0.219776
-0.054621 -0.312069 0.218831
-0.054253 -0.310700 0.217854
-0.053823 -0.309311 0.216846
-0.053338 -0.307902 0.215809
-0.052809 -0.306472 0.214743
-0.052246 -0.305018 0.213647
-0.051660 -0.303538 0.212520
-0.051062 -0.302027 0.211361
-0.050463 -0.300484 0.210169
-0.049874 -0.298905 0.208943
-0.049305 -0.297285 0.207682
-0.048767 -0.295624 0.206384
-0.048272 -0.293919 0.205050
-0.047826 -0.292171 0.203680
-0.047420 -0.290385 0.202276
-0.046969 -0.288576 0.200845
-0.046465 -0.286750 0.199389
-0.045913 -0.284908 0.197909
-0.045326 -0.283046 0.196404
-0.044713 -0.281164 0.194875
-0.044088 -0.279258 0.193320
-0.043461 -0.277323 0.191737
-0.042845 -0.275358 0.190126
-0.042250 -0.273359 0.188485
-0.041690 -0.271323 0.186814
-0.041175 -0.269249 0.185111
-0.040712 -0.267136 0.183378
-0.040290 -0.264991 0.181615
-0.039827 -0.262828 0.179832
-0.039313 -0.260653 0.178030
-0.038755 -0.258466 0.176211
-0.038163 -0.256265 0.174374
-0.037549 -0.254049 0.172517
-0.036924 -0.251812 0.170641
-0.036301 -0.249553 0.168743
-0.035692 -0.247268 0.166823
-0.035107 -0.244954 0.164878
-0.034560 -0.242608 0.162909
-0.034060 -0.240229 0.160914
-0.033614 -0.237816 0.158894
-0.033211 -0.235376 0.156851
-0.032768 -0.232923 0.154794
-0.032276 -0.230464 0.152725
-0.031740 -0.227997 0.150646
-0.031169 -0.225522 0.148555
-0.030575 -0.223036 0.146452
-0.029970 -0.220536 0.144335
-0.029364 -0.218018 0.142204
-0.028768 -0.215480 0.140057
-0.028194 -0.212918 0.137893
-0.027653 -0.210330 0.135710
-0.027156 -0.207711 0.133507
-0.026714 -0.205062 0.131285
-0.026332 -0.202384 0.129043
-0.025999 -0.199680 0.126783
-0.025634 -0.196967 0.124517
-0.025225 -0.194250 0.122245
-0.024778 -0.191530 0.119970
-0.024304 -0.188805 0.117691
-0.023814 -0.186074 0.115406
-0.023321 -0.183334 0.113117
-0.022836 -0.180583 0.110820
-0.022372 -0.177816 0.108515
-0.021941 -0.175032 0.106202
-0.021554 -0.172228 0.103879
-0.021223 -0.169405 0.101546
-0.020952 -0.166563 0.099204
-0.020732 -0.163707 0.096856
-0.020481 -0.160854 0.094512
-0.020188 -0.158010 0.092176
-0.019859 -0.155174 0.089848
-0.019504 -0.152348 0.087529
-0.019136 -0.149530 0.085219
-0.018766 -0.146716 0.082917
-0.018406 -0.143906 0.080621
-0.018070 -0.141097 0.078332
-0.017768 -0.138286 0.076049
-0.017514 -0.135474 0.073770
-0.017316 -0.132659 0.071498
-0.017181 -0.129843 0.069233
-0.017097 -0.127033 0.066977
-0.016984 -0.124245 0.064744
-0.016831 -0.121485 0.062535
-0.016641 -0.118755 0.060354
-0.016425 -0.116057 0.058200
-0.016195 -0.113387 0.056073
-0.015962 -0.110746 0.053974
-0.015737 -0.108132 0.051902
-0.015533 -0.105543 0.049856
-0.015359 -0.102978 0.047837
-0.015229 -0.100436 0.045844
-0.015154 -0.097916 0.043878
-0.015142 -0.095419 0.041939
-0.015199 -0.092948 0.040029
-0.015313 -0.090511 0.038152
-0.015404 -0.088124 0.036321
-0.015460 -0.085795 0.034539
-0.015486 -0.083526 0.032809
-0.015492 -0.081320 0.031132
-0.015489 -0.079177 0.029509
-0.015488 -0.077096 0.027940
-0.015501 -0.075077 0.026426
-0.015540 -0.073120 0.024966
-0.015615 -0.071226 0.023561
-0.015739 -0.069394 0.022211
-0.015918 -0.067627 0.020919
-0.016158 -0.065929 0.019687
-0.016443 -0.064308 0.018518
-0.016694 -0.062783 0.017426
-0.016895 -0.061360 0.016416
-0.017049 -0.060046 0.015490
-0.017161 -0.058841 0.014650
-0.017239 -0.057747 0.013897
-0.017290 -0.056765 0.013230
-0.017319 -0.055895 0.012652
-0.017332 -0.055137 0.012161
-0.017334 -0.054492 0.011758
-0.017326 -0.053959 0.011444
-0.017313 -0.053538 0.011218
-0.017294 -0.053230 0.011080
-0.017273 -0.053034 0.011031
-0.017248 -0.052950 0.011071
-0.017220 -0.052980 0.011200
-0.017188 -0.053122 0.011418
-0.017150 -0.053377 0.011725
-0.017103 -0.053746 0.012121
-0.017045 -0.054228 0.012607
-0.016971 -0.054824 0.013182
-0.016876 -0.055534 0.013846
-0.016755 -0.056358 0.014599
-0.016601 -0.057295 0.015441
-0.016405 -0.058344 0.016371
-0.016163 -0.059504 0.017388
-0.015873 -0.060770 0.018489
-0.015548 -0.062135 0.019671
-0.015271 -0.063580 0.020919
-0.015054 -0.065098 0.022231
-0.014896 -0.066685 0.023603
-0.014786 -0.068339 0.025035
-0.014714 -0.070059 0.026526
-0.014669 -0.071847 0.028076
-0.014639 -0.073701 0.029684
-0.014614 -0.075624 0.031352
-0.014580 -0.077614 0.033078
-0.014527 -0.079672 0.034862
-0.014445 -0.081797 0.036703
-0.014329 -0.083986 0.038600
-0.014192 -0.086232 0.040548
-0.014112 -0.088517 0.042535
-0.014100 -0.090836 0.044556
-0.014153 -0.093185 0.046612
-0.014260 -0.095563 0.048700
-0.014410 -0.097971 0.050821
-0.014589 -0.100411 0.052975
-0.014786 -0.102883 0.055162
-0.014990 -0.105390 0.057383
-0.015186 -0.107933 0.059639
-0.015365 -0.110512 0.061929
-0.015515 -0.113128 0.064253
-0.015632 -0.115779 0.066610
-0.015727 -0.118459 0.068996
-0.015881 -0.121151 0.071399
-0.016104 -0.123849 0.073817
-0.016392 -0.126553 0.076249
-0.016735 -0.129262 0.078693
-0.017122 -0.131977 0.081152
-0.017542 -0.134701 0.083625
-0.017982 -0.137437 0.086113
-0.018431 -0.140187 0.088618
-0.018878 -0.142953 0.091142
-0.019312 -0.145739 0.093683
-0.019721 -0.148545 0.096244
-0.020096 -0.151373 0.098825
-0.020430 -0.154222 0.101423
-0.020737 -0.157086 0.104037
-0.021096 -0.159949 0.106656
-0.021519 -0.162807 0.109277
-0.022000 -0.165658 0.111899
-0.022530 -0.168503 0.114523
-0.023096 -0.171345 0.117149
-0.023686 -0.174186 0.119779
-0.024288 -0.177029 0.122414
-0.024891 -0.179878 0.125056
-0.025481 -0.182734 0.127705
-0.026048 -0.185601 0.130362
-0.026581 -0.188479 0.133028
-0.027074 -0.191369 0.135702
-0.027538 -0.194264 0.138382
-0.028054 -0.197150 0.141057
-0.028633 -0.200022 0.143725
-0.029269 -0.202878 0.146385
-0.029952 -0.205721 0.149039
-0.030669 -0.208553 0.151687
-0.031409 -0.211376 0.154330
-0.032160 -0.214195 0.156971
-0.032909 -0.217013 0.159610
-0.033644 -0.219833 0.162249
-0.034355 -0.222656 0.164889
-0.035030 -0.225486 0.167529
-0.035663 -0.228321 0.170171
-0.036266 -0.231157 0.172811
-0.036920 -0.233979 0.175439
-0.037636 -0.236780 0.178055
-0.038409 -0.239562 0.180656
-0.039227 -0.242326 0.183245
-0.040079 -0.245073 0.185822
-0.040955 -0.247809 0.188389
-0.041843 -0.250536 0.190946
-0.042732 -0.253257 0.193497
-0.043611 -0.255977 0.196041
-0.044469 -0.258698 0.198580
-0.045294 -0.261423 0.201116
-0.046076 -0.264154 0.203648
-0.046810 -0.266891 0.206176
-0.047505 -0.269628 0.208697
-0.048245 -0.272350 0.211203
-0.049039 -0.275052 0.213691
-0.049881 -0.277733 0.216162
-0.050760 -0.280395 0.218615
-0.051664 -0.283041 0.221052
-0.052581 -0.285673 0.223474
-0.053500 -0.288295 0.225881
-0.054408 -0.290910 0.228276
-0.055294 -0.293522 0.230659
-0.056145 -0.296132 0.233031
-0.056951 -0.298742 0.235391
-0.057705 -0.301351 0.237739
-0.058416 -0.303955 0.240074
-0.059168 -0.306537 0.242385
-0.059968 -0.309091 0.244672
-0.060811 -0.311618 0.246933
-0.061685 -0.314118 0.249169
-0.062579 -0.316593 0.251381
-0.063479 -0.319047 0.253569
-0.064374 -0.321483 0.255734
-0.065252 -0.323902 0.257877
-0.066102 -0.326308 0.259999
-0.066910 -0.328703 0.262099
-0.067667 -0.331088 0.264179
-0.068364 -0.333462 0.266236
-0.069012 -0.335819 0.268268
-0.069692 -0.338142 0.270268
-0.070415 -0.340426 0.272233
-0.071173 -0.342670 0.274162
-0.071955 -0.344873 0.276055
-0.072749 -0.347039 0.277912
-0.073544 -0.349169 0.279734
-0.074329 -0.351266 0.281521
-0.075093 -0.353332 0.283274
-0.075824 -0.355369 0.284993
-0.076512 -0.357379 0.286678
-0.077144 -0.359363 0.288330
-0.077710 -0.361323 0.289948
-0.078203 -0.363255 0.291529
-0.078631 -0.365155 0.293072
-0.079078 -0.367003 0.294570
-0.079552 -0.368794 0.296018
-0.080046 -0.370525 0.297417
-0.080549 -0.372197 0.298765
-0.081047 -0.373810 0.300063
-0.081531 -0.375365 0.301310
-0.081987 -0.376865 0.302506
-0.082405 -0.378309 0.303651
-0.082773 -0.379700 0.304746
-0.083080 -0.381037 0.305789
-0.083314 -0.382320 0.306780
-0.083469 -0.383547 0.307717
-0.083555 -0.384711 0.308598
-0.083656 -0.385791 0.309414
-0.083783 -0.386781 0.310164
-0.083929 -0.387678 0.310845
-0.084086 -0.388481 0.311458
-0.084246 -0.389190 0.312000
-0.084401 -0.389805 0.312473
-0.084545 -0.390327 0.312877
-0.084673 -0.390755 0.313210
-0.084780 -0.391091 0.313474
-0.084863 -0.391335 0.313667
-0.084921 -0.391487 0.313791
-0.084951 -0.391546 0.313845
-0.084954 -0.391515 0.313829
-0.084927 -0.391391 0.313744
-0.084872 -0.391176 0.313588
-0.084790 -0.390869 0.313363
-0.084682 -0.390470 0.313067
-0.084550 -0.389978 0.312702
-0.084398 -0.389394 0.312267
-0.084230 -0.388717 0.311761
-0.084050 -0.387945 0.311186
-0.083864 -0.387080 0.310541
-0.083682 -0.386120 0.309826
-0.083510 -0.385065 0.309042
-0.083358 -0.383917 0.308189
-0.083231 -0.382679 0.307270
-0.083119 -0.381356 0.306286
-0.082937 -0.379970 0.305245
-0.082677 -0.378526 0.304150
-0.082344 -0.377028 0.303002
-0.081950 -0.375476 0.301803
-0.081505 -0.373870 0.300552
-0.081022 -0.372207 0.299250
-0.080513 -0.370488 0.297897
-0.079988 -0.368710 0.296492
-0.079460 -0.366873 0.295037
-0.078941 -0.364975 0.293531
-0.078442 -0.363017 0.291974
-0.077971 -0.361000 0.290368
-0.077520 -0.358930 0.288716
-0.077005 -0.356827 0.287025
-0.076419 -0.354695 0.285297
-0.075769 -0.352538 0.283534
-0.075066 -0.350354 0.281737
-0.074322 -0.348141 0.279906
-0.073550 -0.345899 0.278040
-0.072762 -0.343624 0.276140
-0.071969 -0.341315 0.274204
-0.071183 -0.338970 0.272233
-0.070417 -0.336586 0.270226
-0.069682 -0.334163 0.268183
-0.068986 -0.331703 0.266105
-0.068319 -0.329210 0.263995
-0.067599 -0.326702 0.261861
-0.066816 -0.324185 0.259704
-0.065976 -0.321659 0.257527
-0.065092 -0.319123 0.255328
-0.064173 -0.316576 0.253109
-0.063233 -0.314015 0.250867
-0.062280 -0.311436 0.248604
-0.061328 -0.308837 0.246316
-0.060386 -0.306215 0.244005
-0.059465 -0.303567 0.241668
-0.058579 -0.300890 0.239305
-0.057736 -0.298184 0.236916
-0.056945 -0.295449 0.234501
-0.056194 -0.292689 0.232062
-0.055403 -0.289923 0.229609
-0.054559 -0.287154 0.227142
-0.053672 -0.284382 0.224663
-0.052750 -0.281608 0.222172
-0.051806 -0.278827 0.219668
-0.050853 -0.276038 0.217150
-0.049901 -0.273236 0.214616
-0.048963 -0.270419 0.212067
-0.048051 -0.267583 0.209500
-0.047176 -0.264726 0.206914
-0.046351 -0.261846 0.204310
-0.045580 -0.258944 0.201687
-0.044855 -0.256025 0.199047
-0.044093 -0.253104 0.196400
-0.043284 -0.250186 0.193748
-0.042435 -0.247272 0.191091
-0.041555 -0.244360 0.188429
-0.040658 -0.241448 0.185761
-0.039755 -0.238532 0.183086
-0.038858 -0.235608 0.180402
-0.037978 -0.232674 0.177709
-0.037128 -0.229726 0.175004
-0.036320 -0.226762 0.172288
-0.035564 -0.223779 0.169558
-0.034866 -0.220779 0.166816
-0.034215 -0.217766 0.164064
-0.033530 -0.214756 0.161311
-0.032800 -0.211754 0.158559
-0.032030 -0.208759 0.155809
-0.031231 -0.205771 0.153061
-0.030413 -0.202786 0.150314
-0.029588 -0.199802 0.147566
-0.028767 -0.196814 0.144815
-0.027962 -0.193821 0.142062
-0.027183 -0.190817 0.139303
-0.026441 -0.187800 0.136538
-0.025749 -0.184768 0.133766
-0.025116 -0.181719 0.130985
-0.024547 -0.178653 0.128197
-0.024033 -0.175576 0.125404
-0.023490 -0.172502 0.122615
-0.022909 -0.169438 0.119834
-0.022294 -0.166383 0.117061
-0.021657 -0.163337 0.114295
-0.021009 -0.160296 0.111537
-0.020361 -0.157259 0.108784
-0.019727 -0.154222 0.106036
-0.019117 -0.151183 0.103292
-0.018545 -0.148138 0.100549
-0.018022 -0.145085 0.097808
-0.017558 -0.142024 0.095068
-0.017160 -0.138955 0.092329
-0.016816 -0.135884 0.089595
-0.016445 -0.132827 0.086877
-0.016037 -0.129788 0.084176
-0.015597 -0.126770 0.081495
-0.015135 -0.123771 0.078833
-0.014664 -0.120790 0.076189
-0.014195 -0.117825 0.073564
-0.013741 -0.114872 0.070955
-0.013313 -0.111931 0.068363
-0.012924 -0.108997 0.065786
-0.012586 -0.106071 0.063224
-0.012309 -0.103151 0.060676
-0.012098 -0.100241 0.058145
-0.011941 -0.097344 0.055633
-0.011759 -0.094478 0.053152
-0.011540 -0.091649 0.050706
-0.011289 -0.088859 0.048295
-0.011015 -0.086107 0.045920
-0.010729 -0.083393 0.043582
-0.010445 -0.080715 0.041280
-0.010171 -0.078072 0.039013
-0.009921 -0.075461 0.036781
-0.009706 -0.072881 0.034583
-0.009537 -0.070332 0.032419
-0.009425 -0.067811 0.030290
-0.009381 -0.065321 0.028195
-0.009407 -0.062864 0.026137
-0.009494 -0.060446 0.024119
-0.009560 -0.058085 0.022155
-0.009595 -0.055788 0.020247
-0.009602 -0.053558 0.018399
-0.009592 -0.051396 0.016610
-0.009574 -0.049302 0.014882
-0.009562 -0.047277 0.013215
-0.009567 -0.045319 0.011609
-0.009599 -0.043428 0.010064
-0.009671 -0.041605 0.008580
-0.009793 -0.039849 0.007158
-0.009973 -0.038163 0.005800
-0.010215 -0.036551 0.004506
-0.010505 -0.035021 0.003283
-0.010763 -0.033590 0.002142
-0.010973 -0.032267 0.001089
-0.011138 -0.031056 0.000126
-0.011263 -0.029958 -0.000747
-0.011356 -0.028976 -0.001527
-0.011424 -0.028109 -0.002214
-0.011472 -0.027357 -0.002809
-0.011505 -0.026722 -0.003311
-0.011529 -0.026202 -0.003720
-0.011545 -0.025797 -0.004036
-0.011557 -0.025509 -0.004259
-0.011565 -0.025335 -0.004389
-0.011572 -0.025277 -0.004426
-0.011577 -0.025335 -0.004370
-0.011580 -0.025508 -0.004221
-0.011580 -0.025796 -0.003978
-0.011575 -0.026200 -0.003643
-0.011564 -0.026720 -0.003214
-0.011542 -0.027356 -0.002692
-0.011505 -0.028107 -0.002078
-0.011449 -0.028975 -0.001370
-0.011367 -0.029958 -0.000570
-0.011252 -0.031056 0.000322
-0.011098 -0.032269 0.001306
-0.010898 -0.033594 0.002380
-0.010651 -0.035027 0.003541
-0.010370 -0.036559 0.004785
-0.010138 -0.038174 0.006099
-0.009967 -0.039863 0.007479
-0.009854 -0.041622 0.008922
-0.009790 -0.043450 0.010428
-0.009765 -0.045346 0.011994
-0.009768 -0.047309 0.013622
-0.009787 -0.049340 0.015311
-0.009809 -0.051440 0.017062
-0.009825 -0.053609 0.018872
-0.009821 -0.055847 0.020744
-0.009789 -0.058153 0.022674
-0.009723 -0.060522 0.024661
-0.009636 -0.062949 0.026702
-0.009606 -0.065417 0.028783
-0.009646 -0.067918 0.030902
-0.009750 -0.070449 0.033055
-0.009908 -0.073011 0.035242
-0.010108 -0.075603 0.037463
-0.010339 -0.078226 0.039719
-0.010588 -0.080883 0.042010
-0.010842 -0.083574 0.044335
-0.011091 -0.086301 0.046697
-0.011321 -0.089064 0.049094
-0.011522 -0.091865 0.051526
-0.011691 -0.094700 0.053992
-0.011837 -0.097564 0.056488
-0.012042 -0.100440 0.059003
-0.012317 -0.103323 0.061533
-0.012656 -0.106210 0.064077
-0.013050 -0.109103 0.066635
-0.013488 -0.112001 0.069207
-0.013958 -0.114909 0.071795
-0.014449 -0.117827 0.074399
-0.014949 -0.120759 0.077020
-0.015446 -0.123708 0.079659
-0.015930 -0.126675 0.082318
-0.016389 -0.129662 0.084996
-0.016813 -0.132671 0.087694
-0.017198 -0.135699 0.090411
-0.017554 -0.138743 0.093144
-0.017962 -0.141785 0.095881
-0.018434 -0.144821 0.098621
-0.018963 -0.147850 0.101363
-0.019541 -0.150873 0.104106
-0.020155 -0.153891 0.106851
-0.020793 -0.156908 0.109601
-0.021443 -0.159926 0.112356
-0.022093 -0.162949 0.115117
-0.022731 -0.165979 0.117886
-0.023345 -0.169019 0.120663
-0.023924 -0.172070 0.123449
-0.024463 -0.175130 0.126243
-0.024973 -0.178196 0.129042
-0.025535 -0.181252 0.131836
-0.026159 -0.184293 0.134624
-0.026841 -0.187317 0.137403
-0.027568 -0.190327 0.140176
-0.028330 -0.193326 0.142943
-0.029114 -0.196315 0.145705
-0.029909 -0.199299 0.148464
-0.030702 -0.202280 0.151221
-0.031481 -0.205263 0.153978
-0.032235 -0.208249 0.156735
-0.032953 -0.211240 0.159493
-0.033629 -0.214235 0.162252
-0.034275 -0.217231 0.165009
-0.034971 -0.220210 0.167753
-0.035729 -0.223170 0.170485
-0.036543 -0.226108 0.173202
-0.037403 -0.229027 0.175906
-0.038297 -0.231930 0.178598
-0.039213 -0.234820 0.181279
-0.040142 -0.237699 0.183951
-0.041072 -0.240573 0.186615
-0.041991 -0.243444 0.189273
-0.042889 -0.246315 0.191925
-0.043754 -0.249190 0.194573
-0.044576 -0.252070 0.197217
-0.045349 -0.254954 0.199857
-0.046084 -0.257838 0.202489
-0.046863 -0.260706 0.205106
-0.047695 -0.263552 0.207705
-0.048576 -0.266378 0.210286
-0.049493 -0.269183 0.212849
-0.050436 -0.271971 0.215395
-0.051391 -0.274745 0.217925
-0.052348 -0.277508 0.220441
-0.053294 -0.280263 0.222943
-0.054218 -0.283013 0.225433
-0.055107 -0.285761 0.227912
-0.055950 -0.288508 0.230379
-0.056741 -0.291254 0.232834
-0.057490 -0.293993 0.235274
-0.058278 -0.296710 0.237691
-0.059116 -0.299398 0.240082
-0.059995 -0.302058 0.242448
-0.060906 -0.304690 0.244788
-0.061836 -0.307297 0.247104
-0.062773 -0.309882 0.249395
-0.063705 -0.312448 0.251663
-0.064619 -0.314996 0.253909
-0.065505 -0.317531 0.256133
-0.066350 -0.320054 0.258335
-0.067142 -0.322566 0.260516
-0.067876 -0.325066 0.262675
-0.068559 -0.327549 0.264808
-0.069276 -0.329998 0.266909
-0.070035 -0.332406 0.268974
-0.070828 -0.334773 0.271003
-0.071646 -0.337100 0.272995
-0.072477 -0.339389 0.274952
-0.073308 -0.341641 0.276873
-0.074128 -0.343859 0.278759
-0.074928 -0.346046 0.280611
-0.075695 -0.348203 0.282429
-0.076419 -0.350333 0.284212
-0.077087 -0.352436 0.285962
-0.077689 -0.354514 0.287678
-0.078218 -0.356565 0.289357
-0.078683 -0.358582 0.290998
-0.079166 -0.360548 0.292593
-0.079676 -0.362455 0.294139
-0.080206 -0.364302 0.295635
-0.080745 -0.366090 0.297080
-0.081280 -0.367818 0.298475
-0.081800 -0.369488 0.299819
-0.082293 -0.371102 0.301112
-0.082748 -0.372661 0.302354
-0.083153 -0.374165 0.303545
-0.083496 -0.375615 0.304685
-0.083767 -0.377012 0.305773
-0.083960 -0.378351 0.306807
-0.084083 -0.379627 0.307784
-0.084222 -0.380819 0.308698
-0.084385 -0.381921 0.309544
-0.084569 -0.382930 0.310323
-0.084765 -0.383844 0.311032
-0.084963 -0.384664 0.311673
-0.085156 -0.385390 0.312243
-0.085338 -0.386022 0.312744
-0.085504 -0.386560 0.313175
-0.085650 -0.387006 0.313536
-0.085772 -0.387360 0.313828
-0.085869 -0.387622 0.314050
-0.085939 -0.387791 0.314203
-0.085981 -0.387869 0.314285
-0.085994 -0.387855 0.314299
-0.085979 -0.387749 0.314242
-0.085937 -0.387551 0.314116
-0.085870 -0.387261 0.313921
-0.085779 -0.386879 0.313656
-0.085668 -0.386404 0.313321
-0.085540 -0.385835 0.312916
-0.085402 -0.385173 0.312442
-0.085258 -0.384416 0.311898
-0.085118 -0.383565 0.311285
-0.084989 -0.382620 0.310603
-0.084879 -0.381581 0.309854
-0.084795 -0.380452 0.309037
-0.084727 -0.379239 0.308157
-0.084589 -0.377962 0.307220
-0.084372 -0.376628 0.306230
-0.084083 -0.375239 0.305187
-0.083734 -0.373797 0.304093
-0.083334 -0.372300 0.302948
-0.082897 -0.370748 0.301753
-0.082433 -0.369139 0.300507
-0.081954 -0.367472 0.299210
-0.081472 -0.365745 0.297863
-0.081000 -0.363958 0.296465
-0.080548 -0.362111 0.295018
-0.080125 -0.360205 0.293522
-0.079721 -0.358248 0.291980
-0.079255 -0.356256 0.290400
-0.078718 -0.354237 0.288784
-0.078116 -0.352192 0.287133
-0.077463 -0.350121 0.285449
-0.076769 -0.348021 0.283732
-0.076047 -0.345893 0.281980
-0.075309 -0.343732 0.280195
-0.074567 -0.341537 0.278374
-0.073833 -0.339306 0.276519
-0.073119 -0.337037 0.274629
-0.072437 -0.334730 0.272704
-0.071794 -0.332385 0.270745
-0.071180 -0.330008 0.268754
-0.070513 -0.327617 0.266739
-0.069784 -0.325216 0.264703
-0.069000 -0.322808 0.262646
-0.068170 -0.320390 0.260570
-0.067307 -0.317961 0.258473
-0.066423 -0.315518 0.256355
-0.065527 -0.313058 0.254215
-0.064631 -0.310578 0.252052
-0.063746 -0.308076 0.249866
-0.062884 -0.305548 0.247655
-0.062055 -0.302993 0.245419
-0.061272 -0.300408 0.243157
-0.060540 -0.297794 0.240871
-0.059849 -0.295157 0.238561
-0.059117 -0.292513 0.236237
-0.058335 -0.289867 0.233901
-0.057508 -0.287219 0.231553
-0.056648 -0.284569 0.229194
-0.055767 -0.281913 0.226822
-0.054876 -0.279248 0.224437
-0.053987 -0.276572 0.222037
-0.053113 -0.273881 0.219622
-0.052265 -0.271171 0.217190
-0.051455 -0.268441 0.214740
-0.050694 -0.265688 0.212272
-0.049989 -0.262914 0.209786
-0.049330 -0.260123 0.207284
-0.048635 -0.257330 0.204776
-0.047893 -0.254541 0.202262
-0.047111 -0.251757 0.199744
-0.046300 -0.248974 0.197222
-0.045471 -0.246192 0.194694
-0.044636 -0.243406 0.192160
-0.043808 -0.240613 0.189618
-0.042999 -0.237810 0.187066
-0.042219 -0.234994 0.184504
-0.041482 -0.232162 0.181930
-0.040797 -0.229311 0.179343
-0.040170 -0.226444 0.176745
-0.039592 -0.223563 0.174136
-0.038980 -0.220686 0.171527
-0.038323 -0.217817 0.168920
-0.037626 -0.214955 0.166315
-0.036901 -0.212101 0.163711
-0.036157 -0.209250 0.161109
-0.035407 -0.206399 0.158506
-0.034661 -0.203546 0.155901
-0.033931 -0.200686 0.153293
-0.033228 -0.197817 0.150679
-0.032563 -0.194934 0.148060
-0.031947 -0.192036 0.145433
-0.031391 -0.189121 0.142797
-0.030900 -0.186189 0.140155
-0.030463 -0.183245 0.137506
-0.029998 -0.180306 0.134863
-0.029495 -0.177375 0.132226
-0.028959 -0.174454 0.129597
-0.028401 -0.171541 0.126976
-0.027831 -0.168633 0.124361
-0.027263 -0.165729 0.121752
-0.026708 -0.162824 0.119146
-0.026178 -0.159916 0.116543
-0.025686 -0.157003 0.113942
-0.025243 -0.154081 0.111342
-0.024860 -0.151150 0.108741
-0.024542 -0.148211 0.106142
-0.024278 -0.145269 0.103547
-0.023988 -0.142340 0.100965
-0.023661 -0.139429 0.098401
-0.023301 -0.136538 0.095855
-0.022920 -0.133665 0.093327
-0.022529 -0.130809 0.090817
-0.022141 -0.127967 0.088323
-0.021767 -0.125138 0.085845
-0.021419 -0.122317 0.083381
-0.021111 -0.119505 0.080931
-0.020853 -0.116697 0.078494
-0.020655 -0.113896 0.076071
-0.020524 -0.111101 0.073662
-0.020447 -0.108320 0.071271
-0.020343 -0.105568 0.068908
-0.020203 -0.102850 0.066578
-0.020029 -0.100170 0.064281
-0.019833 -0.097526 0.062019
-0.019625 -0.094918 0.059790
-0.019416 -0.092345 0.057595
-0.019219 -0.089803 0.055432
-0.019044 -0.087293 0.053302
-0.018904 -0.084811 0.051203
-0.018808 -0.082356 0.049136
-0.018770 -0.079929 0.047099
-0.018797 -0.077529 0.045095
-0.018896 -0.075159 0.043124
-0.019052 -0.072826 0.041191
-0.019188 -0.070547 0.039307
-0.019291 -0.068329 0.037476
-0.019365 -0.066175 0.035701
-0.019420 -0.064085 0.033981
-0.019467 -0.062061 0.032319
-0.019518 -0.060101 0.030713
-0.019584 -0.058205 0.029164
-0.019676 -0.056373 0.027672
-0.019807 -0.054604 0.026236
-0.019985 -0.052899 0.024858
-0.020221 -0.051260 0.023539
-0.020516 -0.049690 0.022280
-0.020858 -0.048198 0.021086
-0.021165 -0.046800 0.019970
-0.021422 -0.045505 0.018935
-0.021632 -0.044317 0.017985
-0.021800 -0.043238 0.017120
-0.021933 -0.042269 0.016342
-0.022039 -0.041411 0.015650
-0.022122 -0.040662 0.015045
-0.022189 -0.040024 0.014526
-0.022242 -0.039495 0.014094
-0.022286 -0.039076 0.013748
-0.022322 -0.038766 0.013489
-0.022352 -0.038565 0.013315
-0.022378 -0.038474 0.013228
-0.022398 -0.038490 0.013227
-0.022413 -0.038616 0.013311
-0.022422 -0.038850 0.013481
-0.022423 -0.039192 0.013737
-0.022414 -0.039642 0.014077
-0.022390 -0.040201 0.014503
-0.022348 -0.040867 0.015014
-0.022283 -0.041641 0.015609
-0.022188 -0.042523 0.016288
-0.022057 -0.043512 0.017050
-0.021882 -0.044606 0.017895
-0.021657 -0.045803 0.018821
-0.021381 -0.047098 0.019825
-0.021067 -0.048485 0.020903
-0.020796 -0.049943 0.022041
-0.020583 -0.051466 0.023235
-0.020423 -0.053049 0.024483
-0.020308 -0.054690 0.025784
-0.020227 -0.056388 0.027136
-0.020169 -0.058143 0.028539
-0.020121 -0.059956 0.029992
-0.020073 -0.061825 0.031496
-0.020012 -0.063752 0.033050
-0.019927 -0.065735 0.034653
-0.019808 -0.067775 0.036304
-0.019651 -0.069866 0.038001
-0.019466 -0.072002 0.039740
-0.019333 -0.074165 0.041508
-0.019263 -0.076349 0.043301
-0.019253 -0.078550 0.045117
-0.019290 -0.080767 0.046956
-0.019364 -0.083000 0.048817
-0.019463 -0.085251 0.050699
-0.019573 -0.087521 0.052604
-0.019683 -0.089810 0.054532
-0.019780 -0.092121 0.056482
-0.019853 -0.094453 0.058455
-0.019890 -0.096806 0.060450
-0.019888 -0.099178 0.062465
-0.019858 -0.101563 0.064497
-0.019879 -0.103943 0.066533
-0.019962 -0.106314 0.068572
-0.020104 -0.108672 0.070610
-0.020294 -0.111018 0.072649
-0.020520 -0.113353 0.074688
-0.020772 -0.115679 0.076729
-0.021037 -0.117998 0.078771
-0.021303 -0.120313 0.080815
-0.021561 -0.122625 0.082864
-0.021797 -0.124937 0.084916
-0.022000 -0.127251 0.086974
-0.022162 -0.129566 0.089035
-0.022276 -0.131882 0.091100
-0.022353 -0.134193 0.093166
-0.022476 -0.136483 0.095221
-0.022654 -0.138746 0.097262
-0.022883 -0.140982 0.099290
-0.023151 -0.143190 0.101304
-0.023448 -0.145373 0.103305
-0.023761 -0.147533 0.105294
-0.024078 -0.149673 0.107272
-0.024387 -0.151795 0.109240
-0.024676 -0.153903 0.111200
-0.024933 -0.155998 0.113152
-0.025147 -0.158082 0.115096
-0.025313 -0.160153 0.117031
-0.025441 -0.162207 0.118955
-0.025614 -0.164227 0.120858
-0.025841 -0.166209 0.122737
-0.026116 -0.168151 0.124593
-0.026430 -0.170055 0.126425
-0.026770 -0.171923 0.128235
-0.027124 -0.173758 0.130023
-0.027480 -0.175563 0.131792
-0.027827 -0.177342 0.133542
-0.028152 -0.179097 0.135276
-0.028443 -0.180831 0.136993
-0.028691 -0.182545 0.138694
-0.028889 -0.184239 0.140379
-0.029049 -0.185908 0.142046
-0.029251 -0.187536 0.143685
-0.029508 -0.189118 0.145294
-0.029812 -0.190654 0.146873
-0.030155 -0.192146 0.148423
-0.030525 -0.193595 0.149944
-0.030910 -0.195006 0.151439
-0.031300 -0.196381 0.152909
-0.031683 -0.197725 0.154356
-0.032050 -0.199041 0.155780
-0.032388 -0.200331 0.157184
-0.032687 -0.201599 0.158569
-0.032936 -0.202847 0.159934
-0.033131 -0.204074 0.161280
-0.033280 -0.205275 0.162604
-0.033468 -0.206435 0.163898
-0.033704 -0.207549 0.165161
-0.033983 -0.208616 0.166392
-0.034293 -0.209639 0.167591
-0.034622 -0.210619 0.168761
-0.034960 -0.211561 0.169902
-0.035295 -0.212467 0.171016
-0.035615 -0.213342 0.172104
-0.035908 -0.214188 0.173169
-0.036163 -0.215009 0.174210
-0.036370 -0.215805 0.175228
-0.036522 -0.216577 0.176224
-0.036627 -0.217320 0.177194
-0.036771 -0.218019 0.178132
-0.036962 -0.218667 0.179035
-0.037193 -0.219266 0.179905
-0.037454 -0.219816 0.180740
-0.037734 -0.220322 0.181544
-0.038019 -0.220785 0.182316
-0.038300 -0.221209 0.183059
-0.038564 -0.221598 0.183774
-0.038801 -0.221956 0.184462
-0.038999 -0.222284 0.185124
-0.039147 -0.222584 0.185760
-0.039239 -0.222857 0.186371
-0.039284 -0.223098 0.186955
-0.039366 -0.223290 0.187504
-0.039494 -0.223429 0.188017
-0.039663 -0.223514 0.188495
-0.039860 -0.223548 0.188938
-0.040075 -0.223532 0.189347
-0.040299 -0.223471 0.189724
-0.040519 -0.223367 0.190069
-0.040727 -0.223224 0.190386
-0.040912 -0.223045 0.190674
-0.041064 -0.222834 0.190935
-0.041172 -0.222593 0.191170
-0.041227 -0.222324 0.191379
-0.041220 -0.222026 0.191563
-0.041163 -0.221695 0.191719
-0.041138 -0.221314 0.191842
-0.041156 -0.220879 0.191930
-0.041208 -0.220388 0.191984
-0.041285 -0.219844 0.192004
-0.041376 -0.219249 0.191991
-0.041469 -0.218607 0.191947
-0.041555 -0.217919 0.191873
-0.041623 -0.217190 0.191770
-0.041663 -0.216422 0.191640
-0.041664 -0.215618 0.191483
-0.041617 -0.214780 0.191301
-0.041516 -0.213906 0.191092
-0.041370 -0.212992 0.190856
-0.041265 -0.212022 0.190588
-0.041210 -0.210990 0.190287
-0.041201 -0.209896 0.189953
-0.041230 -0.208741 0.189587
-0.041289 -0.207528 0.189191
-0.041370 -0.206260 0.188765
-0.041468 -0.204939 0.188312
-0.041580 -0.203569 0.187833
-0.041701 -0.202154 0.187330
-0.041830 -0.200695 0.186805
-0.041963 -0.199196 0.186259
-0.042100 -0.197659 0.185694
-0.042240 -0.196089 0.185112
-0.042381 -0.194487 0.184515
-0.042524 -0.192857 0.183904
-0.042668 -0.191201 0.183281
-0.042813 -0.189523 0.182647
-0.042959 -0.187824 0.182004
-0.043106 -0.186107 0.181354
-0.043252 -0.184375 0.180697
-0.043399 -0.182630 0.180036
-0.043544 -0.180875 0.179371
-0.043688 -0.179111 0.178703
-0.043828 -0.177341 0.178034
-0.043964 -0.175566 0.177364
-0.044093 -0.173785 0.176693
-0.044219 -0.171999 0.176021
-0.044352 -0.170203 0.175347
-0.044495 -0.168396 0.174671
-0.044647 -0.166579 0.173992
-0.044804 -0.164752 0.173312
-0.044967 -0.162917 0.172630
-0.045132 -0.161075 0.171947
-0.045298 -0.159229 0.171265
-0.045464 -0.157379 0.170584
-0.045628 -0.155528 0.169904
-0.045788 -0.153676 0.169226
-0.045942 -0.151825 0.168550
-0.046088 -0.149974 0.167877
-0.046229 -0.148122 0.167205
-0.046375 -0.146266 0.166534
-0.046529 -0.144402 0.165862
-0.046689 -0.142532 0.165190
-0.046852 -0.140656 0.164518
-0.047018 -0.138775 0.163846
-0.047184 -0.136891 0.163175
-0.047348 -0.135004 0.162505
-0.047510 -0.133118 0.161838
-0.047667 -0.131232 0.161172
-0.047819 -0.129347 0.160510
-0.047961 -0.127466 0.159850
-0.048095 -0.125586 0.159194
-0.048219 -0.123708 0.158539
-0.048348 -0.121826 0.157885
-0.048482 -0.119939 0.157231
-0.048620 -0.118047 0.156578
-0.048761 -0.116150 0.155924
-0.048901 -0.114249 0.155271
-0.049041 -0.112347 0.154619
-0.049179 -0.110443 0.153969
-0.049313 -0.108540 0.153320
-0.049443 -0.106639 0.152675
-0.049567 -0.104741 0.152032
-0.049684 -0.102847 0.151394
-0.049792 -0.100958 0.150758
-0.049889 -0.099073 0.150127
-0.049976 -0.097192 0.149498
-0.050067 -0.095309 0.148870
-0.050163 -0.093422 0.148243
-0.050261 -0.091533 0.147617
-0.050361 -0.089641 0.146991
-0.050460 -0.087747 0.146366
-0.050558 -0.085852 0.145743
-0.050651 -0.083958 0.145121
-0.050741 -0.082066 0.144502
-0.050823 -0.080177 0.143885
-0.050898 -0.078291 0.143271
-0.050963 -0.076411 0.142661
-0.051017 -0.074535 0.142053
-0.051060 -0.072662 0.141447
-0.051106 -0.070787 0.140843
-0.051156 -0.068908 0.140238
-0.051207 -0.067025 0.139633
-0.051259 -0.065140 0.139028
-0.051310 -0.063252 0.138423
-0.051357 -0.061363 0.137819
-0.051400 -0.059474 0.137216
-0.051438 -0.057587 0.136614
-0.051468 -0.055702 0.136015
-0.051490 -0.053821 0.135417
-0.051501 -0.051943 0.134822
-0.051501 -0.050070 0.134230
-0.051490 -0.048199 0.133638
-0.051480 -0.046325 0.133047
-0.051474 -0.044447 0.132455
-0.051470 -0.042565 0.131863
-0.051465 -0.040679 0.131269
-0.051459 -0.038791 0.130675
-0.051451 -0.036901 0.130082
-0.051439 -0.035010 0.129489
-0.051422 -0.033121 0.128897
-0.051400 -0.031234 0.128307
-0.051370 -0.029350 0.127719
-0.051333 -0.027471 0.127133
-0.051286 -0.025597 0.126550
-0.051227 -0.023727 0.125969
-0.051158 -0.021861 0.125390
-0.051092 -0.019993 0.124811
-0.051030 -0.018122 0.124232
-0.050970 -0.016247 0.123652
-0.050910 -0.014370 0.123072
-0.050849 -0.012491 0.122491
-0.050785 -0.010611 0.121910
-0.050718 -0.008731 0.121330
-0.050646 -0.006853 0.120751
-0.050567 -0.004978 0.120174
-0.050481 -0.003107 0.119598
-0.050385 -0.001240 0.119024
-0.050278 0.000624 0.118452
-0.050160 0.002484 0.117881
-0.050045 0.004348 0.117309
-0.049934 0.006215 0.116736
-0.049824 0.008086 0.116161
-0.049715 0.009961 0.115585
-0.049604 0.011839 0.115008
-0.049491 0.013718 0.114431
-0.049373 0.015598 0.113853
-0.049251 0.017476 0.113276
-0.049122 0.019353 0.112699
-0.048985 0.021228 0.112123
-0.048838 0.023098 0.111549
-0.048680 0.024966 0.110975
-0.048512 0.026832 0.110401
-0.048346 0.028701 0.109826
-0.048184 0.030575 0.109249
-0.048023 0.032454 0.108670
-0.047864 0.034337 0.108089
-0.047703 0.036224 0.107507
-0.047540 0.038113 0.106923
-0.047375 0.040003 0.106338
-0.047205 0.041893 0.105754
-0.047031 0.043781 0.105169
-0.046851 0.045666 0.104585
-0.046664 0.047549 0.104003
-0.046469 0.049427 0.103421
-0.046263 0.051301 0.102840
-0.046047 0.053173 0.102260
-0.045836 0.055047 0.101678
-0.045628 0.056925 0.101095
-0.045424 0.058808 0.100509
-0.045221 0.060693 0.099922
-0.045017 0.062582 0.099333
-0.044812 0.064472 0.098743
-0.044604 0.066363 0.098152
-0.044393 0.068253 0.097560
-0.044176 0.070141 0.096969
-0.043953 0.072026 0.096378
-0.043721 0.073908 0.095787
-0.043479 0.075787 0.095196
-0.043228 0.077664 0.094605
-0.042981 0.079545 0.094012
-0.042738 0.081430 0.093416
-0.042497 0.083320 0.092818
-0.042258 0.085215 0.092217
-0.042019 0.087112 0.091613
-0.041777 0.089013 0.091008
-0.041533 0.090914 0.090401
-0.041285 0.092816 0.089792
-0.041031 0.094716 0.089183
-0.040771 0.096615 0.088574
-0.040503 0.098510 0.087964
-0.040224 0.100404 0.087353
-0.039936 0.102296 0.086742
-0.039652 0.104193 0.086127
-0.039373 0.106095 0.085510
-0.039096 0.108002 0.084889
-0.038821 0.109914 0.084264
-0.038546 0.111830 0.083637
-0.038270 0.113749 0.083007
-0.037992 0.115670 0.082375
-0.037711 0.117591 0.081741
-0.037427 0.119511 0.081107
-0.037139 0.121430 0.080471
-0.036845 0.123345 0.079835
-0.036544 0.125256 0.079199
-0.036234 0.127165 0.078563
-0.035916 0.129071 0.077925
-0.035603 0.130980 0.077285
-0.035295 0.132893 0.076642
-0.034991 0.134811 0.075996
-0.034690 0.136733 0.075346
-0.034389 0.138657 0.074694
-0.034088 0.140583 0.074039
-0.033786 0.142510 0.073382
-0.033481 0.144436 0.072723
-0.033172 0.146361 0.072064
-0.032858 0.148283 0.071403
-0.032538 0.150201 0.070742
-0.032208 0.152116 0.070079
-0.031872 0.154030 0.069415
-0.031539 0.155946 0.068748
-0.031213 0.157867 0.068078
-0.030891 0.159793 0.067403
-0.030570 0.161723 0.066725
-0.030251 0.163655 0.066044
-0.029931 0.165590 0.065360
-0.029609 0.167525 0.064673
-0.029285 0.169459 0.063984
-0.028958 0.171392 0.063294
-0.028625 0.173322 0.062602
-0.028286 0.175249 0.061909
-0.027939 0.177172 0.061214
-0.027583 0.179094 0.060517
-0.027233 0.181018 0.059818
-0.026889 0.182947 0.059114
-0.026549 0.184880 0.058406
-0.026212 0.186816 0.057695
-0.025877 0.188755 0.056980
-0.025542 0.190695 0.056262
-0.025206 0.192636 0.055541
-0.024870 0.194575 0.054818
-0.024533 0.196512 0.054094
-0.024193 0.198444 0.053369
-0.023849 0.200372 0.052643
-0.023500 0.202295 0.051916
-0.023144 0.204211 0.051188
-0.022782 0.206124 0.050459
-0.022427 0.208037 0.049728
-0.022079 0.209952 0.048993
-0.021737 0.211868 0.048256
-0.021399 0.213786 0.047515
-0.021064 0.215704 0.046771
-0.020730 0.217620 0.046025
-0.020397 0.219534 0.045277
-0.020064 0.221444 0.044527
-0.019729 0.223349 0.043777
-0.019392 0.225248 0.043026
-0.019050 0.227139 0.042275
-0.018702 0.229024 0.041522
-0.018349 0.230904 0.040769
-0.018003 0.232782 0.040013
-0.017664 0.234660 0.039255
-0.017332 0.236539 0.038493
-0.017004 0.238417 0.037729
-0.016680 0.240293 0.036962
-0.016357 0.242166 0.036193
-0.016036 0.244035 0.035422
-0.015715 0.245898 0.034650
-0.015393 0.247753 0.033878
-0.015069 0.249601 0.033106
-0.014741 0.251439 0.032333
-0.014408 0.253268 0.031560
-0.014070 0.255090 0.030787
-0.013740 0.256907 0.030012
-0.013419 0.258722 0.029234
-0.013105 0.260535 0.028454
-0.012797 0.262344 0.027673
-0.012493 0.264149 0.026889
-0.012193 0.265948 0.026104
-0.011896 0.267739 0.025319
-0.011601 0.269521 0.024533
-0.011308 0.271292 0.023748
-0.011016 0.273052 0.022964
-0.010725 0.274798 0.022181
-0.010432 0.276530 0.021400
-0.010136 0.278247 0.020620
-0.009837 0.279952 0.019841
-0.009549 0.281647 0.019063
-0.009272 0.283334 0.018283
-0.009004 0.285013 0.017504
-0.008744 0.286682 0.016724
-0.008490 0.288341 0.015944
-0.008242 0.289989 0.015166
-0.007999 0.291622 0.014388
-0.007759 0.293241 0.013612
-0.007523 0.294842 0.012838
-0.007288 0.296426 0.012067
-0.007053 0.297991 0.011299
-0.006817 0.299536 0.010534
-0.006580 0.301063 0.009771
-0.006354 0.302576 0.009009
-0.006140 0.304075 0.008249
-0.005937 0.305561 0.007490
-0.005743 0.307032 0.006732
-0.005556 0.308487 0.005976
-0.005377 0.309924 0.005222
-0.005203 0.311342 0.004471
-0.005034 0.312738 0.003724
-0.004869 0.314112 0.002981
-0.004708 0.315461 0.002242
-0.004548 0.316785 0.001508
-0.004387 0.318083 0.000778
-0.004228 0.319355 0.000054
-0.004081 0.320607 -0.000668
-0.003948 0.321838 -0.001386
-0.003827 0.323048 -0.002100
-0.003717 0.324235 -0.002811
-0.003616 0.325400 -0.003518
-0.003525 0.326538 -0.004220
-0.003442 0.327649 -0.004917
-0.003366 0.328730 -0.005608
-0.003299 0.329780 -0.006291
-0.003238 0.330797 -0.006968
-0.003182 0.331779 -0.007636
-0.003131 0.332725 -0.008296
-0.003083 0.333633 -0.008948
-0.003038 0.334505 -0.009591
-0.003009 0.335345 -0.010227
-0.002996 0.336153 -0.010856
-0.002999 0.336927 -0.011477
-0.003014 0.337668 -0.012091
-0.003042 0.338373 -0.012696
-0.003081 0.339039 -0.013292
-0.003130 0.339666 -0.013879
-0.003189 0.340250 -0.014455
-0.003256 0.340791 -0.015020
-0.003331 0.341285 -0.015572
-0.003412 0.341731 -0.016113
-0.003497 0.342129 -0.016641
-0.003587 0.342479 -0.017157
-0.003693 0.342784 -0.017661
-0.003818 0.343046 -0.018153
-0.003958 0.343261 -0.018632
-0.004112 0.343431 -0.019100
-0.004279 0.343551 -0.019553
-0.004459 0.343620 -0.019993
-0.004649 0.343635 -0.020417
-0.004850 0.343595 -0.020825
-0.005060 0.343497 -0.021216
-0.005278 0.343338 -0.021589
-0.005503 0.343117 -0.021943
-0.005733 0.342834 -0.022278
-0.005967 0.342487 -0.022594
-0.006220 0.342080 -0.022891
-0.006490 0.341613 -0.023168
-0.006777 0.341085 -0.023426
-0.007079 0.340495 -0.023662
-0.007394 0.339839 -0.023876
-0.007722 0.339115 -0.024067
-0.008063 0.338320 -0.024233
-0.008415 0.337452 -0.024373
-0.008777 0.336508 -0.024486
-0.009150 0.335485 -0.024569
-0.009532 0.334382 -0.024623
-0.009921 0.333195 -0.024644
-0.010315 0.331923 -0.024633
-0.010715 0.330566 -0.024589
-0.011133 0.329127 -0.024510
-0.011569 0.327605 -0.024396
-0.012022 0.326000 -0.024246
-0.012489 0.324308 -0.024058
-0.012969 0.322528 -0.023830
-0.013461 0.320655 -0.023560
-0.013963 0.318688 -0.023245
-0.014476 0.316623 -0.022883
-0.014996 0.314458 -0.022473
-0.015524 0.312189 -0.022011
-0.016056 0.309814 -0.021494
-0.016591 0.307332 -0.020922
-0.017128 0.304742 -0.020291
-0.017681 0.302047 -0.019599
-0.018248 0.299246 -0.018846
-0.018827 0.296338 -0.018026
-0.019417 0.293319 -0.017138
-0.020016 0.290188 -0.016177
-0.020622 0.286940 -0.015140
-0.021233 0.283574 -0.014022
-0.021849 0.280087 -0.012820
-0.022468 0.276474 -0.011528
-0.023088 0.272734 -0.010141
-0.023706 0.268864 -0.008656
-0.024321 0.264863 -0.007067
-0.024932 0.260730 -0.005370
-0.025551 0.256468 -0.003559
-0.026177 0.252077 -0.001629
-0.026808 0.247556 0.000425
-0.027441 0.242902 0.002611
-0.028075 0.238114 0.004936
-0.028708 0.233189 0.007408
-0.029337 0.228125 0.010035
-0.029963 0.222919 0.012825
-0.030582 0.217570 0.015787
-0.031192 0.212076 0.018932
-0.031793 0.206435 0.022269
-0.032379 0.200648 0.025809
-0.032950 0.194713 0.029562
-0.033502 0.188634 0.033540
-0.034048 0.182414 0.037754
-0.034585 0.176057 0.042217
-0.035110 0.169563 0.046942
-0.035619 0.162934 0.051943
-0.036110 0.156172 0.057236
-0.036578 0.149277 0.062837
-0.037021 0.142252 0.068762
-0.037435 0.135099 0.075029
-0.037818 0.127822 0.081655
-0.038163 0.120425 0.088657
-0.038469 0.112913 0.096052
-0.038729 0.105293 0.103856
-0.038943 0.097575 0.112082
-0.039118 0.089771 0.120738
-0.039255 0.081892 0.129829
-0.039348 0.073950 0.139347
-0.039394 0.065956 0.149274
-0.039392 0.057923 0.159568
-0.039338 0.049863 0.170154
-0.039229 0.041791 0.180912
-0.039061 0.033719 0.191649
-0.038825 0.025659 0.202068
-0.038501 0.017620 0.211724
-0.038048 0.009597 0.219947
-0.037369 0.001569 0.225748
-0.036202 -0.006525 0.227661
-0.034545 -0.013975 0.222516
