-0.000000 -0.000000 0.000000 -0.000000 0.000000 0.000000 -0.000000
-0.134649 0.037574 0.040457 0.409226 0.008331 0.122969 -0.136536
-0.323597 0.098057 0.080615 0.841050 0.013916 0.225291 -0.248015
-0.573137 0.179401 0.119191 1.248449 0.016895 0.311435 -0.356851
-0.889025 0.279281 0.156737 1.634452 0.018224 0.384857 -0.465784
-1.269957 0.395177 0.193738 2.010602 0.018616 0.447688 -0.573629
-1.710891 0.524515 0.230548 2.388395 0.018561 0.501397 -0.678768
-2.206463 0.664770 0.267491 2.776656 0.018423 0.547184 -0.780302
-2.752306 0.813466 0.304896 3.175136 0.018544 0.586241 -0.878219
-3.332085 0.968333 0.342227 3.593294 0.018771 0.618827 -0.970459
-3.933677 1.127389 0.379069 4.036620 0.018979 0.645396 -1.056332
-4.549138 1.288958 0.415241 4.508884 0.019134 0.666536 -1.135758
-5.172923 1.451667 0.450704 5.013446 0.019251 0.682853 -1.208771
-5.801169 1.614409 0.485513 5.553191 0.019376 0.694953 -1.275547
-6.431604 1.776311 0.519866 6.129181 0.019565 0.703745 -1.336874
-7.057924 1.936559 0.553292 6.737621 0.019834 0.709226 -1.391542
-7.677170 2.094593 0.585406 7.379778 0.020086 0.711436 -1.440077
-8.287588 2.250002 0.615908 8.057459 0.020250 0.710437 -1.482788
-8.888230 2.402428 0.644371 8.772795 0.020254 0.706139 -1.519791
-9.478292 2.551624 0.670441 9.527594 0.020054 0.698490 -1.551415
-10.057651 2.697530 0.694544 10.322437 0.019727 0.688286 -1.578447
-10.624347 2.840071 0.716524 11.156266 0.019239 0.675784 -1.602366
-11.168674 2.978819 0.736121 12.012160 0.018796 0.661279 -1.620862
-11.681098 3.113281 0.753832 12.871686 0.018632 0.645241 -1.630784
-12.161348 3.243658 0.769693 13.734589 0.018672 0.628046 -1.634200
-12.609262 3.369727 0.783255 14.601125 0.018859 0.609388 -1.630913
-13.025540 3.491402 0.794526 15.471410 0.019169 0.589373 -1.621171
-13.411364 3.608640 0.803513 16.345509 0.019576 0.568084 -1.605434
-13.767568 3.721282 0.809612 17.221883 0.020147 0.545595 -1.584177
-14.096127 3.829301 0.812836 18.100606 0.020863 0.521949 -1.557755
-14.399333 3.932642 0.813189 18.981814 0.021717 0.497157 -1.526238
-14.679254 4.031126 0.810557 19.865572 0.022678 0.471191 -1.490006
-14.936878 4.125256 0.805107 20.751972 0.023771 0.444150 -1.449273
-15.172650 4.214944 0.797669 21.641022 0.025044 0.416528 -1.404366
-15.386993 4.300238 0.788794 22.532582 0.026488 0.388682 -1.356265
-15.579670 4.380990 0.778075 23.424504 0.028150 0.360664 -1.305896
-15.752012 4.457346 0.765831 24.316684 0.030004 0.332641 -1.254085
-15.905839 4.529504 0.752376 25.209099 0.032043 0.304745 -1.201303
-16.043285 4.597692 0.737971 26.101752 0.034264 0.277062 -1.147924
-16.166681 4.662153 0.722830 26.994661 0.036665 0.249641 -1.094251
-16.278438 4.723140 0.707115 27.887863 0.039243 0.222503 -1.040546
-16.380869 4.780888 0.690905 28.781330 0.041976 0.195627 -0.987341
-16.474951 4.835400 0.673966 29.672847 0.045044 0.168779 -0.935318
-16.562859 4.886907 0.656332 30.562424 0.048432 0.141922 -0.884899
-16.646746 4.935674 0.638075 31.450154 0.052147 0.115025 -0.836147
-16.728612 4.981978 0.619260 32.336155 0.056203 0.088054 -0.789059
-16.810249 5.026098 0.599943 33.220546 0.060614 0.060970 -0.743632
-16.893125 5.068273 0.580099 34.103359 0.065372 0.033708 -0.700217
-16.977978 5.108634 0.559939 34.983253 0.070327 0.006572 -0.658996
-17.066648 5.147256 0.539681 35.860351 0.075504 -0.020370 -0.619992
-17.160269 5.184279 0.519209 36.734707 0.080887 -0.047219 -0.583477
-17.259852 5.219921 0.498512 37.606448 0.086489 -0.074038 -0.549469
-17.366328 5.254421 0.477608 38.475715 0.092328 -0.100872 -0.517925
-17.480543 5.288008 0.456507 39.342645 0.098420 -0.127771 -0.488844
-17.603236 5.320886 0.435208 40.207318 0.104769 -0.154779 -0.462436
-17.734769 5.353244 0.413869 41.069014 0.111099 -0.181447 -0.438508
-17.875759 5.385230 0.392435 41.927717 0.117389 -0.207831 -0.417667
-18.026378 5.416933 0.370919 42.782877 0.123510 -0.233909 -0.402587
-18.179819 5.447608 0.349789 43.619821 0.129841 -0.259690 -0.386822
-18.334365 5.477060 0.329206 44.434438 0.136358 -0.285139 -0.371157
-18.489977 5.505288 0.309174 45.225933 0.143030 -0.310287 -0.356380
-18.646692 5.532302 0.289706 45.993903 0.149836 -0.335168 -0.343133
-18.803463 5.557995 0.270920 46.735841 0.156638 -0.359414 -0.330140
-18.960420 5.582404 0.252842 47.451949 0.163429 -0.383057 -0.317840
-19.117980 5.605623 0.235466 48.143107 0.170210 -0.406145 -0.306450
-19.276589 5.627756 0.218783 48.810378 0.176988 -0.428726 -0.296119
-19.436569 5.648896 0.202789 49.454724 0.183768 -0.450846 -0.287012
-19.597935 5.669082 0.187512 50.076656 0.190553 -0.472538 -0.279413
-19.759864 5.688221 0.172993 50.674992 0.197253 -0.493551 -0.272272
-19.922293 5.706341 0.159262 51.250257 0.203873 -0.513914 -0.265847
-20.085369 5.723510 0.146326 51.803411 0.210420 -0.533667 -0.260254
-20.249286 5.739814 0.134184 52.335544 0.216907 -0.552852 -0.255562
-20.414210 5.755334 0.122833 52.847731 0.223344 -0.571509 -0.251829
-20.580203 5.770134 0.112276 53.340899 0.229742 -0.589677 -0.249147
-20.747109 5.784235 0.102529 53.815604 0.236105 -0.607389 -0.247700
-20.914182 5.797540 0.093584 54.271170 0.242377 -0.624467 -0.246653
-21.081228 5.810061 0.085461 54.708124 0.248563 -0.640942 -0.246180
-21.248228 5.821849 0.078157 55.127303 0.254672 -0.656849 -0.246359
-21.415214 5.832964 0.071669 55.529638 0.260716 -0.672225 -0.247227
-21.582208 5.843467 0.065987 55.916043 0.266708 -0.687108 -0.248820
-21.749174 5.853409 0.061106 56.287315 0.272658 -0.701533 -0.251194
-21.915923 5.862801 0.057027 56.643974 0.278572 -0.715533 -0.254478
-22.081860 5.871553 0.053686 56.985651 0.284410 -0.728969 -0.258042
-22.246783 5.879674 0.051085 57.312817 0.290179 -0.741871 -0.262010
-22.410621 5.887202 0.049216 57.626154 0.295887 -0.754273 -0.266441
-22.573339 5.894184 0.048067 57.926388 0.301547 -0.766209 -0.271369
-22.734877 5.900661 0.047628 58.214178 0.307169 -0.777709 -0.276842
-22.895073 5.906652 0.047896 58.489988 0.312759 -0.788805 -0.282952
-23.053469 5.912094 0.048814 58.753626 0.318278 -0.799382 -0.289220
-23.209910 5.917007 0.050379 59.005519 0.323733 -0.809469 -0.295734
-23.364345 5.921431 0.052581 59.246254 0.329134 -0.819095 -0.302532
-23.516768 5.925416 0.055406 59.476462 0.334494 -0.828289 -0.309633
-23.667175 5.929015 0.058840 59.696759 0.339824 -0.837080 -0.317051
-23.815543 5.932269 0.062865 59.907694 0.345134 -0.845496 -0.324816
-23.961782 5.935198 0.067459 60.109670 0.350433 -0.853571 -0.332987
-24.105627 5.937747 0.072514 60.302660 0.355694 -0.861194 -0.341228
-24.246993 5.939933 0.078009 60.487026 0.360925 -0.868397 -0.349599
-24.385866 5.941795 0.083930 60.663230 0.366136 -0.875203 -0.358130
-24.522263 5.943380 0.090263 60.831759 0.371339 -0.881639 -0.366838
-24.656201 5.944734 0.096995 60.993086 0.376545 -0.887727 -0.375737
-24.787685 5.945895 0.104113 61.147624 0.381766 -0.893491 -0.384855
-24.916658 5.946877 0.111590 61.295665 0.387009 -0.898959 -0.394247
-25.042918 5.947621 0.119305 61.437155 0.392290 -0.904052 -0.403708
-25.166413 5.948137 0.127235 61.572347 0.397619 -0.908796 -0.413295
-25.287152 5.948458 0.135368 61.701573 0.403005 -0.913211 -0.423041
-25.405160 5.948619 0.143697 61.825179 0.408461 -0.917316 -0.432971
-25.520455 5.948650 0.152214 61.943474 0.413998 -0.921127 -0.443116
-25.633017 5.948568 0.160908 62.056679 0.419626 -0.924665 -0.453525
-25.742711 5.948337 0.169706 62.164753 0.425390 -0.927851 -0.464055
-25.849523 5.947969 0.178601 62.267893 0.431302 -0.930701 -0.474759
-25.953486 5.947494 0.187589 62.366361 0.437373 -0.933231 -0.485665
-26.054650 5.946944 0.196666 62.460441 0.443619 -0.935452 -0.496797
-26.153074 5.946351 0.205829 62.550408 0.450054 -0.937377 -0.508175
-26.248812 5.945741 0.215070 62.636515 0.456693 -0.939019 -0.519825
-26.341898 5.945122 0.224363 62.718959 0.463550 -0.940398 -0.531785
-26.432330 5.944452 0.233592 62.797822 0.470606 -0.941448 -0.544018
-26.520143 5.943737 0.242735 62.873280 0.477878 -0.942186 -0.556564
-26.605396 5.942998 0.251785 62.945540 0.485381 -0.942623 -0.569454
-26.688155 5.942258 0.260743 63.014816 0.493133 -0.942764 -0.582713
-26.768487 5.941543 0.269610 63.081314 0.501154 -0.942617 -0.596368
-26.846455 5.940871 0.278383 63.145219 0.509463 -0.942187 -0.610453
-26.922108 5.940244 0.287045 63.206679 0.518076 -0.941486 -0.625006
-26.995465 5.939637 0.295578 63.265650 0.526694 -0.940624 -0.639563
-27.066574 5.939052 0.303964 63.322264 0.535335 -0.939609 -0.654164
-27.135498 5.938501 0.312205 63.376671 0.544018 -0.938447 -0.668846
-27.202302 5.937998 0.320301 63.429029 0.552766 -0.937138 -0.683643
-27.267052 5.937555 0.328251 63.479487 0.561599 -0.935687 -0.698589
-27.329810 5.937171 0.336039 63.528175 0.570536 -0.934100 -0.713720
-27.390630 5.936820 0.343636 63.575097 0.579297 -0.932470 -0.728661
-27.449573 5.936499 0.351024 63.620373 0.587901 -0.930805 -0.743447
-27.506706 5.936217 0.358204 63.664132 0.596369 -0.929104 -0.758113
-27.562095 5.935983 0.365182 63.706502 0.604721 -0.927368 -0.772693
-27.615804 5.935807 0.371962 63.747606 0.612978 -0.925595 -0.787221
-27.667895 5.935691 0.378545 63.787551 0.621160 -0.923787 -0.801733
-27.718422 5.935629 0.384921 63.826426 0.629284 -0.921947 -0.816269
-27.767430 5.935595 0.391070 63.864201 0.637141 -0.920137 -0.830527
-27.814970 5.935579 0.396982 63.900956 0.644746 -0.918361 -0.844550
-27.861100 5.935582 0.402657 63.936784 0.652119 -0.916619 -0.858372
-27.905883 5.935606 0.408103 63.971782 0.659278 -0.914908 -0.872027
-27.949379 5.935655 0.413327 64.006048 0.666239 -0.913226 -0.885548
-27.991648 5.935731 0.418337 64.039670 0.673021 -0.911572 -0.898969
-28.032741 5.935829 0.423133 64.072725 0.679638 -0.909944 -0.912325
-28.072695 5.935926 0.427680 64.105182 0.685888 -0.908261 -0.925359
-28.111560 5.936018 0.431981 64.137113 0.691787 -0.906524 -0.938107
-28.149392 5.936102 0.436039 64.168599 0.697348 -0.904729 -0.950600
-28.186251 5.936177 0.439863 64.199722 0.702584 -0.902873 -0.962869
-28.222194 5.936241 0.443456 64.230564 0.707509 -0.900954 -0.974946
-28.257278 5.936286 0.446813 64.261201 0.712134 -0.898971 -0.986860
-28.291562 5.936290 0.449889 64.291651 0.716300 -0.896830 -0.998423
-28.325105 5.936243 0.452678 64.321989 0.720019 -0.894530 -1.009664
-28.357961 5.936142 0.455183 64.352293 0.723298 -0.892066 -1.020610
-28.390188 5.935984 0.457409 64.382645 0.726145 -0.889434 -1.031290
-28.421843 5.935766 0.459359 64.413123 0.728567 -0.886628 -1.041728
-28.452978 5.935483 0.461037 64.443804 0.730571 -0.883641 -1.051951
-28.483643 5.935127 0.462441 64.474752 0.732160 -0.880468 -1.061989
-28.513863 5.934669 0.463537 64.505945 0.733242 -0.877071 -1.071650
-28.543687 5.934099 0.464322 64.537446 0.733817 -0.873442 -1.080961
-28.573167 5.933412 0.464795 64.569333 0.733888 -0.869574 -1.089948
-28.602359 5.932600 0.464960 64.601685 0.733454 -0.865457 -1.098632
-28.631316 5.931658 0.464815 64.634582 0.732513 -0.861081 -1.107037
-28.660092 5.930575 0.464358 64.668097 0.731064 -0.856438 -1.115185
-28.688733 5.929334 0.463573 64.702296 0.729101 -0.851520 -1.123103
-28.717266 5.927893 0.462439 64.737167 0.726842 -0.846455 -1.130668
-28.745740 5.926232 0.460940 64.772777 0.724279 -0.841237 -1.137905
-28.774208 5.924341 0.459069 64.809206 0.721406 -0.835855 -1.144834
-28.802728 5.922209 0.456819 64.846541 0.718216 -0.830294 -1.151475
-28.831356 5.919824 0.454181 64.884871 0.714699 -0.824544 -1.157846
-28.860151 5.917167 0.451134 64.924283 0.710846 -0.818596 -1.163964
-28.889153 5.914196 0.447638 64.964814 0.706878 -0.812564 -1.169756
-28.918423 5.910889 0.443670 65.006555 0.702783 -0.806439 -1.175239
-28.948024 5.907236 0.439215 65.049611 0.698551 -0.800207 -1.180428
-28.978021 5.903223 0.434262 65.094089 0.694172 -0.793854 -1.185336
-29.008482 5.898840 0.428794 65.140104 0.689633 -0.787365 -1.189974
-29.039474 5.894071 0.422795 65.187770 0.684924 -0.780726 -1.194354
-29.071065 5.888899 0.416235 65.237204 0.680032 -0.773924 -1.198489
-29.103302 5.883282 0.409066 65.288485 0.675119 -0.767040 -1.202326
-29.136255 5.877200 0.401257 65.341737 0.670173 -0.760063 -1.205877
-29.170001 5.870638 0.392781 65.397093 0.665180 -0.752977 -1.209150
-29.204617 5.863582 0.383613 65.454692 0.660128 -0.745766 -1.212154
-29.240187 5.856018 0.373725 65.514678 0.655005 -0.738413 -1.214897
-29.276792 5.847928 0.363083 65.577195 0.649796 -0.730903 -1.217386
-29.314519 5.839292 0.351645 65.642390 0.644488 -0.723223 -1.219631
-29.353447 5.830064 0.339322 65.710396 0.639235 -0.715365 -1.221629
-29.393668 5.820221 0.326065 65.781372 0.634023 -0.707316 -1.223390
-29.435278 5.809745 0.311831 65.855486 0.628838 -0.699057 -1.224920
-29.478377 5.798621 0.296576 65.932914 0.623668 -0.690572 -1.226224
-29.523070 5.786829 0.280252 66.013836 0.618498 -0.681842 -1.227310
-29.569457 5.774348 0.262804 66.098428 0.613315 -0.672849 -1.228187
-29.617630 5.761142 0.244156 66.186835 0.608221 -0.663600 -1.228853
-29.667700 5.747188 0.224245 66.279247 0.603204 -0.654078 -1.229317
-29.719789 5.732468 0.203008 66.375872 0.598248 -0.644261 -1.229586
-29.774025 5.716964 0.180380 66.476926 0.593343 -0.634129 -1.229667
-29.830540 5.700658 0.156289 66.582624 0.588474 -0.623660 -1.229570
-29.889464 5.683524 0.130656 66.693171 0.583629 -0.612834 -1.229309
-29.950932 5.665532 0.103390 66.808748 0.578792 -0.601630 -1.228907
-30.015100 5.646648 0.074423 66.929537 0.573956 -0.590115 -1.228500
-30.082113 5.626840 0.043655 67.055736 0.569107 -0.578267 -1.228112
-30.152128 5.606086 0.010984 67.187578 0.564230 -0.566065 -1.227764
-30.225307 5.584366 -0.023693 67.325313 0.559313 -0.553482 -1.227474
-30.301812 5.561658 -0.060483 67.469180 0.554342 -0.540491 -1.227267
-30.381791 5.537939 -0.099490 67.619380 0.549301 -0.527063 -1.227183
-30.465369 5.513184 -0.140801 67.776024 0.544177 -0.513158 -1.227285
-30.552645 5.487414 -0.184286 67.939012 0.538990 -0.499119 -1.227387
-30.643750 5.460603 -0.230044 68.108462 0.533724 -0.484908 -1.227559
-30.738844 5.432724 -0.278203 68.284567 0.528363 -0.470489 -1.227860
-30.838087 5.403748 -0.328892 68.467528 0.522891 -0.455827 -1.228351
-30.941604 5.373650 -0.382219 68.657465 0.517293 -0.440878 -1.229117
-31.049429 5.342418 -0.438213 68.854302 0.511553 -0.425567 -1.230296
-31.161403 5.310136 -0.496534 69.057393 0.505712 -0.410130 -1.231375
-31.277578 5.276791 -0.557229 69.266691 0.499755 -0.394495 -1.232495
-31.398110 5.242355 -0.620435 69.482371 0.493663 -0.378615 -1.233745
-31.523194 5.206799 -0.686322 69.704695 0.487420 -0.362450 -1.235197
-31.653023 5.170087 -0.755059 69.933914 0.481006 -0.345957 -1.236932
-31.787724 5.132190 -0.826776 70.170159 0.474403 -0.329082 -1.239062
-31.927284 5.093098 -0.901482 70.413284 0.467595 -0.311722 -1.241776
-32.071384 5.052936 -0.978687 70.662347 0.460444 -0.294151 -1.244367
-32.220024 5.011693 -1.058421 70.917227 0.452932 -0.276267 -1.247027
-32.373347 4.969330 -1.140846 71.178087 0.445038 -0.258012 -1.249881
-32.531550 4.925801 -1.226165 71.445197 0.436738 -0.239336 -1.253030
-32.694810 4.881056 -1.314572 71.718795 0.428009 -0.220182 -1.256590
-32.863191 4.835053 -1.406194 71.998925 0.418827 -0.200472 -1.260728
-33.036510 4.787789 -1.500960 72.285194 0.409170 -0.180061 -1.265722
-33.214021 4.739443 -1.598067 72.575973 0.398927 -0.159449 -1.270549
-33.395533 4.690005 -1.697468 72.870868 0.388072 -0.138490 -1.275498
-33.581082 4.639417 -1.799311 73.169882 0.376575 -0.117101 -1.280764
-33.770755 4.587608 -1.903797 73.473123 0.364404 -0.095207 -1.286521
-33.964561 4.534506 -2.011078 73.780568 0.351525 -0.072720 -1.292976
-34.162246 4.480070 -2.121131 74.091772 0.337905 -0.049494 -1.300444
-34.362933 4.424398 -2.233278 74.404840 0.323745 -0.025992 -1.307209
-34.566389 4.367444 -2.347524 74.719381 0.309008 -0.002071 -1.313577
-34.772648 4.309130 -2.464063 75.035469 0.293655 0.022360 -1.319745
-34.981838 4.249362 -2.583151 75.353350 0.277643 0.047373 -1.325862
-35.194066 4.188053 -2.705023 75.673254 0.260931 0.073053 -1.332084
-35.409284 4.125142 -2.829801 75.995177 0.243476 0.099521 -1.338626
-35.627108 4.060660 -2.957301 76.318595 0.225242 0.126992 -1.345827
-35.846394 3.994945 -3.086347 76.641345 0.206350 0.154883 -1.351764
-36.066756 3.928023 -3.216785 76.962924 0.186760 0.183409 -1.356773
-36.288135 3.859827 -3.348764 77.283341 0.166424 0.212697 -1.361065
-36.510591 3.790255 -3.482534 77.602804 0.145287 0.242846 -1.364798
-36.734172 3.719211 -3.618329 77.921511 0.123297 0.273961 -1.368131
-36.958779 3.646634 -3.756258 78.239426 0.100401 0.306190 -1.371276
-37.183953 3.572591 -3.896094 78.555986 0.076552 0.339785 -1.374570
-37.408439 3.497509 -4.036436 78.869079 0.051918 0.373645 -1.376560
-37.631774 3.421454 -4.177083 79.178136 0.026450 0.408022 -1.377581
-37.853819 3.344372 -4.318150 79.483072 0.000086 0.443072 -1.377848
-38.074542 3.266177 -4.459840 79.783971 -0.027240 0.478930 -1.377529
-38.293857 3.186814 -4.602297 80.080842 -0.055593 0.515747 -1.376808
-38.511428 3.106334 -4.745416 80.373343 -0.085034 0.553752 -1.375945
-38.726289 3.025051 -4.888257 80.660087 -0.114628 0.592112 -1.374356
-38.938136 2.943014 -5.030747 80.940785 -0.144440 0.631049 -1.372282
-39.146942 2.860168 -5.173072 81.215544 -0.174540 0.670714 -1.369867
-39.352795 2.776421 -5.315506 81.484640 -0.205002 0.711234 -1.367207
-39.555791 2.691690 -5.458313 81.748363 -0.235903 0.752739 -1.364389
-39.755947 2.605947 -5.601644 82.006890 -0.267312 0.795398 -1.361526
-39.953077 2.519320 -5.745359 82.260106 -0.299292 0.839467 -1.358795
-40.146548 2.432370 -5.888156 82.507144 -0.331047 0.883325 -1.355757
-40.336178 2.345223 -6.029912 82.747888 -0.362640 0.927230 -1.352584
-40.521988 2.257857 -6.170781 82.982501 -0.394144 0.971352 -1.349375
-40.704078 2.170194 -6.311017 83.211266 -0.425634 1.015835 -1.346199
-40.882557 2.082160 -6.450868 83.434475 -0.457185 1.060824 -1.343117
-41.057472 1.993740 -6.590474 83.652330 -0.488870 1.106497 -1.340208
-41.228710 1.905072 -6.729707 83.864810 -0.520750 1.153110 -1.337600
-41.395802 1.816721 -6.867360 84.071311 -0.552174 1.199085 -1.334897
-41.558632 1.728828 -7.003305 84.271791 -0.583202 1.244680 -1.332226
-41.717229 1.641389 -7.137653 84.466404 -0.613904 1.290079 -1.329665
-41.871674 1.554357 -7.270582 84.655371 -0.644351 1.335445 -1.327274
-42.022027 1.467720 -7.402210 84.838879 -0.674612 1.380959 -1.325117
-42.168254 1.381594 -7.532443 85.016987 -0.704744 1.426861 -1.323284
-42.310089 1.296480 -7.660233 85.189355 -0.734217 1.471661 -1.321459
-42.447510 1.212490 -7.785498 85.356042 -0.763089 1.515591 -1.319727
-42.580603 1.129595 -7.908371 85.517241 -0.791425 1.558817 -1.318138
-42.709495 1.047712 -8.029068 85.673199 -0.819291 1.601479 -1.316727
-42.834325 0.966750 -8.147808 85.824168 -0.846754 1.643708 -1.315525
-42.955200 0.886663 -8.264747 85.970353 -0.873876 1.685656 -1.314571
-43.072165 0.807516 -8.379866 86.111855 -0.900712 1.727522 -1.313928
-43.185113 0.729680 -8.492426 86.248501 -0.926871 1.768203 -1.313331
-43.294083 0.653223 -8.602407 86.380373 -0.952406 1.807894 -1.312845
-43.399179 0.578101 -8.709950 86.507636 -0.977375 1.846736 -1.312506
-43.500528 0.504228 -8.815254 86.630487 -1.001837 1.884848 -1.312346
-43.598254 0.431514 -8.918517 86.749113 -1.025851 1.922348 -1.312392
-43.692460 0.359910 -9.019883 86.863664 -1.049470 1.959366 -1.312681
-43.783200 0.289457 -9.119350 86.974207 -1.072745 1.996071 -1.313267
-43.870420 0.220458 -9.216339 87.080599 -1.095357 2.031606 -1.313939
-43.954165 0.152962 -9.310837 87.182886 -1.117353 2.066136 -1.314751
-44.034522 0.086932 -9.402958 87.281177 -1.138783 2.099787 -1.315742
-44.111591 0.022307 -9.492849 87.375602 -1.159696 2.132670 -1.316943
-44.185465 -0.040961 -9.580629 87.466277 -1.180140 2.164898 -1.318384
-44.256206 -0.102852 -9.666327 87.553275 -1.200158 2.196612 -1.320108
-44.323792 -0.163171 -9.749551 87.636494 -1.219507 2.227153 -1.321852
-44.388281 -0.221899 -9.830324 87.716000 -1.238226 2.256653 -1.323655
-44.449763 -0.279082 -9.908761 87.791899 -1.256358 2.285214 -1.325544
-44.508334 -0.334795 -9.985010 87.864313 -1.273946 2.312922 -1.327540
-44.564088 -0.389114 -10.059217 87.933357 -1.291033 2.339862 -1.329663
-44.617103 -0.442089 -10.131495 87.999125 -1.307657 2.366125 -1.331939
-44.667418 -0.493720 -10.201875 88.061661 -1.323854 2.391819 -1.334401
-44.714973 -0.543883 -10.270088 88.120837 -1.339436 2.416475 -1.336804
-44.759800 -0.592572 -10.336161 88.176682 -1.354434 2.440199 -1.339181
-44.801961 -0.639833 -10.400184 88.229262 -1.368885 2.463070 -1.341557
-44.841524 -0.685735 -10.462279 88.278654 -1.382822 2.485161 -1.343951
-44.878557 -0.730346 -10.522564 88.324931 -1.396277 2.506537 -1.346380
-44.913120 -0.773720 -10.581133 88.368150 -1.409282 2.527269 -1.348866
-44.945250 -0.815866 -10.638016 88.408337 -1.421866 2.547445 -1.351435
-44.974938 -0.856683 -10.693004 88.445380 -1.433878 2.566732 -1.353757
-45.002212 -0.896177 -10.746117 88.479290 -1.445344 2.585213 -1.355857
-45.027106 -0.934389 -10.797425 88.510093 -1.456290 2.602953 -1.357755
-45.049656 -0.971373 -10.847012 88.537817 -1.466741 2.620010 -1.359468
-45.069885 -1.007174 -10.894947 88.562478 -1.476722 2.636444 -1.361014
-45.087801 -1.041801 -10.941249 88.584071 -1.486253 2.652326 -1.362413
-45.103372 -1.075174 -10.985759 88.602482 -1.495302 2.667475 -1.363401
-45.116595 -1.107301 -11.028489 88.617694 -1.503886 2.681959 -1.363995
-45.127471 -1.138220 -11.069501 88.629702 -1.512026 2.695829 -1.364208
-45.136004 -1.167986 -11.108868 88.638506 -1.519740 2.709127 -1.364048
-45.142187 -1.196649 -11.146663 88.644097 -1.527047 2.721894 -1.363522
-45.146008 -1.224250 -11.182942 88.646457 -1.533964 2.734175 -1.362638
-45.147438 -1.250794 -11.217715 88.645547 -1.540503 2.746023 -1.361405
-45.146420 -1.276212 -11.250848 88.641244 -1.546665 2.757312 -1.359607
-45.142913 -1.300505 -11.282343 88.633495 -1.552461 2.768092 -1.357250
-45.136877 -1.323703 -11.312239 88.622255 -1.557904 2.778402 -1.354337
-45.128269 -1.345846 -11.340585 88.607474 -1.563006 2.788277 -1.350863
-45.117040 -1.366968 -11.367428 88.589099 -1.567779 2.797748 -1.346827
-45.103129 -1.387095 -11.392794 88.567063 -1.572235 2.806852 -1.342223
-45.086462 -1.406218 -11.416667 88.541280 -1.576379 2.815633 -1.337049
-45.066946 -1.424245 -11.438835 88.511648 -1.580164 2.823746 -1.331329
-45.044496 -1.441162 -11.459275 88.478063 -1.583594 2.831235 -1.325057
-45.019024 -1.456983 -11.477998 88.440426 -1.586677 2.838130 -1.318223
-44.990442 -1.471725 -11.495025 88.398635 -1.589420 2.844457 -1.310811
-44.958656 -1.485403 -11.510371 88.352580 -1.591829 2.850240 -1.302806
-44.923568 -1.498013 -11.524028 88.302144 -1.593907 2.855507 -1.294190
-44.885083 -1.509486 -11.535854 88.247224 -1.595592 2.860007 -1.285009
-44.843089 -1.519813 -11.545834 88.187682 -1.596888 2.863764 -1.275244
-44.797468 -1.529005 -11.553973 88.123372 -1.597796 2.866794 -1.264868
-44.748096 -1.537078 -11.560283 88.054138 -1.598319 2.869108 -1.253858
-44.694839 -1.544049 -11.564770 87.979812 -1.598456 2.870714 -1.242183
-44.637563 -1.549930 -11.567434 87.900221 -1.598210 2.871620 -1.229813
-44.576129 -1.554721 -11.568257 87.815183 -1.597576 2.871836 -1.216715
-44.510415 -1.558373 -11.567113 87.724537 -1.596534 2.871164 -1.202858
-44.440268 -1.560880 -11.563973 87.628073 -1.595079 2.869611 -1.188204
-44.365519 -1.562249 -11.558815 87.525559 -1.593208 2.867177 -1.172716
-44.285986 -1.562487 -11.551614 87.416744 -1.590915 2.863859 -1.156354
-44.201479 -1.561596 -11.542339 87.301359 -1.588194 2.859653 -1.139078
-44.111802 -1.559572 -11.530945 87.179115 -1.585039 2.854554 -1.120845
-44.016751 -1.556395 -11.517365 87.049713 -1.581438 2.848562 -1.101609
-43.916135 -1.551986 -11.501390 86.912872 -1.577436 2.841355 -1.081425
-43.809738 -1.546319 -11.482942 86.768258 -1.573021 2.832929 -1.060244
-43.697330 -1.539378 -11.461955 86.615513 -1.568181 2.823267 -1.038011
-43.578681 -1.531151 -11.438367 86.454268 -1.562904 2.812348 -1.014668
-43.453559 -1.521623 -11.412115 86.284145 -1.557176 2.800148 -0.990151
-43.321743 -1.510772 -11.383133 86.104770 -1.550983 2.786638 -0.964386
-43.183049 -1.498547 -11.351289 85.915838 -1.544418 2.771616 -0.937427
-43.037248 -1.484922 -11.316508 85.716943 -1.537463 2.755045 -0.909190
-42.884095 -1.469871 -11.278710 85.507647 -1.530103 2.736883 -0.879591
-42.723348 -1.453363 -11.237814 85.287501 -1.522318 2.717085 -0.848536
-42.554780 -1.435370 -11.193741 85.056076 -1.514089 2.695598 -0.815920
-42.378209 -1.415858 -11.146421 84.813000 -1.505398 2.672360 -0.781610
-42.193543 -1.394797 -11.095810 84.558027 -1.496223 2.647304 -0.745434
-42.000889 -1.372139 -11.041903 84.291367 -1.486457 2.620360 -0.707965
-41.800165 -1.347845 -10.984646 84.012767 -1.476076 2.591450 -0.669010
-41.591215 -1.321873 -10.923954 83.721855 -1.465056 2.560494 -0.628394
-41.373874 -1.294177 -10.859727 83.418232 -1.453371 2.527405 -0.585934
-41.148025 -1.264709 -10.791877 83.101576 -1.440991 2.492092 -0.541417
-40.913684 -1.233432 -10.720359 82.771776 -1.427890 2.454445 -0.494563
-40.671125 -1.200335 -10.645234 82.429140 -1.414041 2.414323 -0.444978
-40.421165 -1.165453 -10.566790 82.075147 -1.399438 2.371588 -0.393710
-40.164140 -1.128772 -10.485086 81.710200 -1.384053 2.326086 -0.340318
-39.900205 -1.090248 -10.400076 81.334389 -1.367848 2.277680 -0.284422
-39.629508 -1.049825 -10.311683 80.947790 -1.350787 2.226229 -0.225633
-39.352368 -1.007445 -10.219863 80.550761 -1.332827 2.171580 -0.163475
-39.069519 -0.963066 -10.124700 80.144357 -1.313929 2.113546 -0.097290
-38.782585 -0.916752 -10.027079 79.732092 -1.294459 2.053797 -0.030712
-38.492315 -0.868460 -9.927077 79.315053 -1.274371 1.992134 0.036940
-38.199040 -0.818133 -9.824624 78.893624 -1.253619 1.928376 0.106185
-37.902930 -0.765712 -9.719598 78.467902 -1.232151 1.862347 0.177485
-37.604194 -0.711151 -9.611894 78.038060 -1.209915 1.793854 0.251326
-37.303318 -0.654438 -9.501529 77.604746 -1.186858 1.722670 0.328329
-37.001415 -0.595645 -9.388810 77.169686 -1.162936 1.648490 0.409383
-36.700995 -0.535197 -9.275825 76.738559 -1.139197 1.575024 0.488141
-36.403189 -0.473161 -9.162905 76.313140 -1.115595 1.501957 0.565500
-36.108464 -0.409518 -9.050070 75.894084 -1.092076 1.429042 0.642084
-35.816970 -0.344216 -8.937202 75.481480 -1.068582 1.356066 0.718372
-35.528760 -0.277207 -8.824156 75.075235 -1.045056 1.282815 0.794795
-35.243985 -0.208485 -8.710871 74.675404 -1.021445 1.209052 0.871818
-34.963135 -0.138166 -8.597570 74.282594 -0.997705 1.134456 0.950047
-34.687545 -0.066807 -8.486008 73.899646 -0.974340 1.061406 1.026031
-34.417707 0.005472 -8.376431 73.527173 -0.951309 0.989577 1.100359
-34.153739 0.078666 -8.268790 73.165177 -0.928560 0.918731 1.173458
-33.895600 0.152794 -8.162941 72.813393 -0.906041 0.848655 1.245678
-33.643242 0.227834 -8.058785 72.471539 -0.883701 0.779124 1.317358
-33.396776 0.303635 -7.956456 72.139574 -0.861503 0.709843 1.388890
-33.156811 0.379648 -7.857272 71.818713 -0.839727 0.642357 1.458357
-32.923433 0.455712 -7.761375 71.508890 -0.818339 0.576376 1.526124
-32.696521 0.531792 -7.668650 71.209714 -0.797292 0.511695 1.592464
-32.475864 0.607885 -7.578882 70.920651 -0.776535 0.448139 1.657601
-32.261226 0.683987 -7.491842 70.641135 -0.756018 0.385542 1.721744
-32.052415 0.760051 -7.407360 70.370662 -0.735694 0.323726 1.785108
-31.849375 0.835942 -7.325435 70.108940 -0.715526 0.262464 1.847953
-31.652512 0.911305 -7.246815 69.856665 -0.695886 0.202926 1.908901
-31.461783 0.985996 -7.171512 69.613581 -0.676738 0.144889 1.968202
-31.277004 1.059957 -7.099374 69.379239 -0.658039 0.088190 2.026050
-31.097941 1.133165 -7.030177 69.153121 -0.639744 0.032688 2.082611
-30.924343 1.205597 -6.963686 68.934694 -0.621807 -0.021748 2.138038
-30.755981 1.277215 -6.899698 68.723457 -0.604183 -0.075252 2.192486
-30.592703 1.347933 -6.838093 68.519011 -0.586835 -0.127981 2.246130
-30.434678 1.417583 -6.779133 68.321574 -0.570062 -0.179173 2.298125
-30.281757 1.486082 -6.722711 68.130782 -0.553827 -0.228978 2.348639
-30.133713 1.553393 -6.668640 67.946187 -0.538090 -0.277519 2.397809
-29.990288 1.619497 -6.616705 67.767320 -0.522812 -0.324901 2.445761
-29.851212 1.684379 -6.566690 67.593695 -0.507952 -0.371229 2.492609
-29.716220 1.748008 -6.518403 67.424830 -0.493475 -0.416608 2.538459
-29.585179 1.810324 -6.471830 67.260508 -0.479629 -0.460527 2.582676
-29.457828 1.871306 -6.426791 67.100277 -0.466380 -0.503086 2.625362
-29.333901 1.930956 -6.383088 66.943718 -0.453694 -0.544375 2.666623
-29.213145 1.989289 -6.340528 66.790449 -0.441536 -0.584479 2.706567
-29.095319 2.046323 -6.298928 66.640133 -0.429872 -0.623482 2.745310
-28.980214 2.102068 -6.258134 66.492491 -0.418672 -0.661474 2.782978
-28.867706 2.156520 -6.218037 66.347378 -0.407905 -0.698554 2.819728
-28.757992 2.209668 -6.178709 66.205241 -0.397740 -0.734240 2.854957
-28.650962 2.261514 -6.140054 66.065965 -0.388152 -0.768629 2.888820
-28.546431 2.312087 -6.101947 65.929340 -0.379114 -0.801803 2.921442
-28.444208 2.361432 -6.064246 65.795142 -0.370600 -0.833835 2.952938
-28.344120 2.409596 -6.026822 65.663179 -0.362585 -0.864799 2.983429
-28.246046 2.456622 -5.989576 65.533344 -0.355047 -0.894776 3.013054
-28.149998 2.502527 -5.952490 65.405735 -0.347967 -0.923867 3.042004
-28.056393 2.547272 -5.915845 65.281272 -0.341281 -0.951714 3.069376
-27.965262 2.590879 -5.879635 65.160079 -0.334973 -0.978416 3.095358
-27.876525 2.633400 -5.843788 65.042103 -0.329023 -1.004050 3.120088
-27.790083 2.674900 -5.808213 64.927249 -0.323416 -1.028682 3.143682
-27.705865 2.715434 -5.772843 64.815462 -0.318135 -1.052382 3.166265
-27.623912 2.755030 -5.737700 64.706845 -0.313170 -1.075248 3.188001
-27.544566 2.793610 -5.703139 64.602114 -0.308567 -1.097171 3.208251
-27.467876 2.831200 -5.669191 64.501374 -0.304318 -1.118244 3.227168
-27.393790 2.867862 -5.635802 64.404568 -0.300412 -1.138532 3.244854
-27.322221 2.903665 -5.602889 64.311579 -0.296836 -1.158088 3.261390
-27.253085 2.938678 -5.570374 64.222284 -0.293582 -1.176963 3.276848
-27.186331 2.972961 -5.538205 64.136612 -0.290641 -1.195215 3.291310
-27.121991 3.006535 -5.506429 64.054616 -0.288011 -1.212933 3.304888
-27.060303 3.039301 -5.475385 63.976743 -0.285764 -1.230219 3.317288
-27.001311 3.071279 -5.445124 63.903055 -0.283900 -1.247162 3.328613
-26.944981 3.102522 -5.415610 63.833491 -0.282415 -1.263815 3.338927
-26.891246 3.133090 -5.386776 63.767938 -0.281306 -1.280226 3.348273
-26.840030 3.163040 -5.358556 63.706260 -0.280571 -1.296437 3.356684
-26.791259 3.192418 -5.330900 63.648321 -0.280209 -1.312497 3.364188
-26.744873 3.221238 -5.303819 63.594003 -0.280225 -1.328475 3.370810
-26.700843 3.249403 -5.277561 63.543191 -0.280615 -1.344361 3.376676
-26.659111 3.276922 -5.252143 63.495770 -0.281385 -1.360222 3.381803
-26.619612 3.303829 -5.227521 63.451612 -0.282540 -1.376108 3.386203
-26.582267 3.330160 -5.203642 63.410575 -0.284085 -1.392061 3.389879
-26.546990 3.355945 -5.180453 63.372497 -0.286027 -1.408126 3.392824
-26.513676 3.381189 -5.157935 63.337181 -0.288376 -1.424358 3.395020
-26.482173 3.405821 -5.136207 63.304247 -0.291109 -1.440720 3.396823
-26.452381 3.429843 -5.115253 63.273508 -0.294239 -1.457268 3.398208
-26.424218 3.453273 -5.095022 63.244820 -0.297776 -1.474046 3.399161
-26.397616 3.476138 -5.075460 63.218064 -0.301730 -1.491095 3.399673
-26.372505 3.498462 -5.056507 63.193125 -0.306113 -1.508458 3.399731
-26.348810 3.520264 -5.038110 63.169876 -0.310937 -1.526177 3.399319
-26.326436 3.541549 -5.020228 63.148153 -0.316218 -1.544300 3.398405
-26.305235 3.562278 -5.002913 63.127615 -0.321944 -1.562738 3.397280
-26.285116 3.582453 -4.986126 63.108110 -0.328134 -1.581539 3.395911
-26.266012 3.602084 -4.969815 63.089535 -0.334803 -1.600751 3.394281
-26.247871 3.621188 -4.953926 63.071816 -0.341969 -1.620417 3.392377
-26.230649 3.639779 -4.938403 63.054894 -0.349650 -1.640584 3.390192
-26.214305 3.657871 -4.923193 63.038717 -0.357865 -1.661300 3.387718
-26.198803 3.675471 -4.908248 63.023242 -0.366635 -1.682615 3.384947
-26.184135 3.692546 -4.893736 63.008400 -0.375683 -1.703985 3.382036
-26.170270 3.709101 -4.879611 62.994160 -0.385031 -1.725462 3.378978
-26.157176 3.725146 -4.865819 62.980493 -0.394702 -1.747096 3.375769
-26.144825 3.740693 -4.852305 62.967379 -0.404719 -1.768935 3.372405
-26.133192 3.755754 -4.839010 62.954813 -0.415106 -1.791029 3.368884
-26.122267 3.770346 -4.825870 62.942807 -0.425885 -1.813423 3.365210
-26.112076 3.784462 -4.813029 62.931433 -0.436734 -1.835528 3.361313
-26.102609 3.798117 -4.800425 62.920709 -0.447676 -1.857391 3.357196
-26.093849 3.811327 -4.788003 62.910639 -0.458736 -1.879059 3.352857
-26.085774 3.824101 -4.775710 62.901222 -0.469942 -1.900582 3.348292
-26.078362 3.836453 -4.763496 62.892454 -0.481319 -1.922009 3.343496
-26.071591 3.848397 -4.751308 62.884334 -0.492895 -1.943386 3.338460
-26.065437 3.859947 -4.739092 62.876858 -0.504697 -1.964762 3.333179
-26.059865 3.871080 -4.727007 62.869959 -0.516400 -1.985616 3.327795
-26.054853 3.881811 -4.715002 62.863637 -0.528031 -2.005993 3.322300
-26.050385 3.892160 -4.703029 62.857893 -0.539618 -2.025940 3.316684
-26.046443 3.902142 -4.691043 62.852729 -0.551190 -2.045503 3.310939
-26.043012 3.911776 -4.679002 62.848147 -0.562774 -2.064727 3.305054
-26.040075 3.921083 -4.666864 62.844149 -0.574398 -2.083658 3.299017
-26.037612 3.930084 -4.654587 62.840729 -0.586090 -2.102338 3.292814
-26.035568 3.938755 -4.642326 62.837790 -0.597593 -2.120356 3.286592
-26.033925 3.947121 -4.630042 62.835329 -0.608934 -2.137753 3.280335
-26.032673 3.955206 -4.617696 62.833351 -0.620141 -2.154571 3.274031
-26.031804 3.963036 -4.605252 62.831864 -0.631241 -2.170851 3.267667
-26.031310 3.970635 -4.592681 62.830875 -0.642262 -2.186632 3.261231
-26.031178 3.978022 -4.579963 62.830386 -0.653233 -2.201959 3.254709
-26.031353 3.985154 -4.567285 62.830293 -0.663909 -2.216517 3.248303
-26.031825 3.992053 -4.554630 62.830597 -0.674319 -2.230347 3.241999
-26.032591 3.998743 -4.541971 62.831309 -0.684488 -2.243486 3.235784
-26.033654 4.005254 -4.529279 62.832438 -0.694442 -2.255965 3.229645
-26.035015 4.011612 -4.516526 62.833995 -0.704205 -2.267817 3.223568
-26.036678 4.017842 -4.503688 62.835991 -0.713802 -2.279074 3.217540
-26.038636 4.023960 -4.490761 62.838428 -0.723260 -2.289774 3.211546
-26.040844 4.029917 -4.477924 62.841216 -0.732375 -2.299700 3.205730
-26.043299 4.035728 -4.465172 62.844360 -0.741173 -2.308887 3.200075
-26.046005 4.041417 -4.452483 62.847868 -0.749677 -2.317359 3.194570
-26.048969 4.047011 -4.439832 62.851752 -0.757908 -2.325141 3.189199
-26.052198 4.052535 -4.427195 62.856018 -0.765886 -2.332253 3.183951
-26.055693 4.058010 -4.414552 62.860667 -0.773633 -2.338716 3.178808
-26.059448 4.063446 -4.401908 62.865683 -0.781171 -2.344559 3.173751
-26.063409 4.068786 -4.389393 62.870963 -0.788313 -2.349783 3.168830
-26.067569 4.074038 -4.377009 62.876493 -0.795080 -2.354412 3.164026
-26.071934 4.079221 -4.364740 62.882281 -0.801490 -2.358461 3.159325
-26.076513 4.084357 -4.352564 62.888342 -0.807559 -2.361945 3.154716
-26.081316 4.089464 -4.340465 62.894702 -0.813303 -2.364875 3.150190
-26.086355 4.094546 -4.328453 62.901389 -0.818739 -2.367273 3.145740
-26.091618 4.099553 -4.316631 62.908386 -0.823745 -2.369232 3.141467
-26.097116 4.104486 -4.305007 62.915726 -0.828336 -2.370769 3.137364
-26.102866 4.109363 -4.293567 62.923439 -0.832523 -2.371893 3.133426
-26.108882 4.114201 -4.282287 62.931553 -0.836318 -2.372609 3.129644
-26.115178 4.119019 -4.271143 62.940096 -0.839729 -2.372918 3.126011
-26.121766 4.123831 -4.260115 62.949090 -0.842766 -2.372825 3.122519
-26.128645 4.128639 -4.249202 62.958547 -0.845438 -2.372339 3.119155
-26.135761 4.133402 -4.238463 62.968390 -0.847650 -2.371571 3.116049
-26.143115 4.138121 -4.227898 62.978631 -0.849408 -2.370531 3.113190
-26.150723 4.142807 -4.217486 62.989295 -0.850718 -2.369216 3.110570
-26.158600 4.147475 -4.207205 63.000407 -0.851583 -2.367625 3.108183
-26.166767 4.152140 -4.197031 63.011994 -0.852006 -2.365755 3.106022
-26.175239 4.156812 -4.186946 63.024076 -0.851987 -2.363604 3.104080
-26.184019 4.161491 -4.176949 63.036659 -0.851531 -2.361173 3.102345
-26.193063 4.166136 -4.167082 63.049657 -0.850577 -2.358574 3.100943
-26.202377 4.170746 -4.157344 63.063077 -0.849127 -2.355807 3.099863
-26.211980 4.175332 -4.147719 63.076943 -0.847176 -2.352870 3.099100
-26.221897 4.179905 -4.138187 63.091284 -0.844721 -2.349755 3.098651
-26.232154 4.184475 -4.128734 63.106132 -0.841757 -2.346458 3.098514
-26.242776 4.189041 -4.119365 63.121515 -0.838279 -2.342982 3.098687
-26.253772 4.193565 -4.110146 63.137450 -0.834367 -2.339372 3.099140
-26.265171 4.198047 -4.101083 63.153971 -0.830016 -2.335631 3.099874
-26.277004 4.202498 -4.092164 63.171116 -0.825214 -2.331752 3.100889
-26.289307 4.206932 -4.083371 63.188927 -0.819950 -2.327727 3.102189
-26.302117 4.211362 -4.074688 63.207451 -0.814211 -2.323547 3.103777
-26.315472 4.215800 -4.066106 63.226741 -0.807984 -2.319207 3.105660
-26.329413 4.220249 -4.057635 63.246854 -0.801255 -2.314706 3.107844
-26.343978 4.224678 -4.049342 63.267879 -0.794128 -2.310065 3.110263
-26.359211 4.229090 -4.041239 63.289877 -0.786588 -2.305286 3.112926
-26.375154 4.233495 -4.033317 63.312908 -0.778617 -2.300358 3.115841
-26.391850 4.237910 -4.025562 63.337030 -0.770195 -2.295272 3.119015
-26.409339 4.242349 -4.017959 63.362298 -0.761302 -2.290016 3.122455
-26.427660 4.246826 -4.010493 63.388763 -0.751915 -2.284578 3.126167
-26.446840 4.251352 -4.003155 63.416463 -0.742014 -2.278948 3.130151
-26.466884 4.255938 -3.995889 63.445454 -0.731920 -2.273246 3.134217
-26.487820 4.260592 -3.988686 63.475779 -0.721610 -2.267461 3.138369
-26.509690 4.265329 -3.981530 63.507499 -0.711059 -2.261579 3.142611
-26.532540 4.270163 -3.974403 63.540684 -0.700241 -2.255586 3.146951
-26.556411 4.275111 -3.967283 63.575401 -0.689129 -2.249464 3.151396
-26.581333 4.280191 -3.960140 63.611701 -0.677696 -2.243195 3.155947
-26.607293 4.285434 -3.952867 63.649634 -0.666308 -2.236929 3.160393
-26.634323 4.290858 -3.945434 63.689261 -0.654938 -2.230645 3.164737
-26.662475 4.296480 -3.937817 63.730673 -0.643558 -2.224328 3.168985
-26.691807 4.302312 -3.929995 63.773977 -0.632139 -2.217960 3.173150
-26.722381 4.308368 -3.921949 63.819290 -0.620652 -2.211526 3.177242
-26.754265 4.314662 -3.913662 63.866740 -0.609069 -2.205011 3.181277
-26.787531 4.321200 -3.905125 63.916473 -0.597361 -2.198403 3.185270
-26.822270 4.328000 -3.896285 63.968724 -0.585795 -2.191816 3.189031
-26.858558 4.335069 -3.887130 64.023652 -0.574344 -2.185240 3.192575
-26.896473 4.342423 -3.877642 64.081414 -0.562979 -2.178657 3.195916
-26.936093 4.350073 -3.867796 64.142172 -0.551671 -2.172054 3.199067
-26.977500 4.358036 -3.857569 64.206093 -0.540392 -2.165413 3.202038
-27.020776 4.366324 -3.846938 64.273350 -0.529113 -2.158719 3.204840
-27.066005 4.374947 -3.835888 64.344125 -0.517809 -2.151960 3.207482
-27.113271 4.383909 -3.824381 64.418633 -0.506681 -2.145234 3.209868
-27.162665 4.393220 -3.812400 64.497076 -0.495704 -2.138530 3.212006
-27.214282 4.402897 -3.799919 64.579663 -0.484851 -2.131832 3.213906
-27.268225 4.412958 -3.786908 64.666619 -0.474093 -2.125124 3.215575
-27.324597 4.423422 -3.773339 64.758176 -0.463406 -2.118391 3.217019
-27.383503 4.434305 -3.759189 64.854576 -0.452763 -2.111620 3.218244
-27.445039 4.445615 -3.744425 64.956077 -0.442318 -2.104868 3.219212
-27.509319 4.457373 -3.729023 65.062946 -0.432048 -2.098122 3.219928
-27.576465 4.469603 -3.712949 65.175470 -0.421925 -2.091367 3.220397
-27.646605 4.482331 -3.696165 65.293953 -0.411927 -2.084588 3.220623
-27.719871 4.495585 -3.678636 65.418711 -0.402026 -2.077769 3.220612
-27.796398 4.509394 -3.660327 65.550076 -0.392201 -2.070897 3.220366
-27.876320 4.523776 -3.641218 65.688392 -0.382428 -2.063964 3.219885
-27.959747 4.538723 -3.621343 65.833963 -0.372736 -2.056931 3.219290
-28.046821 4.554258 -3.600678 65.987171 -0.363103 -2.049789 3.218580
-28.137695 4.570416 -3.579183 66.148419 -0.353507 -2.042524 3.217757
-28.232523 4.587232 -3.556812 66.318132 -0.343923 -2.035122 3.216822
-28.331460 4.604742 -3.533520 66.496744 -0.334330 -2.027567 3.215771
-28.434646 4.622975 -3.509270 66.684690 -0.324705 -2.019848 3.214595
-28.542187 4.641933 -3.484055 66.882372 -0.315031 -2.011965 3.213270
-28.654100 4.661533 -3.458012 67.090054 -0.305266 -2.003789 3.211928
-28.770495 4.681778 -3.431129 67.308174 -0.295391 -1.995321 3.210539
-28.891514 4.702692 -3.403365 67.537220 -0.285386 -1.986547 3.209080
-29.017298 4.724302 -3.374675 67.777686 -0.275230 -1.977455 3.207521
-29.147945 4.746612 -3.345029 68.030010 -0.264908 -1.968037 3.205812
-29.283452 4.769565 -3.314451 68.294485 -0.254409 -1.958304 3.203851
-29.423567 4.792930 -3.283184 68.570931 -0.243635 -1.948150 3.201986
-29.568306 4.816652 -3.251248 68.859685 -0.232578 -1.937585 3.200111
-29.717798 4.840739 -3.218605 69.161259 -0.221218 -1.926598 3.198161
-29.872218 4.865217 -3.185209 69.476234 -0.209536 -1.915172 3.196080
-30.031727 4.890105 -3.151019 69.805166 -0.197510 -1.903294 3.193796
-30.196411 4.915382 -3.116024 70.148486 -0.185126 -1.890961 3.191195
-30.366181 4.940924 -3.080298 70.506333 -0.172383 -1.878197 3.188076
-30.540551 4.966334 -3.044229 70.877964 -0.159143 -1.864816 3.185225
-30.719456 4.991488 -3.007884 71.263556 -0.145402 -1.850840 3.182432
-30.903020 5.016360 -2.971250 71.663580 -0.131145 -1.836260 3.179555
-31.091429 5.040959 -2.934295 72.078609 -0.116350 -1.821060 3.176469
-31.284841 5.065280 -2.896990 72.509149 -0.100996 -1.805222 3.173022
-31.483280 5.089262 -2.859324 72.955463 -0.085070 -1.788736 3.168988
-31.686466 5.112713 -2.821334 73.417289 -0.068571 -1.771608 3.163992
-31.893480 5.135154 -2.783213 73.892856 -0.051316 -1.753700 3.159494
-32.104032 5.156379 -2.744988 74.381851 -0.033303 -1.735012 3.155085
-32.318078 5.176284 -2.706645 74.884352 -0.014519 -1.715528 3.150452
-32.535595 5.194786 -2.668152 75.400444 0.005054 -1.695219 3.145274
-32.756374 5.211755 -2.629446 75.929860 0.025430 -1.674051 3.139134
-32.979744 5.226940 -2.590396 76.471523 0.046613 -1.651970 3.131395
-33.204061 5.239888 -2.550589 77.021940 0.068467 -1.629105 3.124717
-33.428721 5.250365 -2.509896 77.580121 0.090999 -1.605399 3.118469
-33.653607 5.258268 -2.468265 78.145897 0.114231 -1.580808 3.112232
-33.878814 5.263560 -2.425685 78.719448 0.138193 -1.555298 3.105674
-34.104454 5.266210 -2.382165 79.300963 0.162914 -1.528836 3.098463
-34.330487 5.266130 -2.337722 79.890338 0.188424 -1.501394 3.090184
-34.556532 5.263133 -2.292329 80.486822 0.214740 -1.472927 3.080258
-34.781581 5.256980 -2.245418 81.087785 0.239882 -1.444043 3.071356
-35.005310 5.247508 -2.196976 81.692534 0.263865 -1.414698 3.062899
-35.227756 5.234676 -2.147053 82.301004 0.286714 -1.384865 3.054472
-35.449128 5.218512 -2.095720 82.913404 0.308455 -1.354519 3.045726
-35.669642 5.199054 -2.043062 83.529930 0.329114 -1.323635 3.036312
-35.889375 5.176285 -1.989172 84.150495 0.348705 -1.292195 3.025803
-36.108086 5.150067 -1.934137 84.774406 0.367231 -1.260179 3.013621
-36.324905 5.120094 -1.877759 85.399100 0.384083 -1.228177 3.002516
-36.539614 5.086240 -1.820134 86.023868 0.399254 -1.196171 2.991902
-36.752291 5.048506 -1.761376 86.648516 0.412745 -1.164144 2.981320
-36.963110 5.006950 -1.701593 87.273006 0.424555 -1.132078 2.970356
-37.172156 4.961630 -1.640870 87.897153 0.434682 -1.099943 2.958559
-37.379227 4.912545 -1.579229 88.520286 0.443113 -1.067698 2.945363
-37.583459 4.859611 -1.516244 89.139874 0.449419 -1.036363 2.933896
-37.784706 4.802858 -1.451949 89.755333 0.453580 -1.005901 2.923617
-37.983148 4.742412 -1.386437 90.366609 0.455576 -0.976289 2.914117
-38.179095 4.678449 -1.319817 90.973867 0.455386 -0.947509 2.905048
-38.372849 4.611173 -1.252182 91.577262 0.452987 -0.919538 2.896064
-38.564566 4.540789 -1.183563 92.176708 0.448349 -0.892341 2.886764
-38.754082 4.467500 -1.113860 92.771612 0.441439 -0.865847 2.876632
-38.940558 4.391542 -1.042450 93.359910 0.431378 -0.840726 2.867352
-39.123841 4.313134 -0.969257 93.941030 0.418117 -0.816922 2.858416
-39.304084 4.232514 -0.894338 94.514889 0.401601 -0.794414 2.849441
-39.481569 4.149939 -0.817812 95.081620 0.381765 -0.773205 2.840099
-39.656580 4.065671 -0.739801 95.641369 0.358540 -0.753302 2.830069
-39.829287 3.979975 -0.660394 96.194108 0.331845 -0.734704 2.818993
-39.999604 3.893114 -0.579584 96.739417 0.301593 -0.717391 2.806423
-40.166925 3.805303 -0.497279 97.275656 0.268727 -0.701053 2.793952
-40.331145 3.716812 -0.413488 97.802396 0.233141 -0.685678 2.781137
-40.492376 3.627921 -0.328316 98.319558 0.194726 -0.671288 2.767618
-40.650797 3.538915 -0.241896 98.827188 0.153365 -0.657910 2.753074
-40.806537 3.450085 -0.154345 99.325283 0.108933 -0.645576 2.737172
-40.959557 3.361729 -0.065709 99.813603 0.061303 -0.634296 2.719530
-41.109451 3.274081 0.023882 100.290973 0.012641 -0.623533 2.701577
-41.256187 3.187432 0.114378 100.757217 -0.037191 -0.613303 2.682951
-41.399902 3.102062 0.205659 101.212458 -0.088337 -0.603649 2.663363
-41.540803 3.018235 0.297584 101.656955 -0.140941 -0.594623 2.642564
-41.679093 2.936196 0.390005 102.091000 -0.195153 -0.586278 2.620314
-41.814914 2.856162 0.482780 102.514805 -0.251127 -0.578674 2.596356
-41.948261 2.778300 0.575778 102.928387 -0.309021 -0.571871 2.570396
-42.078838 2.702590 0.668607 103.330751 -0.366986 -0.565289 2.544729
-42.206616 2.629173 0.761158 103.721928 -0.425185 -0.558987 2.519069
-42.331679 2.558206 0.853334 104.102148 -0.483780 -0.553019 2.493182
-42.454144 2.489844 0.945057 104.471729 -0.542931 -0.547437 2.466859
-42.574106 2.424223 1.036270 104.830997 -0.602800 -0.542290 2.439899
-42.691587 2.361444 1.126935 105.180199 -0.663548 -0.537624 2.412086
-42.806452 2.301544 1.217032 105.519401 -0.725342 -0.533484 2.383174
-42.918243 2.244368 1.306398 105.847815 -0.786294 -0.529732 2.354973
-43.026796 2.189921 1.395045 106.165505 -0.846570 -0.526409 2.327248
-43.132065 2.138234 1.483001 106.472703 -0.906330 -0.523549 2.299801
-43.234041 2.089339 1.570314 106.769712 -0.965734 -0.521186 2.272458
-43.332691 2.043243 1.657047 107.056829 -1.024937 -0.519349 2.245052
-43.427895 1.999907 1.743278 107.334265 -1.084096 -0.518068 2.217403
-43.519305 1.959125 1.828924 107.601679 -1.141887 -0.517020 2.190702
-43.606804 1.920844 1.914086 107.859297 -1.198461 -0.516231 2.164787
-43.690374 1.885042 1.998865 108.107453 -1.253964 -0.515727 2.139523
-43.770041 1.851709 2.083359 108.346523 -1.308543 -0.515534 2.114793
-43.845846 1.820829 2.167655 108.576894 -1.362338 -0.515682 2.090486
-43.917817 1.792362 2.251822 108.798927 -1.415491 -0.516208 2.066493
-43.985942 1.766222 2.335890 109.012924 -1.468143 -0.517165 2.042702
-44.050118 1.742141 2.419543 109.218827 -1.519287 -0.517842 2.019954
-44.110341 1.720038 2.502805 109.416915 -1.569058 -0.518295 1.998141
-44.166659 1.699883 2.585732 109.607501 -1.617589 -0.518564 1.977168
-44.219148 1.681669 2.668383 109.790909 -1.665008 -0.518690 1.956947
-44.267908 1.665394 2.750799 109.967456 -1.711439 -0.518719 1.937395
-44.313062 1.651039 2.832976 110.137444 -1.757009 -0.518706 1.918430
-44.354781 1.638547 2.914833 110.301165 -1.801843 -0.518734 1.899970
-44.393348 1.627746 2.995888 110.458800 -1.845261 -0.517963 1.882431
-44.428946 1.618576 3.076057 110.610604 -1.887382 -0.516473 1.865735
-44.461728 1.611010 3.155327 110.756807 -1.928323 -0.514319 1.849803
-44.491837 1.605026 3.233718 110.897618 -1.968194 -0.511550 1.834557
-44.519428 1.600584 3.311251 111.033226 -2.007105 -0.508209 1.819919
-44.544689 1.597605 3.387910 111.163798 -2.045163 -0.504352 1.805809
-44.567902 1.595899 3.463420 111.289371 -2.081832 -0.499447 1.792667
-44.589249 1.595384 3.537784 111.410091 -2.117215 -0.493541 1.780417
-44.608881 1.596022 3.611057 111.526102 -2.151407 -0.486659 1.768990
-44.626925 1.597793 3.683320 111.637545 -2.184499 -0.478815 1.758321
-44.643501 1.600684 3.754660 111.744553 -2.216581 -0.470020 1.748350
-44.658725 1.604665 3.825137 111.847240 -2.247740 -0.460289 1.739015
-44.672708 1.609658 3.894756 111.945692 -2.278062 -0.449651 1.730253
-44.685568 1.615462 3.963276 112.039885 -2.307166 -0.437711 1.722235
-44.697407 1.622012 4.030693 112.129897 -2.335134 -0.424491 1.714905
-44.708318 1.629296 4.097052 112.215830 -2.362041 -0.409998 1.708215
-44.718388 1.637331 4.162413 112.297800 -2.387961 -0.394227 1.702126
-44.727701 1.646142 4.226820 112.375935 -2.412963 -0.377171 1.696605
-44.736347 1.655741 4.290279 112.450369 -2.437117 -0.358835 1.691624
-44.744429 1.666100 4.352712 112.521241 -2.460492 -0.339242 1.687162
-44.752073 1.677105 4.413969 112.588685 -2.482898 -0.318780 1.683287
-44.759371 1.688727 4.473964 112.652835 -2.504400 -0.297467 1.679980
-44.766390 1.700979 4.532690 112.713810 -2.525058 -0.275297 1.677227
-44.773181 1.713886 4.590175 112.771711 -2.544929 -0.252247 1.675007
-44.779776 1.727456 4.646448 112.826624 -2.564068 -0.228296 1.673304
-44.786187 1.741655 4.701506 112.878601 -2.582529 -0.203429 1.672094
-44.792352 1.756381 4.755441 112.927634 -2.600298 -0.178325 1.671388
-44.798274 1.771602 4.808257 112.973767 -2.617428 -0.152966 1.671168
-44.803969 1.787330 4.859992 113.017062 -2.633963 -0.127315 1.671422
-44.809456 1.803598 4.910697 113.057588 -2.649951 -0.101332 1.672139
-44.814751 1.820441 4.960409 113.095414 -2.665433 -0.074977 1.673315
-44.819862 1.837872 5.009124 113.130588 -2.680455 -0.048223 1.674943
-44.824760 1.855833 5.056749 113.163113 -2.695063 -0.021070 1.677016
-44.829267 1.874059 5.102964 113.192835 -2.709059 0.006397 1.679566
-44.833345 1.892485 5.147672 113.219734 -2.722486 0.034178 1.682589
-44.836986 1.911109 5.190863 113.243823 -2.735385 0.062307 1.686079
-44.840181 1.929941 5.232566 113.265104 -2.747790 0.090827 1.690033
-44.842915 1.948977 5.272818 113.283564 -2.759738 0.119789 1.694445
-44.845168 1.968184 5.311649 113.299160 -2.771261 0.149240 1.699305
-44.846926 1.987481 5.349062 113.311823 -2.782396 0.179219 1.704599
-44.848207 2.006750 5.385138 113.321464 -2.793174 0.209327 1.710371
-44.848985 2.025906 5.419875 113.327998 -2.803629 0.239604 1.716611
-44.849214 2.044898 5.453293 113.331358 -2.813791 0.270103 1.723315
-44.848838 2.063704 5.485416 113.331488 -2.823690 0.300878 1.730486
-44.847796 2.082302 5.516254 113.328342 -2.833353 0.331983 1.738133
-44.846019 2.100654 5.545781 113.321881 -2.842809 0.363464 1.746268
-44.843406 2.118691 5.573988 113.312200 -2.852013 0.395006 1.754313
-44.839885 2.136389 5.600845 113.299260 -2.860994 0.426658 1.762286
-44.835386 2.153751 5.626354 113.283019 -2.869776 0.458478 1.770206
-44.829840 2.170800 5.650534 113.263429 -2.878382 0.490533 1.778092
-44.823178 2.187557 5.673406 113.240434 -2.886836 0.522891 1.785964
-44.815326 2.204043 5.694983 113.213967 -2.895159 0.555622 1.793838
-44.806202 2.220256 5.715262 113.183940 -2.903376 0.588788 1.801734
-44.795678 2.236170 5.734298 113.150327 -2.911343 0.622034 1.809252
-44.783671 2.251781 5.752085 113.113019 -2.919083 0.655426 1.816407
-44.770106 2.267102 5.768635 113.071903 -2.926616 0.689038 1.823214
-44.754914 2.282149 5.783969 113.026854 -2.933963 0.722946 1.829684
-44.738022 2.296933 5.798106 112.977729 -2.941143 0.757229 1.835828
-44.719360 2.311457 5.811059 112.924363 -2.948174 0.791964 1.841650
-44.698848 2.325699 5.822829 112.866554 -2.955079 0.827224 1.847151
-44.676386 2.339622 5.833507 112.804014 -2.961942 0.862635 1.852523
-44.651888 2.353197 5.843085 112.736519 -2.968784 0.898272 1.857766
-44.625266 2.366413 5.851565 112.663858 -2.975623 0.934214 1.862883
-44.596427 2.379259 5.858945 112.585820 -2.982479 0.970543 1.867879
-44.565278 2.391716 5.865211 112.502195 -2.989371 1.007338 1.872765
-44.531726 2.403747 5.870322 112.412764 -2.996318 1.044671 1.877550
-44.495688 2.415316 5.874350 112.317344 -3.003452 1.082062 1.882155
-44.457060 2.426380 5.877253 112.215695 -3.010792 1.119587 1.886590
-44.415722 2.436909 5.879014 112.107561 -3.018359 1.157331 1.890866
-44.371542 2.446876 5.879629 111.992665 -3.026173 1.195382 1.894994
-44.324385 2.456252 5.879100 111.870714 -3.034254 1.233833 1.898980
-44.274109 2.464997 5.877430 111.741389 -3.042623 1.272778 1.902832
-44.220582 2.473054 5.874615 111.604351 -3.051302 1.312309 1.906553
-44.163702 2.480383 5.870792 111.459247 -3.060012 1.351947 1.910168
-44.103318 2.486920 5.865956 111.305701 -3.068774 1.391786 1.913683
-44.039256 2.492612 5.860105 111.143326 -3.077612 1.431927 1.917104
-43.971326 2.497406 5.853240 110.971723 -3.086548 1.472470 1.920441
-43.899329 2.501253 5.845355 110.790479 -3.095605 1.513517 1.923704
-43.823062 2.504095 5.836439 110.599166 -3.104807 1.555171 1.926907
-43.742328 2.505874 5.826477 110.397350 -3.114175 1.597534 1.930063
-43.656968 2.506557 5.815538 110.184651 -3.123416 1.640334 1.932997
-43.566768 2.506085 5.803592 109.960609 -3.132554 1.683678 1.935730
-43.471488 2.504409 5.790603 109.724748 -3.141611 1.727670 1.938286
-43.370885 2.501488 5.776522 109.476596 -3.150611 1.772415 1.940699
-43.264727 2.497286 5.761284 109.215695 -3.159577 1.818020 1.943011
-43.152826 2.491781 5.744795 108.941638 -3.168534 1.864585 1.945281
-43.035096 2.485002 5.727020 108.654263 -3.177227 1.911804 1.947010
-42.911340 2.476931 5.707859 108.353151 -3.185679 1.959782 1.948268
-42.781307 2.467549 5.687223 108.037830 -3.193911 2.008635 1.949123
-42.644742 2.456844 5.665032 107.707822 -3.201944 2.058482 1.949647
-42.501409 2.444815 5.641196 107.362690 -3.209799 2.109446 1.949932
-42.351135 2.431483 5.615602 107.002095 -3.217495 2.161650 1.950096
-42.193881 2.416917 5.588100 106.625895 -3.225053 2.215220 1.950312
-42.029894 2.401338 5.558701 106.234524 -3.232568 2.269481 1.949986
-41.859151 2.384811 5.527256 105.827865 -3.240060 2.324567 1.949312
-41.681522 2.367359 5.493655 105.405640 -3.247547 2.380623 1.948455
-41.496851 2.348991 5.457808 104.967533 -3.255046 2.437801 1.947583
-41.305029 2.329731 5.419620 104.513309 -3.262574 2.496261 1.946891
-41.106082 2.309644 5.378966 104.042951 -3.270151 2.556164 1.946634
-40.900279 2.288871 5.335644 103.556848 -3.277795 2.617668 1.947173
-40.688329 2.267731 5.289506 103.056592 -3.285861 2.680097 1.946887
-40.470571 2.246366 5.240362 102.542698 -3.294367 2.743625 1.946181
-40.247170 2.224854 5.188110 102.015409 -3.303333 2.808448 1.945403
-40.018270 2.203256 5.132678 101.474942 -3.312779 2.874776 1.944906
-39.784134 2.181667 5.073977 100.921740 -3.322725 2.942827 1.945106
-39.545317 2.160273 5.011840 100.356779 -3.333198 3.012816 1.946554
-39.302892 2.139494 4.946304 99.782628 -3.344899 3.083265 1.947259
-39.057419 2.119485 4.877226 99.200280 -3.357857 3.154407 1.947785
-38.809151 2.100282 4.804574 98.610177 -3.372101 3.226494 1.948575
-38.558201 2.081853 4.728370 98.012509 -3.387661 3.299794 1.950013
-38.304688 2.064177 4.648665 97.407487 -3.404570 3.374587 1.952497
-38.048888 2.047321 4.565516 96.795628 -3.422862 3.451174 1.956507
-37.791404 2.031519 4.478950 96.178104 -3.442578 3.529873 1.962690
-37.533351 2.017398 4.389573 95.558111 -3.463445 3.607854 1.967986
-37.275364 2.005183 4.297431 94.936869 -3.485508 3.685447 1.973060
-37.017748 1.994910 4.202616 94.314939 -3.508816 3.762978 1.978414
-36.760646 1.986504 4.105230 93.692548 -3.533419 3.840766 1.984475
-36.504192 1.979878 4.005381 93.069894 -3.559373 3.919134 1.991666
-36.248681 1.975036 3.903182 92.447471 -3.586736 3.998421 2.000485
-35.994745 1.972161 3.798725 91.826428 -3.615568 4.078984 2.011598
-35.743530 1.971781 3.692502 91.209992 -3.644865 4.158403 2.021681
-35.495735 1.974093 3.584613 90.599409 -3.674692 4.237043 2.031418
-35.251753 1.979113 3.475187 89.995294 -3.705117 4.315256 2.041338
-35.011853 1.986770 3.364340 89.397999 -3.736212 4.393381 2.051901
-34.776362 1.997017 3.252181 88.807963 -3.768050 4.471763 2.063589
-34.545863 2.009929 3.138784 88.226090 -3.800707 4.550750 2.076998
-34.321388 2.025886 3.024705 87.655020 -3.833249 4.627700 2.089400
-34.103479 2.044939 2.910018 87.095578 -3.865754 4.702954 2.101362
-33.892330 2.066965 2.794815 86.547952 -3.898299 4.776833 2.113284
-33.687934 2.091735 2.679179 86.011967 -3.930964 4.849640 2.125477
-33.490212 2.118984 2.563185 85.487328 -3.963825 4.921666 2.138212
-33.299140 2.148486 2.446914 84.973846 -3.996960 4.993208 2.151785
-33.114881 2.180109 2.330448 84.471670 -4.030450 5.064575 2.166570
-32.937956 2.213983 2.214375 83.982183 -4.063635 5.133567 2.180709
-32.768517 2.249984 2.098775 83.505548 -4.096596 5.200483 2.194569
-32.606488 2.287885 1.983725 83.041546 -4.129411 5.265600 2.208409
-32.451660 2.327402 1.869289 82.589756 -4.162157 5.329180 2.222434
-32.303775 2.368241 1.755530 82.149702 -4.194912 5.391477 2.236829
-32.162601 2.410153 1.642543 81.720991 -4.227752 5.452754 2.251790
-32.027997 2.452983 1.530481 81.303446 -4.260748 5.513297 2.267562
-31.900023 2.496859 1.420104 80.897750 -4.293410 5.571308 2.282694
-31.778547 2.541647 1.311566 80.503781 -4.325808 5.627063 2.297429
-31.663336 2.587132 1.204959 80.121218 -4.358017 5.680804 2.311955
-31.554100 2.633066 1.100342 79.749660 -4.390114 5.732756 2.326435
-31.450540 2.679216 0.997776 79.388717 -4.422172 5.783136 2.341026
-31.352375 2.725405 0.897363 79.038100 -4.454264 5.832173 2.355904
-31.259378 2.771589 0.799437 78.698076 -4.485801 5.879242 2.369818
-31.171275 2.817617 0.704085 78.368364 -4.516853 5.924554 2.382933
-31.087762 2.863299 0.611333 78.048568 -4.547494 5.968296 2.395377
-31.008518 2.908440 0.521178 77.738224 -4.577797 6.010633 2.407256
-30.933213 2.952852 0.433604 77.436854 -4.607835 6.051725 2.418665
-30.861528 2.996371 0.348597 77.143992 -4.637681 6.091727 2.429696
-30.793148 3.038874 0.266167 76.859220 -4.667402 6.130797 2.440446
-30.727788 3.080320 0.186517 76.582401 -4.696442 6.168375 2.450296
-30.665156 3.120620 0.109650 76.313137 -4.724868 6.204608 2.459335
-30.604966 3.159676 0.035533 76.050996 -4.752748 6.239630 2.467641
-30.546937 3.197395 -0.035883 75.795530 -4.780151 6.273564 2.475279
-30.490795 3.233700 -0.104652 75.546295 -4.807142 6.306526 2.482315
-30.436287 3.268533 -0.170823 75.302876 -4.833788 6.338632 2.488813
-30.383195 3.301868 -0.234429 75.064913 -4.860150 6.370005 2.494849
-30.331430 3.333791 -0.295239 74.832304 -4.885813 6.399961 2.500193
-30.280800 3.364306 -0.353289 74.604724 -4.910840 6.428615 2.504920
-30.231095 3.393411 -0.408638 74.381820 -4.935289 6.456065 2.509096
-30.182123 3.421113 -0.461361 74.163261 -4.959224 6.482403 2.512787
-30.133736 3.447438 -0.511541 73.948781 -4.982703 6.507715 2.516074
-30.085902 3.472448 -0.559260 73.738276 -5.005788 6.532097 2.519074
-30.038936 3.496351 -0.604387 73.532241 -5.028231 6.555066 2.521351
-29.992826 3.519229 -0.647007 73.330594 -5.050091 6.576708 2.523022
-29.947465 3.541143 -0.687214 73.133109 -5.071423 6.597091 2.524161
-29.902719 3.562156 -0.725106 72.939518 -5.092284 6.616276 2.524831
-29.858471 3.582333 -0.760785 72.749569 -5.112729 6.634317 2.525093
-29.814659 3.601753 -0.794377 72.563097 -5.132813 6.651266 2.525029
-29.771361 3.620510 -0.826039 72.380138 -5.152595 6.667166 2.524770
-29.729022 3.638746 -0.856049 72.201318 -5.171701 6.682228 2.524121
-29.687731 3.656558 -0.884563 72.026692 -5.190187 6.696489 2.523212
-29.647449 3.674031 -0.911700 71.856122 -5.208105 6.709988 2.522119
-29.608092 3.691240 -0.937560 71.689400 -5.225504 6.722759 2.520896
-29.569572 3.708261 -0.962235 71.526319 -5.242429 6.734838 2.519594
-29.531841 3.725166 -0.985825 71.366732 -5.258929 6.746257 2.518279
-29.494946 3.742035 -1.008458 71.210656 -5.275053 6.757044 2.517055
-29.459191 3.758963 -1.030364 71.058565 -5.290552 6.767356 2.515735
-29.424634 3.776020 -1.051663 70.910498 -5.305472 6.777221 2.514426
-29.391236 3.793261 -1.072440 70.766348 -5.319855 6.786666 2.513190
-29.358932 3.810731 -1.092763 70.625962 -5.333741 6.795720 2.512081
-29.327668 3.828470 -1.112698 70.489216 -5.347168 6.804411 2.511151
-29.297461 3.846521 -1.132317 70.356094 -5.360175 6.812769 2.510483
-29.268523 3.864947 -1.151745 70.226922 -5.372584 6.820935 2.509990
-29.240869 3.883776 -1.171045 70.101689 -5.384431 6.828942 2.509749
-29.214439 3.903019 -1.190259 69.980272 -5.395748 6.836815 2.509807
-29.189145 3.922676 -1.209417 69.862502 -5.406564 6.844585 2.510199
-29.164893 3.942738 -1.228542 69.748202 -5.416908 6.852279 2.510953
-29.141604 3.963188 -1.247654 69.637220 -5.426807 6.859928 2.512103
-29.119246 3.984011 -1.266772 69.529474 -5.436287 6.867564 2.513702
-29.097932 4.005219 -1.285875 69.425104 -5.445227 6.875137 2.515723
-29.077635 4.026783 -1.304976 69.324040 -5.453651 6.882681 2.518220
-29.058280 4.048665 -1.324080 69.226149 -5.461580 6.890228 2.521228
-29.039778 4.070824 -1.343187 69.131277 -5.469035 6.897809 2.524773
-29.022037 4.093213 -1.362291 69.039264 -5.476032 6.905457 2.528882
-29.004971 4.115785 -1.381382 68.949966 -5.482591 6.913206 2.533583
-28.988517 4.138495 -1.400436 68.863269 -5.488725 6.921096 2.538911
-28.972694 4.161340 -1.419341 68.779313 -5.494565 6.928995 2.544293
-28.957445 4.184274 -1.438072 68.697997 -5.500124 6.936944 2.549766
-28.942696 4.207241 -1.456616 68.619193 -5.505416 6.944978 2.555359
-28.928368 4.230182 -1.474964 68.542771 -5.510455 6.953128 2.561101
-28.914395 4.253034 -1.493119 68.468609 -5.515251 6.961426 2.567020
-28.900738 4.275728 -1.511098 68.396621 -5.519821 6.969899 2.573155
-28.887462 4.298205 -1.528889 68.326933 -5.524205 6.978398 2.579192
-28.874535 4.320400 -1.546512 68.259461 -5.528415 6.986951 2.585168
-28.861906 4.342263 -1.563974 68.194095 -5.532464 6.995586 2.591111
-28.849516 4.363750 -1.581279 68.130715 -5.536361 7.004334 2.597044
-28.837315 4.384823 -1.598432 68.069202 -5.540115 7.013225 2.602990
-28.825257 4.405445 -1.615444 68.009440 -5.543737 7.022288 2.608972
-28.813323 4.425577 -1.632342 67.951339 -5.547238 7.031549 2.615018
-28.801574 4.445194 -1.649114 67.894955 -5.550596 7.040843 2.620943
-28.789995 4.464267 -1.665791 67.840198 -5.553823 7.050196 2.626774
-28.778557 4.482773 -1.682392 67.786962 -5.556927 7.059637 2.632531
-28.767228 4.500701 -1.698935 67.735132 -5.559916 7.069193 2.638234
-28.755975 4.518042 -1.715434 67.684596 -5.562795 7.078895 2.643899
-28.744770 4.534794 -1.731904 67.635243 -5.565574 7.088773 2.649543
-28.733597 4.550957 -1.748360 67.586968 -5.568256 7.098859 2.655185
-28.722471 4.566559 -1.764751 67.539740 -5.570817 7.109005 2.660703
-28.711380 4.581606 -1.781094 67.493458 -5.573261 7.119244 2.666114
-28.700304 4.596108 -1.797408 67.448016 -5.575596 7.129606 2.671434
-28.689223 4.610075 -1.813713 67.403315 -5.577824 7.140122 2.676681
-28.678124 4.623524 -1.830026 67.359258 -5.579952 7.150827 2.681869
-28.666999 4.636484 -1.846352 67.315761 -5.581982 7.161759 2.687019
-28.655861 4.649011 -1.862619 67.272806 -5.583898 7.172782 2.691977
-28.644704 4.661135 -1.878834 67.230312 -5.585702 7.183934 2.696762
-28.633513 4.672874 -1.895015 67.188190 -5.587399 7.195251 2.701389
-28.622274 4.684247 -1.911187 67.146349 -5.588991 7.206765 2.705875
-28.610971 4.695269 -1.927375 67.104704 -5.590482 7.218511 2.710234
-28.599591 4.705960 -1.943599 67.063176 -5.591875 7.230526 2.714485
-28.588136 4.716353 -1.959861 67.021709 -5.593171 7.242853 2.718649
-28.576645 4.726528 -1.976058 66.980340 -5.594413 7.255382 2.722622
-28.565117 4.736516 -1.992190 66.939014 -5.595602 7.268158 2.726426
-28.553535 4.746331 -2.008277 66.897657 -5.596740 7.281222 2.730077
-28.541874 4.755981 -2.024343 66.856190 -5.597828 7.294610 2.733589
-28.530108 4.765474 -2.040411 66.814533 -5.598871 7.308362 2.736978
-28.518213 4.774816 -2.056499 66.772613 -5.599868 7.322520 2.740260
-28.506175 4.784021 -2.072607 66.730379 -5.600821 7.337133 2.743456
-28.494017 4.793152 -2.088614 66.687878 -5.601739 7.352023 2.746457
-28.481722 4.802216 -2.104517 66.645063 -5.602624 7.367242 2.749285
-28.469261 4.811212 -2.120331 66.601874 -5.603475 7.382837 2.751959
-28.456605 4.820127 -2.136075 66.558251 -5.604297 7.398853 2.754497
-28.443734 4.828947 -2.151769 66.514158 -5.605091 7.415338 2.756924
-28.430651 4.837660 -2.167439 66.469607 -5.605860 7.432342 2.759277
-28.417440 4.846276 -2.183017 66.424815 -5.606682 7.449596 2.761308
-28.404101 4.854775 -2.198525 66.379795 -5.607559 7.467154 2.763055
-28.390610 4.863133 -2.213982 66.334509 -5.608496 7.485066 2.764540
-28.376926 4.871319 -2.229405 66.288897 -5.609494 7.503384 2.765780
-28.363009 4.879299 -2.244812 66.242898 -5.610557 7.522159 2.766789
-28.348829 4.887036 -2.260226 66.196467 -5.611688 7.541445 2.767589
-28.334386 4.894491 -2.275674 66.149611 -5.612892 7.561295 2.768211
-28.319796 4.901664 -2.291052 66.102562 -5.613975 7.581319 2.768530
-28.305059 4.908511 -2.306389 66.055326 -5.614941 7.601574 2.768577
-28.290142 4.914989 -2.321708 66.007853 -5.615795 7.622116 2.768369
-28.274999 4.921056 -2.337029 65.960079 -5.616538 7.643000 2.767919
-28.259588 4.926665 -2.352376 65.911940 -5.617174 7.664283 2.767239
-28.243886 4.931767 -2.367784 65.863400 -5.617706 7.686022 2.766348
-28.227934 4.936316 -2.383295 65.814517 -5.618141 7.708276 2.765292
-28.212010 4.940354 -2.398726 65.765753 -5.618385 7.730547 2.763906
-28.196160 4.943836 -2.414124 65.717169 -5.618444 7.752896 2.762236
-28.180366 4.946711 -2.429529 65.668739 -5.618321 7.775381 2.760302
-28.164605 4.948931 -2.444979 65.620423 -5.618017 7.798059 2.758120
-28.148878 4.950450 -2.460523 65.572216 -5.617535 7.820988 2.755717
-28.133276 4.951228 -2.476217 65.524236 -5.616879 7.844233 2.753150
-28.118230 4.951342 -2.491867 65.477144 -5.615979 7.867284 2.750193
-28.103835 4.950758 -2.507531 65.431059 -5.614837 7.890204 2.746904
-28.090096 4.949433 -2.523258 65.385978 -5.613454 7.913053 2.743305
-28.076992 4.947334 -2.539088 65.341859 -5.611828 7.935890 2.739404
-28.064498 4.944430 -2.555054 65.298659 -5.609956 7.958775 2.735210
-28.052609 4.940694 -2.571196 65.256365 -5.607836 7.981771 2.730738
-28.041378 4.936117 -2.587545 65.215057 -5.605462 8.004949 2.726024
-28.031064 4.930791 -2.603896 65.175190 -5.602785 8.027907 2.720854
-28.021723 4.924711 -2.620285 65.136851 -5.599799 8.050716 2.715263
-28.013360 4.917859 -2.636755 65.100038 -5.596499 8.073437 2.709262
-28.005962 4.910220 -2.653347 65.064727 -5.592876 8.096131 2.702854
-27.999517 4.901785 -2.670102 65.030893 -5.588923 8.118858 2.696041
-27.994026 4.892551 -2.687054 64.998535 -5.584630 8.141682 2.688827
-27.989511 4.882539 -2.704217 64.967710 -5.579986 8.164678 2.681230
-27.986059 4.871850 -2.721393 64.938665 -5.575107 8.187508 2.673094
-27.983702 4.860510 -2.738599 64.911465 -5.569980 8.210245 2.664434
-27.982446 4.848528 -2.755874 64.886126 -5.564593 8.232953 2.655252
-27.982295 4.835912 -2.773263 64.862644 -5.558932 8.255694 2.645540
-27.983243 4.822680 -2.790798 64.841018 -5.552982 8.278532 2.635289
-27.985270 4.808867 -2.808485 64.821245 -5.546725 8.301541 2.624485
-27.988294 4.794570 -2.826131 64.803325 -5.540275 8.324428 2.613028
-27.992300 4.779828 -2.843742 64.787258 -5.533613 8.347267 2.600899
-27.997293 4.764662 -2.861359 64.773045 -5.526720 8.370119 2.588079
-28.003284 4.749088 -2.879035 64.760682 -5.519580 8.393045 2.574545
-28.010289 4.733124 -2.896820 64.750168 -5.512175 8.416103 2.560270
-28.018314 4.716801 -2.914751 64.741500 -5.504483 8.439359 2.545225
-28.027327 4.700167 -2.932826 64.734654 -5.496482 8.462885 2.529369
-28.037120 4.683316 -2.950856 64.729419 -5.488341 8.486403 2.512823
-28.047664 4.666298 -2.968842 64.725772 -5.480036 8.509988 2.495542
-28.058975 4.649143 -2.986822 64.723719 -5.471545 8.533703 2.477485
-28.071079 4.631874 -3.004850 64.723264 -5.462844 8.557610 2.458610
-28.083995 4.614510 -3.022980 64.724402 -5.453911 8.581768 2.438869
-28.097721 4.597081 -3.041246 64.727103 -5.444722 8.606243 2.418202
-28.112166 4.579627 -3.059647 64.731249 -5.435246 8.631103 2.396521
-28.126906 4.562188 -3.077979 64.736283 -5.425781 8.655838 2.374084
-28.141853 4.544804 -3.096240 64.742089 -5.416295 8.680516 2.350796
-28.157006 4.527507 -3.114460 64.748637 -5.406763 8.705205 2.326587
-28.172385 4.510321 -3.132681 64.755922 -5.397158 8.729970 2.301389
-28.187996 4.493279 -3.150931 64.763919 -5.387451 8.754879 2.275127
-28.203763 4.476425 -3.169204 64.772522 -5.377613 8.780003 2.247700
-28.219273 4.459807 -3.187215 64.781051 -5.368026 8.804614 2.219870
-28.234450 4.443467 -3.204955 64.789398 -5.358658 8.828783 2.191532
-28.249299 4.427429 -3.222453 64.797541 -5.349483 8.852575 2.162601
-28.263848 4.411706 -3.239750 64.805477 -5.340477 8.876052 2.133001
-28.278117 4.396310 -3.256885 64.813201 -5.331615 8.899275 2.102648
-28.292102 4.381264 -3.273870 64.820677 -5.322870 8.922311 2.071451
-28.305711 4.366610 -3.290656 64.827776 -5.314210 8.945237 2.039289
-28.318514 4.352425 -3.306917 64.833772 -5.305913 8.967604 2.006965
-28.330416 4.338750 -3.322600 64.838532 -5.297948 8.989487 1.974355
-28.341404 4.325600 -3.337711 64.842013 -5.290290 9.010949 1.941361
-28.351490 4.312974 -3.352279 64.844201 -5.282919 9.032049 1.907894
-28.360690 4.300871 -3.366334 64.845082 -5.275815 9.052840 1.873864
-28.369013 4.289297 -3.379893 64.844639 -5.268957 9.073382 1.839178
-28.376430 4.278275 -3.392926 64.842818 -5.262323 9.093744 1.803735
-28.382761 4.267880 -3.405237 64.839216 -5.256043 9.113867 1.768219
-28.387974 4.258134 -3.416794 64.833779 -5.250097 9.133819 1.732528
-28.392072 4.249037 -3.427606 64.826485 -5.244468 9.153657 1.696567
-28.395072 4.240579 -3.437701 64.817331 -5.239141 9.173432 1.660251
-28.397000 4.232744 -3.447115 64.806334 -5.234105 9.193194 1.623499
-28.397909 4.225516 -3.455896 64.793562 -5.229351 9.212990 1.586245
-28.397932 4.218918 -3.463948 64.779100 -5.224918 9.232521 1.548979
-28.397116 4.212931 -3.471314 64.763013 -5.220798 9.251834 1.511635
-28.395476 4.207535 -3.478025 64.745312 -5.216983 9.270977 1.474134
-28.393013 4.202706 -3.484106 64.725990 -5.213465 9.289996 1.436390
-28.389725 4.198417 -3.489587 64.705040 -5.210238 9.308937 1.398320
-28.385626 4.194634 -3.494509 64.682480 -5.207298 9.327842 1.359848
-28.380775 4.191311 -3.498948 64.658407 -5.204645 9.346748 1.320921
-28.375388 4.188421 -3.502879 64.632964 -5.202289 9.365350 1.282364
-28.369520 4.185915 -3.506373 64.606244 -5.200234 9.383684 1.244126
-28.363169 4.183756 -3.509465 64.578262 -5.198477 9.401792 1.206132
-28.356315 4.181910 -3.512175 64.549004 -5.197018 9.419718 1.168301
-28.348937 4.180343 -3.514522 64.518457 -5.195855 9.437502 1.130554
-28.341032 4.179009 -3.516547 64.486644 -5.194991 9.455184 1.092823
-28.332678 4.177851 -3.518325 64.453702 -5.194434 9.472800 1.055072
-28.324236 4.176874 -3.519785 64.420033 -5.194133 9.490052 1.017932
-28.315779 4.176021 -3.521004 64.385776 -5.194096 9.506977 0.981371
-28.307297 4.175243 -3.522021 64.350957 -5.194329 9.523609 0.945327
-28.298761 4.174498 -3.522861 64.315575 -5.194838 9.539984 0.909732
-28.290155 4.173738 -3.523562 64.279653 -5.195630 9.556139 0.874526
-28.281545 4.172909 -3.524187 64.243325 -5.196715 9.572107 0.839681
-28.273324 4.172045 -3.524636 64.207077 -5.197978 9.587733 0.805679
-28.265555 4.171095 -3.524971 64.171044 -5.199431 9.603052 0.772495
-28.258214 4.170018 -3.525223 64.135242 -5.201083 9.618097 0.740074
-28.251254 4.168779 -3.525407 64.099650 -5.202942 9.632901 0.708352
-28.244625 4.167350 -3.525536 64.064245 -5.205014 9.647500 0.677267
-28.238296 4.165690 -3.525643 64.029029 -5.207311 9.661923 0.646765
-28.232315 4.163755 -3.525782 63.994113 -5.209845 9.676203 0.616822
-28.227069 4.161595 -3.525855 63.960003 -5.212503 9.690267 0.587700
-28.222611 4.159169 -3.525916 63.926813 -5.215299 9.704146 0.559379
-28.218910 4.156445 -3.526001 63.894548 -5.218244 9.717868 0.531810
-28.215920 4.153405 -3.526123 63.863187 -5.221349 9.731463 0.504942
-28.213592 4.150034 -3.526297 63.832704 -5.224624 9.744965 0.478720
-28.211885 4.146314 -3.526541 63.803088 -5.228080 9.758402 0.453095
-28.210801 4.142228 -3.526884 63.774385 -5.231730 9.771809 0.428036
-28.210527 4.137825 -3.527217 63.746861 -5.235431 9.785083 0.403728
-28.211073 4.133092 -3.527571 63.720570 -5.239197 9.798259 0.380141
-28.212411 4.128020 -3.527967 63.695515 -5.243040 9.811364 0.357235
-28.214510 4.122613 -3.528419 63.671694 -5.246972 9.824432 0.334969
-28.217348 4.116876 -3.528939 63.649118 -5.251004 9.837494 0.313306
-28.220914 4.110823 -3.529538 63.627832 -5.255149 9.850588 0.292218
-28.225233 4.104481 -3.530181 63.607953 -5.259245 9.863600 0.271737
-28.230303 4.097865 -3.530880 63.589528 -5.263305 9.876567 0.251836
-28.236119 4.090992 -3.531648 63.572579 -5.267340 9.889521 0.232485
-28.242676 4.083878 -3.532494 63.557118 -5.271362 9.902496 0.213648
-28.249968 4.076545 -3.533429 63.543154 -5.275382 9.915526 0.195291
-28.257994 4.069016 -3.534455 63.530701 -5.279409 9.928647 0.177381
-28.266730 4.061324 -3.535565 63.519769 -5.283455 9.941897 0.159883
-28.276072 4.053495 -3.536733 63.510279 -5.287424 9.955207 0.142863
-28.286004 4.045562 -3.537953 63.502241 -5.291326 9.968614 0.126288
-28.296535 4.037551 -3.539230 63.495673 -5.295170 9.982156 0.110126
-28.307678 4.029485 -3.540573 63.490588 -5.298967 9.995867 0.094345
-28.319443 4.021389 -3.541990 63.486992 -5.302725 10.009783 0.078908
-28.331825 4.013293 -3.543472 63.484876 -5.306453 10.023943 0.063777
-28.344756 4.005233 -3.544987 63.484165 -5.310155 10.038389 0.048894
-28.357915 3.997213 -3.546498 63.484444 -5.313805 10.053067 0.034437
-28.371237 3.989270 -3.547970 63.485639 -5.317406 10.068018 0.020349
-28.384723 3.981433 -3.549393 63.487737 -5.320966 10.083286 0.006590
-28.398386 3.973726 -3.550765 63.490735 -5.324493 10.098911 -0.006879
-28.412230 3.966178 -3.552073 63.494612 -5.327991 10.114938 -0.020098
-28.426196 3.958823 -3.553277 63.499274 -5.331465 10.131412 -0.033130
-28.439990 3.951685 -3.554238 63.504335 -5.334884 10.148061 -0.045930
-28.453555 3.944799 -3.554916 63.509700 -5.338251 10.164933 -0.058557
-28.466904 3.938188 -3.555298 63.515350 -5.341573 10.182074 -0.071053
-28.480063 3.931870 -3.555386 63.521284 -5.344855 10.199526 -0.083455
-28.493066 3.925862 -3.555186 63.527505 -5.348107 10.217333 -0.095794
-28.505937 3.920179 -3.554700 63.534007 -5.351335 10.235539 -0.108108
-28.518646 3.914830 -3.553937 63.540738 -5.354545 10.254179 -0.120444
-28.530957 3.909758 -3.552914 63.547351 -5.357665 10.272957 -0.132540
-28.542843 3.904968 -3.551638 63.553790 -5.360700 10.291910 -0.144443
-28.554325 3.900477 -3.550107 63.560051 -5.363659 10.311086 -0.156188
-28.565436 3.896296 -3.548322 63.566136 -5.366546 10.330531 -0.167809
-28.576205 3.892435 -3.546282 63.572046 -5.369370 10.350293 -0.179337
-28.586649 3.888905 -3.543984 63.577765 -5.372135 10.370419 -0.190809
-28.596736 3.885701 -3.541438 63.583225 -5.374848 10.390948 -0.202273
-28.606246 3.882751 -3.538661 63.588093 -5.377443 10.411554 -0.213545
-28.615142 3.880050 -3.535658 63.592298 -5.379924 10.432277 -0.224672
-28.623433 3.877605 -3.532424 63.595821 -5.382297 10.453168 -0.235691
-28.631136 3.875423 -3.528954 63.598651 -5.384568 10.474277 -0.246632
-28.638263 3.873510 -3.525245 63.600777 -5.386741 10.495653 -0.257529
-28.644802 3.871858 -3.521309 63.602161 -5.388822 10.517341 -0.268418
-28.650650 3.870424 -3.517125 63.602636 -5.390756 10.539009 -0.279150
-28.655791 3.869203 -3.512703 63.602161 -5.392548 10.560702 -0.289762
-28.660229 3.868199 -3.508041 63.600722 -5.394202 10.582471 -0.300284
-28.663972 3.867419 -3.503134 63.598310 -5.395722 10.604367 -0.310742
-28.667032 3.866869 -3.497982 63.594921 -5.397114 10.626443 -0.321161
-28.669420 3.866554 -3.492589 63.590557 -5.398380 10.648749 -0.331565
-28.671161 3.866468 -3.486977 63.585243 -5.399529 10.671334 -0.341969
-28.672329 3.866622 -3.481073 63.579067 -5.400587 10.693897 -0.352244
-28.672942 3.867012 -3.474897 63.572050 -5.401561 10.716486 -0.362406
-28.673004 3.867645 -3.468454 63.564192 -5.402453 10.739154 -0.372474
-28.672512 3.868527 -3.461743 63.555482 -5.403269 10.761952 -0.382471
-28.671461 3.869664 -3.454763 63.545909 -5.404010 10.784935 -0.392418
-28.669849 3.871058 -3.447529 63.535473 -5.404681 10.808151 -0.402335
-28.667706 3.872697 -3.440079 63.524211 -5.405288 10.831646 -0.412227
-28.665177 3.874591 -3.432353 63.512326 -5.405828 10.855105 -0.422011
-28.662284 3.876728 -3.424391 63.499852 -5.406306 10.878574 -0.431692
-28.659017 3.879108 -3.416207 63.486782 -5.406727 10.902103 -0.441287
-28.655358 3.881735 -3.407809 63.473095 -5.407093 10.925742 -0.450819
-28.651290 3.884603 -3.399217 63.458773 -5.407408 10.949538 -0.460304
-28.646832 3.887694 -3.390481 63.443838 -5.407679 10.973535 -0.469750
-28.642152 3.891020 -3.381512 63.428484 -5.407885 10.997324 -0.478949
-28.637263 3.894563 -3.372360 63.412733 -5.408030 11.020948 -0.487906
-28.632145 3.898321 -3.363038 63.396562 -5.408120 11.044456 -0.496640
-28.626767 3.902300 -3.353545 63.379947 -5.408155 11.067900 -0.505167
-28.621102 3.906507 -3.343881 63.362866 -5.408137 11.091333 -0.513503
-28.615134 3.910941 -3.334059 63.345318 -5.408071 11.114803 -0.521658
-28.608896 3.915584 -3.324138 63.327363 -5.407964 11.138352 -0.529624
-28.602592 3.920435 -3.314084 63.309329 -5.407907 11.161615 -0.537405
-28.596252 3.925476 -3.303954 63.291277 -5.407909 11.184631 -0.544991
-28.589861 3.930709 -3.293761 63.273206 -5.407973 11.207448 -0.552389
-28.583387 3.936146 -3.283503 63.255100 -5.408102 11.230120 -0.559610
-28.576802 3.941799 -3.273176 63.236940 -5.408298 11.252696 -0.566666
-28.570083 3.947675 -3.262791 63.218721 -5.408565 11.275223 -0.573561
-28.563250 3.953762 -3.252405 63.200492 -5.408912 11.297740 -0.580287
-28.556464 3.960051 -3.242030 63.182534 -5.409422 11.319948 -0.586881
-28.549743 3.966531 -3.231722 63.164893 -5.410105 11.341886 -0.593333
-28.543067 3.973210 -3.221495 63.147566 -5.410966 11.363596 -0.599648
-28.536404 3.980101 -3.211348 63.130530 -5.412009 11.385128 -0.605837
-28.529723 3.987214 -3.201283 63.113763 -5.413240 11.406526 -0.611908
-28.523008 3.994545 -3.191334 63.097262 -5.414666 11.427829 -0.617866
-28.516304 4.002080 -3.181493 63.081121 -5.416377 11.448798 -0.623703
-28.509597 4.009814 -3.171791 63.065336 -5.418381 11.469469 -0.629421
-28.502857 4.017758 -3.162226 63.049884 -5.420685 11.489888 -0.635032
-28.496055 4.025926 -3.152788 63.034736 -5.423297 11.510103 -0.640546
-28.489164 4.034335 -3.143461 63.019871 -5.426223 11.530160 -0.645973
-28.482169 4.042992 -3.134249 63.005277 -5.429475 11.550104 -0.651319
-28.475086 4.051891 -3.125191 62.990977 -5.433065 11.569969 -0.656580
-28.468013 4.060992 -3.116368 62.977122 -5.437027 11.589595 -0.661761
-28.460966 4.070284 -3.107821 62.963735 -5.441376 11.609017 -0.666859
-28.453934 4.079772 -3.099550 62.950803 -5.446125 11.628277 -0.671880
-28.446895 4.089464 -3.091539 62.938300 -5.451287 11.647421 -0.676835
-28.439823 4.099365 -3.083770 62.926195 -5.456875 11.666495 -0.681737
-28.432694 4.109476 -3.076233 62.914449 -5.462905 11.685542 -0.686600
-28.425484 4.119777 -3.068945 62.903021 -5.469393 11.704597 -0.691438
-28.418186 4.130219 -3.061932 62.891905 -5.476144 11.723426 -0.696269
-28.410778 4.140779 -3.055212 62.881057 -5.483176 11.742063 -0.701107
-28.403234 4.151449 -3.048771 62.870434 -5.490508 11.760550 -0.705970
-28.395525 4.162225 -3.042591 62.859994 -5.498157 11.778932 -0.710874
-28.387623 4.173095 -3.036654 62.849689 -5.506143 11.797253 -0.715836
-28.379502 4.184038 -3.030964 62.839464 -5.514486 11.815549 -0.720876
-28.371146 4.195006 -3.025534 62.829272 -5.522931 11.833679 -0.725976
-28.362526 4.205975 -3.020365 62.819059 -5.531499 11.851680 -0.731158
-28.353613 4.216931 -3.015441 62.808780 -5.540213 11.869595 -0.736437
-28.344381 4.227868 -3.010735 62.798403 -5.549092 11.887471 -0.741830
-28.334806 4.238776 -3.006225 62.787899 -5.558160 11.905355 -0.747351
-28.324870 4.249643 -3.001890 62.777255 -5.567440 11.923291 -0.753010
-28.314579 4.260452 -2.997733 62.766479 -5.576957 11.941323 -0.758812
-28.303998 4.271174 -2.993748 62.755661 -5.586417 11.959288 -0.764691
-28.293130 4.281792 -2.989937 62.744811 -5.595847 11.977228 -0.770652
-28.281958 4.292294 -2.986283 62.733912 -5.605270 11.995189 -0.776707
-28.270458 4.302674 -2.982767 62.722941 -5.614711 12.013219 -0.782869
-28.258603 4.312925 -2.979366 62.711869 -5.624192 12.031365 -0.789156
-28.246372 4.323039 -2.976067 62.700668 -5.633739 12.049671 -0.795582
-28.233759 4.333000 -2.972876 62.689321 -5.643376 12.068179 -0.802160
-28.220822 4.342793 -2.969764 62.677858 -5.652836 12.086664 -0.808775
-28.207557 4.352403 -2.966740 62.666261 -5.662146 12.105167 -0.815442
-28.193942 4.361822 -2.963792 62.654501 -5.671329 12.123732 -0.822177
-28.179956 4.371042 -2.960909 62.642551 -5.680408 12.142408 -0.828995
-28.165587 4.380055 -2.958089 62.630394 -5.689408 12.161239 -0.835910
-28.150855 4.388841 -2.955359 62.618049 -5.698355 12.180264 -0.842925
-28.135883 4.397382 -2.952667 62.605624 -5.707082 12.199036 -0.849823
-28.120690 4.405658 -2.950040 62.593138 -5.715615 12.217591 -0.856606
-28.105259 4.413658 -2.947479 62.580574 -5.723977 12.235977 -0.863288
-28.089565 4.421376 -2.944970 62.567903 -5.732190 12.254238 -0.869885
-28.073578 4.428803 -2.942501 62.555093 -5.740273 12.272423 -0.876413
-28.057271 4.435932 -2.940064 62.542116 -5.748248 12.290575 -0.882889
-28.040635 4.442748 -2.937666 62.528959 -5.756136 12.308738 -0.889321
-28.023731 4.449245 -2.935223 62.515655 -5.763812 12.326511 -0.895548
-28.006549 4.455410 -2.932741 62.502190 -5.771295 12.343937 -0.901579
-27.989061 4.461236 -2.930213 62.488532 -5.778605 12.361057 -0.907430
-27.971235 4.466718 -2.927627 62.474643 -5.785760 12.377916 -0.913115
-27.953036 4.471854 -2.924969 62.460480 -5.792778 12.394556 -0.918650
-27.934433 4.476639 -2.922230 62.446000 -5.799677 12.411020 -0.924052
-27.915404 4.481064 -2.919414 62.431163 -5.806473 12.427344 -0.929331
-27.895981 4.485124 -2.916454 62.415950 -5.813118 12.443226 -0.934378
-27.876146 4.488812 -2.913352 62.400320 -5.819629 12.458703 -0.939203
-27.855871 4.492125 -2.910101 62.384229 -5.826021 12.473812 -0.943819
-27.835129 4.495064 -2.906690 62.367638 -5.832312 12.488592 -0.948236
-27.813906 4.497631 -2.903112 62.350519 -5.838517 12.503080 -0.952460
-27.792217 4.499824 -2.899373 62.332878 -5.844656 12.517312 -0.956487
-27.770174 4.501639 -2.895506 62.314829 -5.850639 12.531270 -0.960275
-27.747794 4.503075 -2.891516 62.296379 -5.856485 12.544986 -0.963817
-27.725069 4.504138 -2.887398 62.277501 -5.862208 12.558497 -0.967115
-27.701983 4.504834 -2.883137 62.258163 -5.867825 12.571839 -0.970173
-27.678524 4.505175 -2.878720 62.238337 -5.873350 12.585048 -0.972991
-27.654698 4.505173 -2.874137 62.218015 -5.878797 12.598160 -0.975563
-27.630546 4.504842 -2.869399 62.197234 -5.884186 12.611208 -0.977868
-27.606179 4.504154 -2.864632 62.176133 -5.889448 12.624188 -0.979947
-27.581639 4.503124 -2.859846 62.154749 -5.894602 12.637129 -0.981776
-27.556936 4.501768 -2.855033 62.133077 -5.899662 12.650069 -0.983345
-27.532071 4.500104 -2.850179 62.111095 -5.904642 12.663045 -0.984648
-27.507047 4.498150 -2.845272 62.088787 -5.909555 12.676092 -0.985676
-27.481885 4.495925 -2.840307 62.066163 -5.914416 12.689247 -0.986411
-27.456661 4.493447 -2.835309 62.043307 -5.919246 12.702543 -0.986815
-27.431583 4.490713 -2.830378 62.020546 -5.923984 12.715832 -0.987109
-27.406727 4.487741 -2.825537 61.997966 -5.928647 12.729145 -0.987254
-27.382118 4.484551 -2.820784 61.975586 -5.933253 12.742522 -0.987227
-27.357764 4.481160 -2.816111 61.953405 -5.937814 12.755999 -0.987011
-27.333680 4.477586 -2.811514 61.931432 -5.942344 12.769613 -0.986587
-27.309917 4.473840 -2.807015 61.909729 -5.946861 12.783398 -0.985919
-27.286644 4.469915 -2.802687 61.888576 -5.951344 12.797192 -0.985257
-27.263906 4.465820 -2.798551 61.868031 -5.955808 12.811026 -0.984569
-27.241707 4.461566 -2.794605 61.848095 -5.960268 12.824938 -0.983835
-27.220034 4.457160 -2.790842 61.828746 -5.964736 12.838965 -0.983045
-27.198866 4.452607 -2.787256 61.809951 -5.969224 12.853144 -0.982193
-27.178186 4.447908 -2.783845 61.791682 -5.973744 12.867509 -0.981268
-27.158001 4.443057 -2.780626 61.773935 -5.978310 12.882091 -0.980255
-27.138408 4.438037 -2.777581 61.756865 -5.982854 12.896516 -0.979374
-27.119412 4.432842 -2.774729 61.740469 -5.987391 12.910816 -0.978609
-27.100996 4.427470 -2.772070 61.724720 -5.991933 12.925024 -0.977953
-27.083132 4.421921 -2.769600 61.709583 -5.996491 12.939177 -0.977402
-27.065795 4.416197 -2.767315 61.695023 -6.001077 12.953310 -0.976953
-27.048956 4.410298 -2.765211 61.681001 -6.005701 12.967459 -0.976603
-27.032602 4.404222 -2.763292 61.667484 -6.010377 12.981656 -0.976350
-27.016769 4.397967 -2.761510 61.654513 -6.015045 12.995600 -0.976335
-27.001443 4.391532 -2.759869 61.642057 -6.019715 13.009322 -0.976555
-26.986601 4.384918 -2.758369 61.630086 -6.024401 13.022859 -0.977010
-26.972220 4.378127 -2.757008 61.618576 -6.029114 13.036242 -0.977698
-26.958281 4.371162 -2.755785 61.607507 -6.033866 13.049507 -0.978618
-26.944784 4.364026 -2.754707 61.596875 -6.038669 13.062687 -0.979763
-26.931794 4.356722 -2.753746 61.586760 -6.043487 13.075561 -0.981233
-26.919311 4.349253 -2.752909 61.577161 -6.048333 13.088160 -0.983023
-26.907318 4.341620 -2.752199 61.568064 -6.053219 13.100518 -0.985133
-26.895796 4.333824 -2.751617 61.559453 -6.058157 13.112664 -0.987568
-26.884723 4.325865 -2.751167 61.551310 -6.063160 13.124630 -0.990330
-26.874082 4.317744 -2.750851 61.543620 -6.068241 13.136444 -0.993426
-26.863866 4.309465 -2.750668 61.536372 -6.073411 13.148138 -0.996859
-26.854119 4.301040 -2.750570 61.529557 -6.078577 13.159528 -1.000486
-26.844835 4.292471 -2.750558 61.523168 -6.083750 13.170642 -1.004311
-26.835996 4.283759 -2.750636 61.517192 -6.088943 13.181510 -1.008343
-26.827582 4.274904 -2.750810 61.511615 -6.094170 13.192157 -1.012591
-26.819572 4.265906 -2.751086 61.506423 -6.099444 13.202609 -1.017067
-26.811944 4.256766 -2.751465 61.501600 -6.104776 13.212892 -1.021780
-26.804681 4.247494 -2.751940 61.497129 -6.110180 13.223036 -1.026744
-26.797791 4.238117 -2.752434 61.492960 -6.115566 13.232919 -1.031793
-26.791257 4.228644 -2.752940 61.489076 -6.120947 13.242567 -1.036942
-26.785058 4.219080 -2.753462 61.485466 -6.126335 13.252006 -1.042202
-26.779173 4.209427 -2.754007 61.482116 -6.131745 13.261257 -1.047589
-26.773582 4.199690 -2.754581 61.479015 -6.137188 13.270343 -1.053117
-26.768269 4.189877 -2.755185 61.476147 -6.142677 13.279289 -1.058800
-26.763240 4.180015 -2.755751 61.473463 -6.148150 13.287938 -1.064501
-26.758480 4.170113 -2.756278 61.470950 -6.153620 13.296314 -1.070235
-26.753970 4.160177 -2.756774 61.468595 -6.159100 13.304436 -1.076019
-26.749691 4.150211 -2.757251 61.466389 -6.164602 13.312322 -1.081867
-26.745624 4.140219 -2.757719 61.464323 -6.170142 13.319991 -1.087795
-26.741749 4.130209 -2.758185 61.462382 -6.175731 13.327459 -1.093819
-26.738045 4.120192 -2.758645 61.460541 -6.181382 13.334748 -1.099961
-26.734492 4.110197 -2.759022 61.458722 -6.187014 13.341698 -1.106099
-26.731068 4.100239 -2.759311 61.456900 -6.192639 13.348328 -1.112253
-26.727755 4.090325 -2.759520 61.455064 -6.198271 13.354653 -1.118440
-26.724533 4.080463 -2.759660 61.453207 -6.203922 13.360687 -1.124677
-26.721387 4.070662 -2.759744 61.451327 -6.209608 13.366443 -1.130977
-26.718304 4.060931 -2.759782 61.449424 -6.215344 13.371933 -1.137355
-26.715280 4.051284 -2.759785 61.447508 -6.221143 13.377171 -1.143822
-26.712349 4.041748 -2.759719 61.445600 -6.226907 13.382038 -1.150294
-26.709508 4.032338 -2.759596 61.443711 -6.232651 13.386545 -1.156783
-26.706744 4.023069 -2.759426 61.441850 -6.238389 13.390703 -1.163300
-26.704045 4.013954 -2.759222 61.440030 -6.244138 13.394520 -1.169858
-26.701401 4.005011 -2.758999 61.438271 -6.249911 13.398004 -1.176464
-26.698815 3.996259 -2.758771 61.436613 -6.255727 13.401165 -1.183125
-26.696317 3.987720 -2.758548 61.435130 -6.261489 13.403896 -1.189803
-26.693908 3.979414 -2.758344 61.433860 -6.267215 13.406205 -1.196504
-26.691576 3.971361 -2.758175 61.432829 -6.272919 13.408095 -1.203237
-26.689306 3.963578 -2.758053 61.432050 -6.278617 13.409569 -1.210013
-26.687075 3.956082 -2.757991 61.431533 -6.284324 13.410630 -1.216848
-26.684864 3.948894 -2.758000 61.431288 -6.290054 13.411279 -1.223754
-26.682648 3.942038 -2.758083 61.431315 -6.295822 13.411517 -1.230750
-26.680394 3.935538 -2.758233 61.431580 -6.301504 13.411305 -1.237770
-26.678077 3.929420 -2.758456 61.432086 -6.307115 13.410642 -1.244831
-26.675672 3.923707 -2.758761 61.432840 -6.312668 13.409525 -1.251950
-26.673155 3.918420 -2.759161 61.433849 -6.318179 13.407950 -1.259143
-26.670497 3.913583 -2.759668 61.435119 -6.323660 13.405910 -1.266427
-26.667669 3.909222 -2.760292 61.436649 -6.329125 13.403398 -1.273822
-26.664634 3.905368 -2.761030 61.438426 -6.334586 13.400410 -1.281351
-26.661328 3.902062 -2.761860 61.440324 -6.339964 13.396962 -1.288784
-26.657714 3.899339 -2.762780 61.442331 -6.345271 13.393045 -1.296145
-26.653759 3.897227 -2.763800 61.444450 -6.350520 13.388650 -1.303453
-26.649435 3.895758 -2.764931 61.446689 -6.355724 13.383763 -1.310725
-26.644714 3.894962 -2.766185 61.449060 -6.360896 13.378371 -1.317978
-26.639572 3.894874 -2.767572 61.451577 -6.366050 13.372460 -1.325227
-26.633975 3.895521 -2.769142 61.454176 -6.371111 13.366146 -1.332246
-26.627897 3.896937 -2.770902 61.456871 -6.376093 13.359412 -1.339049
-26.621310 3.899155 -2.772864 61.459678 -6.381009 13.352240 -1.345651
-26.614183 3.902205 -2.775041 61.462613 -6.385870 13.344613 -1.352066
-26.606486 3.906115 -2.777442 61.465695 -6.390691 13.336511 -1.358307
-26.598189 3.910916 -2.780076 61.468942 -6.395482 13.327913 -1.364387
-26.589274 3.916642 -2.782943 61.472384 -6.400257 13.318804 -1.370317
-26.579735 3.923326 -2.786116 61.476011 -6.404940 13.309500 -1.375929
-26.569552 3.931001 -2.789594 61.479851 -6.409542 13.299983 -1.381234
-26.558697 3.939692 -2.793380 61.483921 -6.414075 13.290231 -1.386242
-26.547141 3.949423 -2.797479 61.488233 -6.418551 13.280222 -1.390967
-26.534854 3.960212 -2.801893 61.492795 -6.422981 13.269931 -1.395420
-26.521806 3.972080 -2.806624 61.497612 -6.427374 13.259337 -1.399614
-26.507973 3.985045 -2.811662 61.502681 -6.431741 13.248416 -1.403563
-26.493327 3.999113 -2.817079 61.507935 -6.436015 13.237463 -1.407132
-26.477846 4.014296 -2.822864 61.513366 -6.440206 13.226455 -1.410334
-26.461512 4.030598 -2.829006 61.518968 -6.444323 13.215370 -1.413182
-26.444313 4.048015 -2.835494 61.524736 -6.448375 13.204186 -1.415689
-26.426241 4.066540 -2.842313 61.530661 -6.452370 13.192881 -1.417865
-26.407301 4.086157 -2.849442 61.536740 -6.456318 13.181435 -1.419720
-26.387502 4.106820 -2.856996 61.542935 -6.460104 13.170232 -1.421221
-26.366859 4.128493 -2.864947 61.549227 -6.463736 13.159253 -1.422378
-26.345386 4.151126 -2.873258 61.555582 -6.467220 13.148482 -1.423208
-26.323103 4.174652 -2.881889 61.561950 -6.470562 13.137902 -1.423726
-26.300035 4.198987 -2.890789 61.568268 -6.473766 13.127497 -1.423954
-26.276219 4.224027 -2.899903 61.574460 -6.476835 13.117254 -1.423912
-26.251705 4.249645 -2.909163 61.580435 -6.479773 13.107162 -1.423626
-26.226566 4.275666 -2.918619 61.586098 -6.482519 13.097565 -1.423219
-26.200874 4.301907 -2.928183 61.591319 -6.485073 13.088455 -1.422724
-26.174714 4.328151 -2.937748 61.595942 -6.487434 13.079830 -1.422180
-26.148184 4.354138 -2.947192 61.599785 -6.489598 13.071687 -1.421631
-26.121406 4.379569 -2.956376 61.602640 -6.491562 13.064029 -1.421128
-26.094529 4.404092 -2.965137 61.604276 -6.493318 13.056865 -1.420724
-26.067747 4.427302 -2.973286 61.604449 -6.494859 13.050208 -1.420477
-26.041311 4.448720 -2.980692 61.602941 -6.496121 13.044347 -1.420551
-26.015561 4.467820 -2.987100 61.599577 -6.497098 13.039319 -1.420976
-25.990967 4.483999 -2.992231 61.594334 -6.497790 13.035179 -1.421736
-25.968268 4.496544 -2.995835 61.587531 -6.498214 13.031994 -1.422709
-25.949026 4.504593 -2.997794 61.580450 -6.498436 13.029886 -1.423501
-25.938756 4.507594 -2.997629 61.578560 -6.498418 13.029648 -1.423805
-25.935093 4.504100 -2.996464 61.580851 -6.498490 13.029892 -1.423305
