0.000000 -0.000000 0.000000 0.000000 0.000000 -0.000000 0.000000
0.132314 -0.058996 -0.108905 -0.476876 0.026360 0.135516 0.172158
0.316842 -0.152042 -0.221547 -1.015812 0.054412 0.246977 0.306475
0.561596 -0.272591 -0.335633 -1.558795 0.084324 0.339636 0.429807
0.874409 -0.415521 -0.451053 -2.100734 0.115431 0.417679 0.547553
1.255855 -0.576547 -0.567857 -2.647394 0.147279 0.483709 0.660286
1.702414 -0.752008 -0.686110 -3.206193 0.179600 0.539519 0.767637
2.209919 -0.938762 -0.805968 -3.783174 0.212211 0.586544 0.869625
2.774512 -1.133952 -0.927433 -4.375623 0.244839 0.625898 0.966086
3.379483 -1.335162 -1.049708 -4.990449 0.277839 0.657962 1.055775
4.012247 -1.540455 -1.172231 -5.631555 0.311496 0.683259 1.138626
4.664582 -1.748324 -1.294791 -6.301946 0.345980 0.702422 1.214949
5.330762 -1.957627 -1.417385 -7.004576 0.381400 0.716087 1.285051
6.006740 -2.167519 -1.540130 -7.741962 0.417834 0.724882 1.349376
6.689687 -2.377333 -1.663337 -8.514210 0.455357 0.729736 1.409197
7.370006 -2.586189 -1.785196 -9.311603 0.493491 0.730573 1.462216
8.043992 -2.793641 -1.905270 -10.133961 0.532474 0.727405 1.509717
8.708638 -2.999364 -2.023168 -10.980719 0.572528 0.720222 1.553140
9.354047 -3.202753 -2.138608 -11.837972 0.613651 0.708914 1.588623
9.974364 -3.403445 -2.251591 -12.698782 0.655897 0.693667 1.615055
10.568832 -3.601398 -2.362892 -13.563132 0.699316 0.675253 1.633571
11.135566 -3.796620 -2.472782 -14.431148 0.744015 0.653921 1.644723
11.672305 -3.988733 -2.578799 -15.300754 0.789160 0.630282 1.649067
12.178784 -4.177776 -2.681611 -16.171907 0.834856 0.604917 1.647589
12.653976 -4.363473 -2.781491 -17.044681 0.881245 0.577929 1.640820
13.096902 -4.545863 -2.878364 -17.919440 0.928462 0.549166 1.628146
13.507631 -4.724982 -2.972525 -18.796377 0.976625 0.518717 1.609503
13.886798 -4.900818 -3.064214 -19.675586 1.025880 0.486625 1.585255
14.234293 -5.072753 -3.150428 -20.554785 1.074559 0.453651 1.555828
14.551682 -5.240715 -3.231385 -21.434059 1.122804 0.419803 1.521556
14.840939 -5.404719 -3.307233 -22.313569 1.170749 0.385033 1.482427
15.103846 -5.564900 -3.377904 -23.193339 1.218548 0.349233 1.439116
15.341417 -5.720942 -3.444536 -24.073410 1.266290 0.312918 1.391722
15.553837 -5.873272 -3.508147 -24.953716 1.314063 0.276535 1.340861
15.741331 -6.022151 -3.569453 -25.834106 1.362015 0.240348 1.287562
15.904089 -6.167260 -3.626942 -26.713217 1.409197 0.204903 1.232560
16.043334 -6.308714 -3.681158 -27.590936 1.455765 0.170328 1.176707
16.160794 -6.446651 -3.732681 -28.467221 1.501849 0.136762 1.120536
16.258558 -6.581208 -3.782034 -29.342059 1.547573 0.104303 1.064482
16.338960 -6.712521 -3.829683 -30.215451 1.593060 0.073017 1.008910
16.404478 -6.840728 -3.876025 -31.087409 1.638437 0.042926 0.954157
16.457610 -6.965929 -3.921297 -31.957914 1.683849 0.013968 0.900710
16.500660 -7.087866 -3.964591 -32.826168 1.728343 -0.013845 0.848434
16.536090 -7.206637 -4.006104 -33.692173 1.772060 -0.040587 0.797746
16.566320 -7.322399 -4.046108 -34.555983 1.815121 -0.066287 0.748860
16.593676 -7.435331 -4.084857 -35.417655 1.857643 -0.090975 0.701975
16.620353 -7.545612 -4.122555 -36.277219 1.899753 -0.114701 0.657423
16.648226 -7.653337 -4.159241 -37.134473 1.941636 -0.137609 0.616509
16.676416 -7.757877 -4.194315 -37.983961 1.982567 -0.159687 0.579045
16.700377 -7.858280 -4.228361 -38.813267 2.022436 -0.180744 0.540528
16.720403 -7.954400 -4.261602 -39.620129 2.061405 -0.200817 0.502210
16.737792 -8.046341 -4.294238 -40.404393 2.099599 -0.219945 0.464612
16.753980 -8.134302 -4.326462 -41.166538 2.137133 -0.238161 0.428033
16.770255 -8.218506 -4.358451 -41.907142 2.174113 -0.255502 0.392728
16.787500 -8.299112 -4.390302 -42.626424 2.210657 -0.272045 0.359054
16.805589 -8.375912 -4.421577 -43.322739 2.246119 -0.287719 0.325948
16.824977 -8.449038 -4.452328 -43.996223 2.280612 -0.302617 0.293775
16.845954 -8.518557 -4.482476 -44.646981 2.314253 -0.316882 0.262852
16.870110 -8.584597 -4.512591 -45.276419 2.347120 -0.330346 0.233189
16.897866 -8.647222 -4.542718 -45.884995 2.379316 -0.343085 0.204992
16.929438 -8.706576 -4.572898 -46.473191 2.410936 -0.355176 0.178463
16.964883 -8.762770 -4.603148 -47.041290 2.442080 -0.366705 0.153854
17.003875 -8.815650 -4.633213 -47.588488 2.472251 -0.377560 0.130283
17.046445 -8.865335 -4.663133 -48.115164 2.501542 -0.387809 0.107959
17.092764 -8.912041 -4.692997 -48.622046 2.530033 -0.397487 0.086978
17.143014 -8.956000 -4.722901 -49.109948 2.557799 -0.406624 0.067404
17.197291 -8.997416 -4.752919 -49.579591 2.584916 -0.415257 0.049314
17.255516 -9.036405 -4.783063 -50.031417 2.611467 -0.423449 0.032865
17.317316 -9.072863 -4.813115 -50.465048 2.637090 -0.431081 0.017329
17.382546 -9.106885 -4.843085 -50.880912 2.661861 -0.438211 0.002850
17.451169 -9.138638 -4.873028 -51.279687 2.685852 -0.444875 -0.010508
17.523175 -9.168308 -4.903009 -51.662138 2.709123 -0.451100 -0.022720
17.598531 -9.196078 -4.933086 -52.029022 2.731739 -0.456912 -0.033763
17.677142 -9.222100 -4.963298 -52.380997 2.753760 -0.462346 -0.043592
17.758792 -9.246451 -4.993640 -52.718506 2.775253 -0.467455 -0.052111
17.843079 -9.269047 -5.023936 -53.041407 2.795947 -0.472141 -0.059896
17.929761 -9.289951 -5.054178 -53.350117 2.815906 -0.476454 -0.066856
18.018685 -9.309283 -5.084393 -53.645235 2.835184 -0.480427 -0.072954
18.109731 -9.327184 -5.114616 -53.927419 2.853833 -0.484086 -0.078183
18.202777 -9.343789 -5.144881 -54.197319 2.871902 -0.487456 -0.082537
18.297668 -9.359211 -5.175205 -54.455511 2.889442 -0.490567 -0.085994
18.394175 -9.373509 -5.205571 -54.702414 2.906504 -0.493466 -0.088497
18.491969 -9.386617 -5.235835 -54.938045 2.922878 -0.496108 -0.090479
18.590820 -9.398584 -5.265976 -55.162788 2.938615 -0.498540 -0.091883
18.690558 -9.409498 -5.296006 -55.377140 2.953758 -0.500790 -0.092688
18.791038 -9.419458 -5.325938 -55.581623 2.968347 -0.502883 -0.092887
18.892109 -9.428553 -5.355782 -55.776723 2.982424 -0.504850 -0.092467
18.993577 -9.436832 -5.385518 -55.962823 2.996031 -0.506727 -0.091392
19.095192 -9.444254 -5.415035 -56.140017 3.009022 -0.508483 -0.090029
19.196774 -9.450864 -5.444314 -56.308662 3.021436 -0.510154 -0.088344
19.298193 -9.456738 -5.473362 -56.469189 3.033309 -0.511768 -0.086328
19.399346 -9.461963 -5.502190 -56.622054 3.044670 -0.513344 -0.083987
19.500137 -9.466625 -5.530813 -56.767699 3.055551 -0.514904 -0.081326
19.600460 -9.470797 -5.559234 -56.906517 3.065982 -0.516473 -0.078340
19.700177 -9.474516 -5.587435 -57.038811 3.075993 -0.518086 -0.075004
19.799096 -9.477733 -5.615262 -57.164633 3.085527 -0.519626 -0.071591
19.897091 -9.480477 -5.642696 -57.284254 3.094614 -0.521128 -0.068074
19.994076 -9.482808 -5.669743 -57.398005 3.103278 -0.522614 -0.064448
20.089991 -9.484790 -5.696413 -57.506238 3.111543 -0.524105 -0.060717
20.184779 -9.486488 -5.722721 -57.609293 3.119431 -0.525618 -0.056887
20.278380 -9.487951 -5.748670 -57.707478 3.126964 -0.527176 -0.052957
20.370722 -9.489205 -5.774248 -57.801039 3.134163 -0.528808 -0.048913
20.461717 -9.490205 -5.799319 -57.890098 3.140923 -0.530415 -0.044888
20.551301 -9.490967 -5.823870 -57.974873 3.147263 -0.532025 -0.040866
20.639429 -9.491528 -5.847907 -58.055611 3.153202 -0.533660 -0.036842
20.726070 -9.491928 -5.871442 -58.132563 3.158757 -0.535337 -0.032815
20.811192 -9.492203 -5.894485 -58.205952 3.163941 -0.537076 -0.028781
20.894746 -9.492367 -5.917038 -58.275948 3.168773 -0.538898 -0.024721
20.976660 -9.492388 -5.939026 -58.342581 3.173114 -0.540712 -0.020778
21.056895 -9.492278 -5.960451 -58.406001 3.176979 -0.542542 -0.016935
21.135440 -9.492064 -5.981325 -58.466396 3.180379 -0.544403 -0.013184
21.212298 -9.491781 -6.001663 -58.523964 3.183324 -0.546311 -0.009528
21.287479 -9.491462 -6.021480 -58.578899 3.185820 -0.548279 -0.005969
21.360990 -9.491134 -6.040789 -58.631374 3.187876 -0.550324 -0.002503
21.432827 -9.490808 -6.059590 -58.681520 3.189499 -0.552466 0.000880
21.502965 -9.490454 -6.077813 -58.729362 3.190555 -0.554663 0.004084
21.571406 -9.490079 -6.095458 -58.775016 3.191051 -0.556935 0.007119
21.638171 -9.489705 -6.112538 -58.818622 3.190987 -0.559296 0.009990
21.703286 -9.489359 -6.129067 -58.860324 3.190364 -0.561762 0.012694
21.766785 -9.489065 -6.145060 -58.900261 3.189181 -0.564344 0.015233
21.828694 -9.488842 -6.160530 -58.938553 3.187437 -0.567057 0.017608
21.889029 -9.488700 -6.175484 -58.975279 3.185127 -0.569919 0.019831
21.947771 -9.488611 -6.189866 -59.010411 3.182396 -0.572826 0.021788
22.004939 -9.488581 -6.203681 -59.044017 3.179236 -0.575797 0.023493
22.060566 -9.488624 -6.216943 -59.076189 3.175642 -0.578845 0.024946
22.114688 -9.488754 -6.229665 -59.107029 3.171605 -0.581983 0.026150
22.167345 -9.488982 -6.241862 -59.136629 3.167115 -0.585224 0.027102
22.218568 -9.489314 -6.253542 -59.165061 3.162163 -0.588584 0.027809
22.268370 -9.489729 -6.264653 -59.192379 3.156969 -0.591951 0.028381
22.316784 -9.490227 -6.275205 -59.218647 3.151521 -0.595340 0.028823
22.363853 -9.490817 -6.285211 -59.243946 3.145806 -0.598764 0.029134
22.409621 -9.491506 -6.294683 -59.268358 3.139811 -0.602235 0.029309
22.454135 -9.492303 -6.303634 -59.291961 3.133520 -0.605764 0.029344
22.497432 -9.493210 -6.312077 -59.314822 3.126918 -0.609363 0.029241
22.539541 -9.494223 -6.320017 -59.336976 3.119989 -0.613048 0.029004
22.580453 -9.495313 -6.327429 -59.358408 3.112938 -0.616778 0.028691
22.620195 -9.496474 -6.334319 -59.379151 3.105747 -0.620570 0.028309
22.658807 -9.497708 -6.340695 -59.399257 3.098398 -0.624434 0.027856
22.696337 -9.499018 -6.346567 -59.418789 3.090874 -0.628383 0.027328
22.732834 -9.500408 -6.351943 -59.437809 3.083156 -0.632429 0.026722
22.768347 -9.501880 -6.356828 -59.456378 3.075224 -0.636584 0.026033
22.802926 -9.503430 -6.361216 -59.474550 3.067060 -0.640866 0.025256
22.836629 -9.505036 -6.365054 -59.492400 3.058851 -0.645244 0.024476
22.869506 -9.506691 -6.368336 -59.509980 3.050578 -0.649735 0.023691
22.901606 -9.508395 -6.371062 -59.527341 3.042219 -0.654354 0.022894
22.932977 -9.510150 -6.373237 -59.544538 3.033754 -0.659112 0.022083
22.963664 -9.511956 -6.374865 -59.561617 3.025161 -0.664022 0.021254
22.993705 -9.513811 -6.375950 -59.578615 3.016421 -0.669097 0.020407
23.023120 -9.515699 -6.376441 -59.595556 3.007689 -0.674179 0.019627
23.051947 -9.517616 -6.376340 -59.612475 2.998944 -0.679280 0.018913
23.080231 -9.519562 -6.375648 -59.629417 2.990165 -0.684413 0.018264
23.108019 -9.521537 -6.374362 -59.646434 2.981329 -0.689591 0.017675
23.135359 -9.523538 -6.372481 -59.663577 2.972415 -0.694827 0.017143
23.162299 -9.525565 -6.370000 -59.680897 2.963399 -0.700135 0.016664
23.188892 -9.527616 -6.366915 -59.698447 2.954260 -0.705525 0.016236
23.215202 -9.529687 -6.363174 -59.716312 2.945108 -0.710863 0.015938
23.241281 -9.531774 -6.358771 -59.734546 2.935920 -0.716159 0.015768
23.267176 -9.533876 -6.353696 -59.753201 2.926674 -0.721427 0.015724
23.292937 -9.535990 -6.347939 -59.772328 2.917346 -0.726681 0.015805
23.318611 -9.538115 -6.341486 -59.791979 2.907913 -0.731932 0.016010
23.344242 -9.540247 -6.334327 -59.812199 2.898350 -0.737192 0.016340
23.369869 -9.542383 -6.326457 -59.833026 2.888635 -0.742471 0.016802
23.395524 -9.544531 -6.317877 -59.854459 2.878951 -0.747666 0.017318
23.421246 -9.546689 -6.308579 -59.876537 2.869275 -0.752786 0.017894
23.447081 -9.548853 -6.298544 -59.899315 2.859581 -0.757843 0.018533
23.473080 -9.551021 -6.287752 -59.922851 2.849846 -0.762848 0.019236
23.499295 -9.553193 -6.276178 -59.947214 2.840045 -0.767813 0.020002
23.525785 -9.555370 -6.263800 -59.972477 2.830152 -0.772748 0.020829
23.552623 -9.557563 -6.250593 -59.998729 2.820316 -0.777575 0.021679
23.579869 -9.559774 -6.236530 -60.026051 2.810511 -0.782303 0.022549
23.607581 -9.562003 -6.221580 -60.054522 2.800712 -0.786945 0.023440
23.635819 -9.564249 -6.205706 -60.084226 2.790895 -0.791510 0.024350
23.664642 -9.566512 -6.188873 -60.115251 2.781034 -0.796009 0.025277
23.694114 -9.568792 -6.171037 -60.147689 2.771106 -0.800454 0.026220
23.724305 -9.571092 -6.152160 -60.181648 2.761084 -0.804853 0.027175
23.755303 -9.573421 -6.132185 -60.217265 2.751050 -0.809124 0.028115
23.787182 -9.575782 -6.111066 -60.254652 2.740978 -0.813277 0.029038
23.820013 -9.578176 -6.088751 -60.293922 2.730843 -0.817321 0.029940
23.853867 -9.580601 -6.065187 -60.335184 2.720618 -0.821266 0.030821
23.888817 -9.583059 -6.040315 -60.378553 2.710279 -0.825122 0.031680
23.924937 -9.585548 -6.014078 -60.424145 2.699800 -0.828896 0.032517
23.962302 -9.588067 -5.986414 -60.472081 2.689153 -0.832596 0.033333
24.000990 -9.590625 -5.957274 -60.522475 2.678529 -0.836196 0.034093
24.041081 -9.593221 -5.926591 -60.575460 2.667900 -0.839701 0.034799
24.082663 -9.595855 -5.894291 -60.631178 2.657240 -0.843120 0.035448
24.125829 -9.598528 -5.860295 -60.689779 2.646522 -0.846460 0.036041
24.170676 -9.601241 -5.824520 -60.751425 2.635719 -0.849730 0.036574
24.217312 -9.603996 -5.786881 -60.816289 2.624803 -0.852936 0.037042
24.265866 -9.606803 -5.747286 -60.884588 2.613979 -0.856032 0.037465
24.316454 -9.609665 -5.705641 -60.956508 2.603219 -0.859027 0.037838
24.369193 -9.612580 -5.661844 -61.032240 2.592498 -0.861925 0.038158
24.424198 -9.615547 -5.615790 -61.111972 2.581786 -0.864734 0.038428
24.481587 -9.618562 -5.567371 -61.195889 2.571058 -0.867458 0.038651
24.541464 -9.621618 -5.516483 -61.284156 2.560287 -0.870100 0.038840
24.603904 -9.624703 -5.463039 -61.376881 2.549445 -0.872653 0.039027
24.668884 -9.627806 -5.407030 -61.473975 2.538683 -0.875113 0.039097
24.736488 -9.630913 -5.348357 -61.575563 2.527975 -0.877473 0.039083
24.806843 -9.634010 -5.286893 -61.681836 2.517293 -0.879735 0.039000
24.880090 -9.637084 -5.222495 -61.793008 2.506610 -0.881900 0.038865
24.956367 -9.640115 -5.155022 -61.909286 2.495901 -0.883970 0.038694
25.035790 -9.643075 -5.084338 -62.030825 2.485139 -0.885942 0.038525
25.118400 -9.645930 -5.010356 -62.157651 2.474297 -0.887795 0.038433
25.204041 -9.648642 -4.933160 -62.289372 2.463479 -0.889551 0.038184
25.292762 -9.651171 -4.852648 -62.426021 2.452656 -0.891189 0.037859
25.384687 -9.653474 -4.768658 -62.567753 2.441804 -0.892705 0.037507
25.479954 -9.655507 -4.681015 -62.714743 2.430895 -0.894092 0.037177
25.578667 -9.657218 -4.589563 -62.867101 2.419905 -0.895339 0.036938
25.680823 -9.658557 -4.494245 -63.024746 2.408801 -0.896396 0.036914
25.786133 -9.659548 -4.395430 -63.186973 2.397608 -0.897374 0.036622
25.894612 -9.660138 -4.293038 -63.353725 2.386293 -0.898224 0.036188
26.006393 -9.660265 -4.186875 -63.525151 2.374830 -0.898933 0.035683
26.121652 -9.659866 -4.076711 -63.701477 2.363192 -0.899495 0.035162
26.240560 -9.658873 -3.962312 -63.882913 2.351352 -0.899904 0.034686
26.363226 -9.657207 -3.843490 -64.069554 2.339281 -0.900133 0.034353
26.489597 -9.654808 -3.720220 -64.261217 2.326944 -0.900097 0.034340
26.619223 -9.651769 -3.593163 -64.456882 2.314321 -0.899939 0.033982
26.752064 -9.648022 -3.462268 -64.656383 2.301375 -0.899575 0.033457
26.888243 -9.643471 -3.327304 -64.859831 2.288076 -0.898978 0.032873
27.027938 -9.638011 -3.187985 -65.067437 2.274393 -0.898137 0.032310
27.171317 -9.631533 -3.044026 -65.279385 2.260295 -0.897035 0.031858
27.318452 -9.623921 -2.895218 -65.495701 2.245748 -0.895628 0.031655
27.469203 -9.615116 -2.741627 -65.716050 2.230705 -0.893774 0.031943
27.622935 -9.605400 -2.584499 -65.939051 2.215205 -0.891866 0.031756
27.779502 -9.594703 -2.423872 -66.164366 2.199202 -0.889765 0.031342
27.938948 -9.582879 -2.259501 -66.391977 2.182656 -0.887421 0.030862
28.101366 -9.569768 -2.091083 -66.621957 2.165530 -0.884805 0.030451
28.266774 -9.555218 -1.918388 -66.854272 2.147781 -0.881855 0.030277
28.434964 -9.539162 -1.741503 -67.088547 2.129355 -0.878400 0.030605
28.605216 -9.521986 -1.561951 -67.323422 2.110732 -0.875112 0.030633
28.777337 -9.503619 -1.379783 -67.558563 2.091853 -0.871824 0.030618
28.951364 -9.483897 -1.194720 -67.794005 2.072672 -0.868478 0.030717
29.127412 -9.462634 -1.006392 -68.029925 2.053146 -0.865046 0.031043
29.305576 -9.439639 -0.814443 -68.266479 2.033227 -0.861490 0.031721
29.485813 -9.414744 -0.618657 -68.503625 2.012864 -0.857725 0.032928
29.667772 -9.387927 -0.419275 -68.740880 1.991987 -0.853506 0.034970
29.850452 -9.359830 -0.218438 -68.976565 1.971096 -0.849719 0.036872
30.033502 -9.330425 -0.016348 -69.210208 1.950119 -0.846127 0.038937
30.216860 -9.299532 0.187242 -69.441769 1.929003 -0.842647 0.041348
30.400572 -9.266932 0.392712 -69.671388 1.907697 -0.839236 0.044234
30.584672 -9.232407 0.600423 -69.899200 1.886149 -0.835847 0.047727
30.769065 -9.195788 0.810567 -70.125164 1.864300 -0.832372 0.052007
30.953358 -9.157118 1.022799 -70.348830 1.842070 -0.828523 0.057371
31.136564 -9.117267 1.234626 -70.568607 1.820231 -0.825334 0.062656
31.318288 -9.076280 1.445734 -70.784039 1.798702 -0.822523 0.068157
31.498400 -9.033993 1.656317 -70.995059 1.777425 -0.819981 0.074061
31.676862 -8.990203 1.866691 -71.201744 1.756344 -0.817643 0.080510
31.853604 -8.944756 2.077070 -71.404144 1.735400 -0.815408 0.087652
32.028391 -8.897701 2.287243 -71.602103 1.714517 -0.813028 0.095694
32.200665 -8.849839 2.495256 -71.794759 1.694586 -0.811268 0.103598
32.370220 -8.801232 2.700924 -71.981989 1.675534 -0.809889 0.111559
32.537035 -8.751746 2.904492 -72.163921 1.657307 -0.808805 0.119694
32.701168 -8.701191 3.106334 -72.340793 1.639856 -0.807973 0.128087
32.862684 -8.649382 3.306821 -72.512860 1.623137 -0.807354 0.136815
33.021588 -8.596192 3.506198 -72.680298 1.607101 -0.806866 0.145974
33.177732 -8.541673 3.704343 -72.843091 1.591685 -0.806304 0.155711
33.330674 -8.486482 3.899770 -73.000647 1.577154 -0.806306 0.165306
33.480272 -8.430680 4.092368 -73.152940 1.563449 -0.806674 0.174904
33.626536 -8.374154 4.282380 -73.300130 1.550530 -0.807334 0.184594
33.769537 -8.316744 4.470161 -73.442456 1.538360 -0.808250 0.194439
33.909359 -8.258292 4.656063 -73.580170 1.526908 -0.809388 0.204498
34.046044 -8.198701 4.840325 -73.713474 1.516136 -0.810679 0.214837
34.179543 -8.138053 5.022869 -73.842453 1.505997 -0.811946 0.225555
34.309632 -8.076967 5.202520 -73.966808 1.496580 -0.813540 0.236049
34.436263 -8.015534 5.379198 -74.086604 1.487842 -0.815287 0.246417
34.559476 -7.953683 5.553116 -74.202006 1.479752 -0.817115 0.256724
34.679344 -7.891305 5.724563 -74.313219 1.472284 -0.818983 0.267025
34.795930 -7.828330 5.893759 -74.420431 1.465413 -0.820824 0.277371
34.909243 -7.764847 6.060668 -74.523770 1.459100 -0.822488 0.287831
35.019188 -7.701401 6.224333 -74.623122 1.453315 -0.824381 0.298010
35.125788 -7.638085 6.384722 -74.718605 1.448024 -0.826356 0.307973
35.229120 -7.574839 6.542057 -74.810400 1.443205 -0.828358 0.317764
35.329290 -7.511553 6.696641 -74.898708 1.438844 -0.830362 0.327416
35.426402 -7.448119 6.848774 -74.983731 1.434925 -0.832341 0.336963
35.520539 -7.384481 6.998670 -75.065634 1.431432 -0.834245 0.346442
35.611733 -7.320722 7.146311 -75.144521 1.428339 -0.835944 0.355908
35.699917 -7.257314 7.290918 -75.220260 1.425618 -0.837754 0.364991
35.785122 -7.194344 7.432466 -75.292936 1.423245 -0.839549 0.373745
35.867423 -7.131763 7.571148 -75.362679 1.421207 -0.841276 0.382207
35.946915 -7.069475 7.707226 -75.429636 1.419495 -0.842910 0.390407
36.023684 -7.007384 7.840956 -75.493945 1.418102 -0.844428 0.398375
36.097796 -6.945438 7.972514 -75.555707 1.417018 -0.845778 0.406147
36.169262 -6.883713 8.101868 -75.614955 1.416225 -0.846843 0.413778
36.237996 -6.822628 8.228299 -75.671489 1.415664 -0.847953 0.420960
36.304006 -6.762261 8.351764 -75.725323 1.415319 -0.848988 0.427747
36.367348 -6.702574 8.472404 -75.776528 1.415183 -0.849895 0.434173
36.428092 -6.643492 8.590414 -75.825193 1.415251 -0.850639 0.440265
36.486309 -6.584965 8.705951 -75.871405 1.415517 -0.851176 0.446048
36.542053 -6.527036 8.819023 -75.915226 1.415968 -0.851409 0.451552
36.595361 -6.470032 8.929073 -75.956621 1.416553 -0.851734 0.456586
36.646290 -6.413996 9.036104 -75.995643 1.417260 -0.852059 0.461175
36.694906 -6.358871 9.140264 -76.032368 1.418085 -0.852342 0.465338
36.741285 -6.304566 9.241749 -76.066879 1.419028 -0.852563 0.469089
36.785496 -6.250988 9.340751 -76.099256 1.420089 -0.852701 0.472438
36.827601 -6.198078 9.437406 -76.129568 1.421265 -0.852717 0.475399
36.867656 -6.145869 9.531706 -76.157865 1.422547 -0.852526 0.477987
36.905721 -6.094658 9.623147 -76.184186 1.423845 -0.852391 0.480202
36.941845 -6.044481 9.711709 -76.208570 1.425150 -0.852226 0.482059
36.976078 -5.995284 9.797506 -76.231067 1.426461 -0.851993 0.483565
37.008472 -5.946984 9.880691 -76.251726 1.427779 -0.851672 0.484728
37.039070 -5.899497 9.961417 -76.270594 1.429103 -0.851243 0.485551
37.067912 -5.852766 10.039792 -76.287701 1.430435 -0.850672 0.486041
37.095018 -5.806809 10.115812 -76.303056 1.431767 -0.849891 0.486210
37.120387 -5.761841 10.189101 -76.316618 1.433003 -0.849090 0.486031
37.144032 -5.717887 10.259642 -76.328381 1.434137 -0.848200 0.485514
37.165972 -5.674904 10.327512 -76.338355 1.435167 -0.847185 0.484665
37.186225 -5.632832 10.392813 -76.346546 1.436094 -0.846020 0.483485
37.204796 -5.591627 10.455621 -76.352949 1.436915 -0.844671 0.481980
37.221672 -5.551301 10.515924 -76.357530 1.437627 -0.843079 0.480159
37.236807 -5.512029 10.573389 -76.360213 1.438152 -0.841453 0.478083
37.250179 -5.473827 10.627994 -76.360956 1.438485 -0.839734 0.475760
37.261780 -5.436653 10.679804 -76.359736 1.438625 -0.837892 0.473192
37.271603 -5.400446 10.728908 -76.356536 1.438569 -0.835909 0.470377
37.279638 -5.365145 10.775394 -76.351337 1.438316 -0.833767 0.467310
37.285864 -5.330706 10.819322 -76.344104 1.437863 -0.831444 0.463991
37.290240 -5.297133 10.860679 -76.334780 1.437203 -0.828890 0.460421
37.292692 -5.264553 10.899184 -76.323287 1.436270 -0.826356 0.456734
37.293171 -5.232976 10.934811 -76.309557 1.435054 -0.823794 0.452932
37.291638 -5.202365 10.967598 -76.293537 1.433551 -0.821181 0.449011
37.288054 -5.172671 10.997598 -76.275179 1.431755 -0.818499 0.444962
37.282379 -5.143844 11.024864 -76.254431 1.429662 -0.815735 0.440778
37.274562 -5.115848 11.049427 -76.231235 1.427264 -0.812867 0.436452
37.264540 -5.088678 11.071263 -76.205512 1.424552 -0.809860 0.431978
37.252222 -5.062422 11.090140 -76.177186 1.421541 -0.806956 0.427484
37.237536 -5.037082 11.106022 -76.146166 1.418219 -0.804119 0.422965
37.220409 -5.012631 11.118909 -76.112369 1.414578 -0.801329 0.418412
37.200768 -4.989034 11.128812 -76.075707 1.410605 -0.798570 0.413814
37.178535 -4.966262 11.135730 -76.036086 1.406291 -0.795826 0.409162
37.153615 -4.944304 11.139629 -75.993398 1.401623 -0.793073 0.404446
37.125889 -4.923207 11.140331 -75.947530 1.396645 -0.790526 0.399766
37.095252 -4.902964 11.137789 -75.898357 1.391346 -0.788160 0.395113
37.061602 -4.883554 11.131977 -75.845753 1.385709 -0.785964 0.390476
37.024834 -4.864947 11.122873 -75.789587 1.379720 -0.783927 0.385844
36.984835 -4.847118 11.110447 -75.729718 1.373363 -0.782042 0.381206
36.941485 -4.830047 11.094657 -75.665989 1.366623 -0.780300 0.376551
36.894641 -4.813727 11.075436 -75.598225 1.359481 -0.778686 0.371874
36.844123 -4.798183 11.052618 -75.526223 1.351977 -0.777371 0.367242
36.789777 -4.783414 11.026121 -75.449782 1.344091 -0.776341 0.362651
36.731453 -4.769412 10.995871 -75.368700 1.335802 -0.775590 0.358090
36.669001 -4.756165 10.961793 -75.282765 1.327090 -0.775116 0.353552
36.602263 -4.743666 10.923805 -75.191753 1.317933 -0.774917 0.349026
36.531077 -4.731912 10.881816 -75.095426 1.308307 -0.774992 0.344504
36.455267 -4.720909 10.835718 -74.993530 1.298188 -0.775340 0.339977
36.374640 -4.710683 10.785345 -74.885812 1.287596 -0.776081 0.335540
36.289010 -4.701247 10.730572 -74.771987 1.276505 -0.777216 0.331186
36.198187 -4.692615 10.671273 -74.651757 1.264886 -0.778749 0.326906
36.101980 -4.684805 10.607319 -74.524811 1.252710 -0.780688 0.322690
36.000195 -4.677835 10.538577 -74.390826 1.239948 -0.783043 0.318530
35.892636 -4.671725 10.464916 -74.249475 1.226567 -0.785831 0.314410
35.779097 -4.666486 10.386208 -74.100424 1.212598 -0.789151 0.310319
35.659374 -4.662147 10.302304 -73.943314 1.198007 -0.793023 0.306239
35.533261 -4.658750 10.213033 -73.777767 1.182757 -0.797466 0.302157
35.400552 -4.656344 10.118217 -73.603399 1.166810 -0.802500 0.298051
35.261060 -4.654981 10.017675 -73.419841 1.150126 -0.808151 0.293892
35.114633 -4.654710 9.911249 -73.226772 1.132665 -0.814457 0.289630
34.961180 -4.655548 9.798855 -73.023977 1.114385 -0.821488 0.285182
34.800708 -4.657373 9.680794 -72.811547 1.095409 -0.828871 0.280927
34.633138 -4.660220 9.556964 -72.589256 1.075693 -0.836680 0.276771
34.458337 -4.664169 9.427168 -72.356774 1.055187 -0.844963 0.272641
34.276169 -4.669319 9.291177 -72.113748 1.033839 -0.853762 0.268465
34.086546 -4.675774 9.148772 -71.859891 1.011594 -0.863130 0.264142
33.889500 -4.683617 8.999817 -71.595113 0.988396 -0.873149 0.259516
33.685306 -4.692841 8.844415 -71.319711 0.964193 -0.883986 0.254314
33.474681 -4.703079 8.683612 -71.035101 0.939175 -0.895203 0.249661
33.257955 -4.714352 8.517512 -70.741661 0.913284 -0.906975 0.245252
33.035291 -4.726794 8.345970 -70.439475 0.886452 -0.919403 0.240857
32.806841 -4.740577 8.168781 -70.128613 0.858609 -0.932575 0.236240
32.572929 -4.755855 7.985839 -69.809432 0.829679 -0.946616 0.231082
32.334285 -4.772652 7.797422 -69.482980 0.799597 -0.961783 0.224874
32.092457 -4.790449 7.605467 -69.152361 0.769035 -0.976919 0.219515
31.848187 -4.809292 7.410254 -68.818653 0.737922 -0.992289 0.214483
31.601802 -4.829378 7.211639 -68.482228 0.706175 -1.008023 0.209440
31.353451 -4.850944 7.009321 -68.143162 0.673707 -1.024209 0.204124
31.103300 -4.874235 6.802987 -67.801572 0.640427 -1.040931 0.198256
30.851741 -4.899471 6.592467 -67.457973 0.606245 -1.058331 0.191448
30.599683 -4.926713 6.378100 -67.113787 0.571084 -1.076723 0.183062
30.349093 -4.955296 6.162497 -66.773160 0.536153 -1.094632 0.175906
30.100894 -4.985301 5.946026 -66.437556 0.501375 -1.112384 0.169337
29.855461 -5.016975 5.728509 -66.107504 0.466656 -1.130127 0.162965
29.612897 -5.050588 5.509586 -65.783070 0.431901 -1.147953 0.156528
29.373237 -5.086388 5.288880 -65.464203 0.397015 -1.165953 0.149797
29.136631 -5.124561 5.066163 -65.151040 0.361911 -1.184272 0.142491
28.903600 -5.165069 4.841750 -64.844322 0.326523 -1.203252 0.134166
28.675525 -5.207002 4.618415 -64.546761 0.291724 -1.221409 0.126681
28.452942 -5.250329 4.396517 -64.259122 0.257452 -1.239097 0.119596
28.235991 -5.295230 4.175858 -63.981543 0.223623 -1.256475 0.112652
28.024653 -5.341915 3.956094 -63.713903 0.190151 -1.273652 0.105666
27.818916 -5.390526 3.736985 -63.456098 0.156958 -1.290776 0.098456
27.618952 -5.440954 3.518793 -63.208312 0.123992 -1.308177 0.090770
27.425401 -5.492162 3.304150 -62.971792 0.091806 -1.324679 0.083623
27.238431 -5.544034 3.093352 -62.746706 0.060353 -1.340620 0.076783
27.057984 -5.596690 2.886156 -62.532868 0.029562 -1.356139 0.070121
26.883899 -5.650306 2.682159 -62.329941 -0.000642 -1.371312 0.063559
26.715989 -5.705046 2.480940 -62.137555 -0.030333 -1.386209 0.057036
26.554101 -5.761008 2.282201 -61.955396 -0.059578 -1.400942 0.050484
26.398166 -5.818061 2.086093 -61.783299 -0.088414 -1.415790 0.043800
26.248220 -5.875194 1.894891 -61.621462 -0.116485 -1.429882 0.037459
26.104221 -5.932268 1.708777 -61.469747 -0.143823 -1.443501 0.031367
25.966048 -5.989362 1.527487 -61.327889 -0.170488 -1.456756 0.025473
25.833542 -6.046604 1.350626 -61.195557 -0.196544 -1.469703 0.019748
25.706531 -6.104118 1.177791 -61.072404 -0.222054 -1.482391 0.014179
25.584855 -6.161978 1.008663 -60.958087 -0.247072 -1.494897 0.008756
25.468364 -6.220090 0.843231 -60.852265 -0.271633 -1.507413 0.003477
25.356843 -6.277703 0.682989 -60.754478 -0.295486 -1.519397 -0.001673
25.250160 -6.334712 0.527956 -60.664399 -0.318661 -1.531043 -0.006689
25.148181 -6.391161 0.377855 -60.581709 -0.341206 -1.542425 -0.011559
25.050755 -6.447126 0.232341 -60.506069 -0.363172 -1.553588 -0.016264
24.957718 -6.502656 0.091096 -60.437102 -0.384607 -1.564581 -0.020766
24.868863 -6.557701 -0.046041 -60.374333 -0.405544 -1.575510 -0.024993
24.783848 -6.611832 -0.178448 -60.316880 -0.425816 -1.586100 -0.029296
24.702478 -6.664988 -0.306267 -60.264286 -0.445456 -1.596456 -0.033602
24.624603 -6.717199 -0.429783 -60.216211 -0.464502 -1.606622 -0.037863
24.550091 -6.768519 -0.549313 -60.172363 -0.483000 -1.616625 -0.042045
24.478811 -6.819003 -0.665175 -60.132457 -0.500992 -1.626487 -0.046110
24.410605 -6.868691 -0.777669 -60.096167 -0.518517 -1.636233 -0.050006
24.345228 -6.917570 -0.887029 -60.063012 -0.535605 -1.645911 -0.053632
24.282123 -6.965398 -0.993107 -60.031860 -0.552157 -1.655438 -0.057392
24.221054 -7.012156 -1.096121 -60.002253 -0.568201 -1.664861 -0.061187
24.161883 -7.057879 -1.196341 -59.973911 -0.583772 -1.674203 -0.064968
24.104508 -7.102616 -1.294040 -59.946630 -0.598906 -1.683483 -0.068709
24.048848 -7.146421 -1.389480 -59.920245 -0.613638 -1.692721 -0.072392
23.994827 -7.189350 -1.482908 -59.894605 -0.628003 -1.701941 -0.076004
23.942357 -7.231425 -1.574492 -59.869533 -0.642029 -1.711194 -0.079520
23.891233 -7.272480 -1.663955 -59.844616 -0.655637 -1.720282 -0.083037
23.841376 -7.312545 -1.751454 -59.819700 -0.668856 -1.729255 -0.086537
23.792733 -7.351684 -1.837206 -59.794683 -0.681715 -1.738140 -0.090018
23.745261 -7.389972 -1.921433 -59.769494 -0.694246 -1.746957 -0.093488
23.698944 -7.427481 -2.004327 -59.744107 -0.706479 -1.755739 -0.096968
23.653817 -7.464250 -2.085970 -59.718564 -0.718438 -1.764557 -0.100496
23.610026 -7.500118 -2.165848 -59.693076 -0.730030 -1.773092 -0.103914
23.567606 -7.535130 -2.244032 -59.667697 -0.741275 -1.781417 -0.107265
23.526542 -7.569368 -2.320692 -59.642423 -0.752203 -1.789563 -0.110576
23.486798 -7.602919 -2.396017 -59.617231 -0.762840 -1.797553 -0.113866
23.448341 -7.635873 -2.470189 -59.592104 -0.773213 -1.805410 -0.117161
23.411161 -7.668312 -2.543352 -59.567071 -0.783348 -1.813170 -0.120494
23.375322 -7.700278 -2.615525 -59.542262 -0.793263 -1.820916 -0.123929
23.341080 -7.731602 -2.686076 -59.518128 -0.802869 -1.828363 -0.127202
23.308499 -7.762329 -2.755011 -59.494806 -0.812183 -1.835593 -0.130376
23.277569 -7.792543 -2.822458 -59.472334 -0.821228 -1.842644 -0.133488
23.248249 -7.822333 -2.888570 -59.450707 -0.830027 -1.849537 -0.136560
23.220490 -7.851785 -2.953497 -59.429910 -0.838602 -1.856297 -0.139613
23.194247 -7.880969 -3.017359 -59.409932 -0.846971 -1.862955 -0.142665
23.169506 -7.909909 -3.080166 -59.390801 -0.855148 -1.869587 -0.145747
23.146373 -7.938434 -3.141399 -59.372699 -0.863082 -1.875949 -0.148748
23.124832 -7.966564 -3.201060 -59.355653 -0.870784 -1.882115 -0.151696
23.104834 -7.994361 -3.259255 -59.339652 -0.878272 -1.888117 -0.154608
23.086313 -8.021889 -3.316106 -59.324661 -0.885561 -1.893980 -0.157490
23.069193 -8.049201 -3.371725 -59.310629 -0.892669 -1.899727 -0.160347
23.053385 -8.076310 -3.426163 -59.297469 -0.899606 -1.905410 -0.163169
23.038801 -8.103076 -3.479089 -59.285041 -0.906315 -1.910713 -0.165977
23.025355 -8.129504 -3.530548 -59.273263 -0.912805 -1.915684 -0.168761
23.012968 -8.155634 -3.580643 -59.262084 -0.919091 -1.920346 -0.171522
23.001570 -8.181517 -3.629493 -59.251469 -0.925187 -1.924713 -0.174262
22.991091 -8.207199 -3.677214 -59.241385 -0.931108 -1.928798 -0.176987
22.981461 -8.232712 -3.723903 -59.231797 -0.936865 -1.932622 -0.179699
22.972605 -8.258049 -3.769596 -59.222652 -0.942468 -1.936226 -0.182395
22.964464 -8.283069 -3.814015 -59.213913 -0.947835 -1.939438 -0.184913
22.956968 -8.307760 -3.857189 -59.205532 -0.952975 -1.942297 -0.187251
22.950052 -8.332145 -3.899209 -59.197478 -0.957898 -1.944820 -0.189411
22.943658 -8.356258 -3.940179 -59.189735 -0.962615 -1.947014 -0.191396
22.937734 -8.380131 -3.980201 -59.182288 -0.967138 -1.948886 -0.193213
22.932229 -8.403786 -4.019363 -59.175122 -0.971476 -1.950448 -0.194865
22.927100 -8.427216 -4.057693 -59.168218 -0.975635 -1.951730 -0.196354
22.922308 -8.450294 -4.094987 -59.161529 -0.979604 -1.952789 -0.197670
22.917815 -8.473010 -4.131269 -59.155035 -0.983386 -1.953654 -0.198813
22.913580 -8.495382 -4.166617 -59.148724 -0.986991 -1.954336 -0.199786
22.909568 -8.517434 -4.201119 -59.142587 -0.990425 -1.954836 -0.200592
22.905748 -8.539188 -4.234852 -59.136621 -0.993697 -1.955162 -0.201235
22.902107 -8.560643 -4.267847 -59.130832 -0.996810 -1.955338 -0.201720
22.898663 -8.581711 -4.299933 -59.125235 -0.999754 -1.955380 -0.202079
22.895406 -8.602390 -4.331136 -59.119832 -1.002533 -1.955313 -0.202317
22.892311 -8.622702 -4.361526 -59.114622 -1.005152 -1.955142 -0.202436
22.889352 -8.642670 -4.391181 -59.109596 -1.007617 -1.954865 -0.202435
22.886501 -8.662319 -4.420179 -59.104742 -1.009933 -1.954482 -0.202315
22.883733 -8.681667 -4.448586 -59.100050 -1.012106 -1.953996 -0.202073
22.881036 -8.700719 -4.476436 -59.095509 -1.014138 -1.953422 -0.201709
22.878443 -8.719415 -4.503623 -59.091122 -1.016025 -1.952773 -0.201277
22.875944 -8.737759 -4.530177 -59.086878 -1.017769 -1.952064 -0.200775
22.873515 -8.755768 -4.556156 -59.082763 -1.019374 -1.951296 -0.200201
22.871132 -8.773467 -4.581628 -59.078767 -1.020843 -1.950469 -0.199551
22.868771 -8.790877 -4.606656 -59.074878 -1.022178 -1.949581 -0.198822
22.866412 -8.808019 -4.631298 -59.071087 -1.023382 -1.948633 -0.198012
22.864052 -8.824898 -4.655577 -59.067400 -1.024456 -1.947638 -0.197120
22.861752 -8.841476 -4.679403 -59.063874 -1.025391 -1.946599 -0.196158
22.859511 -8.857759 -4.702798 -59.060514 -1.026187 -1.945530 -0.195125
22.857310 -8.873766 -4.725811 -59.057312 -1.026845 -1.944432 -0.194017
22.855131 -8.889521 -4.748494 -59.054257 -1.027365 -1.943304 -0.192830
22.852958 -8.905046 -4.770894 -59.051342 -1.027748 -1.942150 -0.191561
22.850790 -8.920348 -4.793025 -59.048569 -1.027991 -1.940981 -0.190206
22.848695 -8.935391 -4.814767 -59.046000 -1.028098 -1.939733 -0.188788
22.846673 -8.950184 -4.836131 -59.043639 -1.028066 -1.938418 -0.187303
22.844710 -8.964751 -4.857159 -59.041480 -1.027894 -1.937039 -0.185748
22.842792 -8.979119 -4.877900 -59.039514 -1.027580 -1.935593 -0.184118
22.840903 -8.993315 -4.898401 -59.037735 -1.027124 -1.934079 -0.182405
22.839032 -9.007365 -4.918701 -59.036142 -1.026523 -1.932499 -0.180607
22.837185 -9.021282 -4.938810 -59.034747 -1.025773 -1.930864 -0.178723
22.835436 -9.035034 -4.958594 -59.033619 -1.024947 -1.929082 -0.176802
22.833792 -9.048632 -4.978063 -59.032771 -1.024040 -1.927166 -0.174845
22.832242 -9.062101 -4.997252 -59.032203 -1.023049 -1.925116 -0.172844
22.830773 -9.075468 -5.016206 -59.031911 -1.021971 -1.922928 -0.170796
22.829370 -9.088756 -5.034969 -59.031887 -1.020803 -1.920597 -0.168690
22.828017 -9.101987 -5.053581 -59.032121 -1.019540 -1.918122 -0.166519
22.826707 -9.115167 -5.072059 -59.032602 -1.018177 -1.915508 -0.164274
22.825479 -9.128264 -5.090303 -59.033347 -1.016801 -1.912658 -0.161958
22.824325 -9.141282 -5.108330 -59.034346 -1.015407 -1.909575 -0.159560
22.823231 -9.154240 -5.126178 -59.035591 -1.013989 -1.906255 -0.157072
22.822186 -9.167159 -5.143888 -59.037076 -1.012544 -1.902692 -0.154485
22.821180 -9.180058 -5.161496 -59.038800 -1.011067 -1.898881 -0.151788
22.820214 -9.192945 -5.179018 -59.040770 -1.009552 -1.894823 -0.148976
22.819339 -9.205795 -5.196358 -59.043046 -1.008081 -1.890437 -0.146003
22.818558 -9.218618 -5.213532 -59.045636 -1.006651 -1.885724 -0.142861
22.817865 -9.231432 -5.230575 -59.048543 -1.005255 -1.880676 -0.139541
22.817256 -9.244260 -5.247528 -59.051771 -1.003890 -1.875280 -0.136032
22.816724 -9.257122 -5.264428 -59.055323 -1.002551 -1.869525 -0.132325
22.816270 -9.270034 -5.281301 -59.059209 -1.001235 -1.863405 -0.128408
22.815907 -9.282992 -5.298129 -59.063448 -0.999933 -1.856927 -0.124274
22.815710 -9.295935 -5.314804 -59.068085 -0.998732 -1.850289 -0.120072
22.815695 -9.308859 -5.331307 -59.073142 -0.997626 -1.843497 -0.115791
22.815864 -9.321781 -5.347662 -59.078630 -0.996610 -1.836543 -0.111422
22.816218 -9.334721 -5.363905 -59.084555 -0.995682 -1.829409 -0.106948
22.816757 -9.347702 -5.380073 -59.090923 -0.994837 -1.822082 -0.102358
22.817482 -9.360739 -5.396190 -59.097739 -0.994072 -1.814549 -0.097635
22.818403 -9.373828 -5.412243 -59.105008 -0.993381 -1.806813 -0.092764
22.819569 -9.386910 -5.428143 -59.112725 -0.992790 -1.799078 -0.087901
22.820992 -9.399981 -5.443877 -59.120898 -0.992293 -1.791347 -0.083032
22.822677 -9.413059 -5.459468 -59.129536 -0.991888 -1.783606 -0.078140
22.824630 -9.426165 -5.474947 -59.138651 -0.991572 -1.775840 -0.073210
22.826860 -9.439318 -5.490340 -59.148258 -0.991344 -1.768034 -0.068226
22.829386 -9.452521 -5.505635 -59.158381 -0.991198 -1.760190 -0.063176
22.832266 -9.465720 -5.520725 -59.169047 -0.991146 -1.752454 -0.058162
22.835523 -9.478920 -5.535597 -59.180283 -0.991182 -1.744826 -0.053169
22.839169 -9.492141 -5.550277 -59.192113 -0.991307 -1.737293 -0.048185
22.843216 -9.505412 -5.564797 -59.204566 -0.991519 -1.729837 -0.043195
22.847679 -9.518761 -5.579189 -59.217671 -0.991819 -1.722443 -0.038188
22.852575 -9.532211 -5.593472 -59.231464 -0.992207 -1.715098 -0.033151
22.857933 -9.545768 -5.607627 -59.245993 -0.992679 -1.707804 -0.028074
22.863812 -9.559376 -5.621511 -59.261316 -0.993227 -1.700674 -0.023037
22.870243 -9.573041 -5.635102 -59.277484 -0.993848 -1.693712 -0.018030
22.877247 -9.586788 -5.648417 -59.294542 -0.994543 -1.686905 -0.013040
22.884843 -9.600646 -5.661487 -59.312531 -0.995312 -1.680240 -0.008056
22.893050 -9.614643 -5.674339 -59.331494 -0.996158 -1.673701 -0.003063
22.901886 -9.628802 -5.686996 -59.351471 -0.997081 -1.667276 0.001953
22.911374 -9.643130 -5.699446 -59.372505 -0.998081 -1.660966 0.007008
22.921558 -9.657586 -5.711598 -59.394621 -0.999162 -1.654863 0.012001
22.932461 -9.672175 -5.723440 -59.417867 -1.000323 -1.648966 0.016949
22.944110 -9.686922 -5.734991 -59.442299 -1.001566 -1.643268 0.021864
22.956530 -9.701853 -5.746274 -59.467982 -1.002894 -1.637754 0.026757
22.969759 -9.716993 -5.757303 -59.494993 -1.004309 -1.632419 0.031639
22.983853 -9.732353 -5.768059 -59.523440 -1.005812 -1.627267 0.036510
22.998939 -9.747902 -5.778411 -59.553506 -1.007396 -1.622356 0.041342
23.015079 -9.763650 -5.788336 -59.585308 -1.009061 -1.617692 0.046135
23.032316 -9.779624 -5.797850 -59.618945 -1.010812 -1.613269 0.050896
23.050690 -9.795854 -5.806973 -59.654515 -1.012652 -1.609076 0.055634
23.070242 -9.812368 -5.815730 -59.692118 -1.014586 -1.605103 0.060359
23.091017 -9.829195 -5.824136 -59.731865 -1.016618 -1.601345 0.065078
23.113064 -9.846352 -5.832182 -59.773875 -1.018752 -1.597803 0.069798
23.136446 -9.863813 -5.839773 -59.818271 -1.020962 -1.594509 0.074476
23.161218 -9.881596 -5.846898 -59.865187 -1.023252 -1.591466 0.079119
23.187434 -9.899727 -5.853571 -59.914756 -1.025627 -1.588670 0.083733
23.215151 -9.918236 -5.859812 -59.967118 -1.028094 -1.586112 0.088328
23.244430 -9.937153 -5.865641 -60.022418 -1.030658 -1.583787 0.092912
23.275334 -9.956505 -5.871071 -60.080810 -1.033325 -1.581689 0.097493
23.307935 -9.976312 -5.876099 -60.142460 -1.036101 -1.579822 0.102077
23.342320 -9.996565 -5.880652 -60.207533 -1.038986 -1.578166 0.106581
23.378567 -10.017284 -5.884724 -60.276214 -1.041985 -1.576726 0.111011
23.416755 -10.038496 -5.888327 -60.348694 -1.045107 -1.575498 0.115373
23.456966 -10.060231 -5.891476 -60.425176 -1.048359 -1.574479 0.119674
23.499286 -10.082519 -5.894182 -60.505876 -1.051750 -1.573667 0.123918
23.543809 -10.105386 -5.896445 -60.591029 -1.055286 -1.573063 0.128108
23.590646 -10.128838 -5.898219 -60.680891 -1.058967 -1.572660 0.132203
23.639899 -10.152902 -5.899503 -60.775720 -1.062802 -1.572460 0.136203
23.691675 -10.177611 -5.900304 -60.875783 -1.066801 -1.572464 0.140113
23.746082 -10.202998 -5.900635 -60.981360 -1.070973 -1.572668 0.143936
23.803234 -10.229099 -5.900505 -61.092742 -1.075329 -1.573073 0.147673
23.863251 -10.255948 -5.899921 -61.210237 -1.079881 -1.573679 0.151329
23.926260 -10.283575 -5.898875 -61.334175 -1.084638 -1.574492 0.154905
23.992399 -10.311996 -5.897327 -61.464899 -1.089614 -1.575520 0.158340
24.061807 -10.341240 -5.895267 -61.602770 -1.094820 -1.576770 0.161636
24.134623 -10.371345 -5.892696 -61.748160 -1.100269 -1.578246 0.164795
24.210990 -10.402349 -5.889618 -61.901453 -1.105974 -1.579951 0.167823
24.291049 -10.434284 -5.886031 -62.063039 -1.111949 -1.581887 0.170726
24.374935 -10.467176 -5.881928 -62.233306 -1.118207 -1.584062 0.173521
24.462767 -10.501029 -5.877281 -62.412618 -1.124761 -1.586490 0.176236
24.554633 -10.535801 -5.871991 -62.601242 -1.131655 -1.589109 0.178722
24.650659 -10.571493 -5.866029 -62.799576 -1.138902 -1.591935 0.181012
24.750988 -10.608122 -5.859375 -63.008062 -1.146519 -1.594979 0.183130
24.855764 -10.645698 -5.852010 -63.227150 -1.154520 -1.598253 0.185105
24.965101 -10.684208 -5.843896 -63.457253 -1.162921 -1.601775 0.186984
25.079054 -10.723580 -5.834953 -63.698676 -1.171731 -1.605580 0.188855
25.197565 -10.763610 -5.824957 -63.951405 -1.181030 -1.609591 0.190406
25.320710 -10.804226 -5.813825 -64.215796 -1.190828 -1.613843 0.191727
25.448637 -10.845416 -5.801512 -64.492348 -1.201146 -1.618357 0.192870
25.581529 -10.887183 -5.787980 -64.781620 -1.212003 -1.623151 0.193879
25.719562 -10.929524 -5.773180 -65.084160 -1.223422 -1.628245 0.194808
25.862854 -10.972380 -5.757031 -65.400417 -1.235420 -1.633672 0.195751
26.011396 -11.015584 -5.739377 -65.730604 -1.248008 -1.639492 0.196875
26.164939 -11.058706 -5.719792 -66.074260 -1.261299 -1.645571 0.197565
26.323502 -11.101579 -5.698117 -66.431649 -1.275306 -1.651968 0.197994
26.487247 -11.144140 -5.674252 -66.803288 -1.290053 -1.658720 0.198272
26.656388 -11.186365 -5.648116 -67.189785 -1.305567 -1.665855 0.198490
26.831118 -11.228216 -5.619622 -67.591706 -1.321878 -1.673402 0.198762
27.011510 -11.269587 -5.588675 -68.009405 -1.339012 -1.681391 0.199269
27.197371 -11.310238 -5.555188 -68.442783 -1.356988 -1.689850 0.200328
27.387943 -11.349699 -5.519169 -68.890416 -1.376002 -1.698796 0.200748
27.583028 -11.387708 -5.480521 -69.352177 -1.396074 -1.708260 0.200875
27.782655 -11.424101 -5.439122 -69.828291 -1.417236 -1.718275 0.200963
27.986868 -11.458728 -5.394861 -70.318984 -1.439522 -1.728871 0.201276
28.195523 -11.491378 -5.347699 -70.824152 -1.462966 -1.740051 0.202174
28.407989 -11.521742 -5.297833 -71.342899 -1.487603 -1.751735 0.204233
28.622551 -11.549467 -5.246397 -71.871913 -1.513745 -1.764312 0.205025
28.838637 -11.574257 -5.193563 -72.410375 -1.541433 -1.777708 0.205124
29.056184 -11.595926 -5.139263 -72.958249 -1.570716 -1.791932 0.204903
29.275327 -11.614352 -5.083362 -73.515798 -1.601646 -1.807016 0.204654
29.496179 -11.629423 -5.025750 -74.083231 -1.634281 -1.822984 0.204691
29.718596 -11.640995 -4.966452 -74.660341 -1.668685 -1.839813 0.205440
29.941805 -11.648893 -4.905902 -75.245974 -1.704923 -1.857339 0.207576
30.163588 -11.653050 -4.845817 -75.836013 -1.742762 -1.875820 0.207991
30.383232 -11.653320 -4.786588 -76.429375 -1.782276 -1.895107 0.207353
30.600660 -11.649609 -4.728200 -77.025886 -1.823544 -1.915192 0.206095
30.816047 -11.641874 -4.670506 -77.625734 -1.866648 -1.936113 0.204551
31.029584 -11.630091 -4.613359 -78.229102 -1.911676 -1.957909 0.203057
31.241258 -11.614236 -4.556741 -78.835837 -1.958721 -1.980577 0.202033
31.450547 -11.594308 -4.501023 -79.445020 -2.007882 -2.003980 0.202092
31.655822 -11.570493 -4.447617 -80.053374 -2.058137 -2.027885 0.200498
31.856588 -11.542817 -4.396850 -80.659981 -2.109592 -2.052173 0.197865
32.052832 -11.511303 -4.348675 -81.264604 -2.162353 -2.076856 0.194634
32.244706 -11.475991 -4.302939 -81.867231 -2.216530 -2.101981 0.191181
32.432289 -11.436937 -4.259548 -82.467727 -2.272237 -2.127579 0.187912
32.615348 -11.394241 -4.218687 -83.065496 -2.329593 -2.153585 0.185342
32.792967 -11.348159 -4.181098 -83.658449 -2.386848 -2.179052 0.181605
32.964973 -11.298831 -4.146930 -84.246072 -2.444125 -2.203931 0.177192
33.131548 -11.246385 -4.116049 -84.828364 -2.501548 -2.228268 0.172458
33.293021 -11.190973 -4.088229 -85.405540 -2.559240 -2.252141 0.167702
33.449720 -11.132756 -4.063251 -85.977813 -2.617326 -2.275626 0.163214
33.601845 -11.071907 -4.040999 -86.545194 -2.675932 -2.298761 0.159335
33.749297 -11.008651 -4.021634 -87.107269 -2.735188 -2.321494 0.156502
33.891432 -10.943385 -4.005774 -87.662370 -2.793708 -2.342817 0.152973
34.028161 -10.876350 -3.993558 -88.210093 -2.851623 -2.362683 0.149178
34.159681 -10.807749 -3.984849 -88.750434 -2.909056 -2.381137 0.145445
34.286306 -10.737784 -3.979415 -89.283569 -2.966133 -2.398254 0.142055
34.408359 -10.666655 -3.977005 -89.809681 -3.022976 -2.414113 0.139281
34.526070 -10.594549 -3.977408 -90.328810 -3.079705 -2.428777 0.137430
34.639463 -10.521651 -3.980545 -90.840683 -3.136440 -2.442262 0.136882
34.748171 -10.448191 -3.986647 -91.343998 -3.192317 -2.454447 0.135942
34.852200 -10.374353 -3.995632 -91.838465 -3.247451 -2.465349 0.134989
34.951729 -10.300316 -4.007297 -92.324061 -3.301959 -2.475026 0.134329
35.046986 -10.226264 -4.021409 -92.800858 -3.355956 -2.483542 0.134241
35.138156 -10.152371 -4.037766 -93.268884 -3.409557 -2.490953 0.135010
35.225277 -10.078800 -4.056256 -93.727968 -3.462874 -2.497282 0.136963
35.308098 -10.005732 -4.076993 -94.177116 -3.514737 -2.502522 0.138456
35.386659 -9.933323 -4.099876 -94.616205 -3.565255 -2.506693 0.139793
35.461144 -9.861738 -4.124727 -95.045348 -3.614536 -2.509842 0.141221
35.531793 -9.791141 -4.151346 -95.464772 -3.662687 -2.512023 0.142950
35.598849 -9.721688 -4.179537 -95.874721 -3.709813 -2.513291 0.145183
35.662508 -9.653506 -4.209117 -96.275381 -3.756013 -2.513692 0.148131
35.722879 -9.586685 -4.239942 -96.666792 -3.801386 -2.513261 0.152040
35.779937 -9.521274 -4.271890 -97.048454 -3.845066 -2.511769 0.155716
35.833774 -9.457344 -4.304831 -97.420409 -3.887144 -2.509244 0.159393
35.884544 -9.394982 -4.338616 -97.782830 -3.927709 -2.505724 0.163268
35.932428 -9.334275 -4.373095 -98.135952 -3.966849 -2.501245 0.167517
35.977601 -9.275296 -4.408116 -98.480008 -4.004648 -2.495842 0.172313
36.020209 -9.218083 -4.443528 -98.815168 -4.041183 -2.489551 0.177841
36.060353 -9.162627 -4.479182 -99.141493 -4.076530 -2.482403 0.184313
36.098098 -9.108876 -4.515021 -99.458529 -4.110446 -2.474746 0.190362
36.133532 -9.056800 -4.550903 -99.766324 -4.142998 -2.466609 0.196194
36.166767 -9.006398 -4.586693 -100.065018 -4.174252 -2.458019 0.201983
36.197928 -8.957675 -4.622262 -100.354797 -4.204274 -2.449003 0.207887
36.227140 -8.910626 -4.657474 -100.635848 -4.233125 -2.439588 0.214057
36.254533 -8.865211 -4.692174 -100.908328 -4.260861 -2.429807 0.220654
36.280272 -8.821359 -4.726249 -101.172112 -4.287475 -2.419985 0.226794
36.304485 -8.779026 -4.759562 -101.427375 -4.313019 -2.410149 0.232622
36.327295 -8.738199 -4.792009 -101.674342 -4.337546 -2.400319 0.238260
36.348826 -8.698882 -4.823512 -101.913269 -4.361109 -2.390503 0.243814
36.369200 -8.661073 -4.853999 -102.144414 -4.383758 -2.380712 0.249385
36.388529 -8.624755 -4.883396 -102.368012 -4.405541 -2.370955 0.255078
36.406915 -8.589877 -4.911612 -102.584252 -4.426502 -2.361245 0.261003
36.424475 -8.556345 -4.938568 -102.793067 -4.446708 -2.351813 0.266445
36.441304 -8.524098 -4.964187 -102.994637 -4.466200 -2.342668 0.271509
36.457494 -8.493102 -4.988429 -103.189179 -4.485021 -2.333812 0.276282
36.473130 -8.463335 -5.011280 -103.376923 -4.503212 -2.325237 0.280839
36.488279 -8.434778 -5.032750 -103.558091 -4.520814 -2.316928 0.285253
36.502971 -8.407411 -5.052876 -103.732864 -4.537867 -2.308862 0.289602
36.517157 -8.381200 -5.071727 -103.901335 -4.554409 -2.301006 0.293976
36.530611 -8.356087 -5.089459 -104.063314 -4.570338 -2.293462 0.298057
36.543280 -8.332040 -5.106147 -104.218879 -4.585689 -2.286196 0.301930
36.555179 -8.309042 -5.121838 -104.368182 -4.600498 -2.279181 0.305661
36.566356 -8.287082 -5.136565 -104.511402 -4.614800 -2.272396 0.309304
36.576857 -8.266152 -5.150348 -104.648713 -4.628629 -2.265824 0.312912
36.586702 -8.246242 -5.163203 -104.780253 -4.642016 -2.259448 0.316540
36.595817 -8.227305 -5.175094 -104.905999 -4.654927 -2.253180 0.319975
36.604225 -8.209332 -5.186032 -105.026082 -4.667393 -2.247005 0.323264
36.611983 -8.192319 -5.196030 -105.140667 -4.679442 -2.240907 0.326449
36.619157 -8.176266 -5.205103 -105.249927 -4.691105 -2.234871 0.329563
36.625814 -8.161165 -5.213270 -105.354029 -4.702408 -2.228880 0.332638
36.632011 -8.147003 -5.220554 -105.453129 -4.713380 -2.222915 0.335707
36.637790 -8.133765 -5.226986 -105.547355 -4.724045 -2.216955 0.338804
36.643167 -8.121430 -5.232587 -105.636749 -4.734368 -2.210866 0.341716
36.648175 -8.109972 -5.237390 -105.721424 -4.744373 -2.204623 0.344473
36.652856 -8.099363 -5.241423 -105.801507 -4.754084 -2.198207 0.347105
36.657252 -8.089571 -5.244711 -105.877124 -4.763525 -2.191596 0.349634
36.661402 -8.080558 -5.247280 -105.948395 -4.772718 -2.184768 0.352083
36.665336 -8.072281 -5.249161 -106.015426 -4.781686 -2.177699 0.354476
36.669071 -8.064694 -5.250393 -106.078302 -4.790450 -2.170361 0.356839
36.672608 -8.057744 -5.251028 -106.137016 -4.798941 -2.162703 0.358938
36.675955 -8.051383 -5.251102 -106.191641 -4.807179 -2.154694 0.360797
36.679129 -8.045560 -5.250639 -106.242265 -4.815185 -2.146309 0.362431
36.682149 -8.040231 -5.249653 -106.288982 -4.822976 -2.137524 0.363855
36.685041 -8.035352 -5.248153 -106.331894 -4.830574 -2.128315 0.365075
36.687843 -8.030887 -5.246147 -106.371115 -4.837995 -2.118657 0.366097
36.690646 -8.026825 -5.243629 -106.406811 -4.845227 -2.108420 0.366942
36.693489 -8.023136 -5.240598 -106.439100 -4.852288 -2.097580 0.367608
36.696399 -8.019792 -5.237040 -106.468092 -4.859195 -2.086111 0.368092
36.699406 -8.016771 -5.232935 -106.493906 -4.865966 -2.073992 0.368383
36.702556 -8.014052 -5.228250 -106.516683 -4.872617 -2.061199 0.368466
36.705930 -8.011622 -5.222927 -106.536608 -4.879167 -2.047719 0.368313
36.709704 -8.009480 -5.216877 -106.553961 -4.885631 -2.033543 0.367879
36.714302 -8.007704 -5.210040 -106.569386 -4.891914 -2.018768 0.367628
36.719889 -8.006297 -5.202324 -106.583138 -4.898032 -2.003385 0.367520
36.726529 -8.005247 -5.193665 -106.595345 -4.903999 -1.987369 0.367534
36.734229 -8.004542 -5.184022 -106.606057 -4.909831 -1.970686 0.367665
36.742958 -8.004167 -5.173374 -106.615255 -4.915542 -1.953294 0.367925
36.752634 -8.004105 -5.161727 -106.622841 -4.921146 -1.935136 0.368342
36.763094 -8.004332 -5.149126 -106.628607 -4.926655 -1.916142 0.368964
36.774012 -8.004868 -5.135946 -106.632056 -4.931948 -1.897150 0.369479
36.785213 -8.005688 -5.122235 -106.632951 -4.937036 -1.878084 0.369942
36.796589 -8.006765 -5.108006 -106.631127 -4.941931 -1.858881 0.370392
36.808059 -8.008074 -5.093254 -106.626453 -4.946645 -1.839479 0.370858
36.819545 -8.009593 -5.077983 -106.618805 -4.951188 -1.819819 0.371369
36.830956 -8.011310 -5.062218 -106.608044 -4.955572 -1.799828 0.371954
36.842159 -8.013290 -5.046270 -106.593925 -4.959719 -1.780175 0.372387
36.853068 -8.015520 -5.030162 -106.576316 -4.963640 -1.760791 0.372693
36.863623 -8.017984 -5.013883 -106.555113 -4.967344 -1.741616 0.372887
36.873773 -8.020663 -4.997411 -106.530225 -4.970840 -1.722598 0.372976
36.883477 -8.023541 -4.980721 -106.501567 -4.974137 -1.703683 0.372968
36.892690 -8.026605 -4.963791 -106.469051 -4.977244 -1.684820 0.372865
36.901367 -8.029856 -4.946616 -106.432586 -4.980168 -1.665948 0.372670
36.909465 -8.033360 -4.929394 -106.392081 -4.982818 -1.647528 0.372383
36.916937 -8.037121 -4.912120 -106.347434 -4.985203 -1.629503 0.372005
36.923737 -8.041133 -4.894767 -106.298536 -4.987328 -1.611823 0.371532
36.929822 -8.045387 -4.877302 -106.245274 -4.989199 -1.594442 0.370961
36.935145 -8.049876 -4.859684 -106.187529 -4.990821 -1.577314 0.370286
36.939658 -8.054591 -4.841877 -106.125172 -4.992198 -1.560396 0.369500
36.943313 -8.059524 -4.823841 -106.058073 -4.993335 -1.543645 0.368594
36.946062 -8.064696 -4.805658 -105.986098 -4.994219 -1.527385 0.367550
36.947843 -8.070093 -4.787291 -105.909092 -4.994853 -1.511573 0.366359
36.948588 -8.075696 -4.768707 -105.826882 -4.995238 -1.496168 0.365012
36.948215 -8.081478 -4.749877 -105.739274 -4.995377 -1.481128 0.363501
36.946627 -8.087406 -4.730778 -105.646056 -4.995269 -1.466409 0.361819
36.943704 -8.093434 -4.711400 -105.546981 -4.994916 -1.451966 0.359965
36.939278 -8.099516 -4.691804 -105.441781 -4.994321 -1.437919 0.358058
36.933213 -8.105601 -4.671983 -105.330185 -4.993484 -1.424224 0.356095
36.925387 -8.111640 -4.651919 -105.211928 -4.992404 -1.410840 0.354066
36.915675 -8.117586 -4.631590 -105.086743 -4.991078 -1.397727 0.351957
36.903946 -8.123388 -4.610974 -104.954351 -4.989503 -1.384849 0.349754
36.890059 -8.128992 -4.590049 -104.814461 -4.987676 -1.372167 0.347439
36.873849 -8.134329 -4.568797 -104.666758 -4.985595 -1.359644 0.344994
36.855107 -8.139306 -4.547222 -104.510912 -4.983237 -1.347351 0.342515
36.833652 -8.143844 -4.525308 -104.346577 -4.980597 -1.335251 0.339981
36.809300 -8.147871 -4.503041 -104.173401 -4.977670 -1.323306 0.337369
36.781863 -8.151309 -4.480412 -103.991013 -4.974451 -1.311479 0.334655
36.751138 -8.154074 -4.457416 -103.799024 -4.970932 -1.299728 0.331815
36.716898 -8.156072 -4.434059 -103.597020 -4.967105 -1.288013 0.328822
36.678874 -8.157196 -4.410364 -103.384549 -4.962965 -1.276285 0.325653
36.636718 -8.157323 -4.386427 -103.161165 -4.958560 -1.264648 0.322606
36.590136 -8.156332 -4.362281 -102.926377 -4.953883 -1.253052 0.319654
36.538849 -8.154105 -4.337956 -102.679696 -4.948924 -1.241448 0.316762
36.482571 -8.150525 -4.313491 -102.420621 -4.943673 -1.229785 0.313892
36.420997 -8.145479 -4.288942 -102.148633 -4.938120 -1.218006 0.311002
36.353784 -8.138864 -4.264406 -101.863182 -4.932257 -1.206044 0.308049
36.280490 -8.130622 -4.240186 -101.563748 -4.925876 -1.194276 0.305424
36.200758 -8.120650 -4.216380 -101.249751 -4.918968 -1.182633 0.303073
36.114255 -8.108837 -4.193052 -100.920621 -4.911519 -1.171058 0.300936
36.020664 -8.095071 -4.170249 -100.575793 -4.903514 -1.159500 0.298943
35.919679 -8.079257 -4.148011 -100.214721 -4.894940 -1.147909 0.297012
35.811009 -8.061327 -4.126387 -99.836898 -4.885779 -1.136235 0.295039
35.694376 -8.041258 -4.105436 -99.441882 -4.876017 -1.124423 0.292894
35.569475 -8.019088 -4.085283 -99.029513 -4.865455 -1.112566 0.291365
35.436037 -7.994806 -4.065990 -98.599355 -4.854075 -1.100609 0.290299
35.293791 -7.968374 -4.047608 -98.150927 -4.841857 -1.088504 0.289549
35.142483 -7.939750 -4.030176 -97.683754 -4.828779 -1.076205 0.288954
34.981913 -7.908918 -4.013721 -97.197445 -4.814818 -1.063674 0.288324
34.811994 -7.875924 -3.998241 -96.691798 -4.799950 -1.050880 0.287411
34.632847 -7.840913 -3.983684 -96.166953 -4.784152 -1.037809 0.285872
34.444949 -7.804206 -3.969937 -95.624067 -4.767189 -1.024493 0.285106
34.248477 -7.765977 -3.956956 -95.063384 -4.749034 -1.010919 0.284724
34.043471 -7.726325 -3.944743 -94.484916 -4.729658 -0.997058 0.284381
33.829964 -7.685334 -3.933303 -93.888660 -4.709028 -0.982885 0.283725
33.608137 -7.643124 -3.922591 -93.274840 -4.687109 -0.968388 0.282335
33.378539 -7.599920 -3.912431 -92.644227 -4.663866 -0.953603 0.279651
33.142467 -7.556132 -3.902339 -91.999337 -4.639404 -0.938304 0.277743
32.900459 -7.511965 -3.892162 -91.340965 -4.613680 -0.922521 0.276028
32.652666 -7.467504 -3.881893 -90.669333 -4.586650 -0.906232 0.274045
32.399070 -7.422773 -3.871594 -89.984420 -4.558264 -0.889395 0.271379
32.139674 -7.377808 -3.861332 -89.286259 -4.528473 -0.871965 0.267590
31.874715 -7.332731 -3.851132 -88.575274 -4.497226 -0.853912 0.262127
31.604997 -7.287860 -3.840897 -87.852775 -4.464475 -0.835246 0.254213
31.332575 -7.243921 -3.830351 -87.123018 -4.430924 -0.815906 0.247544
31.058277 -7.201230 -3.819428 -86.387402 -4.396519 -0.795893 0.241311
30.782338 -7.159897 -3.808203 -85.646440 -4.361202 -0.775159 0.234910
30.504735 -7.119936 -3.796812 -84.900244 -4.324909 -0.753633 0.227827
30.225435 -7.081364 -3.785411 -84.148923 -4.287574 -0.731234 0.219542
29.944652 -7.044307 -3.774132 -83.393010 -4.249135 -0.707890 0.209415
29.663261 -7.009146 -3.763049 -82.634089 -4.209539 -0.683551 0.196535
29.383696 -6.976920 -3.752563 -81.877523 -4.169457 -0.659186 0.185866
29.106913 -6.948024 -3.742781 -81.125071 -4.128833 -0.634738 0.176456
28.833224 -6.922599 -3.733880 -80.377489 -4.087598 -0.610119 0.167601
28.562730 -6.900682 -3.726054 -79.635184 -4.045679 -0.585237 0.158687
28.295649 -6.882329 -3.719457 -78.898756 -4.003002 -0.560014 0.149050
28.032762 -6.867739 -3.714114 -78.169679 -3.959497 -0.534420 0.137803
27.776299 -6.857520 -3.710053 -77.452776 -3.916396 -0.509212 0.128798
27.527027 -6.851839 -3.707315 -76.749493 -3.873624 -0.484359 0.121175
27.285043 -6.850660 -3.706073 -76.060197 -3.831101 -0.459781 0.114359
27.050139 -6.853839 -3.706547 -75.384729 -3.788740 -0.435380 0.107922
26.822028 -6.861187 -3.708950 -74.722784 -3.746454 -0.411063 0.101482
26.600548 -6.872520 -3.713421 -74.074252 -3.704152 -0.386762 0.094613
26.385956 -6.887678 -3.719890 -73.439673 -3.661743 -0.362486 0.086730
26.179574 -6.906535 -3.727799 -72.821931 -3.620205 -0.338596 0.080325
25.981681 -6.928938 -3.737061 -72.221608 -3.579446 -0.315112 0.074826
25.792103 -6.954703 -3.747801 -71.638575 -3.539376 -0.291975 0.069857
25.610468 -6.983610 -3.760211 -71.072373 -3.499906 -0.269105 0.065141
25.436360 -7.015421 -3.774484 -70.522468 -3.460947 -0.246421 0.060436
25.269455 -7.049887 -3.790731 -69.988476 -3.422409 -0.223873 0.055466
25.109728 -7.086714 -3.808815 -69.470470 -3.384193 -0.201500 0.049853
24.957915 -7.125426 -3.827877 -68.970144 -3.347027 -0.179531 0.045278
24.814032 -7.165755 -3.847746 -68.487639 -3.310814 -0.158021 0.041368
24.677808 -7.207497 -3.868490 -68.022651 -3.275468 -0.136938 0.037878
24.548877 -7.250457 -3.890234 -67.574712 -3.240903 -0.116231 0.034619
24.426900 -7.294432 -3.913048 -67.143379 -3.207034 -0.095865 0.031408
24.311713 -7.339154 -3.936780 -66.728456 -3.173767 -0.075889 0.028012
24.203650 -7.384118 -3.960534 -66.330705 -3.141651 -0.056363 0.025333
24.102576 -7.429089 -3.984123 -65.949946 -3.110594 -0.037347 0.023159
24.008184 -7.473921 -4.007582 -65.585727 -3.080517 -0.018821 0.021359
23.920106 -7.518499 -4.031012 -65.237483 -3.051345 -0.000740 0.019842
23.837974 -7.562720 -4.054516 -64.904623 -3.023005 0.016944 0.018535
23.761458 -7.606474 -4.078141 -64.586592 -2.995424 0.034258 0.017368
23.690330 -7.649596 -4.101761 -64.282955 -2.968522 0.051163 0.016250
23.624622 -7.691683 -4.124598 -63.993665 -2.942713 0.067727 0.015430
23.564145 -7.732595 -4.146498 -63.718320 -2.917922 0.083903 0.014828
23.508643 -7.772277 -4.167472 -63.456424 -2.894082 0.099709 0.014398
23.457846 -7.810700 -4.187578 -63.207445 -2.871132 0.115178 0.014112
23.411488 -7.847848 -4.206877 -62.970840 -2.849015 0.130349 0.013951
23.369325 -7.883699 -4.225408 -62.746070 -2.827671 0.145250 0.013907
23.331142 -7.918193 -4.243112 -62.532590 -2.807039 0.159874 0.013981
23.296759 -7.951075 -4.259513 -62.329766 -2.787432 0.174238 0.014039
23.265992 -7.982298 -4.274536 -62.137084 -2.768792 0.188330 0.014091
23.238660 -8.011869 -4.288194 -61.954061 -2.751069 0.202175 0.014141
23.214588 -8.039814 -4.300520 -61.780229 -2.734218 0.215806 0.014195
23.193604 -8.066165 -4.311552 -61.615119 -2.718196 0.229259 0.014267
23.175509 -8.090949 -4.321314 -61.458196 -2.702959 0.242565 0.014395
23.159928 -8.114083 -4.329691 -61.308555 -2.688736 0.255644 0.014366
23.146683 -8.135599 -4.336697 -61.165700 -2.675489 0.268524 0.014216
23.135647 -8.155549 -4.342349 -61.029238 -2.663183 0.281241 0.013958
23.126710 -8.173985 -4.346657 -60.898825 -2.651789 0.293824 0.013595
23.119781 -8.190974 -4.349632 -60.774148 -2.641276 0.306309 0.013124
23.114773 -8.206593 -4.351295 -60.654921 -2.631622 0.318732 0.012538
23.111590 -8.220952 -4.351698 -60.540856 -2.622804 0.331147 0.011836
23.110011 -8.234205 -4.351067 -60.431531 -2.614541 0.343328 0.011109
23.109952 -8.246462 -4.349449 -60.326688 -2.606817 0.355327 0.010352
23.111355 -8.257809 -4.346847 -60.226112 -2.599612 0.367181 0.009553
23.114169 -8.268318 -4.343246 -60.129598 -2.592911 0.378919 0.008698
23.118350 -8.278060 -4.338624 -60.036970 -2.586697 0.390568 0.007768
23.123871 -8.287119 -4.332963 -59.948087 -2.580956 0.402159 0.006736
23.130717 -8.295602 -4.326264 -59.862861 -2.575676 0.413730 0.005565
23.138865 -8.303674 -4.318656 -59.781296 -2.570531 0.425115 0.004442
23.148308 -8.311439 -4.310136 -59.703331 -2.565513 0.436351 0.003326
23.159034 -8.318969 -4.300680 -59.628877 -2.560609 0.447471 0.002187
23.171019 -8.326325 -4.290260 -59.557831 -2.555809 0.458500 0.001000
23.184241 -8.333565 -4.278850 -59.490102 -2.551102 0.469471 -0.000261
23.198673 -8.340760 -4.266449 -59.425607 -2.546480 0.480422 -0.001620
23.214235 -8.348022 -4.253207 -59.364264 -2.541902 0.491127 -0.002964
23.230900 -8.355409 -4.239121 -59.306003 -2.537360 0.501625 -0.004319
23.248645 -8.362958 -4.224164 -59.250751 -2.532845 0.511948 -0.005705
23.267442 -8.370688 -4.208300 -59.198429 -2.528345 0.522122 -0.007139
23.287259 -8.378613 -4.191494 -59.148954 -2.523849 0.532174 -0.008638
23.308062 -8.386744 -4.173718 -59.102245 -2.519348 0.542135 -0.010212
23.329796 -8.395096 -4.154967 -59.058202 -2.514833 0.552043 -0.011870
23.352327 -8.403706 -4.135381 -59.016637 -2.510381 0.561674 -0.013543
23.375601 -8.412577 -4.114955 -58.977463 -2.505986 0.571067 -0.015238
23.399586 -8.421699 -4.093664 -58.940626 -2.501636 0.580254 -0.016969
23.424254 -8.431047 -4.071474 -58.906080 -2.497322 0.589262 -0.018749
23.449574 -8.440593 -4.048354 -58.873784 -2.493033 0.598120 -0.020592
23.475512 -8.450302 -4.024284 -58.843695 -2.488760 0.606862 -0.022513
23.502010 -8.460150 -3.999280 -58.815753 -2.484496 0.615535 -0.024516
23.528939 -8.470155 -3.973541 -58.789820 -2.480295 0.624043 -0.026527
23.556243 -8.480283 -3.947085 -58.765844 -2.476148 0.632432 -0.028553
23.583889 -8.490478 -3.919895 -58.743798 -2.472048 0.640739 -0.030606
23.611846 -8.500682 -3.891948 -58.723659 -2.467986 0.648997 -0.032695
23.640070 -8.510831 -3.863231 -58.705386 -2.463953 0.657242 -0.034825
23.668473 -8.520877 -3.833788 -58.688876 -2.459943 0.665533 -0.036984
23.696816 -8.530829 -3.803925 -58.673825 -2.456046 0.673703 -0.039144
23.725015 -8.540635 -3.773680 -58.660136 -2.452255 0.681808 -0.041291
23.753036 -8.550227 -3.743040 -58.647780 -2.448565 0.689887 -0.043430
23.780861 -8.559532 -3.711971 -58.636747 -2.444965 0.697971 -0.045570
23.808477 -8.568480 -3.680438 -58.627033 -2.441449 0.706092 -0.047718
23.835862 -8.577001 -3.648418 -58.618620 -2.438008 0.714284 -0.049880
23.862956 -8.585035 -3.615923 -58.611437 -2.434638 0.722598 -0.052046
23.889574 -8.592577 -3.583214 -58.605236 -2.431427 0.730774 -0.054236
23.915664 -8.599569 -3.550301 -58.599947 -2.428372 0.738859 -0.056440
23.941215 -8.605949 -3.517152 -58.595556 -2.425466 0.746890 -0.058659
23.966230 -8.611657 -3.483719 -58.592062 -2.422703 0.754895 -0.060902
23.990720 -8.616633 -3.449953 -58.589466 -2.420077 0.762903 -0.063175
24.014690 -8.620824 -3.415808 -58.587760 -2.417581 0.770945 -0.065481
24.038131 -8.624193 -3.381273 -58.586901 -2.415213 0.779065 -0.067817
24.060964 -8.626754 -3.346551 -58.586722 -2.413101 0.787026 -0.070289
24.083182 -8.628475 -3.311622 -58.587180 -2.411242 0.794870 -0.072893
24.104806 -8.629318 -3.276435 -58.588264 -2.409633 0.802627 -0.075632
24.125865 -8.629244 -3.240927 -58.589972 -2.408271 0.810325 -0.078510
24.146392 -8.628227 -3.205044 -58.592308 -2.407155 0.817994 -0.081534
24.166425 -8.626265 -3.168775 -58.595270 -2.406285 0.825680 -0.084712
24.185990 -8.623454 -3.132354 -58.598859 -2.405720 0.833247 -0.087995
24.205128 -8.619795 -3.095765 -58.603077 -2.405463 0.840740 -0.091391
24.223880 -8.615273 -3.058943 -58.607929 -2.405515 0.848187 -0.094907
24.242292 -8.609864 -3.021810 -58.613422 -2.405877 0.855611 -0.098551
24.260404 -8.603550 -2.984286 -58.619564 -2.406550 0.863036 -0.102330
24.278257 -8.596321 -2.946310 -58.626363 -2.407539 0.870492 -0.106253
24.295879 -8.588204 -2.907891 -58.633812 -2.408852 0.878038 -0.110325
24.313245 -8.579361 -2.869379 -58.641862 -2.410421 0.885566 -0.114515
24.330383 -8.569821 -2.830779 -58.650510 -2.412255 0.893133 -0.118828
24.347334 -8.559576 -2.792022 -58.659764 -2.414361 0.900770 -0.123272
24.364141 -8.548612 -2.753020 -58.669635 -2.416746 0.908500 -0.127855
24.380844 -8.536911 -2.713684 -58.680132 -2.419416 0.916345 -0.132585
24.397478 -8.524470 -2.673945 -58.691259 -2.422381 0.924337 -0.137468
24.414057 -8.511319 -2.633814 -58.702993 -2.425654 0.932541 -0.142504
24.430526 -8.497651 -2.593738 -58.715252 -2.429114 0.940730 -0.147619
24.446899 -8.483498 -2.553728 -58.728020 -2.432776 0.948968 -0.152813
24.463211 -8.468858 -2.513711 -58.741305 -2.436653 0.957288 -0.158094
24.479502 -8.453720 -2.473599 -58.755130 -2.440755 0.965718 -0.163473
24.495812 -8.438085 -2.433319 -58.769522 -2.445094 0.974289 -0.168961
24.512163 -8.421995 -2.392879 -58.784501 -2.449690 0.983067 -0.174568
24.528515 -8.405662 -2.352734 -58.800056 -2.454403 0.991803 -0.180210
24.544891 -8.389128 -2.312889 -58.816214 -2.459253 1.000560 -0.185896
24.561331 -8.372393 -2.273268 -58.833010 -2.464253 1.009372 -0.191641
24.577876 -8.355448 -2.233772 -58.850483 -2.469417 1.018264 -0.197458
24.594566 -8.338282 -2.194305 -58.868671 -2.474759 1.027258 -0.203361
24.611429 -8.320893 -2.154788 -58.887600 -2.480294 1.036389 -0.209357
24.628453 -8.303318 -2.115226 -58.907259 -2.486043 1.045721 -0.215448
24.645491 -8.285727 -2.076000 -58.927475 -2.491871 1.055082 -0.221653
24.662532 -8.268157 -2.037113 -58.948238 -2.497800 1.064538 -0.227971
24.679603 -8.250605 -1.998490 -58.969577 -2.503845 1.074122 -0.234411
24.696741 -8.233060 -1.960035 -58.991526 -2.510024 1.083860 -0.240986
24.713977 -8.215507 -1.921654 -59.014113 -2.516352 1.093780 -0.247702
24.731314 -8.197941 -1.883281 -59.037332 -2.522848 1.103920 -0.254560
24.748670 -8.180384 -1.844932 -59.061072 -2.529534 1.114349 -0.261527
24.765644 -8.162946 -1.806996 -59.084765 -2.536325 1.124820 -0.268776
24.782153 -8.145651 -1.769489 -59.108297 -2.543245 1.135403 -0.276274
24.798200 -8.128494 -1.732351 -59.131648 -2.550313 1.146138 -0.284019
24.813809 -8.111467 -1.695505 -59.154819 -2.557549 1.157062 -0.292013
24.828982 -8.094570 -1.658898 -59.177775 -2.564973 1.168217 -0.300250
24.843617 -8.077830 -1.622563 -59.200350 -2.572612 1.179680 -0.308688
24.857235 -8.061364 -1.586958 -59.221862 -2.580244 1.191045 -0.317328
24.869738 -8.045199 -1.552117 -59.242138 -2.587898 1.202386 -0.326126
24.881130 -8.029336 -1.517990 -59.261137 -2.595594 1.213750 -0.335079
24.891448 -8.013762 -1.484500 -59.278850 -2.603353 1.225168 -0.344196
24.900731 -7.998463 -1.451566 -59.295272 -2.611194 1.236672 -0.353484
24.909000 -7.983434 -1.419132 -59.310374 -2.619139 1.248303 -0.362948
24.916216 -7.968692 -1.387211 -59.324048 -2.627215 1.260126 -0.372571
24.922110 -7.954353 -1.356193 -59.335930 -2.635158 1.271774 -0.382176
24.926637 -7.940432 -1.326095 -59.345901 -2.642996 1.283311 -0.391747
24.929819 -7.926920 -1.296868 -59.353919 -2.650749 1.294779 -0.401288
24.931689 -7.913795 -1.268445 -59.359956 -2.658438 1.306208 -0.410810
24.932286 -7.901036 -1.240756 -59.363989 -2.666082 1.317630 -0.420328
24.931645 -7.888627 -1.213750 -59.365990 -2.673700 1.329080 -0.429855
24.929788 -7.876576 -1.187425 -59.365915 -2.681317 1.340614 -0.439400
24.926682 -7.865005 -1.162095 -59.363726 -2.688723 1.351989 -0.448736
24.922340 -7.853918 -1.137765 -59.359371 -2.695942 1.363259 -0.457872
24.916788 -7.843294 -1.114393 -59.352800 -2.702992 1.374462 -0.466820
24.910050 -7.833101 -1.091926 -59.343963 -2.709890 1.385627 -0.475595
24.902148 -7.823308 -1.070319 -59.332809 -2.716656 1.396787 -0.484208
24.893108 -7.813904 -1.049569 -59.319294 -2.723308 1.407990 -0.492678
24.882988 -7.804989 -1.029945 -59.303493 -2.729714 1.419072 -0.500815
24.871805 -7.796549 -1.011451 -59.285357 -2.735895 1.430080 -0.508637
24.859566 -7.788547 -0.994053 -59.264825 -2.741865 1.441047 -0.516158
24.846273 -7.780941 -0.977713 -59.241834 -2.747640 1.452002 -0.523395
24.831932 -7.773689 -0.962393 -59.216337 -2.753233 1.462971 -0.530368
24.816568 -7.766750 -0.948052 -59.188321 -2.758658 1.473982 -0.537109
24.800262 -7.760101 -0.934657 -59.157871 -2.763930 1.485063 -0.543676
24.783306 -7.753832 -0.922396 -59.125513 -2.768976 1.495959 -0.549742
24.765775 -7.747919 -0.911241 -59.091332 -2.773811 1.506701 -0.555365
24.747676 -7.742320 -0.901166 -59.055309 -2.778445 1.517313 -0.560579
24.728994 -7.736991 -0.892147 -59.017394 -2.782891 1.527823 -0.565407
24.709713 -7.731884 -0.884161 -58.977540 -2.787158 1.538253 -0.569875
24.689835 -7.726951 -0.877175 -58.935736 -2.791257 1.548625 -0.574017
24.669457 -7.722157 -0.871142 -58.892110 -2.795195 1.558954 -0.577910
24.649012 -7.717579 -0.866195 -58.847392 -2.798935 1.569015 -0.581282
24.628588 -7.713182 -0.862289 -58.801715 -2.802484 1.578822 -0.584211
24.608186 -7.708925 -0.859399 -58.755075 -2.805850 1.588392 -0.586734
24.587787 -7.704766 -0.857505 -58.707450 -2.809040 1.597743 -0.588882
24.567401 -7.700666 -0.856573 -58.658858 -2.812060 1.606887 -0.590701
24.547155 -7.696591 -0.856532 -58.609495 -2.814914 1.615822 -0.592283
24.527593 -7.692582 -0.857326 -58.560243 -2.817598 1.624451 -0.593458
24.508838 -7.688610 -0.858888 -58.511297 -2.820115 1.632769 -0.594318
24.490893 -7.684650 -0.861190 -58.462677 -2.822468 1.640787 -0.594907
24.473724 -7.680678 -0.864226 -58.414351 -2.824664 1.648519 -0.595248
24.457294 -7.676677 -0.867989 -58.366288 -2.826706 1.655978 -0.595368
24.441598 -7.672629 -0.872455 -58.318509 -2.828598 1.663171 -0.595306
24.426747 -7.668520 -0.877554 -58.271207 -2.830341 1.670087 -0.595149
24.413235 -7.664388 -0.883167 -58.225221 -2.831943 1.676720 -0.594743
24.401172 -7.660227 -0.889225 -58.180750 -2.833402 1.683055 -0.594174
24.390557 -7.656029 -0.895705 -58.137831 -2.834722 1.689097 -0.593483
24.381354 -7.651796 -0.902602 -58.096452 -2.835905 1.694853 -0.592693
24.373528 -7.647531 -0.909916 -58.056602 -2.836952 1.700332 -0.591828
24.367066 -7.643241 -0.917633 -58.018314 -2.837866 1.705535 -0.590921
24.362029 -7.638929 -0.925702 -57.981740 -2.838645 1.710452 -0.590040
24.358701 -7.634603 -0.933961 -57.947455 -2.839324 1.715082 -0.589023
24.357150 -7.630273 -0.942356 -57.915625 -2.839902 1.719411 -0.587937
24.357376 -7.625956 -0.950874 -57.886306 -2.840379 1.723439 -0.586817
24.359360 -7.621670 -0.959516 -57.859523 -2.840755 1.727168 -0.585687
24.363084 -7.617438 -0.968282 -57.835309 -2.841032 1.730603 -0.584571
24.368541 -7.613281 -0.977153 -57.813725 -2.841208 1.733738 -0.583498
24.375718 -7.609189 -0.985991 -57.794919 -2.841338 1.736627 -0.582320
24.384615 -7.605185 -0.994776 -57.778960 -2.841423 1.739265 -0.581066
24.395228 -7.601298 -1.003509 -57.765886 -2.841462 1.741651 -0.579752
24.407546 -7.597556 -1.012193 -57.755723 -2.841454 1.743787 -0.578390
24.421561 -7.593991 -1.020836 -57.748494 -2.841399 1.745675 -0.576990
24.437263 -7.590633 -1.029440 -57.744220 -2.841298 1.747315 -0.575557
24.454613 -7.587512 -1.038003 -57.742900 -2.841148 1.748703 -0.574087
24.473444 -7.584608 -1.046407 -57.744400 -2.840993 1.749913 -0.572532
24.493725 -7.581951 -1.054646 -57.748729 -2.840829 1.750940 -0.570884
24.515461 -7.579577 -1.062724 -57.755925 -2.840657 1.751783 -0.569146
24.538664 -7.577521 -1.070643 -57.766028 -2.840476 1.752439 -0.567319
24.563343 -7.575816 -1.078408 -57.779076 -2.840285 1.752907 -0.565400
24.589489 -7.574495 -1.086024 -57.795082 -2.840084 1.753184 -0.563376
24.617013 -7.573577 -1.093488 -57.813963 -2.839871 1.753265 -0.561203
24.645505 -7.572969 -1.100624 -57.835198 -2.839672 1.753244 -0.558952
24.674880 -7.572689 -1.107429 -57.858709 -2.839486 1.753114 -0.556577
24.705137 -7.572764 -1.113910 -57.884512 -2.839311 1.752873 -0.554056
24.736284 -7.573220 -1.120074 -57.912634 -2.839147 1.752519 -0.551370
24.768302 -7.574079 -1.125938 -57.943059 -2.838995 1.752053 -0.548487
24.801055 -7.575344 -1.131523 -57.975612 -2.838853 1.751476 -0.545321
24.833953 -7.576903 -1.136756 -58.009437 -2.838734 1.750788 -0.542089
24.866864 -7.578754 -1.141661 -58.044359 -2.838638 1.749993 -0.538703
24.899778 -7.580910 -1.146253 -58.080363 -2.838565 1.749090 -0.535125
24.932718 -7.583383 -1.150540 -58.117472 -2.838515 1.748075 -0.531323
24.965703 -7.586183 -1.154532 -58.155696 -2.838486 1.746947 -0.527263
24.998704 -7.589315 -1.158254 -58.194971 -2.838480 1.745710 -0.522888
25.031538 -7.592763 -1.161755 -58.235008 -2.838496 1.744373 -0.518072
25.063475 -7.596404 -1.165064 -58.274626 -2.838545 1.742916 -0.513203
25.094333 -7.600219 -1.168233 -58.313533 -2.838625 1.741351 -0.508155
25.124084 -7.604204 -1.171289 -58.351658 -2.838738 1.739681 -0.502864
25.152745 -7.608357 -1.174243 -58.388994 -2.838885 1.737902 -0.497287
25.180341 -7.612672 -1.177108 -58.425540 -2.839064 1.736013 -0.491382
25.206859 -7.617140 -1.179910 -58.461243 -2.839278 1.734014 -0.485091
25.232180 -7.621744 -1.182705 -58.495890 -2.839527 1.731917 -0.478309
25.255806 -7.626424 -1.185633 -58.528576 -2.839835 1.729627 -0.471579
25.277617 -7.631159 -1.188752 -58.559083 -2.840204 1.727154 -0.464796
25.297598 -7.635935 -1.192089 -58.587349 -2.840635 1.724499 -0.457902
25.315774 -7.640738 -1.195659 -58.613362 -2.841129 1.721657 -0.450856
25.332176 -7.645553 -1.199467 -58.637126 -2.841686 1.718618 -0.443620
25.346832 -7.650359 -1.203512 -58.658628 -2.842305 1.715370 -0.436156
25.359716 -7.655103 -1.207735 -58.677633 -2.843041 1.711894 -0.429043
25.370853 -7.659762 -1.212136 -58.694126 -2.843894 1.708174 -0.422247
25.380275 -7.664320 -1.216723 -58.708112 -2.844864 1.704200 -0.415738
25.388015 -7.668762 -1.221509 -58.719601 -2.845953 1.699962 -0.409493
25.394110 -7.673072 -1.226505 -58.728611 -2.847164 1.695448 -0.403492
25.398604 -7.677231 -1.231713 -58.735174 -2.848498 1.690640 -0.397723
25.401578 -7.681212 -1.237108 -58.739369 -2.849956 1.685514 -0.392187
25.403225 -7.684982 -1.242581 -58.741375 -2.851499 1.680116 -0.387160
25.403618 -7.688513 -1.248109 -58.741267 -2.853128 1.674420 -0.382648
25.402792 -7.691786 -1.253694 -58.739064 -2.854845 1.668406 -0.378644
25.400766 -7.694781 -1.259349 -58.734773 -2.856656 1.662058 -0.375143
25.397563 -7.697481 -1.265086 -58.728405 -2.858562 1.655357 -0.372139
25.393221 -7.699869 -1.270907 -58.720002 -2.860569 1.648282 -0.369642
25.387854 -7.701943 -1.276810 -58.709713 -2.862680 1.640809 -0.367693
25.381849 -7.703765 -1.282723 -58.698158 -2.864847 1.633343 -0.366067
25.375314 -7.705332 -1.288642 -58.685483 -2.867075 1.625858 -0.364808
25.368282 -7.706633 -1.294567 -58.671727 -2.869368 1.618330 -0.363934
25.360767 -7.707652 -1.300502 -58.656899 -2.871731 1.610736 -0.363453
25.352794 -7.708378 -1.306451 -58.641026 -2.874169 1.603051 -0.363381
25.344450 -7.708812 -1.312407 -58.624223 -2.876687 1.595251 -0.363763
25.336064 -7.709018 -1.318327 -58.607044 -2.879246 1.587646 -0.364314
25.327720 -7.708999 -1.324208 -58.589603 -2.881853 1.580211 -0.365079
25.319434 -7.708747 -1.330049 -58.571916 -2.884513 1.572923 -0.366077
25.311205 -7.708253 -1.335858 -58.553977 -2.887232 1.565760 -0.367320
25.303034 -7.707512 -1.341643 -58.535780 -2.890015 1.558701 -0.368822
25.294938 -7.706519 -1.347401 -58.517351 -2.892871 1.551723 -0.370608
25.287004 -7.705279 -1.353122 -58.498822 -2.895803 1.544801 -0.372730
25.279566 -7.703868 -1.358785 -58.480782 -2.898799 1.538112 -0.374898
25.272711 -7.702292 -1.364378 -58.463362 -2.901863 1.531632 -0.377167
25.266456 -7.700551 -1.369897 -58.446592 -2.905003 1.525338 -0.379562
25.260801 -7.698642 -1.375346 -58.430473 -2.908226 1.519211 -0.382101
25.255743 -7.696563 -1.380730 -58.414999 -2.911539 1.513233 -0.384800
25.251293 -7.694314 -1.386044 -58.400191 -2.914951 1.507382 -0.387682
25.247521 -7.691902 -1.391277 -58.386145 -2.918469 1.501637 -0.390791
25.244701 -7.689393 -1.396405 -58.373354 -2.922074 1.496184 -0.393826
25.242904 -7.686796 -1.401415 -58.361918 -2.925772 1.491002 -0.396831
25.242146 -7.684116 -1.406299 -58.351864 -2.929574 1.486073 -0.399829
25.242427 -7.681354 -1.411056 -58.343197 -2.933488 1.481378 -0.402834
25.243752 -7.678515 -1.415685 -58.335923 -2.937522 1.476902 -0.405862
25.246142 -7.675609 -1.420186 -58.330077 -2.941688 1.472632 -0.408935
25.249701 -7.672686 -1.424602 -58.325880 -2.945835 1.468586 -0.411831
25.254454 -7.669759 -1.428934 -58.323372 -2.949973 1.464752 -0.414570
25.260410 -7.666835 -1.433177 -58.322566 -2.954113 1.461115 -0.417163
25.267571 -7.663922 -1.437332 -58.323468 -2.958265 1.457663 -0.419620
25.275940 -7.661030 -1.441400 -58.326083 -2.962438 1.454387 -0.421946
25.285511 -7.658170 -1.445387 -58.330406 -2.966643 1.451276 -0.424143
25.296258 -7.655355 -1.449305 -58.336405 -2.970891 1.448327 -0.426203
25.308062 -7.652605 -1.453205 -58.343954 -2.975066 1.445550 -0.428080
25.320900 -7.649934 -1.457098 -58.353026 -2.979180 1.442942 -0.429764
25.334773 -7.647353 -1.460990 -58.363629 -2.983241 1.440494 -0.431255
25.349692 -7.644875 -1.464882 -58.375781 -2.987261 1.438200 -0.432553
25.365666 -7.642509 -1.468775 -58.389500 -2.991249 1.436051 -0.433657
25.382686 -7.640263 -1.472675 -58.404780 -2.995215 1.434041 -0.434557
25.400690 -7.638137 -1.476592 -58.421550 -2.999169 1.432167 -0.435222
25.419420 -7.636093 -1.480516 -58.439446 -3.003008 1.430445 -0.435775
25.438812 -7.634129 -1.484458 -58.458397 -3.006742 1.428871 -0.436184
25.458859 -7.632251 -1.488426 -58.478403 -3.010381 1.427443 -0.436434
25.479561 -7.630461 -1.492426 -58.499475 -3.013932 1.426156 -0.436514
25.500898 -7.628761 -1.496472 -58.521594 -3.017406 1.425008 -0.436402
25.522769 -7.627141 -1.500587 -58.544637 -3.020811 1.424002 -0.436046
25.544786 -7.625535 -1.504796 -58.568036 -3.024107 1.423110 -0.435656
25.566852 -7.623933 -1.509123 -58.591672 -3.027303 1.422337 -0.435179
25.588952 -7.622335 -1.513582 -58.615536 -3.030405 1.421681 -0.434594
25.611099 -7.620746 -1.518182 -58.639657 -3.033423 1.421141 -0.433890
25.633311 -7.619173 -1.522933 -58.664071 -3.036364 1.420715 -0.433057
25.655587 -7.617623 -1.527849 -58.688792 -3.039235 1.420403 -0.432080
25.677866 -7.616097 -1.532953 -58.713752 -3.042044 1.420211 -0.430916
25.699840 -7.614561 -1.538293 -58.738508 -3.044749 1.420050 -0.429782
25.721448 -7.613017 -1.543893 -58.762992 -3.047357 1.419925 -0.428636
25.742694 -7.611471 -1.549770 -58.787220 -3.049876 1.419837 -0.427462
25.763600 -7.609934 -1.555937 -58.811230 -3.052310 1.419786 -0.426249
25.784187 -7.608411 -1.562406 -58.835060 -3.054667 1.419772 -0.424989
25.804462 -7.606909 -1.569193 -58.858722 -3.056952 1.419796 -0.423663
25.824370 -7.605426 -1.576324 -58.882154 -3.059171 1.419859 -0.422233
25.843642 -7.603925 -1.583849 -58.904959 -3.061292 1.419864 -0.420878
25.862222 -7.602405 -1.591793 -58.927071 -3.063320 1.419813 -0.419558
25.880111 -7.600870 -1.600179 -58.948495 -3.065260 1.419708 -0.418256
25.897326 -7.599327 -1.609022 -58.969255 -3.067116 1.419546 -0.416958
25.913876 -7.597778 -1.618338 -58.989365 -3.068894 1.419326 -0.415651
25.929740 -7.596217 -1.628135 -59.008796 -3.070595 1.419041 -0.414308
25.944766 -7.594604 -1.638402 -59.027324 -3.072190 1.418632 -0.413039
25.958933 -7.592933 -1.649149 -59.044919 -3.073681 1.418091 -0.411817
25.972250 -7.591212 -1.660395 -59.061596 -3.075070 1.417416 -0.410632
25.984739 -7.589453 -1.672160 -59.077386 -3.076363 1.416602 -0.409477
25.996425 -7.587670 -1.684466 -59.092325 -3.077561 1.415645 -0.408349
26.007333 -7.585875 -1.697328 -59.106450 -3.078667 1.414538 -0.407246
26.017479 -7.584073 -1.710743 -59.119789 -3.079682 1.413265 -0.406162
26.026821 -7.582207 -1.724578 -59.132300 -3.080621 1.411855 -0.405123
26.035372 -7.580283 -1.738830 -59.144006 -3.081484 1.410291 -0.404124
26.043154 -7.578319 -1.753520 -59.154944 -3.082272 1.408564 -0.403164
26.050186 -7.576336 -1.768673 -59.165146 -3.082987 1.406667 -0.402244
26.056487 -7.574357 -1.784313 -59.174645 -3.083632 1.404591 -0.401365
26.062078 -7.572400 -1.800457 -59.183477 -3.084206 1.402323 -0.400527
26.066977 -7.570468 -1.817085 -59.191677 -3.084709 1.399838 -0.399732
26.071187 -7.568488 -1.833958 -59.199290 -3.085140 1.397355 -0.398932
26.074724 -7.566465 -1.851059 -59.206349 -3.085499 1.394848 -0.398129
26.077602 -7.564420 -1.868406 -59.212879 -3.085786 1.392301 -0.397324
26.079830 -7.562375 -1.886024 -59.218902 -3.085999 1.389704 -0.396516
26.081415 -7.560352 -1.903937 -59.224432 -3.086141 1.387043 -0.395705
26.082364 -7.558356 -1.922135 -59.229474 -3.086207 1.384293 -0.394886
26.082656 -7.556321 -1.940430 -59.234003 -3.086203 1.381606 -0.394069
26.082296 -7.554251 -1.958814 -59.238022 -3.086125 1.378957 -0.393249
26.081289 -7.552168 -1.977313 -59.241539 -3.085972 1.376333 -0.392426
26.079639 -7.550098 -1.995959 -59.244565 -3.085745 1.373725 -0.391597
26.077354 -7.548070 -2.014784 -59.247111 -3.085442 1.371120 -0.390765
26.074446 -7.546109 -2.033815 -59.249197 -3.085062 1.368507 -0.389930
26.070934 -7.544228 -2.053045 -59.250847 -3.084602 1.365860 -0.389097
26.066832 -7.542364 -2.072261 -59.252090 -3.084055 1.363317 -0.388251
26.062158 -7.540531 -2.091459 -59.252950 -3.083417 1.360853 -0.387397
26.056922 -7.538753 -2.110665 -59.253441 -3.082687 1.358456 -0.386536
26.051126 -7.537058 -2.129917 -59.253569 -3.081862 1.356116 -0.385669
26.044770 -7.535472 -2.149250 -59.253341 -3.080940 1.353825 -0.384797
26.037856 -7.534019 -2.168698 -59.252760 -3.079919 1.351571 -0.383920
26.030387 -7.532706 -2.188265 -59.251829 -3.078793 1.349334 -0.383039
26.022352 -7.531465 -2.207757 -59.250539 -3.077618 1.347242 -0.382111
26.013752 -7.530303 -2.227182 -59.248894 -3.076387 1.345273 -0.381138
26.004586 -7.529244 -2.246571 -59.246902 -3.075097 1.343418 -0.380121
25.994855 -7.528313 -2.265966 -59.244579 -3.073746 1.341670 -0.379066
25.984563 -7.527537 -2.285400 -59.241952 -3.072330 1.340020 -0.377982
25.973728 -7.526927 -2.304873 -59.239073 -3.070843 1.338445 -0.376885
25.962376 -7.526414 -2.324164 -59.236052 -3.069335 1.337054 -0.375633
25.950522 -7.526009 -2.343273 -59.232939 -3.067802 1.335825 -0.374243
25.938171 -7.525737 -2.362234 -59.229759 -3.066238 1.334750 -0.372723
25.925318 -7.525623 -2.381089 -59.226528 -3.064641 1.333825 -0.371076
25.911959 -7.525692 -2.399881 -59.223251 -3.063006 1.333048 -0.369304
25.898090 -7.525966 -2.418645 -59.219939 -3.061330 1.332412 -0.367410
25.883721 -7.526458 -2.437396 -59.216610 -3.059607 1.331904 -0.365398
25.868866 -7.527120 -2.455992 -59.213315 -3.057858 1.331604 -0.363183
25.853534 -7.527964 -2.474446 -59.210068 -3.056075 1.331501 -0.360768
25.837720 -7.529009 -2.492796 -59.206868 -3.054256 1.331590 -0.358151
25.821414 -7.530274 -2.511086 -59.203705 -3.052394 1.331872 -0.355325
25.804605 -7.531777 -2.529361 -59.200563 -3.050487 1.332347 -0.352285
25.787281 -7.533532 -2.547666 -59.197419 -3.048530 1.333016 -0.349018
25.769429 -7.535549 -2.566035 -59.194237 -3.046517 1.333877 -0.345513
25.751025 -7.537793 -2.584415 -59.190897 -3.044621 1.334961 -0.341945
25.732054 -7.540270 -2.602844 -59.187359 -3.042839 1.336265 -0.338300
25.712505 -7.542996 -2.621369 -59.183592 -3.041165 1.337795 -0.334565
25.692364 -7.545985 -2.640040 -59.179567 -3.039595 1.339555 -0.330727
25.671619 -7.549254 -2.658911 -59.175252 -3.038127 1.341552 -0.326772
25.650256 -7.552820 -2.678033 -59.170606 -3.036757 1.343791 -0.322684
25.628238 -7.556663 -2.697376 -59.165484 -3.035636 1.346331 -0.318643
25.605552 -7.560799 -2.716995 -59.159842 -3.034762 1.349178 -0.314634
25.582188 -7.565245 -2.736944 -59.153645 -3.034133 1.352342 -0.310643
25.558139 -7.570020 -2.757279 -59.146863 -3.033749 1.355833 -0.306658
25.533409 -7.575142 -2.778053 -59.139474 -3.033607 1.359659 -0.302669
25.508023 -7.580626 -2.799305 -59.131479 -3.033707 1.363826 -0.298676
25.482063 -7.586475 -2.821023 -59.122942 -3.034046 1.368317 -0.294695
25.455764 -7.592627 -2.843044 -59.114053 -3.034635 1.372900 -0.290899
25.429208 -7.599085 -2.865358 -59.104873 -3.035470 1.377559 -0.287304
25.402422 -7.605869 -2.888008 -59.095402 -3.036553 1.382301 -0.283912
25.375413 -7.613002 -2.911051 -59.085619 -3.037888 1.387139 -0.280718
25.348191 -7.620508 -2.934547 -59.075506 -3.039478 1.392084 -0.277717
25.320784 -7.628408 -2.958537 -59.065071 -3.041325 1.397142 -0.274914
25.293277 -7.636707 -2.982998 -59.054387 -3.043429 1.402292 -0.272334
25.265903 -7.645300 -3.007595 -59.043724 -3.045749 1.407547 -0.269888
25.238744 -7.654192 -3.032306 -59.033159 -3.048286 1.412886 -0.267604
25.211829 -7.663410 -3.057174 -59.022705 -3.051044 1.418317 -0.265489
25.185167 -7.672983 -3.082257 -59.012359 -3.054031 1.423849 -0.263546
25.158774 -7.682937 -3.107598 -59.002127 -3.057252 1.429491 -0.261783
25.132709 -7.693272 -3.133173 -58.992065 -3.060711 1.435220 -0.260219
25.107152 -7.703869 -3.158631 -58.982390 -3.064383 1.441064 -0.258752
25.082156 -7.714730 -3.183947 -58.973157 -3.068273 1.447001 -0.257403
25.057724 -7.725880 -3.209164 -58.964366 -3.072388 1.453040 -0.256175
25.033842 -7.737349 -3.234343 -58.955997 -3.076739 1.459194 -0.255068
25.010487 -7.749164 -3.259543 -58.948017 -3.081337 1.465477 -0.254077
24.987635 -7.761345 -3.284812 -58.940392 -3.086191 1.471899 -0.253196
24.965277 -7.773885 -3.310139 -58.933083 -3.091309 1.478445 -0.252419
24.943439 -7.786651 -3.335223 -58.926038 -3.096686 1.485157 -0.251770
24.922110 -7.799635 -3.360052 -58.919218 -3.102329 1.492021 -0.251242
24.901262 -7.812857 -3.384674 -58.912589 -3.108252 1.499047 -0.250831
24.880866 -7.826340 -3.409147 -58.906118 -3.114469 1.506254 -0.250531
24.860890 -7.840107 -3.433533 -58.899770 -3.120995 1.513657 -0.250337
24.841307 -7.854174 -3.457876 -58.893513 -3.127845 1.521268 -0.250243
24.822103 -7.868525 -3.482164 -58.887317 -3.135031 1.529077 -0.250247
24.803326 -7.883032 -3.506168 -58.881187 -3.142357 1.536967 -0.250260
24.784963 -7.897680 -3.529874 -58.875094 -3.149837 1.544927 -0.250276
24.766989 -7.912480 -3.553327 -58.869010 -3.157487 1.552971 -0.250295
24.749374 -7.927450 -3.576585 -58.862910 -3.165326 1.561118 -0.250312
24.732095 -7.942605 -3.599692 -58.856772 -3.173373 1.569381 -0.250327
24.715148 -7.957932 -3.622640 -58.850587 -3.181642 1.577754 -0.250341
24.698600 -7.973316 -3.645208 -58.844405 -3.189906 1.586142 -0.250234
24.682446 -7.988745 -3.667385 -58.838219 -3.198179 1.594537 -0.250007
24.666665 -8.004234 -3.689215 -58.832013 -3.206480 1.602956 -0.249660
24.651227 -8.019801 -3.710758 -58.825770 -3.214832 1.611419 -0.249191
24.636103 -8.035468 -3.732069 -58.819475 -3.223254 1.619949 -0.248600
24.621270 -8.051250 -3.753194 -58.813117 -3.231766 1.628561 -0.247887
24.606724 -8.067139 -3.774128 -58.806699 -3.240385 1.637253 -0.247056
24.592525 -8.083040 -3.794693 -58.800279 -3.248830 1.645900 -0.246015
24.578668 -8.098944 -3.814883 -58.793860 -3.257117 1.654499 -0.244766
24.565131 -8.114869 -3.834741 -58.787434 -3.265266 1.663067 -0.243309
24.551886 -8.130833 -3.854317 -58.780988 -3.273297 1.671626 -0.241642
24.538905 -8.146860 -3.873665 -58.774511 -3.281229 1.680197 -0.239761
24.526165 -8.162964 -3.892824 -58.767993 -3.289083 1.688796 -0.237664
24.513656 -8.179138 -3.911784 -58.761434 -3.296872 1.697423 -0.235349
24.501428 -8.195287 -3.930354 -58.754868 -3.304375 1.706010 -0.232777
24.489474 -8.211403 -3.948521 -58.748295 -3.311604 1.714556 -0.229946
24.477770 -8.227499 -3.966324 -58.741707 -3.318576 1.723078 -0.226850
24.466289 -8.243593 -3.983809 -58.735096 -3.325310 1.731596 -0.223485
24.455006 -8.259696 -4.001013 -58.728452 -3.331821 1.740128 -0.219844
24.443910 -8.275801 -4.017939 -58.721778 -3.338121 1.748677 -0.215923
24.433039 -8.291829 -4.034444 -58.715095 -3.344012 1.757179 -0.211716
24.422381 -8.307769 -4.050528 -58.708406 -3.349505 1.765636 -0.207220
24.411911 -8.323633 -4.066228 -58.701704 -3.354613 1.774066 -0.202425
24.401600 -8.339432 -4.081591 -58.694982 -3.359348 1.782493 -0.197322
24.391420 -8.355180 -4.096662 -58.688232 -3.363722 1.790937 -0.191900
24.381347 -8.370886 -4.111478 -58.681454 -3.367745 1.799418 -0.186150
24.371372 -8.386542 -4.126041 -58.674656 -3.371425 1.807942 -0.180066
24.361545 -8.402083 -4.140259 -58.667850 -3.374648 1.816351 -0.173796
24.351856 -8.417500 -4.154132 -58.661045 -3.377418 1.824649 -0.167332
24.342283 -8.432801 -4.167696 -58.654240 -3.379741 1.832857 -0.160662
24.332798 -8.447996 -4.180992 -58.647429 -3.381625 1.840996 -0.153773
24.323374 -8.463094 -4.194062 -58.640604 -3.383072 1.849087 -0.146649
24.313986 -8.478102 -4.206940 -58.633759 -3.384087 1.857150 -0.139275
24.304621 -8.493012 -4.219633 -58.626894 -3.384670 1.865193 -0.131638
24.295297 -8.507754 -4.232036 -58.619963 -3.384936 1.873091 -0.123916
24.286000 -8.522317 -4.244154 -58.612966 -3.384884 1.880851 -0.116094
24.276707 -8.536704 -4.256020 -58.605902 -3.384513 1.888492 -0.108158
24.267395 -8.550920 -4.267673 -58.598773 -3.383823 1.896034 -0.100092
24.258046 -8.564968 -4.279143 -58.591593 -3.382810 1.903495 -0.091884
24.248665 -8.578839 -4.290434 -58.584403 -3.381471 1.910881 -0.083532
24.239318 -8.592475 -4.301444 -58.577264 -3.379991 1.918079 -0.075223
24.230008 -8.605866 -4.312175 -58.570217 -3.378365 1.925093 -0.066955
24.220715 -8.619007 -4.322657 -58.563279 -3.376589 1.931941 -0.058714
24.211412 -8.631896 -4.332929 -58.556456 -3.374657 1.938642 -0.050487
24.202066 -8.644527 -4.343028 -58.549749 -3.372565 1.945215 -0.042258
24.192652 -8.656893 -4.352987 -58.543168 -3.370307 1.951677 -0.034012
24.183158 -8.668975 -4.362819 -58.536735 -3.367876 1.958038 -0.025740
24.173626 -8.680721 -4.372474 -58.530483 -3.365458 1.964177 -0.017608
24.164044 -8.692110 -4.381965 -58.524436 -3.363045 1.970103 -0.009609
24.154382 -8.703130 -4.391324 -58.518603 -3.360630 1.975831 -0.001728
24.144607 -8.713768 -4.400586 -58.512987 -3.358207 1.981378 0.006050
24.134684 -8.724010 -4.409789 -58.507593 -3.355770 1.986761 0.013741
24.124581 -8.733840 -4.418964 -58.502428 -3.353314 1.991994 0.021358
24.114283 -8.743233 -4.428126 -58.497519 -3.350831 1.997084 0.028908
24.103826 -8.752134 -4.437227 -58.492909 -3.348460 2.001948 0.036274
24.093194 -8.760517 -4.446282 -58.488626 -3.346195 2.006593 0.043463
24.082359 -8.768361 -4.455321 -58.484682 -3.344029 2.011031 0.050486
24.071288 -8.775648 -4.464379 -58.481085 -3.341958 2.015275 0.057357
24.059954 -8.782357 -4.473485 -58.477851 -3.339976 2.019336 0.064085
24.048347 -8.788460 -4.482651 -58.475009 -3.338076 2.023217 0.070678
24.036504 -8.793892 -4.491799 -58.472623 -3.336344 2.026897 0.077070
24.024414 -8.798623 -4.500938 -58.470724 -3.334773 2.030378 0.083268
24.012053 -8.802629 -4.510098 -58.469327 -3.333361 2.033669 0.089281
23.999389 -8.805886 -4.519313 -58.468443 -3.332102 2.036780 0.095121
23.986393 -8.808372 -4.528617 -58.468083 -3.330995 2.039721 0.100799
23.973035 -8.810061 -4.538041 -58.468259 -3.330037 2.042500 0.106325
23.959295 -8.810918 -4.547599 -58.468987 -3.329223 2.045120 0.111710
23.945166 -8.810872 -4.557208 -58.470274 -3.328604 2.047617 0.116917
23.930630 -8.809889 -4.566881 -58.472137 -3.328179 2.049991 0.121955
23.915667 -8.807945 -4.576646 -58.474588 -3.327945 2.052250 0.126834
23.900256 -8.805016 -4.586534 -58.477637 -3.327902 2.054398 0.131566
23.884380 -8.801084 -4.596574 -58.481293 -3.328051 2.056444 0.136162
23.868028 -8.796126 -4.606790 -58.485566 -3.328391 2.058390 0.140632
23.851197 -8.790116 -4.617189 -58.490465 -3.328923 2.060234 0.144987
23.833906 -8.782992 -4.627680 -58.495961 -3.329524 2.062031 0.149078
23.816163 -8.774736 -4.638265 -58.502063 -3.330194 2.063777 0.152916
23.797980 -8.765342 -4.648963 -58.508783 -3.330937 2.065473 0.156510
23.779377 -8.754814 -4.659789 -58.516133 -3.331752 2.067121 0.159868
23.760384 -8.743161 -4.670754 -58.524134 -3.332643 2.068720 0.162997
23.741058 -8.730399 -4.681848 -58.532826 -3.333610 2.070264 0.165897
23.721507 -8.716519 -4.692959 -58.542269 -3.334569 2.071809 0.168465
23.701807 -8.701557 -4.704066 -58.552503 -3.335521 2.073346 0.170702
23.682031 -8.685567 -4.715165 -58.563548 -3.336469 2.074871 0.172611
23.662262 -8.668620 -4.726245 -58.575421 -3.337414 2.076379 0.174196
23.642594 -8.650806 -4.737293 -58.588136 -3.338359 2.077866 0.175464
23.623138 -8.632231 -4.748280 -58.601708 -3.339307 2.079323 0.176417
23.604028 -8.613022 -4.759155 -58.616158 -3.340259 2.080733 0.177059
23.585430 -8.593296 -4.769769 -58.631456 -3.341171 2.082111 0.177190
23.567513 -8.573237 -4.780049 -58.647630 -3.342043 2.083436 0.176810
23.550462 -8.553072 -4.789923 -58.664710 -3.342878 2.084689 0.175915
23.534477 -8.533070 -4.799311 -58.682727 -3.343678 2.085852 0.174500
23.519776 -8.513543 -4.808113 -58.701710 -3.344446 2.086902 0.172561
23.506585 -8.494854 -4.816211 -58.721675 -3.345182 2.087811 0.170097
23.495127 -8.477416 -4.823462 -58.742601 -3.345889 2.088549 0.167117
23.485593 -8.461688 -4.829670 -58.764332 -3.346504 2.089151 0.163526
23.478154 -8.448197 -4.834629 -58.786685 -3.347024 2.089574 0.159383
23.472889 -8.437538 -4.838113 -58.809264 -3.347449 2.089773 0.154815
23.469640 -8.430374 -4.839947 -58.831176 -3.347781 2.089732 0.150101
23.467531 -8.427409 -4.840121 -58.850178 -3.348038 2.089495 0.145918
23.462708 -8.428600 -4.838014 -58.858896 -3.348035 2.088884 0.143982
23.458328 -8.435609 -4.834961 -58.859673 -3.347986 2.088131 0.143775
