-0.000000 -0.000000 0.000000 -0.000000 0.000000 0.000000 -0.000000
-0.004217 0.034730 -0.485386 0.188053 0.821977 0.245171 -0.112320
0.006936 0.076132 -0.972389 0.414335 1.645120 0.485006 -0.205101
0.025432 0.122314 -1.462627 0.650103 2.468676 0.716259 -0.290295
0.042881 0.172294 -1.956085 0.887648 3.293833 0.940801 -0.372054
0.053555 0.225240 -2.452876 1.126325 4.121837 1.160150 -0.451656
0.054363 0.280365 -2.953276 1.367732 4.953871 1.375466 -0.529385
0.044097 0.336896 -3.457685 1.614066 5.791049 1.587658 -0.605195
0.022667 0.394066 -3.966574 1.867559 6.634440 1.797481 -0.678954
-0.009511 0.451119 -4.480440 2.130211 7.485087 2.005609 -0.750564
-0.051957 0.507326 -4.999780 2.403428 8.344026 2.212705 -0.820101
-0.104301 0.562036 -5.525087 2.687124 9.212277 2.419470 -0.888143
-0.163208 0.614564 -6.049684 2.979837 10.079365 2.623976 -0.953265
-0.224333 0.664226 -6.574446 3.283323 10.946136 2.826391 -1.015235
-0.284644 0.710405 -7.100141 3.598503 11.813480 3.027003 -1.074103
-0.341958 0.752528 -7.627462 3.926059 12.682311 3.226146 -1.129986
-0.394640 0.790056 -8.157061 4.266610 13.553567 3.424170 -1.183009
-0.441424 0.822480 -8.689555 4.620753 14.428196 3.621430 -1.233289
-0.481329 0.849311 -9.225544 4.989058 15.307158 3.818287 -1.280937
-0.513632 0.870089 -9.765596 5.372007 16.191426 4.015116 -1.326082
-0.537858 0.884400 -10.310218 5.769785 17.081990 4.212387 -1.368917
-0.553224 0.891864 -10.860024 6.182152 17.979815 4.410455 -1.409789
-0.557767 0.892375 -11.408388 6.606654 18.874437 4.606951 -1.447489
-0.550725 0.885675 -11.955975 7.043088 19.766814 4.802153 -1.482362
-0.531756 0.871488 -12.503406 7.491651 20.657916 4.996329 -1.514599
-0.500720 0.849537 -13.051286 7.952683 21.548716 5.189736 -1.544336
-0.457579 0.819542 -13.600209 8.426581 22.440189 5.382629 -1.571687
-0.402345 0.781220 -14.150764 8.913760 23.333314 5.575259 -1.596759
-0.335048 0.734286 -14.703537 9.414634 24.229073 5.767878 -1.619662
-0.255694 0.678456 -15.259113 9.929565 25.128451 5.960743 -1.640524
-0.164194 0.613454 -15.818077 10.458750 26.032444 6.154136 -1.659535
-0.060192 0.539059 -16.380997 11.001902 26.942060 6.348436 -1.677030
0.057531 0.455671 -16.941245 11.556123 27.846954 6.541169 -1.692001
0.189857 0.363247 -17.499534 12.120325 28.748159 6.732787 -1.705177
0.338438 0.262113 -18.056164 12.690701 29.646645 6.923467 -1.716142
0.505107 0.152691 -18.611538 13.262401 30.543298 7.112760 -1.723461
0.690011 0.034958 -19.166175 13.835234 31.439183 7.301369 -1.728116
0.893079 -0.091145 -19.720578 14.409211 32.335308 7.489615 -1.730279
1.114044 -0.225663 -20.275178 14.984342 33.232685 7.677828 -1.730058
1.352476 -0.368531 -20.830071 15.560531 34.132332 7.866537 -1.727665
1.608503 -0.519969 -21.386319 16.137956 35.035214 8.055632 -1.722998
1.881970 -0.680084 -21.944488 16.716665 35.942318 8.245311 -1.716037
2.172310 -0.848256 -22.498192 17.296200 36.843544 8.433390 -1.706707
2.478996 -1.024466 -23.047972 17.876590 37.739895 8.620113 -1.695038
2.801429 -1.208695 -23.594436 18.457855 38.632367 8.805692 -1.681134
3.138946 -1.400917 -24.138200 19.040013 39.521955 8.990337 -1.665103
3.490825 -1.601095 -24.679901 19.623083 40.409652 9.174249 -1.647053
3.856297 -1.809185 -25.220200 20.207087 41.296448 9.357624 -1.627097
4.234576 -2.025139 -25.759805 20.792046 42.183333 9.540646 -1.605364
4.624925 -2.248912 -26.299485 21.377973 43.071306 9.723506 -1.582043
5.026838 -2.480434 -26.839963 21.964810 43.961421 9.906621 -1.557528
5.439971 -2.719629 -27.381492 22.552629 44.854639 10.090147 -1.531508
5.863792 -2.965561 -27.917805 23.140939 45.741115 10.271905 -1.503969
6.298165 -3.218104 -28.449151 23.729719 46.621857 10.452259 -1.474887
6.742938 -3.477156 -28.975998 24.318936 47.497866 10.631495 -1.444393
7.197887 -3.742608 -29.498865 24.908558 48.370137 10.809883 -1.412639
7.662708 -4.014341 -30.018300 25.498554 49.239662 10.987687 -1.379780
8.137022 -4.292223 -30.534874 26.088896 50.107431 11.165164 -1.345970
8.620377 -4.576108 -31.049165 26.679557 50.974434 11.342569 -1.311356
9.112240 -4.865834 -31.561748 27.270513 51.841661 11.520156 -1.276071
9.611984 -5.161203 -32.073004 27.861721 52.710080 11.698177 -1.240162
10.118928 -5.462010 -32.583437 28.453217 53.580706 11.876970 -1.203575
10.631729 -5.767029 -33.087779 29.044531 54.444034 12.054262 -1.166643
11.149553 -6.075963 -33.586474 29.635678 55.301050 12.230346 -1.129299
11.671626 -6.388580 -34.080225 30.226660 56.152733 12.405440 -1.091651
12.197209 -6.704664 -34.569761 30.817483 57.000059 12.579755 -1.053815
12.725604 -7.024012 -35.055810 31.408154 57.843996 12.753502 -1.015903
13.256148 -7.346428 -35.539098 31.998679 58.685510 12.926890 -0.978023
13.788223 -7.671725 -36.020346 32.589070 59.525563 13.100131 -0.940272
14.321249 -7.999728 -36.500265 33.179337 60.365115 13.273440 -0.902739
14.854672 -8.330250 -36.979492 33.769496 61.205128 13.447046 -0.865466
15.387895 -8.663001 -37.458219 34.359578 62.046548 13.621254 -0.828225
15.919621 -8.996721 -37.931792 34.949138 62.880267 13.793834 -0.791500
16.449262 -9.331105 -38.400465 35.538203 63.707225 13.965089 -0.755102
16.976349 -9.665966 -38.864887 36.126792 64.528370 14.135243 -0.719071
17.500475 -10.001151 -39.325766 36.714925 65.344638 14.304503 -0.683475
18.021281 -10.336526 -39.783812 37.302623 66.156963 14.473074 -0.648383
18.538450 -10.671971 -40.239734 37.889912 66.966271 14.641159 -0.613856
19.051708 -11.007381 -40.694225 38.476814 67.773485 14.808962 -0.579952
19.560816 -11.342658 -41.147952 39.063355 68.579526 14.976693 -0.546712
20.065547 -11.677685 -41.601457 39.649562 69.385310 15.144579 -0.514116
20.565585 -12.012213 -42.054743 40.235476 70.191719 15.312895 -0.481849
21.059835 -12.345112 -42.503875 40.820685 70.990119 15.479505 -0.450574
21.547983 -12.676138 -42.948914 41.405224 71.781389 15.644686 -0.420015
22.029861 -13.005200 -43.390401 41.989122 72.566427 15.808664 -0.390157
22.505367 -13.332248 -43.828967 42.572406 73.346125 15.971649 -0.361026
22.974437 -13.657257 -44.265245 43.155104 74.121371 16.133842 -0.332653
23.437044 -13.980213 -44.699843 43.737246 74.893043 16.295453 -0.305059
23.893187 -14.301104 -45.133310 44.318855 75.662014 16.456697 -0.278246
24.342861 -14.619895 -45.566049 44.899945 76.429137 16.617789 -0.252168
24.786086 -14.936564 -45.998468 45.480545 77.195265 16.778924 -0.226759
25.222795 -15.251012 -46.430650 46.060732 77.961233 16.940316 -0.201720
25.652042 -15.562330 -46.859357 46.640135 78.718948 17.099978 -0.177856
26.073684 -15.870371 -47.284491 47.218799 79.469216 17.258145 -0.154842
26.487748 -16.175152 -47.706479 47.796759 80.212879 17.415028 -0.132617
26.894330 -16.476741 -48.125865 48.374053 80.950776 17.570825 -0.111176
27.293560 -16.775233 -48.543218 48.950719 81.683739 17.725722 -0.090526
27.685597 -17.070734 -48.959099 49.526797 82.412595 17.879906 -0.070672
28.070618 -17.363358 -49.374044 50.102326 83.138163 18.033564 -0.051610
28.448803 -17.653209 -49.788526 50.677344 83.861256 18.186890 -0.033312
28.820294 -17.940349 -50.202826 51.251887 84.582675 18.340086 -0.015672
29.185060 -18.224676 -50.616639 51.825998 85.303154 18.493338 0.001690
29.542281 -18.505491 -51.027323 52.399339 86.015191 18.644860 0.017882
29.891901 -18.782711 -51.434621 52.971944 86.719517 18.794860 0.033254
30.234046 -19.056414 -51.838789 53.543837 87.416914 18.943577 0.047905
30.568913 -19.326701 -52.240187 54.115004 88.108176 19.091345 0.061873
30.896785 -19.593585 -52.639138 54.685267 88.794132 19.238958 0.075123
31.218457 -19.856710 -53.036393 55.252848 89.475457 19.385638 0.087723
31.534522 -20.115815 -53.432518 55.816295 90.152865 19.531068 0.099718
31.845375 -20.370790 -53.827874 56.374966 90.827133 19.675671 0.111123
32.151268 -20.621551 -54.222601 56.928481 91.499013 19.819806 0.122052
32.452258 -20.867862 -54.616308 57.476469 92.169185 19.963801 0.132856
32.747782 -21.108961 -55.007062 58.017783 92.830735 20.105495 0.142596
33.037818 -21.344701 -55.394556 58.552240 93.484340 20.245182 0.151592
33.322465 -21.575173 -55.778971 59.079890 94.130718 20.383124 0.159951
33.601864 -21.800578 -56.160655 59.600921 94.770593 20.519552 0.167715
33.876170 -22.021165 -56.540004 60.115593 95.404680 20.654683 0.174907
34.145548 -22.237194 -56.917417 60.624185 96.033687 20.788723 0.181549
34.410172 -22.448915 -57.293262 61.126958 96.658316 20.921881 0.187675
34.670211 -22.656533 -57.667823 61.624108 97.279255 21.054368 0.193349
34.925792 -22.860153 -58.041194 62.115720 97.897171 21.186404 0.198708
35.176887 -23.059678 -58.412998 62.601705 98.512666 21.318192 0.204084
35.422929 -23.254586 -58.781742 63.081259 99.119517 21.447850 0.208481
35.663870 -23.444796 -59.147102 63.554295 99.718323 21.575591 0.212205
35.899815 -23.630422 -59.509190 64.020886 100.309728 21.701631 0.215380
36.130924 -23.811670 -59.868279 64.481208 100.894385 21.826170 0.218067
36.357378 -23.988783 -60.224697 64.935487 101.472938 21.949399 0.220303
36.579371 -24.162010 -60.578774 65.383964 102.046029 22.071503 0.222122
36.797096 -24.331587 -60.930813 65.826860 102.614288 22.192666 0.223570
37.010735 -24.497704 -61.281040 66.264338 103.178331 22.313072 0.224719
37.220413 -24.660461 -61.629501 66.696464 103.738755 22.432901 0.225709
37.426094 -24.819786 -61.975841 67.123161 104.296092 22.552306 0.226843
37.627260 -24.975294 -62.318904 67.543788 104.844828 22.669706 0.227127
37.823858 -25.126925 -62.658369 67.958268 105.385489 22.785260 0.226846
38.015993 -25.274780 -62.994297 68.366655 105.918647 22.899147 0.226128
38.203829 -25.419039 -63.326901 68.769089 106.444881 23.011540 0.225042
38.387556 -25.559914 -63.656447 69.165759 106.964766 23.122605 0.223635
38.567371 -25.697625 -63.983209 69.556861 107.478870 23.232504 0.221947
38.743471 -25.832373 -64.307436 69.942580 107.987752 23.341396 0.220028
38.916031 -25.964321 -64.629307 70.323048 108.491959 23.449435 0.217954
39.085165 -26.093553 -64.948843 70.698320 108.992014 23.556770 0.215857
39.250830 -26.220013 -65.265729 71.068329 109.488384 23.663512 0.214000
39.412564 -26.343420 -65.579074 71.432579 109.976276 23.768360 0.211447
39.570311 -26.463723 -65.888584 71.791001 110.456150 23.871432 0.208450
39.724164 -26.581006 -66.194289 72.143639 110.928503 23.972874 0.205132
39.874280 -26.695415 -66.496354 72.490607 111.393843 24.072828 0.201563
40.020840 -26.807123 -66.794998 72.832058 111.852671 24.171436 0.197792
40.164031 -26.916308 -67.090447 73.168159 112.305486 24.268835 0.193861
40.304036 -27.023135 -67.382904 73.499060 112.752774 24.365159 0.189821
40.441016 -27.127733 -67.672515 73.824874 113.195010 24.460537 0.185742
40.575069 -27.230169 -67.959291 74.145646 113.632648 24.555086 0.181741
40.706152 -27.330396 -68.242967 74.461326 114.066091 24.648886 0.178043
40.833863 -27.428211 -68.522865 74.771539 114.491280 24.740896 0.173803
40.958147 -27.523572 -68.798733 75.076232 114.908609 24.831201 0.169238
41.079085 -27.616538 -69.070586 75.375442 115.318506 24.919914 0.164456
41.196814 -27.707222 -69.338553 75.669264 115.721405 25.007153 0.159525
41.311499 -27.795758 -69.602812 75.957825 116.117736 25.093033 0.154490
41.423307 -27.882282 -69.863550 76.241263 116.507928 25.177669 0.149391
41.532400 -27.966922 -70.120936 76.519706 116.892395 25.261171 0.144275
41.638919 -28.049775 -70.375090 76.793251 117.271543 25.343643 0.139204
41.742945 -28.130889 -70.626023 77.061941 117.645758 25.425177 0.134276
41.844439 -28.210230 -70.873525 77.325741 118.015383 25.505831 0.129672
41.943070 -28.287649 -71.117097 77.584385 118.377100 25.584797 0.124672
42.038786 -28.363111 -71.356536 77.837838 118.731241 25.662136 0.119451
42.131654 -28.436659 -71.591851 78.086131 119.078167 25.737935 0.114102
42.221792 -28.508372 -71.823147 78.329349 119.418243 25.812288 0.108682
42.309337 -28.578347 -72.050570 78.567598 119.751828 25.885288 0.103232
42.394435 -28.646687 -72.274272 78.800996 120.079281 25.957026 0.097787
42.477223 -28.713483 -72.494396 79.029652 120.400949 26.027592 0.092385
42.557817 -28.778807 -72.711042 79.253653 120.717169 26.097067 0.087076
42.636286 -28.842693 -72.924230 79.473043 121.028262 26.165522 0.081940
42.712597 -28.905114 -73.133808 79.687809 121.334515 26.233001 0.077114
42.786497 -28.965970 -73.339430 79.897777 121.633360 26.298908 0.072020
42.857944 -29.025233 -73.540945 80.102930 121.925071 26.363285 0.066793
42.926991 -29.082931 -73.738367 80.303306 122.209944 26.426200 0.061507
42.993734 -29.139118 -73.931784 80.498979 122.488278 26.487723 0.056207
43.058286 -29.193863 -74.121314 80.690041 122.760366 26.547929 0.050926
43.120764 -29.247237 -74.307085 80.876596 123.026498 26.606889 0.045692
43.181278 -29.299306 -74.489213 81.058740 123.286958 26.664671 0.040532
43.239923 -29.350120 -74.667790 81.236553 123.542018 26.721339 0.035486
43.296757 -29.399705 -74.842846 81.410088 123.791938 26.776948 0.030608
43.351763 -29.448047 -75.014292 81.579354 124.036951 26.831531 0.025996
43.404765 -29.495083 -75.181913 81.744259 124.275249 26.884685 0.021229
43.455739 -29.540798 -75.345619 81.904812 124.507053 26.936443 0.016400
43.504728 -29.585209 -75.505433 82.061056 124.732599 26.986854 0.011563
43.551808 -29.628355 -75.661430 82.213064 124.952124 27.035971 0.006750
43.597066 -29.670282 -75.813711 82.360920 125.165859 27.083851 0.001984
43.640592 -29.711041 -75.962378 82.504716 125.374033 27.130546 -0.002716
43.682471 -29.750677 -76.107534 82.644541 125.576867 27.176109 -0.007332
43.722779 -29.789228 -76.249259 82.780478 125.774575 27.220588 -0.011840
43.761566 -29.826718 -76.387602 82.912588 125.967361 27.264024 -0.016206
43.798838 -29.863147 -76.522539 83.040910 126.155413 27.306445 -0.020374
43.834502 -29.898490 -76.653974 83.165428 126.337688 27.347628 -0.024599
43.868558 -29.932745 -76.781880 83.286176 126.514362 27.387600 -0.028827
43.901045 -29.965929 -76.906296 83.403214 126.685617 27.426395 -0.033026
43.932020 -29.998072 -77.027293 83.516615 126.851634 27.464054 -0.037177
43.961548 -30.029207 -77.144953 83.626463 127.012591 27.500617 -0.041268
43.989696 -30.059369 -77.259365 83.732843 127.168659 27.536123 -0.045290
44.016528 -30.088596 -77.370616 83.835846 127.320008 27.570608 -0.049234
44.042103 -30.116919 -77.478787 83.935556 127.466799 27.604109 -0.053091
44.066472 -30.144365 -77.583945 84.032055 127.609188 27.636658 -0.056850
44.089667 -30.170955 -77.686132 84.125412 127.747324 27.668282 -0.060491
44.111689 -30.196699 -77.785370 84.215681 127.880941 27.698926 -0.064101
44.132567 -30.221615 -77.881698 84.302930 128.010177 27.728616 -0.067661
44.152340 -30.245726 -77.975174 84.387235 128.135170 27.757378 -0.071161
44.171056 -30.269056 -78.065868 84.468674 128.256056 27.785243 -0.074596
44.188760 -30.291633 -78.153853 84.547327 128.372964 27.812236 -0.077962
44.205501 -30.313484 -78.239203 84.623277 128.486021 27.838387 -0.081257
44.221323 -30.334635 -78.321989 84.696605 128.595352 27.863721 -0.084480
44.236270 -30.355113 -78.402283 84.767393 128.701075 27.888264 -0.087631
44.250386 -30.374943 -78.480155 84.835720 128.803306 27.912040 -0.090709
44.263709 -30.394148 -78.555673 84.901663 128.902157 27.935073 -0.093714
44.276280 -30.412752 -78.628903 84.965300 128.997735 27.957385 -0.096648
44.288134 -30.430777 -78.699911 85.026705 129.090146 27.979000 -0.099509
44.299308 -30.448245 -78.768758 85.085949 129.179491 27.999937 -0.102300
44.309835 -30.465174 -78.835505 85.143104 129.265867 28.020219 -0.105020
44.319746 -30.481584 -78.900213 85.198237 129.349370 28.039863 -0.107671
44.329074 -30.497494 -78.962939 85.251416 129.430090 28.058891 -0.110253
44.337847 -30.512919 -79.023738 85.302703 129.508116 28.077320 -0.112767
44.346092 -30.527877 -79.082665 85.352161 129.583535 28.095168 -0.115215
44.353837 -30.542382 -79.139774 85.399851 129.656428 28.112453 -0.117597
44.361106 -30.556449 -79.195115 85.445830 129.726876 28.129191 -0.119915
44.367923 -30.570092 -79.248739 85.490155 129.794955 28.145399 -0.122169
44.374312 -30.583325 -79.300694 85.532882 129.860742 28.161092 -0.124361
44.380294 -30.596159 -79.351028 85.574062 129.924307 28.176286 -0.126492
44.385889 -30.608607 -79.399786 85.613746 129.985722 28.190996 -0.128563
44.391118 -30.620680 -79.447013 85.651985 130.045052 28.205235 -0.130576
44.395997 -30.632388 -79.492753 85.688826 130.102364 28.219018 -0.132531
44.400546 -30.643742 -79.537046 85.724315 130.157721 28.232357 -0.134429
44.404781 -30.654751 -79.579935 85.758497 130.211184 28.245266 -0.136273
44.408718 -30.665426 -79.621458 85.791415 130.262810 28.257757 -0.138063
44.412371 -30.675773 -79.661655 85.823110 130.312658 28.269842 -0.139800
44.415754 -30.685803 -79.700562 85.853623 130.360781 28.281533 -0.141486
44.418882 -30.695523 -79.738216 85.882993 130.407234 28.292841 -0.143122
44.421767 -30.704940 -79.774651 85.911257 130.452066 28.303778 -0.144709
44.424421 -30.714062 -79.809903 85.938451 130.495328 28.314352 -0.146249
44.426854 -30.722896 -79.844004 85.964611 130.537067 28.324576 -0.147742
44.429079 -30.731448 -79.876986 85.989770 130.577329 28.334458 -0.149190
44.431104 -30.739726 -79.908880 86.013960 130.616158 28.344009 -0.150593
44.432940 -30.747734 -79.939716 86.037212 130.653597 28.353237 -0.151954
44.434596 -30.755479 -79.969525 86.059558 130.689688 28.362151 -0.153273
44.436079 -30.762967 -79.998333 86.081025 130.724471 28.370760 -0.154552
44.437398 -30.770202 -80.026168 86.101643 130.757983 28.379072 -0.155791
44.438560 -30.777190 -80.053057 86.121437 130.790261 28.387096 -0.156991
44.439572 -30.783935 -80.079025 86.140435 130.821342 28.394839 -0.158154
44.440441 -30.790443 -80.104098 86.158660 130.851259 28.402308 -0.159281
44.441173 -30.796718 -80.128299 86.176137 130.880045 28.409510 -0.160373
44.441774 -30.802764 -80.151651 86.192889 130.907733 28.416453 -0.161431
44.442249 -30.808584 -80.174177 86.208938 130.934352 28.423144 -0.162455
44.442604 -30.814184 -80.195899 86.224305 130.959933 28.429588 -0.163447
44.442842 -30.819566 -80.216837 86.239012 130.984503 28.435793 -0.164408
44.442969 -30.824735 -80.237011 86.253077 131.008090 28.441763 -0.165338
44.442988 -30.829694 -80.256442 86.266519 131.030719 28.447505 -0.166239
44.442904 -30.834446 -80.275147 86.279357 131.052416 28.453024 -0.167111
44.442719 -30.838993 -80.293145 86.291608 131.073204 28.458325 -0.167956
44.442437 -30.843340 -80.310453 86.303287 131.093107 28.463415 -0.168773
44.442061 -30.847489 -80.327088 86.314412 131.112146 28.468296 -0.169565
44.441595 -30.851443 -80.343066 86.324997 131.130343 28.472976 -0.170332
44.441039 -30.855204 -80.358402 86.335056 131.147717 28.477456 -0.171073
44.440397 -30.858774 -80.373112 86.344604 131.164288 28.481743 -0.171791
44.439671 -30.862157 -80.387208 86.353653 131.180074 28.485840 -0.172487
44.438863 -30.865354 -80.400706 86.362216 131.195092 28.489751 -0.173159
44.437974 -30.868367 -80.413617 86.370305 131.209360 28.493480 -0.173810
44.437006 -30.871199 -80.425955 86.377930 131.222892 28.497031 -0.174440
44.435960 -30.873851 -80.437731 86.385103 131.235704 28.500406 -0.175050
44.434838 -30.876325 -80.448956 86.391834 131.247810 28.503609 -0.175640
44.433640 -30.878622 -80.459640 86.398131 131.259223 28.506644 -0.176211
44.432367 -30.880745 -80.469796 86.404005 131.269956 28.509512 -0.176763
44.431020 -30.882694 -80.479431 86.409463 131.280021 28.512217 -0.177297
44.429600 -30.884471 -80.488554 86.414512 131.289428 28.514761 -0.177814
44.428107 -30.886077 -80.497176 86.419162 131.298189 28.517147 -0.178313
44.426541 -30.887513 -80.505302 86.423417 131.306312 28.519377 -0.178796
44.424902 -30.888780 -80.512942 86.427285 131.313807 28.521452 -0.179263
44.423191 -30.889880 -80.520102 86.430771 131.320682 28.523376 -0.179714
44.421406 -30.890812 -80.526789 86.433881 131.326944 28.525149 -0.180150
44.419549 -30.891578 -80.533008 86.436619 131.332601 28.526774 -0.180571
44.417618 -30.892178 -80.538765 86.438989 131.337658 28.528251 -0.180978
44.415614 -30.892614 -80.544066 86.440996 131.342121 28.529583 -0.181370
44.413535 -30.892884 -80.548914 86.442642 131.345996 28.530770 -0.181749
44.411380 -30.892990 -80.553314 86.443931 131.349285 28.531813 -0.182114
44.409149 -30.892932 -80.557271 86.444865 131.351994 28.532714 -0.182466
44.406841 -30.892709 -80.560785 86.445446 131.354124 28.533473 -0.182805
44.404455 -30.892323 -80.563862 86.445676 131.355678 28.534090 -0.183132
44.401989 -30.891772 -80.566502 86.445555 131.356658 28.534567 -0.183446
44.399443 -30.891057 -80.568708 86.445084 131.357064 28.534903 -0.183748
44.396814 -30.890178 -80.570480 86.444263 131.356897 28.535098 -0.184038
44.394101 -30.889134 -80.571821 86.443092 131.356158 28.535154 -0.184316
44.391302 -30.887925 -80.572729 86.441570 131.354843 28.535069 -0.184583
44.388416 -30.886550 -80.573206 86.439696 131.352954 28.534844 -0.184839
44.385440 -30.885008 -80.573251 86.437468 131.350486 28.534477 -0.185083
44.382373 -30.883300 -80.572862 86.434885 131.347438 28.533970 -0.185315
44.379211 -30.881423 -80.572038 86.431942 131.343805 28.533320 -0.185537
44.375954 -30.879378 -80.570777 86.428638 131.339585 28.532527 -0.185748
44.372597 -30.877163 -80.569078 86.424969 131.334771 28.531590 -0.185948
44.369140 -30.874777 -80.566937 86.420930 131.329358 28.530509 -0.186137
44.365577 -30.872219 -80.564351 86.416518 131.323341 28.529281 -0.186315
44.361908 -30.869488 -80.561315 86.411727 131.316713 28.527906 -0.186482
44.358128 -30.866582 -80.557827 86.406552 131.309466 28.526382 -0.186638
44.354235 -30.863500 -80.553881 86.400987 131.301592 28.524707 -0.186784
44.350224 -30.860241 -80.549473 86.395025 131.293082 28.522880 -0.186918
44.346092 -30.856802 -80.544595 86.388660 131.283926 28.520898 -0.187042
44.341836 -30.853182 -80.539243 86.381884 131.274115 28.518760 -0.187155
44.337450 -30.849379 -80.533410 86.374689 131.263638 28.516462 -0.187256
44.332932 -30.845392 -80.527088 86.367067 131.252482 28.514004 -0.187347
44.328276 -30.841217 -80.520270 86.359007 131.240635 28.511382 -0.187426
44.323479 -30.836854 -80.512948 86.350502 131.228085 28.508592 -0.187493
44.318534 -30.832299 -80.505112 86.341540 131.214816 28.505634 -0.187549
44.313437 -30.827551 -80.496755 86.332111 131.200814 28.502503 -0.187594
44.308182 -30.822607 -80.487866 86.322204 131.186064 28.499195 -0.187626
44.302765 -30.817464 -80.478435 86.311806 131.170549 28.495709 -0.187646
44.297178 -30.812121 -80.468450 86.300904 131.154252 28.492039 -0.187654
44.291416 -30.806573 -80.457902 86.289486 131.137154 28.488183 -0.187650
44.285472 -30.800819 -80.446777 86.277538 131.119237 28.484136 -0.187632
44.279340 -30.794856 -80.435063 86.265045 131.100480 28.479894 -0.187602
44.273012 -30.788680 -80.422747 86.251992 131.080863 28.475453 -0.187558
44.266482 -30.782288 -80.409816 86.238363 131.060363 28.470808 -0.187501
44.259740 -30.775677 -80.396254 86.224141 131.038958 28.465955 -0.187430
44.252780 -30.768844 -80.382048 86.209309 131.016625 28.460888 -0.187344
44.245592 -30.761785 -80.367182 86.193849 130.993337 28.455602 -0.187244
44.238169 -30.754496 -80.351638 86.177742 130.969070 28.450092 -0.187130
44.230499 -30.746975 -80.335401 86.160967 130.943796 28.444353 -0.187000
44.222574 -30.739216 -80.318453 86.143505 130.917487 28.438379 -0.186855
44.214384 -30.731217 -80.300776 86.125334 130.890114 28.432163 -0.186693
44.205917 -30.722972 -80.282350 86.106431 130.861647 28.425699 -0.186516
44.197163 -30.714479 -80.263156 86.086774 130.832054 28.418981 -0.186321
44.188110 -30.705732 -80.243174 86.066339 130.801301 28.412002 -0.186110
44.178746 -30.696726 -80.222382 86.045099 130.769355 28.404755 -0.185881
44.169058 -30.687459 -80.200759 86.023030 130.736181 28.397233 -0.185634
44.159033 -30.677924 -80.178281 86.000104 130.701741 28.389428 -0.185369
44.148656 -30.668116 -80.154926 85.976293 130.665997 28.381332 -0.185085
44.137914 -30.658032 -80.130669 85.951568 130.628910 28.372938 -0.184782
44.126791 -30.647664 -80.105484 85.925899 130.590438 28.364236 -0.184459
44.115270 -30.637009 -80.079346 85.899253 130.550539 28.355219 -0.184116
44.103336 -30.626060 -80.052228 85.871599 130.509168 28.345876 -0.183752
44.090971 -30.614812 -80.024102 85.842903 130.466280 28.336200 -0.183367
44.078156 -30.603258 -79.994939 85.813130 130.421827 28.326179 -0.182961
44.064874 -30.591393 -79.964709 85.782243 130.375760 28.315805 -0.182533
44.051103 -30.579209 -79.933382 85.750205 130.328027 28.305067 -0.182082
44.036823 -30.566701 -79.900926 85.716977 130.278577 28.293954 -0.181608
44.022013 -30.553862 -79.867308 85.682518 130.227354 28.282456 -0.181111
44.006650 -30.540684 -79.832494 85.646787 130.174301 28.270560 -0.180589
43.990710 -30.527160 -79.796450 85.609740 130.119359 28.258255 -0.180044
43.974168 -30.513282 -79.759139 85.571333 130.062469 28.245529 -0.179473
43.957000 -30.499042 -79.720525 85.531519 130.003566 28.232368 -0.178878
43.939177 -30.484433 -79.680568 85.490250 129.942586 28.218761 -0.178256
43.920672 -30.469445 -79.639230 85.447477 129.879462 28.204694 -0.177609
43.901456 -30.454069 -79.596469 85.403148 129.814123 28.190152 -0.176935
43.881498 -30.438296 -79.552244 85.357210 129.746497 28.175121 -0.176234
43.860767 -30.422116 -79.506510 85.309608 129.676510 28.159586 -0.175506
43.839228 -30.405518 -79.459224 85.260285 129.604084 28.143532 -0.174751
43.816849 -30.388493 -79.410339 85.209184 129.529140 28.126942 -0.173968
43.793591 -30.371029 -79.359807 85.156242 129.451594 28.109801 -0.173157
43.769419 -30.353113 -79.307579 85.101397 129.371360 28.092091 -0.172317
43.744292 -30.334735 -79.253605 85.044585 129.288351 28.073794 -0.171449
43.718171 -30.315880 -79.197832 84.985738 129.202475 28.054893 -0.170552
43.691012 -30.296535 -79.140206 84.924788 129.113636 28.035368 -0.169627
43.662772 -30.276686 -79.080672 84.861663 129.021737 28.015200 -0.168673
43.633404 -30.256317 -79.019172 84.796289 128.926677 27.994368 -0.167690
43.602862 -30.235414 -78.955648 84.728590 128.828350 27.972852 -0.166678
43.571094 -30.213959 -78.890039 84.658489 128.726649 27.950630 -0.165638
43.538050 -30.191934 -78.822280 84.585903 128.621461 27.927680 -0.164569
43.503676 -30.169322 -78.752309 84.510749 128.512669 27.903978 -0.163472
43.467915 -30.146101 -78.680057 84.432942 128.400155 27.879500 -0.162347
43.430711 -30.122253 -78.605455 84.352391 128.283794 27.854222 -0.161195
43.392004 -30.097754 -78.528433 84.269006 128.163459 27.828118 -0.160015
43.351730 -30.072582 -78.448917 84.182691 128.039015 27.801161 -0.158810
43.309825 -30.046711 -78.366830 84.093350 127.910327 27.773323 -0.157579
43.266223 -30.020117 -78.282095 84.000881 127.777253 27.744577 -0.156323
43.220853 -29.992771 -78.194630 83.905181 127.639646 27.714892 -0.155043
43.173645 -29.964644 -78.104352 83.806144 127.497354 27.684238 -0.153740
43.124523 -29.935706 -78.011174 83.703659 127.350222 27.652584 -0.152415
43.073410 -29.905923 -77.915008 83.597614 127.198086 27.619895 -0.151070
43.020228 -29.875261 -77.815760 83.487892 127.040779 27.586138 -0.149706
42.964894 -29.843682 -77.713335 83.374372 126.878129 27.551277 -0.148324
42.907324 -29.811148 -77.607635 83.256932 126.709957 27.515276 -0.146926
42.847428 -29.777617 -77.498559 83.135443 126.536076 27.478097 -0.145514
42.785119 -29.743045 -77.385999 83.009777 126.356296 27.439700 -0.144090
42.720301 -29.707384 -77.269847 82.879797 126.170419 27.400044 -0.142656
42.652881 -29.670585 -77.149991 82.745365 125.978240 27.359086 -0.141214
42.582758 -29.632596 -77.026312 82.606340 125.779548 27.316783 -0.139767
42.509833 -29.593359 -76.898690 82.462575 125.574124 27.273087 -0.138317
42.434000 -29.552815 -76.767000 82.313919 125.361742 27.227952 -0.136867
42.355154 -29.510902 -76.631110 82.160218 125.142167 27.181328 -0.135420
42.273184 -29.467551 -76.490886 82.001314 124.915159 27.133164 -0.133980
42.187980 -29.422691 -76.346188 81.837043 124.680467 27.083405 -0.132549
42.099425 -29.376247 -76.196870 81.667237 124.437832 27.031997 -0.131131
42.007405 -29.328139 -76.042782 81.491725 124.186988 26.978880 -0.129729
41.911798 -29.278281 -75.883767 81.310331 123.927658 26.923996 -0.128348
41.812483 -29.226583 -75.719663 81.122873 123.659555 26.867282 -0.126991
41.709338 -29.172949 -75.550301 80.929165 123.382385 26.808671 -0.125662
41.602235 -29.117278 -75.375504 80.729018 123.095842 26.748098 -0.124367
41.491047 -29.059463 -75.195091 80.522234 122.799609 26.685490 -0.123108
41.375646 -28.999389 -75.008871 80.308616 122.493361 26.620775 -0.121891
41.255901 -28.936938 -74.816647 80.087957 122.176758 26.553875 -0.120720
41.131679 -28.871981 -74.618213 79.860048 121.849451 26.484712 -0.119601
41.002849 -28.804384 -74.413355 79.624674 121.511079 26.413203 -0.118537
40.869277 -28.734007 -74.201851 79.381617 121.161267 26.339260 -0.117535
40.730831 -28.660700 -73.983467 79.130653 120.799629 26.262793 -0.116599
40.587376 -28.584307 -73.757963 78.871556 120.425766 26.183708 -0.115735
40.438780 -28.504663 -73.525086 78.604095 120.039263 26.101907 -0.114948
40.284911 -28.421596 -73.284574 78.328039 119.639693 26.017286 -0.114245
40.125639 -28.334927 -73.036155 78.043155 119.226613 25.929737 -0.113632
39.960833 -28.244473 -72.779545 77.749213 118.799568 25.839147 -0.113116
39.790368 -28.150042 -72.514450 77.445989 118.358084 25.745397 -0.112708
39.614120 -28.051444 -72.240569 77.133270 117.901673 25.648360 -0.112418
39.431970 -27.948489 -71.957593 76.810865 117.429834 25.547903 -0.112263
39.243807 -27.840998 -71.665216 76.478613 116.942047 25.443882 -0.112267
39.049534 -27.728811 -71.363149 76.136406 116.437782 25.336145 -0.112469
38.849089 -27.611810 -71.051152 75.784212 115.916496 25.224532 -0.112934
38.642474 -27.489949 -70.729112 75.422118 115.377646 25.108878 -0.113782
38.429847 -27.363313 -70.397202 75.050375 114.820704 24.989029 -0.115242
38.211708 -27.232228 -70.056231 74.669463 114.245226 24.864897 -0.117791
37.989394 -27.097373 -69.707985 74.280589 113.661356 24.739024 -0.119358
37.763380 -26.959108 -69.353322 73.884253 113.068636 24.611341 -0.120443
37.533778 -26.817553 -68.992444 73.480727 112.466484 24.481685 -0.121300
37.300547 -26.672688 -68.625234 73.070128 111.854275 24.349867 -0.122068
37.063588 -26.524421 -68.251428 72.652478 111.231351 24.215684 -0.122836
36.822787 -26.372625 -67.870707 72.227759 110.597039 24.078925 -0.123673
36.578047 -26.217181 -67.482765 71.795973 109.950653 23.939375 -0.124655
36.329328 -26.058028 -67.087396 71.357198 109.291503 23.796810 -0.125899
36.076723 -25.895231 -66.684672 70.911654 108.618916 23.651012 -0.127628
35.820643 -25.729115 -66.275322 70.459783 107.932305 23.501810 -0.130322
35.562352 -25.560458 -65.861300 70.002881 107.241740 23.351924 -0.132045
35.302229 -25.389616 -65.443405 69.541390 106.546628 23.201208 -0.133305
35.040322 -25.216680 -65.021748 69.075507 105.846262 23.049446 -0.134345
34.776546 -25.041590 -64.596123 68.605265 105.139896 22.896407 -0.135288
34.510776 -24.864206 -64.166180 68.130596 104.426760 22.741855 -0.136204
34.242879 -24.684359 -63.731513 67.651392 103.706071 22.585551 -0.137144
33.972741 -24.501886 -63.291730 67.167563 102.977036 22.427251 -0.138162
33.700294 -24.316684 -62.846528 66.679096 102.238863 22.266697 -0.139350
33.425581 -24.128788 -62.395876 66.186131 101.490773 22.103622 -0.140902
33.148926 -23.938516 -61.940423 65.689046 100.732070 21.937780 -0.143285
32.871500 -23.746760 -61.482366 65.189221 99.972745 21.772082 -0.144755
32.593588 -23.553876 -61.022445 64.687034 99.212107 21.606307 -0.145817
32.315181 -23.359923 -60.560685 64.182610 98.449360 21.440192 -0.146689
32.036170 -23.164805 -60.096801 63.675898 97.683674 21.273477 -0.147471
31.756420 -22.968348 -59.630371 63.166752 96.914205 21.105905 -0.148211
31.475801 -22.770349 -59.160926 62.654981 96.140099 20.937223 -0.148937
31.194198 -22.570615 -58.688001 62.140417 95.360495 20.767170 -0.149678
30.911533 -22.369011 -58.211216 61.622970 94.574533 20.595466 -0.150497
30.627810 -22.165543 -57.730444 61.102711 93.781361 20.421811 -0.151550
30.343263 -21.960519 -57.246245 60.579967 92.980203 20.245883 -0.153277
30.058947 -21.754957 -56.761128 60.056219 92.180949 20.070763 -0.154190
29.775048 -21.549199 -56.275763 59.531797 91.382832 19.896150 -0.154775
29.491512 -21.343269 -55.790090 59.006761 90.584996 19.721744 -0.155217
29.208221 -21.137039 -55.303754 58.480998 89.786560 19.547267 -0.155586
28.925049 -20.930308 -54.816278 57.954293 88.986634 19.372452 -0.155905
28.641882 -20.722851 -54.327146 57.426395 88.184326 19.197041 -0.156183
28.358623 -20.514452 -53.835840 56.897070 87.378736 19.020767 -0.156426
28.075197 -20.304953 -53.341915 56.366170 86.568966 18.843345 -0.156663
27.791580 -20.094329 -52.845155 55.833706 85.754118 18.664449 -0.157009
27.507922 -19.882867 -52.346018 55.299969 84.933359 18.483692 -0.157856
27.225130 -19.671695 -51.847374 54.766543 84.116432 18.304266 -0.158030
26.943296 -19.461123 -51.349798 54.233720 83.302515 18.125797 -0.157978
26.662337 -19.251137 -50.853146 53.701510 82.490712 17.947958 -0.157840
26.382139 -19.041580 -50.357002 53.169750 81.680118 17.770462 -0.157656
26.102601 -18.832233 -49.860852 52.638175 80.869825 17.593044 -0.157427
25.823638 -18.622856 -49.364146 52.106489 80.058924 17.415449 -0.157143
25.545182 -18.413224 -48.866335 51.574412 79.246503 17.237415 -0.156791
25.267173 -18.203161 -48.366926 51.041748 78.431647 17.058659 -0.156371
24.989578 -17.992614 -47.865619 50.508464 77.613441 16.878845 -0.155951
24.712468 -17.781830 -47.362753 49.974821 76.791011 16.697537 -0.155854
24.436575 -17.572019 -46.861575 49.442495 75.973888 16.517957 -0.155263
24.161909 -17.363439 -46.362543 48.911752 75.161210 16.339666 -0.154559
23.888374 -17.156036 -45.865427 48.382559 74.352068 16.162327 -0.153833
23.615877 -16.949630 -45.369764 47.854715 73.545551 15.985654 -0.153093
23.344349 -16.743994 -44.875016 47.327925 72.740754 15.809392 -0.152324
23.073745 -16.538889 -44.380621 46.801862 71.936770 15.633295 -0.151501
22.804030 -16.334088 -43.886014 46.276218 71.132695 15.457113 -0.150597
22.535175 -16.129410 -43.390672 45.750763 70.327620 15.280575 -0.149589
22.267146 -15.924775 -42.894225 45.225430 69.520631 15.103353 -0.148496
21.999953 -15.720381 -42.396875 44.700455 68.710832 14.924975 -0.147560
21.734130 -15.517471 -41.902228 44.177584 67.907463 14.748602 -0.146328
21.469625 -15.316238 -41.410599 43.657056 67.109642 14.573752 -0.145094
21.206346 -15.116591 -40.921677 43.138812 66.316462 14.400090 -0.143898
20.944231 -14.918341 -40.434972 42.622620 65.527028 14.227345 -0.142725
20.683250 -14.721264 -39.949936 42.108169 64.740452 14.055275 -0.141544
20.423398 -14.525131 -39.466010 41.595121 63.955848 13.883649 -0.140323
20.164680 -14.329728 -38.982632 41.083153 63.172332 13.712231 -0.139023
19.907095 -14.134876 -38.499266 40.572015 62.389020 13.540770 -0.137605
19.650626 -13.940482 -38.015489 40.061612 61.605014 13.368956 -0.136049
19.395239 -13.746685 -37.531361 39.552160 60.819422 13.196313 -0.134502
19.141261 -13.554705 -37.050780 39.045441 60.041102 13.025839 -0.132856
18.888599 -13.364665 -36.573905 38.541673 59.269169 12.857040 -0.131304
18.637181 -13.176452 -36.100362 38.040769 58.502740 12.689599 -0.129841
18.386982 -12.989875 -35.629647 37.542486 57.740949 12.523266 -0.128432
18.138010 -12.804727 -35.161221 37.046507 56.982938 12.357816 -0.127040
17.890297 -12.620799 -34.694539 36.552495 56.227855 12.193032 -0.125626
17.643884 -12.437898 -34.229056 36.060128 55.474851 12.028700 -0.124146
17.398802 -12.255859 -33.764241 35.569146 54.723074 11.864586 -0.122551
17.155053 -12.074583 -33.299639 35.079435 53.971664 11.700411 -0.120790
16.912581 -11.894158 -32.835175 34.591191 53.219749 11.535721 -0.118920
16.671512 -11.715719 -32.374936 34.106191 52.475718 11.373271 -0.117122
16.431736 -11.539328 -31.918924 33.624634 51.738706 11.212585 -0.115490
16.193208 -11.364858 -31.466727 33.146415 51.007868 11.053377 -0.113984
15.955940 -11.192134 -31.017843 32.671284 50.282378 10.895418 -0.112556
15.719975 -11.020972 -30.571756 32.198933 49.561420 10.738503 -0.111165
15.485374 -10.851190 -30.127944 31.729035 48.844185 10.582433 -0.109770
15.252208 -10.682622 -29.685888 31.261278 48.129867 10.427010 -0.108325
15.020536 -10.515124 -29.245078 30.795405 47.417662 10.272026 -0.106776
14.790379 -10.348601 -28.805051 30.331290 46.706755 10.117232 -0.105053
14.561676 -10.183098 -28.365615 29.869105 45.996313 9.962219 -0.103137
14.334377 -10.019618 -27.930915 29.410586 45.294179 9.809447 -0.101423
14.108372 -9.858174 -27.500820 28.955909 44.599526 9.658485 -0.099917
13.883648 -9.698642 -27.074901 28.504957 43.911558 9.509080 -0.098558
13.660245 -9.540868 -26.652676 28.057485 43.229502 9.361027 -0.097293
13.438234 -9.384696 -26.233656 27.613199 42.552590 9.214141 -0.096078
13.217700 -9.229977 -25.817354 27.171792 41.880064 9.068241 -0.094873
12.998732 -9.076571 -25.403284 26.732968 41.211170 8.923148 -0.093632
12.781410 -8.924361 -24.990966 26.296481 40.545156 8.778676 -0.092299
12.565775 -8.773262 -24.579948 25.862198 39.881264 8.634608 -0.090797
12.351768 -8.623290 -24.169953 25.430270 39.218717 8.490594 -0.089049
12.139199 -8.475284 -23.765047 25.002350 38.564741 8.348775 -0.087585
11.927975 -8.329222 -23.365001 24.578592 37.918567 8.208780 -0.086348
11.718106 -8.184996 -22.969388 24.158872 37.279458 8.070392 -0.085263
11.509656 -8.042477 -22.577758 23.742957 36.646695 7.933430 -0.084277
11.302712 -7.901539 -22.189657 23.330574 36.019570 7.797726 -0.083348
11.097375 -7.762062 -21.804635 22.921438 35.397381 7.663119 -0.082436
10.893744 -7.623937 -21.422246 22.515278 34.779431 7.529448 -0.081497
10.691911 -7.487071 -21.042047 22.111859 34.165026 7.396548 -0.080478
10.491930 -7.351395 -20.663610 21.711052 33.553472 7.264233 -0.079299
10.293750 -7.216908 -20.286612 21.312985 32.944060 7.132215 -0.077849
10.097088 -7.084270 -19.914911 20.919192 32.343347 7.002320 -0.076722
9.901866 -6.953444 -19.548217 20.529804 31.750630 6.874242 -0.075819
9.708115 -6.824341 -19.186125 20.144699 31.165239 6.747796 -0.075063
9.515912 -6.696858 -18.828222 19.763660 30.586518 6.622824 -0.074404
9.325352 -6.570898 -18.474094 19.386436 30.013818 6.499178 -0.073800
9.136540 -6.446369 -18.123332 19.012769 29.446501 6.376714 -0.073214
8.949580 -6.323190 -17.775533 18.642413 28.883931 6.255290 -0.072606
8.764565 -6.201288 -17.430295 18.275152 28.325479 6.134760 -0.071927
8.581557 -6.080613 -17.087224 17.910860 27.770517 6.014966 -0.071100
8.400514 -5.961156 -16.745982 17.549646 27.218409 5.895679 -0.069999
8.221100 -5.843403 -16.410116 17.192894 26.675005 5.778428 -0.069225
8.043255 -5.727316 -16.079314 16.840716 26.139678 5.662971 -0.068658
7.867020 -5.612825 -15.753200 16.492993 25.611825 5.549152 -0.068225
7.692475 -5.499852 -15.431404 16.149527 25.090855 5.436832 -0.067879
7.519717 -5.388325 -15.113555 15.810093 24.576187 5.325884 -0.067584
7.348846 -5.278177 -14.799288 15.474460 24.067247 5.216179 -0.067304
7.179961 -5.169349 -14.488242 15.142406 23.563466 5.107595 -0.067003
7.013154 -5.061790 -14.180060 14.813739 23.064283 5.000006 -0.066638
6.848483 -4.955461 -13.874390 14.488339 22.569137 4.893277 -0.066139
6.685915 -4.850354 -13.570902 14.166294 22.077470 4.787230 -0.065378
6.525099 -4.746802 -13.272758 13.848819 21.594393 4.683125 -0.064924
6.365987 -4.644772 -12.979646 13.536003 21.119358 4.580773 -0.064652
6.208623 -4.544211 -12.691233 13.227737 20.651832 4.480045 -0.064497
6.053083 -4.445063 -12.407190 12.923844 20.191294 4.380823 -0.064417
5.899456 -4.347278 -12.127191 12.624122 19.737229 4.282995 -0.064378
5.747832 -4.250808 -11.850917 12.328370 19.289133 4.186452 -0.064351
5.598300 -4.155612 -11.578052 12.036390 18.846505 4.091087 -0.064304
5.450940 -4.061654 -11.308283 11.748012 18.408852 3.996794 -0.064199
5.305804 -3.968909 -11.041303 11.463125 17.975688 3.903459 -0.063975
5.162863 -3.877369 -10.776807 11.181797 17.546526 3.810948 -0.063515
5.021781 -3.787242 -10.517519 10.905057 17.125720 3.720275 -0.063324
4.882517 -3.698503 -10.263150 10.632973 16.712798 3.631298 -0.063288
4.745112 -3.611114 -10.013409 10.365447 16.307299 3.543910 -0.063350
4.609630 -3.525036 -9.768011 10.102321 15.908771 3.458011 -0.063473
4.476146 -3.440236 -9.526678 9.843420 15.516770 3.373507 -0.063630
4.344736 -3.356681 -9.289134 9.588568 15.130861 3.290305 -0.063794
4.215472 -3.274342 -9.055108 9.337594 14.750614 3.208317 -0.063939
4.088418 -3.193197 -8.824335 9.090346 14.375606 3.127451 -0.064034
3.963617 -3.113228 -8.596550 8.846726 14.005420 3.047616 -0.064027
3.841039 -3.034428 -8.371487 8.606779 13.639646 2.968708 -0.063819
3.720384 -2.956914 -8.151395 8.371339 13.281858 2.891524 -0.063835
3.601616 -2.880664 -7.936020 8.140454 12.931657 2.815956 -0.063978
3.484765 -2.805655 -7.725116 7.914034 12.588656 2.741917 -0.064199
3.369880 -2.731860 -7.518443 7.691943 12.252471 2.669327 -0.064469
3.257018 -2.659256 -7.315766 7.474030 11.922730 2.598105 -0.064765
3.146234 -2.587821 -7.116856 7.260143 11.599066 2.528177 -0.065067
3.037583 -2.517537 -6.921486 7.050136 11.281119 2.459468 -0.065353
2.931110 -2.448387 -6.729435 6.843877 10.968537 2.391905 -0.065597
2.826842 -2.380361 -6.540483 6.641276 10.660972 2.325413 -0.065760
2.724751 -2.313451 -6.354407 6.442357 10.358087 2.259915 -0.065762
2.624586 -2.247708 -6.172960 6.247752 10.062657 2.196004 -0.065941
2.526311 -2.183119 -5.995928 6.057489 9.774357 2.133604 -0.066218
2.429942 -2.119666 -5.823110 5.871486 9.492867 2.072644 -0.066555
2.335513 -2.057332 -5.654309 5.689625 9.217875 2.013058 -0.066929
2.243058 -1.996100 -5.489333 5.511779 8.949075 1.954785 -0.067324
2.152612 -1.935955 -5.327997 5.337819 8.686169 1.897762 -0.067723
2.064207 -1.876884 -5.170119 5.167622 8.428865 1.841931 -0.068111
1.977870 -1.818876 -5.015518 5.001074 8.176878 1.787231 -0.068469
1.893612 -1.761920 -4.864020 4.838091 7.929928 1.733606 -0.068767
1.811405 -1.706011 -4.715445 4.678674 7.687746 1.680998 -0.068948
1.731055 -1.651159 -4.571035 4.523253 7.452294 1.629813 -0.069256
1.652529 -1.597354 -4.430619 4.371832 7.223315 1.579995 -0.069634
1.575827 -1.544582 -4.294037 4.224335 7.000554 1.531491 -0.070053
1.500964 -1.492831 -4.161134 4.080663 6.783765 1.484248 -0.070499
1.427954 -1.442088 -4.031760 3.940710 6.572708 1.438219 -0.070959
1.356811 -1.392341 -3.905770 3.804367 6.367148 1.393355 -0.071423
1.287546 -1.343580 -3.783022 3.671530 6.166857 1.349611 -0.071879
1.220166 -1.295794 -3.663378 3.542104 5.971613 1.306940 -0.072315
1.154668 -1.248975 -3.546701 3.416011 5.781200 1.265299 -0.072714
1.091026 -1.203113 -3.432856 3.293222 5.595410 1.224647 -0.073038
1.029110 -1.158201 -3.322561 3.173967 5.415379 1.185210 -0.073436
0.968890 -1.114228 -3.215688 3.058223 5.240909 1.146950 -0.073872
0.910354 -1.071184 -3.112115 2.945920 5.071809 1.109826 -0.074330
0.853498 -1.029058 -3.011725 2.836971 4.907890 1.073799 -0.074798
0.798318 -0.987837 -2.914406 2.731291 4.748971 1.038834 -0.075271
0.744808 -0.947512 -2.820048 2.628789 4.594876 1.004894 -0.075742
0.692964 -0.908072 -2.728547 2.529381 4.445433 0.971944 -0.076205
0.642774 -0.869506 -2.639798 2.432983 4.300477 0.939951 -0.076654
0.594226 -0.831805 -2.553703 2.339521 4.159848 0.908883 -0.077080
0.547297 -0.794957 -2.470163 2.248937 4.023391 0.878707 -0.077470
0.501931 -0.758952 -2.389367 2.161260 3.891401 0.849483 -0.077871
0.458102 -0.723778 -2.311223 2.076436 3.763735 0.821181 -0.078270
0.415792 -0.689423 -2.235642 1.994396 3.640250 0.793772 -0.078661
0.374982 -0.655879 -2.162542 1.915069 3.520810 0.767228 -0.079039
0.335656 -0.623133 -2.091838 1.838383 3.405283 0.741523 -0.079401
0.297794 -0.591176 -2.023454 1.764265 3.293539 0.716629 -0.079743
0.261377 -0.559995 -1.957312 1.692646 3.185457 0.692522 -0.080064
0.226385 -0.529581 -1.893338 1.623457 3.080914 0.669178 -0.080361
0.192795 -0.499922 -1.831462 1.556632 2.979797 0.646573 -0.080631
0.160586 -0.471008 -1.771614 1.492105 2.881991 0.624683 -0.080874
0.129734 -0.442828 -1.713727 1.429812 2.787391 0.603487 -0.081088
0.100217 -0.415370 -1.657737 1.369691 2.695889 0.582963 -0.081271
0.072010 -0.388624 -1.603582 1.311680 2.607385 0.563091 -0.081422
0.045088 -0.362579 -1.551202 1.255720 2.521782 0.543850 -0.081539
0.019426 -0.337224 -1.500538 1.201752 2.438983 0.525221 -0.081623
-0.005001 -0.312549 -1.451533 1.149719 2.358897 0.507184 -0.081673
-0.028220 -0.288541 -1.404133 1.099567 2.281435 0.489722 -0.081687
-0.050256 -0.265190 -1.358286 1.051239 2.206512 0.472816 -0.081665
-0.071137 -0.242485 -1.313941 1.004684 2.134044 0.456450 -0.081607
-0.090887 -0.220416 -1.271048 0.959848 2.063951 0.440607 -0.081513
-0.109536 -0.198970 -1.229559 0.916683 1.996155 0.425271 -0.081383
-0.127108 -0.178138 -1.189429 0.875137 1.930582 0.410425 -0.081217
-0.143632 -0.157907 -1.150613 0.835163 1.867158 0.396056 -0.081014
-0.159134 -0.138268 -1.113068 0.796713 1.805812 0.382147 -0.080775
-0.173641 -0.119210 -1.076752 0.759742 1.746478 0.368685 -0.080501
-0.187180 -0.100720 -1.041624 0.724205 1.689089 0.355657 -0.080192
-0.199778 -0.082789 -1.007647 0.690056 1.633582 0.343048 -0.079847
-0.211461 -0.065406 -0.974782 0.657255 1.579894 0.330846 -0.079469
-0.222256 -0.048560 -0.942992 0.625759 1.527967 0.319037 -0.079056
-0.232190 -0.032239 -0.912243 0.595527 1.477742 0.307611 -0.078610
-0.241288 -0.016435 -0.882501 0.566519 1.429164 0.296555 -0.078132
-0.249577 -0.001135 -0.853732 0.538698 1.382180 0.285857 -0.077622
-0.257082 0.013671 -0.825904 0.512024 1.336736 0.275506 -0.077081
-0.263829 0.027993 -0.798987 0.486461 1.292783 0.265493 -0.076510
-0.269843 0.041842 -0.772950 0.461974 1.250272 0.255805 -0.075909
-0.275148 0.055227 -0.747766 0.438526 1.209155 0.246433 -0.075280
-0.279770 0.068161 -0.723406 0.416085 1.169387 0.237368 -0.074623
-0.283732 0.080651 -0.699843 0.394617 1.130923 0.228599 -0.073940
-0.287059 0.092710 -0.677050 0.374089 1.093722 0.220118 -0.073230
-0.289773 0.104346 -0.655004 0.354470 1.057741 0.211915 -0.072496
-0.291899 0.115570 -0.633679 0.335729 1.022941 0.203981 -0.071738
-0.293458 0.126391 -0.613051 0.317837 0.989283 0.196309 -0.070956
-0.294473 0.136820 -0.593098 0.300764 0.956730 0.188890 -0.070153
-0.294967 0.146865 -0.573798 0.284482 0.925245 0.181716 -0.069329
-0.294960 0.156537 -0.555130 0.268963 0.894793 0.174780 -0.068485
-0.294474 0.165845 -0.537072 0.254180 0.865341 0.168073 -0.067622
-0.293530 0.174798 -0.519605 0.240108 0.836856 0.161589 -0.066740
-0.292147 0.183405 -0.502709 0.226721 0.809306 0.155321 -0.065842
-0.290347 0.191675 -0.486365 0.213994 0.782661 0.149262 -0.064928
-0.288147 0.199618 -0.470557 0.201904 0.756891 0.143405 -0.063998
-0.285568 0.207241 -0.455265 0.190427 0.731967 0.137744 -0.063055
-0.282627 0.214555 -0.440474 0.179540 0.707861 0.132272 -0.062098
-0.279344 0.221567 -0.426166 0.169222 0.684547 0.126984 -0.061129
-0.275735 0.228285 -0.412326 0.159450 0.661999 0.121874 -0.060149
-0.271819 0.234719 -0.398939 0.150205 0.640192 0.116936 -0.059159
-0.267611 0.240875 -0.385990 0.141466 0.619101 0.112165 -0.058159
-0.263128 0.246763 -0.373464 0.133213 0.598703 0.107555 -0.057150
-0.258387 0.252390 -0.361348 0.125428 0.578975 0.103101 -0.056134
-0.253402 0.257764 -0.349628 0.118092 0.559895 0.098799 -0.055111
-0.248189 0.262892 -0.338291 0.111188 0.541443 0.094642 -0.054082
-0.242763 0.267783 -0.327325 0.104697 0.523596 0.090628 -0.053048
-0.237138 0.272442 -0.316717 0.098603 0.506337 0.086750 -0.052010
-0.231328 0.276878 -0.306457 0.092889 0.489645 0.083004 -0.050968
-0.225345 0.281098 -0.296531 0.087541 0.473501 0.079387 -0.049923
-0.219204 0.285108 -0.286930 0.082543 0.457888 0.075895 -0.048877
-0.212917 0.288915 -0.277644 0.077879 0.442789 0.072522 -0.047829
-0.206496 0.292526 -0.268660 0.073535 0.428186 0.069265 -0.046781
-0.199953 0.295948 -0.259971 0.069499 0.414063 0.066121 -0.045733
-0.193300 0.299186 -0.251565 0.065755 0.400405 0.063086 -0.044686
-0.186546 0.302247 -0.243434 0.062291 0.387195 0.060156 -0.043640
-0.179704 0.305138 -0.235569 0.059095 0.374421 0.057327 -0.042597
-0.172784 0.307863 -0.227961 0.056154 0.362066 0.054597 -0.041556
-0.165795 0.310430 -0.220602 0.053457 0.350118 0.051962 -0.040519
-0.158746 0.312842 -0.213484 0.050992 0.338564 0.049419 -0.039486
-0.151648 0.315107 -0.206597 0.048748 0.327389 0.046966 -0.038457
-0.144509 0.317230 -0.199936 0.046715 0.316582 0.044598 -0.037433
-0.137338 0.319215 -0.193493 0.044882 0.306131 0.042313 -0.036415
-0.130142 0.321068 -0.187260 0.043240 0.296023 0.040109 -0.035403
-0.122930 0.322794 -0.181231 0.041778 0.286249 0.037982 -0.034397
-0.115709 0.324398 -0.175399 0.040488 0.276796 0.035930 -0.033399
-0.108487 0.325885 -0.169758 0.039361 0.267654 0.033952 -0.032408
-0.101269 0.327259 -0.164301 0.038388 0.258814 0.032043 -0.031424
-0.094064 0.328525 -0.159022 0.037561 0.250264 0.030202 -0.030449
-0.086877 0.329687 -0.153916 0.036872 0.241997 0.028427 -0.029483
-0.079714 0.330750 -0.148976 0.036314 0.234001 0.026715 -0.028525
-0.072581 0.331717 -0.144198 0.035879 0.226269 0.025064 -0.027577
-0.065484 0.332594 -0.139576 0.035559 0.218791 0.023472 -0.026638
-0.058427 0.333382 -0.135105 0.035349 0.211560 0.021938 -0.025709
-0.051416 0.334088 -0.130780 0.035242 0.204567 0.020459 -0.024791
-0.044455 0.334713 -0.126597 0.035230 0.197805 0.019032 -0.023882
-0.037548 0.335263 -0.122550 0.035309 0.191266 0.017658 -0.022985
-0.030700 0.335739 -0.118635 0.035473 0.184942 0.016333 -0.022098
-0.023915 0.336147 -0.114849 0.035716 0.178826 0.015056 -0.021223
-0.017196 0.336488 -0.111186 0.036032 0.172913 0.013825 -0.020359
-0.010547 0.336767 -0.107643 0.036417 0.167194 0.012640 -0.019506
-0.003971 0.336986 -0.104215 0.036865 0.161664 0.011497 -0.018665
0.002529 0.337149 -0.100900 0.037373 0.156316 0.010396 -0.017836
0.008950 0.337257 -0.097692 0.037935 0.151145 0.009335 -0.017019
0.015290 0.337315 -0.094590 0.038548 0.146144 0.008313 -0.016214
0.021545 0.337324 -0.091589 0.039206 0.141309 0.007329 -0.015421
0.027715 0.337288 -0.088687 0.039907 0.136633 0.006381 -0.014640
0.033796 0.337209 -0.085879 0.040647 0.132111 0.005468 -0.013872
0.039788 0.337089 -0.083163 0.041421 0.127739 0.004588 -0.013116
0.045688 0.336931 -0.080535 0.042228 0.123512 0.003741 -0.012373
0.051494 0.336737 -0.077994 0.043062 0.119424 0.002925 -0.011642
0.057206 0.336509 -0.075536 0.043923 0.115471 0.002140 -0.010923
0.062823 0.336249 -0.073158 0.044806 0.111648 0.001384 -0.010217
0.068342 0.335961 -0.070858 0.045708 0.107952 0.000656 -0.009524
0.073764 0.335644 -0.068633 0.046629 0.104379 -0.000045 -0.008843
0.079088 0.335302 -0.066481 0.047564 0.100923 -0.000720 -0.008175
0.084312 0.334937 -0.064400 0.048511 0.097582 -0.001370 -0.007519
0.089438 0.334549 -0.062386 0.049469 0.094352 -0.001995 -0.006875
0.094463 0.334142 -0.060439 0.050435 0.091229 -0.002597 -0.006244
0.099388 0.333716 -0.058555 0.051408 0.088209 -0.003176 -0.005625
0.104214 0.333273 -0.056733 0.052385 0.085289 -0.003734 -0.005018
0.108939 0.332815 -0.054971 0.053365 0.082466 -0.004271 -0.004424
0.113564 0.332342 -0.053267 0.054346 0.079736 -0.004787 -0.003841
0.118090 0.331858 -0.051619 0.055327 0.077098 -0.005284 -0.003271
0.122516 0.331363 -0.050024 0.056307 0.074547 -0.005762 -0.002712
0.126844 0.330858 -0.048483 0.057284 0.072080 -0.006222 -0.002165
0.131073 0.330344 -0.046991 0.058257 0.069696 -0.006665 -0.001629
0.135204 0.329824 -0.045549 0.059225 0.067391 -0.007091 -0.001105
0.139238 0.329297 -0.044154 0.060187 0.065163 -0.007500 -0.000593
0.143177 0.328766 -0.042806 0.061143 0.063009 -0.007895 -0.000091
0.147020 0.328232 -0.041501 0.062090 0.060927 -0.008274 0.000399
0.150768 0.327695 -0.040240 0.063029 0.058914 -0.008639 0.000879
0.154424 0.327156 -0.039020 0.063959 0.056969 -0.008990 0.001348
0.157987 0.326617 -0.037841 0.064880 0.055088 -0.009328 0.001806
0.161459 0.326079 -0.036700 0.065790 0.053271 -0.009653 0.002254
0.164842 0.325542 -0.035598 0.066690 0.051515 -0.009966 0.002692
0.168136 0.325008 -0.034532 0.067579 0.049817 -0.010267 0.003120
0.171343 0.324476 -0.033501 0.068457 0.048176 -0.010557 0.003538
0.174464 0.323949 -0.032504 0.069323 0.046591 -0.010835 0.003946
0.177501 0.323427 -0.031541 0.070178 0.045059 -0.011104 0.004345
0.180455 0.322911 -0.030610 0.071021 0.043579 -0.011362 0.004735
0.183328 0.322401 -0.029709 0.071853 0.042149 -0.011611 0.005116
0.186122 0.321899 -0.028839 0.072672 0.040767 -0.011850 0.005489
0.188838 0.321405 -0.027998 0.073480 0.039432 -0.012080 0.005852
0.191477 0.320919 -0.027186 0.074277 0.038143 -0.012302 0.006208
0.194042 0.320443 -0.026400 0.075062 0.036897 -0.012516 0.006555
0.196534 0.319977 -0.025641 0.075835 0.035694 -0.012722 0.006895
0.198954 0.319522 -0.024908 0.076598 0.034532 -0.012920 0.007226
0.201306 0.319079 -0.024199 0.077350 0.033410 -0.013111 0.007551
0.203590 0.318648 -0.023515 0.078092 0.032327 -0.013296 0.007868
0.205808 0.318230 -0.022854 0.078823 0.031281 -0.013473 0.008179
0.207963 0.317825 -0.022215 0.079545 0.030271 -0.013645 0.008483
0.210055 0.317434 -0.021598 0.080258 0.029296 -0.013810 0.008780
0.212088 0.317058 -0.021003 0.080962 0.028356 -0.013970 0.009071
0.214062 0.316698 -0.020428 0.081658 0.027448 -0.014125 0.009357
0.215979 0.316353 -0.019873 0.082345 0.026573 -0.014274 0.009637
0.217842 0.316025 -0.019337 0.083026 0.025728 -0.014418 0.009911
0.219653 0.315714 -0.018821 0.083700 0.024913 -0.014557 0.010180
0.221412 0.315421 -0.018322 0.084368 0.024127 -0.014693 0.010444
0.223123 0.315146 -0.017841 0.085030 0.023370 -0.014823 0.010704
0.224786 0.314890 -0.017377 0.085687 0.022640 -0.014950 0.010959
0.226404 0.314654 -0.016929 0.086341 0.021937 -0.015073 0.011210
0.227979 0.314437 -0.016498 0.086990 0.021259 -0.015193 0.011457
0.229511 0.314242 -0.016082 0.087637 0.020606 -0.015309 0.011701
0.231004 0.314068 -0.015682 0.088282 0.019978 -0.015422 0.011941
0.232458 0.313916 -0.015296 0.088925 0.019373 -0.015532 0.012178
0.233876 0.313787 -0.014925 0.089567 0.018791 -0.015639 0.012412
0.235258 0.313682 -0.014567 0.090209 0.018231 -0.015743 0.012644
0.236608 0.313600 -0.014223 0.090852 0.017693 -0.015846 0.012873
0.237925 0.313543 -0.013892 0.091496 0.017176 -0.015946 0.013100
0.239212 0.313511 -0.013574 0.092142 0.016679 -0.016043 0.013325
0.240470 0.313505 -0.013269 0.092791 0.016203 -0.016139 0.013549
0.241700 0.313526 -0.012975 0.093444 0.015745 -0.016234 0.013771
0.242904 0.313574 -0.012693 0.094101 0.015307 -0.016326 0.013992
0.244083 0.313651 -0.012423 0.094762 0.014886 -0.016418 0.014212
0.245238 0.313756 -0.012164 0.095430 0.014484 -0.016508 0.014432
0.246371 0.313891 -0.011915 0.096103 0.014099 -0.016597 0.014651
0.247481 0.314056 -0.011678 0.096784 0.013731 -0.016685 0.014870
0.248570 0.314253 -0.011450 0.097472 0.013380 -0.016772 0.015089
0.249640 0.314482 -0.011233 0.098169 0.013045 -0.016858 0.015308
0.250689 0.314743 -0.011025 0.098874 0.012725 -0.016944 0.015527
0.251720 0.315039 -0.010827 0.099589 0.012421 -0.017030 0.015748
0.252731 0.315369 -0.010639 0.100314 0.012133 -0.017116 0.015969
0.253725 0.315734 -0.010459 0.101050 0.011859 -0.017201 0.016191
0.254700 0.316136 -0.010289 0.101797 0.011599 -0.017286 0.016415
0.255656 0.316575 -0.010127 0.102555 0.011354 -0.017372 0.016639
0.256595 0.317053 -0.009974 0.103326 0.011123 -0.017458 0.016866
0.257514 0.317570 -0.009830 0.104109 0.010905 -0.017544 0.017094
0.258413 0.318128 -0.009693 0.104905 0.010701 -0.017631 0.017325
0.259293 0.318727 -0.009565 0.105714 0.010510 -0.017719 0.017557
0.260150 0.319369 -0.009444 0.106537 0.010332 -0.017808 0.017792
0.260985 0.320055 -0.009331 0.107373 0.010167 -0.017897 0.018029
0.261796 0.320785 -0.009226 0.108224 0.010014 -0.017988 0.018269
0.262580 0.321562 -0.009128 0.109088 0.009874 -0.018080 0.018512
0.263335 0.322386 -0.009038 0.109967 0.009746 -0.018173 0.018757
0.264057 0.323258 -0.008954 0.110861 0.009631 -0.018268 0.019006
0.264743 0.324181 -0.008877 0.111768 0.009527 -0.018364 0.019258
0.265388 0.325156 -0.008808 0.112691 0.009436 -0.018463 0.019513
0.265984 0.326183 -0.008744 0.113628 0.009357 -0.018563 0.019772
0.266521 0.327264 -0.008686 0.114579 0.009289 -0.018664 0.020034
0.266986 0.328402 -0.008634 0.115543 0.009234 -0.018768 0.020301
0.267362 0.329598 -0.008587 0.116515 0.009192 -0.018874 0.020569
0.267623 0.330853 -0.008545 0.117483 0.009162 -0.018982 0.020836
0.267740 0.332170 -0.008507 0.118405 0.009144 -0.019093 0.021085
0.267696 0.333550 -0.008478 0.119153 0.009137 -0.019205 0.021270
0.267538 0.334994 -0.008482 0.119311 0.009129 -0.019328 0.021328
0.267137 0.336507 -0.008492 0.119253 0.009117 -0.019460 0.021327
