0.000000 -0.000000 0.000000 0.000000 0.000000 -0.000000 0.000000
0.008666 -0.035960 0.485047 -0.191869 -0.822379 0.245031 0.110309
0.000338 -0.078569 0.972207 -0.418598 -1.645619 0.485526 0.201592
-0.017366 -0.125849 1.462659 -0.652536 -2.469272 0.717203 0.286213
-0.035586 -0.176837 1.956304 -0.887159 -3.294584 0.941929 0.368087
-0.048082 -0.230704 2.453230 -1.122571 -4.122818 1.161263 0.448232
-0.051342 -0.286660 2.953712 -1.360764 -4.955154 1.376392 0.526750
-0.043836 -0.343926 3.458155 -1.604114 -5.792699 1.588251 0.603487
-0.025218 -0.401734 3.967036 -1.854917 -6.636512 1.797613 0.678245
0.004313 -0.459329 4.480862 -2.115197 -7.487628 2.005171 0.750884
0.044459 -0.515988 5.000128 -2.386398 -8.347077 2.211606 0.821446
0.094968 -0.571071 5.525322 -2.668492 -9.215879 2.417638 0.890516
0.152550 -0.623903 6.049791 -2.959950 -10.083536 2.621376 0.956597
0.212795 -0.673813 6.574426 -3.262333 -10.950885 2.822985 1.019492
0.272580 -0.720208 7.099998 -3.576416 -11.818809 3.022759 1.079293
0.329659 -0.762539 7.627206 -3.902804 -12.688224 3.221041 1.136146
0.382354 -0.800285 8.156699 -4.242082 -13.560063 3.418187 1.190187
0.429372 -0.832954 8.689100 -4.594836 -14.435273 3.614559 1.241533
0.469711 -0.860071 9.225009 -4.961630 -15.314813 3.810520 1.290297
0.502640 -0.881189 9.765000 -5.342951 -16.199652 4.006447 1.336606
0.527708 -0.895902 10.309605 -5.739039 -17.090774 4.202769 1.380637
0.544116 -0.903849 10.859371 -6.149737 -17.989157 4.399956 1.422703
0.549929 -0.904919 11.407717 -6.572624 -18.884318 4.595588 1.461533
0.544345 -0.898860 11.955307 -7.007477 -19.777216 4.789943 1.497494
0.526986 -0.885402 12.502760 -7.454473 -20.668821 4.983290 1.530794
0.497682 -0.864268 13.050684 -7.913946 -21.560108 5.175888 1.561577
0.456375 -0.835180 13.599672 -8.386291 -22.452053 5.367995 1.589963
0.403061 -0.797852 14.150311 -8.871929 -23.345635 5.559862 1.616060
0.337757 -0.751995 14.703187 -9.371279 -24.241834 5.751744 1.639983
0.260455 -0.697321 15.258884 -9.884709 -25.141640 5.943901 1.661862
0.171057 -0.633548 15.817981 -10.412425 -26.046046 6.136617 1.681891
0.069195 -0.560447 16.381043 -10.954164 -26.956061 6.330283 1.700411
-0.046337 -0.478407 16.941447 -11.507059 -27.861333 6.522411 1.716349
-0.176415 -0.387375 17.499851 -12.070087 -28.762893 6.713490 1.730413
-0.322253 -0.287523 18.056697 -12.640289 -29.661739 6.903785 1.742643
-0.486207 -0.179397 18.612336 -13.211854 -30.558702 7.092593 1.750971
-0.668459 -0.062987 19.167259 -13.784573 -31.454862 7.280709 1.756509
-0.868934 0.061768 19.721958 -14.358456 -32.351228 7.468470 1.759434
-1.087365 0.194897 20.276831 -14.933509 -33.248811 7.656238 1.759847
-1.323319 0.336399 20.832029 -15.509641 -34.148624 7.844499 1.757952
-1.576930 0.486488 21.388587 -16.087023 -35.051636 8.033167 1.753687
-1.848045 0.645269 21.947063 -16.665700 -35.958835 8.222441 1.747030
-2.136088 0.812121 22.501076 -17.245213 -36.860123 8.410139 1.737914
-2.440533 0.987027 23.051166 -17.825592 -37.756499 8.596505 1.726366
-2.760787 1.169968 23.597936 -18.406856 -38.648962 8.781748 1.712489
-3.096193 1.360919 24.142003 -18.989025 -39.538507 8.966074 1.696393
-3.446035 1.559846 24.684001 -19.572120 -40.426128 9.149681 1.678191
-3.809554 1.766703 25.224593 -20.156164 -41.312818 9.332761 1.658002
-4.185973 1.981437 25.764492 -20.741177 -42.199570 9.515493 1.635967
-4.574571 2.203990 26.304478 -21.327170 -43.087385 9.698068 1.612304
-4.974862 2.434265 26.845285 -21.914081 -43.977326 9.880932 1.587460
-5.386467 2.672281 27.387085 -22.501986 -44.870337 10.064225 1.561017
-5.808831 2.917069 27.923623 -23.090386 -45.756583 10.245771 1.532985
-6.241813 3.168488 28.455161 -23.679263 -46.637066 10.425936 1.503330
-6.685263 3.426431 28.982171 -24.268582 -47.512786 10.605007 1.472186
-7.138966 3.690790 29.505175 -24.858311 -48.384740 10.783253 1.439710
-7.602625 3.961447 30.024717 -25.448418 -49.253922 10.960937 1.406061
-8.075871 4.238279 30.541357 -26.038873 -50.121323 11.138319 1.371395
-8.558258 4.521151 31.055650 -26.629649 -50.987934 11.315663 1.335853
-9.049265 4.809908 31.568092 -27.220714 -51.854740 11.493236 1.299544
-9.548281 5.104363 32.079202 -27.812042 -52.722717 11.671244 1.262548
-10.054644 5.404320 32.589517 -28.403672 -53.592872 11.850024 1.224814
-10.567004 5.708563 33.093736 -28.995127 -54.455714 12.027298 1.186709
-11.084529 6.016799 33.592280 -29.586420 -55.312225 12.203370 1.148147
-11.606451 6.328807 34.085841 -30.177554 -56.163386 12.378461 1.109236
-12.132036 6.644375 34.575142 -30.768533 -57.010174 12.552783 1.070099
-12.660585 6.963306 35.060905 -31.359364 -57.853560 12.726546 1.030854
-13.191439 7.285406 35.543852 -31.950053 -58.694511 12.899960 0.991613
-13.723981 7.610495 36.024704 -32.540612 -59.533993 13.073235 0.952478
-14.257629 7.938398 36.504165 -33.131050 -60.372967 13.246586 0.913543
-14.791831 8.268929 36.982869 -33.721385 -61.212394 13.420244 0.874849
-15.325983 8.601798 37.461004 -34.311646 -62.053210 13.594522 0.836143
-15.858766 8.935744 37.933940 -34.901385 -62.886332 13.767171 0.797971
-16.389586 9.270461 38.401927 -35.490630 -63.712692 13.938499 0.760123
-16.917971 9.605763 38.865613 -36.079400 -64.533235 14.108733 0.722640
-17.443510 9.941495 39.325702 -36.667715 -65.348903 14.278080 0.685593
-17.965841 10.277525 39.782907 -37.255596 -66.160628 14.446745 0.649055
-18.484646 10.613733 40.237933 -37.843067 -66.969338 14.614930 0.613092
-18.999648 10.950014 40.691474 -38.430152 -67.775959 14.782838 0.577763
-19.510604 11.286271 41.144194 -39.016876 -68.581411 14.950681 0.543110
-20.017284 11.622383 41.596632 -39.603267 -69.386609 15.118687 0.509111
-20.519363 11.958097 42.048786 -40.189365 -70.192421 15.287134 0.475420
-21.015726 12.292286 42.496755 -40.774756 -70.990247 15.453872 0.442774
-21.506049 12.624702 42.940600 -41.359477 -71.780952 15.619181 0.410873
-21.990163 12.955249 43.380860 -41.943555 -72.565434 15.783290 0.379697
-22.467961 13.283878 43.818168 -42.527019 -73.344586 15.946403 0.349275
-22.939382 13.610562 44.253164 -43.109899 -74.119293 16.108723 0.319641
-23.404402 13.935289 44.686478 -43.692224 -74.890437 16.270449 0.290821
-23.863028 14.258052 45.118706 -44.274026 -75.658889 16.431782 0.262831
-24.315287 14.578840 45.550382 -44.855330 -76.425518 16.592929 0.235663
-24.761152 14.897575 45.981764 -45.436150 -77.191164 16.754123 0.209194
-25.200446 15.214044 46.412588 -46.016522 -77.956618 16.915622 0.183001
-25.632257 15.527386 46.839855 -46.596097 -78.713849 17.075426 0.158029
-26.056449 15.837459 47.263530 -47.174924 -79.463650 17.233751 0.133947
-26.473053 16.144280 47.684055 -47.753042 -80.206862 17.390803 0.110696
-26.882165 16.447918 48.101983 -48.330489 -80.944324 17.546774 0.088271
-27.283918 16.748465 48.517882 -48.907306 -81.676867 17.701850 0.066678
-27.678470 17.046028 48.932312 -49.483533 -82.405318 17.856216 0.045921
-28.065999 17.340718 49.345809 -50.059208 -83.130495 18.010058 0.025996
-28.446685 17.632639 49.758840 -50.634370 -83.853211 18.163570 0.006870
-28.820668 17.921845 50.171680 -51.209056 -84.574260 18.316958 -0.011574
-29.187908 18.208232 50.584022 -51.783308 -85.294364 18.470403 -0.029746
-29.547578 18.491101 50.993266 -52.356787 -86.006057 18.622118 -0.046669
-29.899613 18.770367 51.399153 -52.929530 -86.710060 18.772307 -0.062720
-30.244143 19.046101 51.801941 -53.501560 -87.407149 18.921211 -0.078009
-30.581371 19.318407 52.202005 -54.072869 -88.098109 19.069157 -0.092572
-30.911588 19.587322 52.599717 -54.643311 -88.783758 19.216872 -0.106385
-31.235326 19.852651 52.995620 -55.211603 -89.464815 19.364017 -0.119516
-31.553382 20.114017 53.390435 -55.775929 -90.141976 19.509831 -0.131998
-31.866192 20.371254 53.784509 -56.335568 -90.816014 19.654770 -0.143851
-32.174019 20.624248 54.177961 -56.890104 -91.487669 19.799214 -0.155212
-32.476915 20.872744 54.570398 -57.439151 -92.157607 19.943500 -0.166458
-32.774309 21.115987 54.959919 -57.981557 -92.818963 20.085443 -0.176564
-33.066173 21.353820 55.346218 -58.517135 -93.472399 20.225342 -0.185870
-33.352607 21.586330 55.729472 -59.045927 -94.118631 20.363465 -0.194496
-33.633751 21.813714 56.110026 -59.568115 -94.758375 20.500052 -0.202488
-33.909762 22.036217 56.488275 -60.083950 -95.392348 20.635322 -0.209875
-34.180806 22.254098 56.864614 -60.593705 -96.021255 20.769488 -0.216682
-34.447059 22.467606 57.239406 -61.097633 -96.645795 20.902762 -0.222945
-34.708691 22.676941 57.612934 -61.595926 -97.266653 21.035360 -0.228737
-34.965825 22.882205 57.985287 -62.088666 -97.884489 21.167505 -0.234206
-35.218429 23.083301 58.356091 -62.575766 -98.499894 21.299400 -0.239709
-35.465927 23.279717 58.723889 -63.056432 -99.106693 21.429146 -0.244157
-35.708267 23.471371 59.088359 -63.530581 -99.705473 21.556956 -0.247877
-35.945552 23.658375 59.449609 -63.998284 -100.296873 21.683049 -0.251005
-36.177943 23.840932 59.807910 -64.459711 -100.881542 21.807629 -0.253608
-36.405625 24.019283 60.163584 -64.915087 -101.460122 21.930893 -0.255728
-36.628791 24.193677 60.516959 -65.364646 -102.033251 22.053027 -0.257405
-36.847639 24.364348 60.868332 -65.808605 -102.601558 22.174219 -0.258688
-37.062351 24.531485 61.217923 -66.247123 -103.165655 22.294655 -0.259658
-37.273050 24.695186 61.565777 -66.680265 -103.726132 22.414518 -0.260469
-37.479698 24.855378 61.911539 -67.107955 -104.283510 22.533958 -0.261440
-37.681771 25.011689 62.254086 -67.529567 -104.832321 22.651385 -0.261494
-37.879213 25.164059 62.593098 -67.945026 -105.373083 22.766959 -0.260933
-38.072128 25.312588 62.928634 -68.354384 -105.906360 22.880860 -0.259897
-38.260683 25.457454 63.260901 -68.757780 -106.432727 22.993263 -0.258462
-38.445070 25.598870 63.590161 -69.155396 -106.952757 23.104338 -0.256681
-38.625489 25.737054 63.916682 -69.547427 -107.467016 23.214248 -0.254599
-38.802138 25.872207 64.240708 -69.934052 -107.976059 23.323155 -0.252272
-38.975196 26.004490 64.562412 -70.315401 -108.480429 23.431215 -0.249784
-39.144775 26.133988 64.881812 -70.691527 -108.980644 23.538576 -0.247277
-39.310829 26.260647 65.198596 -71.062366 -109.477161 23.645346 -0.245031
-39.472897 26.384195 65.511897 -71.427433 -109.965230 23.750225 -0.242033
-39.630918 26.504587 65.821425 -71.786666 -110.445300 23.853328 -0.238551
-39.784987 26.621903 66.127207 -72.140105 -110.917866 23.954800 -0.234718
-39.935262 26.736290 66.429403 -72.487862 -111.383429 24.054786 -0.230610
-40.081926 26.847922 66.728225 -72.830088 -111.842490 24.153430 -0.226283
-40.225171 26.956976 67.023893 -73.166945 -112.295542 24.250869 -0.221785
-40.365182 27.063617 67.316606 -73.498579 -112.743070 24.347240 -0.217171
-40.502121 27.167974 67.606503 -73.825101 -113.185546 24.442672 -0.212519
-40.636087 27.270113 67.893593 -74.146555 -113.623417 24.537281 -0.207957
-40.767033 27.369994 68.177611 -74.462893 -114.057082 24.631145 -0.203720
-40.894562 27.467420 68.457903 -74.773753 -114.482514 24.723225 -0.198900
-41.018616 27.562353 68.734218 -75.079086 -114.900103 24.813604 -0.193723
-41.139274 27.654854 69.006567 -75.378926 -115.310270 24.902394 -0.188309
-41.256679 27.745035 69.275074 -75.673367 -115.713447 24.989715 -0.182731
-41.370994 27.833030 69.539913 -75.962532 -116.110063 25.075683 -0.177039
-41.482393 27.918977 69.801263 -76.246558 -116.500540 25.160412 -0.171280
-41.591039 28.003003 70.059289 -76.525569 -116.885292 25.244014 -0.165504
-41.697074 28.085205 70.314106 -76.799658 -117.264723 25.326592 -0.159780
-41.800581 28.165632 70.565720 -77.068870 -117.639212 25.408238 -0.154214
-41.901519 28.244253 70.813925 -77.333170 -118.009098 25.489006 -0.148997
-41.999559 28.320929 71.058237 -77.592305 -118.371093 25.568095 -0.143354
-42.094650 28.395628 71.298457 -77.846240 -118.725523 25.645562 -0.137470
-42.186858 28.468392 71.534589 -78.095009 -119.072745 25.721495 -0.131445
-42.276302 28.539302 71.766734 -78.338692 -119.413121 25.795986 -0.125342
-42.363124 28.608455 71.995032 -78.577395 -119.747010 25.869129 -0.119205
-42.447471 28.675954 72.219632 -78.811232 -120.074765 25.941016 -0.113076
-42.529480 28.741891 72.440670 -79.040310 -120.396732 26.011736 -0.106995
-42.609272 28.806337 72.658244 -79.264714 -120.713247 26.081370 -0.101020
-42.686916 28.869328 72.872368 -79.484487 -121.024626 26.149988 -0.095233
-42.762379 28.930840 73.082894 -79.699620 -121.331152 26.217631 -0.089781
-42.835408 28.990780 73.289487 -79.909945 -121.630281 26.283709 -0.084042
-42.905963 29.049122 73.491999 -80.115450 -121.922283 26.348264 -0.078159
-42.974097 29.105895 73.690441 -80.316172 -122.207451 26.411360 -0.072211
-43.039907 29.161154 73.884896 -80.512182 -122.486081 26.473070 -0.066248
-43.103508 29.214967 74.075479 -80.703573 -122.758465 26.533465 -0.060306
-43.165019 29.267406 74.262313 -80.890444 -123.024891 26.592618 -0.054416
-43.224553 29.318537 74.445512 -81.072891 -123.285641 26.650597 -0.048610
-43.282204 29.368411 74.625163 -81.250993 -123.540985 26.707465 -0.042929
-43.338033 29.417054 74.801293 -81.424801 -123.791180 26.763275 -0.037434
-43.392022 29.464453 74.973816 -81.594327 -124.036458 26.818059 -0.032227
-43.443997 29.510553 75.142524 -81.759486 -124.275026 26.871421 -0.026855
-43.493934 29.555338 75.307328 -81.920287 -124.507104 26.923390 -0.021418
-43.541878 29.598827 75.468251 -82.076774 -124.732925 26.974014 -0.015972
-43.587904 29.641059 75.625364 -82.229019 -124.952723 27.023348 -0.010553
-43.632101 29.682081 75.778765 -82.377104 -125.166730 27.071446 -0.005187
-43.674561 29.721941 75.928554 -82.521122 -125.375173 27.118362 0.000107
-43.715370 29.760688 76.074829 -82.661159 -125.578271 27.164147 0.005306
-43.754605 29.798358 76.217670 -82.797296 -125.776238 27.208848 0.010386
-43.792317 29.834975 76.357123 -82.929596 -125.969276 27.252508 0.015309
-43.828511 29.870542 76.493164 -83.058099 -126.157571 27.295151 0.020016
-43.863098 29.905035 76.625704 -83.182790 -126.340090 27.336559 0.024781
-43.896077 29.938456 76.754715 -83.303709 -126.517009 27.376757 0.029547
-43.927487 29.970820 76.880236 -83.420912 -126.688508 27.415781 0.034281
-43.957386 30.002157 77.002334 -83.534473 -126.854766 27.453669 0.038961
-43.985841 30.032501 77.121093 -83.644475 -127.015961 27.490461 0.043574
-44.012918 30.061888 77.236597 -83.751004 -127.172264 27.526195 0.048109
-44.038683 30.090354 77.348932 -83.854148 -127.323843 27.560910 0.052558
-44.063197 30.117931 77.458178 -83.953993 -127.470860 27.594640 0.056910
-44.086509 30.144648 77.564401 -84.050618 -127.613471 27.627417 0.061152
-44.108655 30.170523 77.667644 -84.144095 -127.751821 27.659267 0.065264
-44.129636 30.195570 77.767928 -84.234478 -127.885650 27.690138 0.069339
-44.149479 30.219806 77.865292 -84.321835 -128.015097 27.720055 0.073357
-44.168226 30.243255 77.959796 -84.406243 -128.140297 27.749043 0.077308
-44.185925 30.265941 78.051507 -84.487779 -128.261385 27.777133 0.081185
-44.202622 30.287892 78.140497 -84.566524 -128.378492 27.804350 0.084984
-44.218365 30.309134 78.226839 -84.642560 -128.491744 27.830724 0.088704
-44.233201 30.329694 78.310605 -84.715968 -128.601266 27.856280 0.092343
-44.247173 30.349599 78.391865 -84.786829 -128.707176 27.881043 0.095900
-44.260325 30.368874 78.470689 -84.855224 -128.809589 27.905037 0.099375
-44.272698 30.387542 78.547146 -84.921229 -128.908618 27.928287 0.102768
-44.284331 30.405627 78.621299 -84.984922 -129.004370 27.950815 0.106080
-44.295261 30.423152 78.693215 -85.046376 -129.096951 27.972643 0.109311
-44.305524 30.440136 78.762954 -85.105664 -129.186460 27.993792 0.112461
-44.315154 30.456600 78.830578 -85.162857 -129.272997 28.014283 0.115532
-44.324184 30.472562 78.896147 -85.218022 -129.356656 28.034135 0.118524
-44.332645 30.488041 78.959717 -85.271227 -129.437529 28.053368 0.121438
-44.340565 30.503053 79.021344 -85.322535 -129.515704 28.072000 0.124276
-44.347973 30.517614 79.081083 -85.372009 -129.591266 28.090049 0.127038
-44.354896 30.531740 79.138987 -85.419709 -129.664299 28.107533 0.129726
-44.361358 30.545444 79.195108 -85.465693 -129.734883 28.124467 0.132340
-44.367385 30.558740 79.249494 -85.510019 -129.803095 28.140869 0.134883
-44.372999 30.571642 79.302195 -85.552741 -129.869009 28.156753 0.137355
-44.378221 30.584161 79.353258 -85.593911 -129.932699 28.172136 0.139757
-44.383072 30.596308 79.402729 -85.633582 -129.994233 28.187032 0.142092
-44.387572 30.608096 79.450652 -85.671803 -130.053681 28.201454 0.144359
-44.391740 30.619533 79.497071 -85.708622 -130.111106 28.215417 0.146562
-44.395592 30.630630 79.542029 -85.744085 -130.166572 28.228934 0.148701
-44.399146 30.641396 79.585565 -85.778237 -130.220140 28.242018 0.150777
-44.402417 30.651841 79.627721 -85.811122 -130.271869 28.254682 0.152792
-44.405420 30.661971 79.668533 -85.842781 -130.321816 28.266936 0.154747
-44.408169 30.671796 79.708041 -85.873254 -130.370035 28.278794 0.156644
-44.410677 30.681323 79.746280 -85.902581 -130.416580 28.290266 0.158484
-44.412958 30.690560 79.783286 -85.930800 -130.461502 28.301363 0.160269
-44.415022 30.699512 79.819092 -85.957946 -130.504851 28.312096 0.161999
-44.416882 30.708187 79.853733 -85.984055 -130.546673 28.322474 0.163677
-44.418547 30.716591 79.887240 -86.009161 -130.587015 28.332509 0.165303
-44.420027 30.724729 79.919646 -86.033296 -130.625923 28.342208 0.166879
-44.421332 30.732608 79.950979 -86.056492 -130.663437 28.351582 0.168407
-44.422471 30.740233 79.981270 -86.078779 -130.699601 28.360639 0.169887
-44.423451 30.747608 80.010547 -86.100187 -130.734453 28.369389 0.171320
-44.424281 30.754740 80.038838 -86.120743 -130.768032 28.377838 0.172709
-44.424968 30.761631 80.066170 -86.140475 -130.800375 28.385996 0.174054
-44.425519 30.768288 80.092568 -86.159409 -130.831518 28.393870 0.175357
-44.425939 30.774714 80.118057 -86.177570 -130.861496 28.401467 0.176619
-44.426236 30.780913 80.142662 -86.194982 -130.890340 28.408795 0.177840
-44.426414 30.786889 80.166407 -86.211668 -130.918084 28.415861 0.179023
-44.426479 30.792646 80.189313 -86.227652 -130.944757 28.422671 0.180168
-44.426435 30.798188 80.211403 -86.242953 -130.970390 28.429232 0.181277
-44.426287 30.803517 80.232697 -86.257593 -130.995010 28.435550 0.182350
-44.426040 30.808637 80.253217 -86.271592 -131.018645 28.441631 0.183388
-44.425697 30.813550 80.272982 -86.284968 -131.041320 28.447481 0.184394
-44.425261 30.818261 80.292011 -86.297740 -131.063061 28.453105 0.185367
-44.424737 30.822772 80.310322 -86.309925 -131.083892 28.458509 0.186308
-44.424126 30.827084 80.327933 -86.321540 -131.103836 28.463697 0.187219
-44.423432 30.831202 80.344860 -86.332600 -131.122915 28.468676 0.188101
-44.422658 30.835126 80.361121 -86.343121 -131.141150 28.473449 0.188954
-44.421805 30.838860 80.376730 -86.353118 -131.158561 28.478020 0.189779
-44.420876 30.842406 80.391703 -86.362604 -131.175167 28.482396 0.190578
-44.419872 30.845766 80.406054 -86.371593 -131.190987 28.486578 0.191350
-44.418796 30.848941 80.419796 -86.380096 -131.206038 28.490572 0.192098
-44.417649 30.851933 80.432944 -86.388126 -131.220336 28.494381 0.192821
-44.416432 30.854745 80.445509 -86.395695 -131.233899 28.498009 0.193520
-44.415146 30.857377 80.457505 -86.402812 -131.246740 28.501459 0.194196
-44.413792 30.859832 80.468941 -86.409489 -131.258873 28.504734 0.194850
-44.412372 30.862110 80.479829 -86.415733 -131.270313 28.507838 0.195483
-44.410885 30.864214 80.490179 -86.421556 -131.281072 28.510773 0.196095
-44.409333 30.866143 80.500002 -86.426964 -131.291161 28.513542 0.196686
-44.407715 30.867900 80.509306 -86.431967 -131.300592 28.516148 0.197258
-44.406032 30.869486 80.518100 -86.436570 -131.309375 28.518593 0.197811
-44.404284 30.870901 80.526392 -86.440782 -131.317520 28.520879 0.198345
-44.402471 30.872145 80.534191 -86.444607 -131.325036 28.523009 0.198861
-44.400592 30.873221 80.541502 -86.448053 -131.331931 28.524985 0.199360
-44.398648 30.874129 80.548334 -86.451124 -131.338212 28.526807 0.199841
-44.396638 30.874869 80.554691 -86.453826 -131.343888 28.528479 0.200306
-44.394562 30.875441 80.560581 -86.456162 -131.348963 28.530001 0.200755
-44.392418 30.875847 80.566007 -86.458136 -131.353443 28.531374 0.201188
-44.390206 30.876086 80.570975 -86.459752 -131.357334 28.532601 0.201606
-44.387925 30.876159 80.575489 -86.461013 -131.360639 28.533681 0.202009
-44.385575 30.876065 80.579552 -86.461921 -131.363362 28.534617 0.202397
-44.383153 30.875806 80.583169 -86.462478 -131.365506 28.535408 0.202771
-44.380659 30.875381 80.586341 -86.462685 -131.367074 28.536056 0.203131
-44.378092 30.874789 80.589071 -86.462544 -131.368067 28.536561 0.203477
-44.375449 30.874031 80.591362 -86.462054 -131.368486 28.536923 0.203810
-44.372730 30.873107 80.593214 -86.461217 -131.368331 28.537142 0.204130
-44.369932 30.872016 80.594628 -86.460032 -131.367602 28.537219 0.204436
-44.367055 30.870757 80.595605 -86.458498 -131.366299 28.537154 0.204730
-44.364094 30.869330 80.596145 -86.456614 -131.364419 28.536945 0.205011
-44.361050 30.867736 80.596247 -86.454378 -131.361961 28.536594 0.205279
-44.357919 30.865972 80.595911 -86.451787 -131.358922 28.536099 0.205536
-44.354700 30.864038 80.595135 -86.448840 -131.355298 28.535460 0.205779
-44.351389 30.861933 80.593918 -86.445533 -131.351085 28.534676 0.206011
-44.347984 30.859657 80.592256 -86.441862 -131.346279 28.533746 0.206231
-44.344482 30.857209 80.590148 -86.437824 -131.340873 28.532669 0.206438
-44.340881 30.854586 80.587589 -86.433414 -131.334862 28.531444 0.206634
-44.337178 30.851789 80.584577 -86.428626 -131.328240 28.530070 0.206817
-44.333368 30.848816 80.581107 -86.423456 -131.320998 28.528544 0.206989
-44.329449 30.845666 80.577175 -86.417897 -131.313128 28.526866 0.207148
-44.325418 30.842336 80.572774 -86.411943 -131.304622 28.525034 0.207296
-44.321270 30.838827 80.567901 -86.405587 -131.295470 28.523045 0.207431
-44.317002 30.835135 80.562548 -86.398820 -131.285662 28.520898 0.207554
-44.312609 30.831260 80.556708 -86.391636 -131.275187 28.518590 0.207665
-44.308087 30.827200 80.550376 -86.384025 -131.264033 28.516118 0.207763
-44.303432 30.822953 80.543542 -86.375978 -131.252187 28.513482 0.207849
-44.298639 30.818516 80.536199 -86.367486 -131.239637 28.510677 0.207921
-44.293704 30.813889 80.528339 -86.358538 -131.226368 28.507700 0.207981
-44.288620 30.809068 80.519952 -86.349123 -131.212366 28.504549 0.208028
-44.283382 30.804052 80.511028 -86.339230 -131.197614 28.501221 0.208062
-44.277986 30.798839 80.501556 -86.328846 -131.182097 28.497711 0.208082
-44.272424 30.793425 80.491527 -86.317959 -131.165796 28.494017 0.208088
-44.266692 30.787809 80.480929 -86.306556 -131.148695 28.490135 0.208080
-44.260781 30.781989 80.469749 -86.294621 -131.130773 28.486061 0.208058
-44.254686 30.775960 80.457976 -86.282142 -131.112010 28.481790 0.208021
-44.248399 30.769722 80.445596 -86.269102 -131.092387 28.477318 0.207969
-44.241913 30.763270 80.432595 -86.255485 -131.071880 28.472641 0.207902
-44.235220 30.756602 80.418958 -86.241274 -131.050467 28.467754 0.207820
-44.228312 30.749716 80.404672 -86.226452 -131.028125 28.462653 0.207721
-44.221180 30.742607 80.389720 -86.211000 -131.004828 28.457331 0.207606
-44.213816 30.735272 80.374087 -86.194899 -130.980550 28.451785 0.207474
-44.206210 30.727709 80.357754 -86.178130 -130.955264 28.446007 0.207325
-44.198352 30.719914 80.340705 -86.160671 -130.928942 28.439993 0.207159
-44.190233 30.711883 80.322921 -86.142500 -130.901556 28.433737 0.206974
-44.181841 30.703612 80.304383 -86.123596 -130.873073 28.427232 0.206771
-44.173165 30.695099 80.285072 -86.103935 -130.843463 28.420471 0.206550
-44.164194 30.686338 80.264967 -86.083492 -130.812693 28.413449 0.206308
-44.154915 30.677326 80.244047 -86.062242 -130.780729 28.406158 0.206047
-44.145316 30.668058 80.222290 -86.040159 -130.747534 28.398591 0.205766
-44.135383 30.658531 80.199673 -86.017216 -130.713073 28.390740 0.205463
-44.125102 30.648739 80.176173 -85.993383 -130.677306 28.382599 0.205139
-44.114459 30.638679 80.151765 -85.968632 -130.640195 28.374158 0.204794
-44.103438 30.628345 80.126425 -85.942932 -130.601698 28.365409 0.204426
-44.092023 30.617733 80.100125 -85.916252 -130.561772 28.356344 0.204035
-44.080198 30.606836 80.072839 -85.888558 -130.520372 28.346954 0.203620
-44.067946 30.595651 80.044539 -85.859816 -130.477454 28.337230 0.203181
-44.055247 30.584171 80.015197 -85.829992 -130.432969 28.327162 0.202718
-44.042083 30.572391 79.984783 -85.799048 -130.386869 28.316740 0.202230
-44.028433 30.560304 79.953266 -85.766946 -130.339101 28.305954 0.201716
-44.014278 30.547906 79.920613 -85.733648 -130.289614 28.294794 0.201176
-43.999596 30.535188 79.886794 -85.699112 -130.238351 28.283249 0.200609
-43.984362 30.522145 79.851773 -85.663297 -130.185258 28.271307 0.200015
-43.968555 30.508770 79.815516 -85.626158 -130.130274 28.258956 0.199393
-43.952149 30.495055 79.777987 -85.587651 -130.073339 28.246185 0.198742
-43.935118 30.480993 79.739148 -85.547729 -130.014390 28.232981 0.198063
-43.917435 30.466576 79.698963 -85.506343 -129.953362 28.219331 0.197355
-43.899073 30.451795 79.657390 -85.463444 -129.890187 28.205221 0.196617
-43.880001 30.436643 79.614389 -85.418980 -129.824795 28.190639 0.195848
-43.860189 30.421110 79.569919 -85.372898 -129.757115 28.175569 0.195049
-43.839605 30.405187 79.523936 -85.325141 -129.687071 28.159997 0.194219
-43.818215 30.388863 79.476395 -85.275654 -129.614586 28.143908 0.193358
-43.795986 30.372130 79.427251 -85.224376 -129.539580 28.127286 0.192465
-43.772880 30.354974 79.376455 -85.171248 -129.461970 28.110114 0.191540
-43.748859 30.337386 79.323959 -85.116205 -129.381671 28.092375 0.190583
-43.723886 30.319354 79.269713 -85.059184 -129.298593 28.074053 0.189594
-43.697917 30.300863 79.213664 -85.000116 -129.212646 28.055128 0.188572
-43.670911 30.281902 79.155759 -84.938932 -129.123735 28.035583 0.187517
-43.642824 30.262456 79.095942 -84.875561 -129.031761 28.015398 0.186430
-43.613609 30.242511 79.034157 -84.809928 -128.936622 27.994553 0.185309
-43.583217 30.222049 78.970344 -84.741957 -128.838216 27.973027 0.184157
-43.551600 30.201056 78.904443 -84.671570 -128.736432 27.950799 0.182971
-43.518705 30.179514 78.836392 -84.598685 -128.631158 27.927847 0.181754
-43.484477 30.157403 78.766126 -84.523218 -128.522280 27.904147 0.180505
-43.448861 30.134705 78.693578 -84.445083 -128.409676 27.879676 0.179224
-43.411799 30.111398 78.618679 -84.364190 -128.293223 27.854410 0.177913
-43.373230 30.087461 78.541359 -84.280449 -128.172793 27.828322 0.176571
-43.333090 30.062871 78.461546 -84.193763 -128.048253 27.801387 0.175199
-43.291316 30.037601 78.379162 -84.104035 -127.919466 27.773577 0.173799
-43.247840 30.011628 78.294131 -84.011165 -127.786290 27.744864 0.172370
-43.202592 29.984921 78.206371 -83.915049 -127.648580 27.715218 0.170915
-43.155498 29.957453 78.115800 -83.815581 -127.506183 27.684609 0.169435
-43.106485 29.929191 78.022333 -83.712650 -127.358943 27.653005 0.167930
-43.055475 29.900102 77.925880 -83.606143 -127.206698 27.620374 0.166402
-43.002388 29.870152 77.826349 -83.495943 -127.049280 27.586682 0.164854
-42.947141 29.839301 77.723647 -83.381932 -126.886517 27.551893 0.163286
-42.889648 29.807511 77.617674 -83.263984 -126.718230 27.515971 0.161700
-42.829822 29.774738 77.508330 -83.141975 -126.544233 27.478878 0.160100
-42.767571 29.740938 77.395511 -83.015772 -126.364336 27.440574 0.158487
-42.702802 29.706063 77.279106 -82.885241 -126.178341 27.401019 0.156863
-42.635417 29.670062 77.159005 -82.750246 -125.986042 27.360171 0.155231
-42.565319 29.632881 77.035091 -82.610643 -125.787230 27.317985 0.153594
-42.492405 29.594462 76.907244 -82.466287 -125.581684 27.274415 0.151956
-42.416569 29.554744 76.775338 -82.317027 -125.369180 27.229413 0.150319
-42.337705 29.513663 76.639245 -82.162711 -125.149483 27.182931 0.148686
-42.255703 29.471149 76.498830 -82.003180 -124.922353 27.134917 0.147062
-42.170448 29.427130 76.353954 -81.838272 -124.687539 27.085316 0.145450
-42.081827 29.381529 76.204473 -81.667819 -124.444783 27.034074 0.143855
-41.989721 29.334262 76.050237 -81.491652 -124.193818 26.981133 0.142280
-41.894010 29.285243 75.891090 -81.309594 -123.934367 26.926432 0.140729
-41.794571 29.234379 75.726870 -81.121465 -123.666146 26.869908 0.139208
-41.691279 29.181573 75.557410 -80.927081 -123.388859 26.811497 0.137721
-41.584008 29.126720 75.382536 -80.726253 -123.102200 26.751130 0.136274
-41.472629 29.069711 75.202064 -80.518786 -122.805855 26.688736 0.134870
-41.357012 29.010429 75.015807 -80.304482 -122.499496 26.624241 0.133516
-41.237024 28.948751 74.823568 -80.083137 -122.182785 26.557569 0.132217
-41.112534 28.884548 74.625142 -79.854544 -121.855374 26.488640 0.130979
-40.983408 28.817682 74.420317 -79.618490 -121.516902 26.417369 0.129807
-40.849510 28.748009 74.208870 -79.374757 -121.166994 26.343671 0.128707
-40.710707 28.675376 73.990571 -79.123125 -120.805265 26.267452 0.127685
-40.566864 28.599625 73.765178 -78.863369 -120.431315 26.188620 0.126748
-40.417846 28.520586 73.532443 -78.595261 -120.044732 26.107073 0.125903
-40.263521 28.438086 73.292103 -78.318572 -119.645088 26.022709 0.125156
-40.103756 28.351941 73.043888 -78.033072 -119.231941 25.935418 0.124515
-39.938419 28.261965 72.787515 -77.738533 -118.804837 25.845085 0.123990
-39.767384 28.167965 72.522695 -77.434736 -118.363302 25.751590 0.123591
-39.590524 28.069747 72.249125 -77.121471 -117.906851 25.654804 0.123332
-39.407720 27.967121 71.966502 -76.798550 -117.434983 25.554593 0.123231
-39.218857 27.859906 71.674523 -76.465816 -116.947180 25.450812 0.123318
-39.023841 27.747944 71.372901 -76.123167 -116.442915 25.343306 0.123634
-38.822607 27.631117 71.061403 -75.770577 -115.921650 25.231913 0.124254
-38.615160 27.509385 70.739920 -75.408133 -115.382847 25.116466 0.125307
-38.401664 27.382836 70.408624 -75.036087 -114.825988 24.996813 0.127041
-38.182629 27.251791 70.068311 -74.654912 -114.250643 24.872875 0.129954
-37.959400 27.116907 69.720713 -74.265780 -113.666867 24.747178 0.131816
-37.732459 26.978541 69.366677 -73.869185 -113.074215 24.619661 0.133153
-37.501928 26.836817 69.006405 -73.465400 -112.472118 24.490167 0.134236
-37.267766 26.691725 68.639788 -73.054548 -111.859957 24.358502 0.135220
-37.029874 26.543174 68.266571 -72.636658 -111.237081 24.224464 0.136205
-36.788135 26.391044 67.886444 -72.211720 -110.602822 24.087838 0.137267
-36.542452 26.235223 67.499109 -71.779743 -109.956498 23.948405 0.138494
-36.292784 26.075655 67.104368 -71.340810 -109.297428 23.805940 0.140016
-36.039228 25.912409 66.702296 -70.895144 -108.624949 23.660222 0.142073
-35.782205 25.745813 66.293614 -70.443179 -107.938488 23.511087 0.145173
-35.522986 25.576618 65.880224 -69.986184 -107.248030 23.361255 0.147222
-35.261960 25.405184 65.462916 -69.524594 -106.552998 23.210587 0.148758
-34.999178 25.231604 65.041807 -69.058609 -105.852697 23.058869 0.150044
-34.734557 25.055826 64.616699 -68.588268 -105.146386 22.905867 0.151218
-34.467966 24.877716 64.187251 -68.113509 -104.433303 22.751342 0.152358
-34.199270 24.697108 63.753068 -67.634234 -103.712667 22.595051 0.153523
-33.928352 24.513845 63.313764 -67.150357 -102.983692 22.436746 0.154776
-33.655141 24.327828 62.869047 -66.661872 -102.245591 22.276165 0.156220
-33.379681 24.139099 62.418893 -66.168921 -101.497594 22.113038 0.158066
-33.102306 23.947976 61.963943 -65.671874 -100.739022 21.947122 0.160813
-32.824195 23.755331 61.506343 -65.172089 -99.979785 21.781346 0.162563
-32.545644 23.561520 61.046827 -64.669937 -99.219210 21.615493 0.163857
-32.266644 23.366608 60.585429 -64.165546 -98.456510 21.449300 0.164930
-31.987084 23.170505 60.121871 -63.658870 -97.690862 21.282502 0.165896
-31.706824 22.973042 59.655743 -63.149769 -96.921427 21.114839 0.166809
-31.425731 22.774019 59.186582 -62.638060 -96.147354 20.946054 0.167704
-31.143683 22.573247 58.713933 -62.123579 -95.367786 20.775879 0.168618
-30.860600 22.370595 58.237423 -61.606242 -94.581867 20.604032 0.169621
-30.576483 22.166075 57.756933 -61.086121 -93.788755 20.430205 0.170887
-30.291575 21.959999 57.273022 -60.563535 -92.987691 20.254077 0.172884
-30.006942 21.753363 56.788146 -60.039949 -92.188490 20.078764 0.173988
-29.722780 21.546513 56.302972 -59.515684 -91.390403 19.903968 0.174719
-29.439034 21.339479 55.817451 -58.990804 -90.592582 19.729384 0.175278
-29.155581 21.132139 55.331234 -58.465199 -89.794154 19.554727 0.175748
-28.872291 20.924294 54.843856 -57.938661 -88.994233 19.379728 0.176158
-28.589043 20.715721 54.354804 -57.410943 -88.191926 19.204124 0.176518
-28.305734 20.506207 53.863570 -56.881817 -87.386339 19.027643 0.176841
-28.022284 20.295598 53.369718 -56.351136 -86.576575 18.849994 0.177164
-27.738669 20.083874 52.873036 -55.818915 -85.761746 18.670842 0.177612
-27.455042 19.871325 52.373984 -55.285436 -84.941035 18.489799 0.178608
-27.172326 19.659063 51.875382 -54.752271 -84.124118 18.310106 0.178860
-26.890621 19.447401 51.377808 -54.219704 -83.310191 18.131388 0.178848
-26.609840 19.236333 50.881123 -53.687748 -82.498369 17.953309 0.178727
-26.329865 19.025704 50.384923 -53.156242 -81.687750 17.775578 0.178546
-26.050588 18.815295 49.888698 -52.624927 -80.877428 17.597924 0.178310
-25.771920 18.604871 49.391904 -52.093509 -80.066495 17.420088 0.178011
-25.493784 18.394205 48.894000 -51.561714 -79.254042 17.241804 0.177638
-25.216118 18.183125 48.394498 -51.029346 -78.439156 17.062782 0.177195
-24.938884 17.971580 47.893105 -50.496377 -77.620927 16.882678 0.176760
-24.662157 17.759824 47.390163 -49.963058 -76.798497 16.701047 0.176686
-24.386686 17.549052 46.888872 -49.431057 -75.981343 16.521174 0.176057
-24.112486 17.339527 46.389696 -48.900631 -75.168621 16.342615 0.175287
-23.839459 17.131200 45.892409 -48.371752 -74.359427 16.165020 0.174478
-23.567505 16.923893 45.396559 -47.844219 -73.552855 15.988101 0.173647
-23.296549 16.717380 44.901612 -47.317740 -72.747999 15.811596 0.172779
-23.026541 16.511420 44.407008 -46.791993 -71.943956 15.635255 0.171849
-22.757442 16.305787 43.912190 -46.266673 -71.139819 15.458825 0.170831
-22.489215 16.100301 43.416638 -45.741552 -70.334682 15.282028 0.169702
-22.221824 15.894885 42.919988 -45.216563 -69.527636 15.104528 0.168490
-21.955281 15.689742 42.422447 -44.691937 -68.717798 14.925839 0.167462
-21.690139 15.486104 41.927579 -44.169413 -67.914366 14.749194 0.166091
-21.426348 15.284169 41.435706 -43.649224 -67.116472 14.574098 0.164701
-21.163812 15.083850 40.946523 -43.131309 -66.323217 14.400207 0.163341
-20.902463 14.884959 40.459545 -42.615441 -65.533706 14.227244 0.161999
-20.642268 14.687269 39.974230 -42.101312 -64.747050 14.054962 0.160645
-20.383215 14.490552 39.490020 -41.588586 -63.962366 13.883126 0.159244
-20.125305 14.294593 39.006356 -41.076942 -63.178769 13.711499 0.157758
-19.868535 14.099212 38.522707 -40.566134 -62.395374 13.539822 0.156147
-19.612880 13.904318 38.038654 -40.056068 -61.611289 13.367778 0.154393
-19.358308 13.710054 37.554263 -39.546951 -60.825630 13.194875 0.152665
-19.105167 13.517634 37.073396 -39.040563 -60.047226 13.024184 0.150807
-18.853363 13.327186 36.596219 -38.537115 -59.275204 12.855194 0.149036
-18.602820 13.138596 36.122364 -38.036521 -58.508686 12.687579 0.147355
-18.353507 12.951675 35.651330 -37.538539 -57.746806 12.521083 0.145728
-18.105430 12.766213 35.182583 -37.042856 -56.988706 12.355477 0.144115
-17.858616 12.582002 34.715578 -36.549136 -56.233533 12.190543 0.142476
-17.613103 12.398844 34.249772 -36.057061 -55.480438 12.026063 0.140767
-17.368918 12.216577 33.784638 -35.566373 -54.728570 11.861799 0.138935
-17.126058 12.035100 33.319724 -35.076959 -53.977070 11.697465 0.136930
-16.884468 11.854504 32.854960 -34.589007 -53.225072 11.532589 0.134824
-16.644292 11.675923 32.394404 -34.104295 -52.480949 11.369995 0.132775
-16.405419 11.499419 31.938067 -33.623012 -51.743843 11.209189 0.130894
-16.167801 11.324867 31.485538 -33.145054 -51.012913 11.049876 0.129144
-15.931443 11.152092 31.036322 -32.670175 -50.287332 10.891822 0.127477
-15.696388 10.980907 30.589901 -32.198067 -49.566284 10.734820 0.125847
-15.462693 10.811129 30.145757 -31.728407 -48.848960 10.578669 0.124213
-15.230426 10.642589 29.703370 -31.260886 -48.134553 10.423169 0.122525
-14.999643 10.475144 29.262234 -30.795249 -47.422256 10.268108 0.120727
-14.770362 10.308697 28.821888 -30.331371 -46.711258 10.113232 0.118747
-14.542520 10.143297 28.382143 -29.869417 -46.000731 9.958116 0.116574
-14.316083 9.979944 27.947124 -29.411123 -45.298506 9.805278 0.114600
-14.090943 9.818653 27.516707 -28.956657 -44.603763 9.654268 0.112846
-13.867079 9.659300 27.090463 -28.505901 -43.915709 9.504828 0.111246
-13.644531 9.501730 26.667914 -28.058614 -43.233568 9.356749 0.109748
-13.423366 9.345786 26.248572 -27.614505 -42.556574 9.209844 0.108304
-13.203667 9.191314 25.831951 -27.173267 -41.883965 9.063931 0.106870
-12.985521 9.038177 25.417565 -26.734611 -41.214989 8.918829 0.105399
-12.769007 8.886254 25.004935 -26.298289 -40.548892 8.774348 0.103831
-12.554160 8.735460 24.593612 -25.864173 -39.884916 8.630270 0.102086
-12.340922 8.585814 24.183323 -25.432405 -39.222289 8.486229 0.100089
-12.129117 8.438151 23.778118 -25.004638 -38.568231 8.344413 0.098385
-11.918650 8.292453 23.377771 -24.581017 -37.921977 8.204435 0.096922
-11.709528 8.148609 22.981859 -24.161421 -37.282792 8.066073 0.095622
-11.501813 8.006490 22.589931 -23.745619 -36.649957 7.929144 0.094431
-11.295590 7.865969 22.201536 -23.333339 -36.022760 7.793479 0.093302
-11.090958 7.726923 21.816224 -22.924299 -35.400500 7.658915 0.092192
-10.888015 7.589243 21.433549 -22.518232 -34.782479 7.525291 0.091055
-10.686850 7.452834 21.053070 -22.114905 -34.168004 7.392438 0.089834
-10.487516 7.317627 20.674359 -21.714190 -33.556379 7.260170 0.088446
-10.289960 7.183622 20.297098 -21.316208 -32.946896 7.128188 0.086778
-10.093912 7.051476 19.925130 -20.922494 -32.346113 6.998349 0.085448
-9.899291 6.921156 19.558172 -20.533169 -31.753330 6.870337 0.084359
-9.706127 6.792568 19.195818 -20.148113 -31.167877 6.743964 0.083429
-9.514493 6.665612 18.837655 -19.767112 -30.589095 6.619068 0.082605
-9.324485 6.540187 18.483272 -19.389918 -30.016337 6.495502 0.081843
-9.136206 6.416201 18.132261 -19.016274 -29.448962 6.373121 0.081103
-8.949759 6.293570 17.784216 -18.645937 -28.886335 6.251781 0.080341
-8.765236 6.172223 17.438738 -18.278693 -28.327826 6.131337 0.079505
-8.582696 6.052107 17.095434 -17.914420 -27.772807 6.011628 0.078515
-8.402096 5.933215 16.753968 -17.553219 -27.220640 5.892419 0.077240
-8.223112 5.816031 16.417878 -17.196472 -26.677180 5.775259 0.076311
-8.045680 5.700517 16.086853 -16.844284 -26.141800 5.659898 0.075605
-7.869841 5.586601 15.760522 -16.496539 -25.613898 5.546178 0.075046
-7.695673 5.474207 15.438510 -16.153040 -25.092881 5.433959 0.074583
-7.523272 5.363260 15.120451 -15.813565 -24.578168 5.323113 0.074178
-7.352737 5.253693 14.805978 -15.477884 -24.069183 5.213512 0.073792
-7.184168 5.145445 14.494732 -15.145780 -23.565359 5.105031 0.073386
-7.017654 5.038465 14.186355 -14.817060 -23.066131 4.997546 0.072913
-6.853253 4.932713 13.880496 -14.491609 -22.570941 4.890920 0.072301
-6.690929 4.828182 13.576827 -14.169508 -22.079227 4.784972 0.071417
-6.530341 4.725203 13.278503 -13.851968 -21.596107 4.680972 0.070858
-6.371441 4.623742 12.985214 -13.539075 -21.121033 4.578727 0.070497
-6.214269 4.523747 12.696627 -13.230719 -20.653470 4.478105 0.070265
-6.058902 4.425161 12.412414 -12.926726 -20.192897 4.378989 0.070116
-5.905428 4.327932 12.132249 -12.626898 -19.738798 4.281267 0.070015
-5.753936 4.232013 11.855813 -12.331033 -19.290669 4.184829 0.069930
-5.604516 4.137360 11.582791 -12.038937 -18.848009 4.089569 0.069826
-5.457246 4.043939 11.312871 -11.750441 -18.410325 3.995379 0.069662
-5.312178 3.951724 11.045744 -11.465437 -17.977126 3.902147 0.069374
-5.169280 3.860705 10.781110 -11.183990 -17.547930 3.809735 0.068841
-5.028226 3.771092 10.521683 -10.907120 -17.127093 3.719162 0.068594
-4.888973 3.682856 10.267178 -10.634896 -16.714142 3.630284 0.068517
-4.751560 3.595961 10.017305 -10.367219 -16.308616 3.542992 0.068547
-4.616052 3.510369 9.771778 -10.103933 -15.910064 3.457188 0.068646
-4.482523 3.426042 9.530319 -9.844866 -15.518040 3.372776 0.068785
-4.351049 3.342950 9.292653 -9.589842 -15.132108 3.289665 0.068935
-4.221702 3.261062 9.058510 -9.338693 -14.751838 3.207765 0.069067
-4.094546 3.180357 8.827623 -9.091269 -14.376808 3.126985 0.069147
-3.969622 3.100816 8.599728 -8.847473 -14.006598 3.047235 0.069121
-3.846900 3.022432 8.374562 -8.607348 -13.640800 2.968409 0.068885
-3.726088 2.945320 8.154368 -8.371721 -13.282990 2.891304 0.068890
-3.607147 2.869460 7.938893 -8.140640 -12.932770 2.815813 0.069033
-3.490106 2.794825 7.727891 -7.914014 -12.589751 2.741847 0.069262
-3.375015 2.721392 7.521123 -7.691710 -12.253550 2.669326 0.069547
-3.261931 2.649135 7.318353 -7.473578 -11.923794 2.598170 0.069863
-3.150910 2.578033 7.119353 -7.259468 -11.600116 2.528305 0.070188
-3.042005 2.508067 6.923896 -7.049235 -11.282155 2.459656 0.070497
-2.935263 2.439221 6.731762 -6.842750 -10.969558 2.392150 0.070765
-2.830708 2.371483 6.542730 -6.639921 -10.661979 2.325712 0.070948
-2.728314 2.304847 6.356579 -6.440773 -10.359078 2.260267 0.070962
-2.627833 2.239363 6.175057 -6.245933 -10.063634 2.196404 0.071167
-2.529231 2.175016 5.997953 -6.055426 -9.775323 2.134048 0.071478
-2.432523 2.111789 5.825062 -5.869171 -9.493823 2.073127 0.071857
-2.337741 2.049665 5.656191 -5.687054 -9.218821 2.013576 0.072278
-2.244921 1.988628 5.491148 -5.508946 -8.950013 1.955334 0.072723
-2.154098 1.928662 5.329746 -5.334722 -8.687100 1.898338 0.073175
-2.065305 1.869754 5.171804 -5.164258 -8.429789 1.842530 0.073616
-1.978568 1.811893 5.017142 -4.997442 -8.177794 1.787851 0.074027
-1.893898 1.755068 4.865585 -4.834192 -7.930837 1.734244 0.074377
-1.811266 1.699275 4.716955 -4.674506 -7.688646 1.681651 0.074603
-1.730485 1.644523 4.572489 -4.518812 -7.453188 1.630477 0.074966
-1.651519 1.590802 4.432018 -4.367112 -7.224203 1.580664 0.075405
-1.574370 1.538098 4.295382 -4.219332 -7.001438 1.532161 0.075891
-1.499051 1.486398 4.162427 -4.075373 -6.784646 1.484915 0.076407
-1.425578 1.435691 4.033002 -3.935129 -6.573586 1.438878 0.076939
-1.353964 1.385966 3.906962 -3.798495 -6.368024 1.394004 0.077476
-1.284222 1.337211 3.784166 -3.665366 -6.167731 1.350245 0.078007
-1.216358 1.289416 3.664474 -3.535647 -5.972485 1.307556 0.078518
-1.150372 1.242573 3.547752 -3.409261 -5.782070 1.265895 0.078989
-1.086233 1.196674 3.433864 -3.286181 -5.596278 1.225219 0.079383
-1.023819 1.151710 3.323526 -3.166633 -5.416245 1.185755 0.079856
-0.963097 1.107672 3.216610 -3.050594 -5.241776 1.147463 0.080370
-0.904057 1.064548 3.112994 -2.937993 -5.072676 1.110304 0.080908
-0.846694 1.022327 3.012563 -2.828747 -4.908758 1.074239 0.081459
-0.791005 0.981000 2.915204 -2.722769 -4.749840 1.039231 0.082015
-0.736985 0.940556 2.820807 -2.619970 -4.595747 1.005246 0.082570
-0.684629 0.900984 2.729266 -2.520265 -4.446306 0.972248 0.083116
-0.633927 0.862274 2.640480 -2.423573 -4.301352 0.940204 0.083647
-0.584868 0.824418 2.554348 -2.329819 -4.160725 0.909082 0.084154
-0.537428 0.787404 2.470772 -2.238946 -4.024269 0.878851 0.084624
-0.491552 0.751222 2.389940 -2.150982 -3.892282 0.849569 0.085105
-0.447216 0.715860 2.311761 -2.065873 -3.764618 0.821206 0.085584
-0.404401 0.681308 2.236147 -1.983551 -3.641136 0.793734 0.086054
-0.363090 0.647557 2.163012 -1.903946 -3.521699 0.767125 0.086509
-0.323266 0.614595 2.092276 -1.826984 -3.406174 0.741352 0.086948
-0.284911 0.582413 2.023859 -1.752595 -3.294434 0.716389 0.087365
-0.248005 0.551000 1.957686 -1.680709 -3.186353 0.692212 0.087758
-0.212528 0.520345 1.893681 -1.611259 -3.081814 0.668796 0.088125
-0.178461 0.490439 1.831775 -1.544178 -2.980699 0.646118 0.088464
-0.145780 0.461271 1.771898 -1.479401 -2.882896 0.624154 0.088772
-0.114464 0.432830 1.713982 -1.416863 -2.788297 0.602884 0.089048
-0.084489 0.405106 1.657965 -1.356504 -2.696798 0.582284 0.089290
-0.055832 0.378089 1.603783 -1.298261 -2.608296 0.562336 0.089497
-0.028468 0.351768 1.551376 -1.242076 -2.522693 0.543018 0.089668
-0.002373 0.326133 1.500686 -1.187891 -2.439895 0.524311 0.089801
0.022478 0.301173 1.451657 -1.135648 -2.359810 0.506197 0.089895
0.046112 0.276877 1.404233 -1.085293 -2.282349 0.488658 0.089951
0.068553 0.253236 1.358363 -1.036771 -2.207426 0.471675 0.089967
0.089828 0.230238 1.313994 -0.990028 -2.134958 0.455232 0.089944
0.109964 0.207873 1.271079 -0.945014 -2.064865 0.439312 0.089880
0.128986 0.186130 1.229570 -0.901678 -1.997068 0.423899 0.089776
0.146922 0.165000 1.189419 -0.859970 -1.931493 0.408977 0.089632
0.163797 0.144470 1.150583 -0.819843 -1.868068 0.394532 0.089448
0.179639 0.124531 1.113019 -0.781248 -1.806720 0.380548 0.089224
0.194475 0.105172 1.076684 -0.744141 -1.747384 0.367013 0.088960
0.208330 0.086383 1.041539 -0.708475 -1.689992 0.353910 0.088656
0.221232 0.068153 1.007545 -0.674208 -1.634482 0.341229 0.088314
0.233207 0.050471 0.974664 -0.641297 -1.580790 0.328955 0.087933
0.244281 0.033328 0.942859 -0.609699 -1.528859 0.317076 0.087515
0.254482 0.016712 0.912095 -0.579375 -1.478631 0.305580 0.087059
0.263834 0.000614 0.882338 -0.550283 -1.430049 0.294455 0.086567
0.272363 -0.014978 0.853555 -0.522387 -1.383059 0.283689 0.086039
0.280096 -0.030072 0.825715 -0.495647 -1.337611 0.273273 0.085477
0.287058 -0.044681 0.798785 -0.470027 -1.293652 0.263194 0.084880
0.293273 -0.058813 0.772737 -0.445490 -1.251135 0.253442 0.084250
0.298767 -0.072479 0.747542 -0.422003 -1.210012 0.244008 0.083589
0.303563 -0.085688 0.723172 -0.399530 -1.170237 0.234882 0.082896
0.307688 -0.098452 0.699599 -0.378039 -1.131767 0.226053 0.082172
0.311163 -0.110780 0.676797 -0.357496 -1.094559 0.217513 0.081420
0.314013 -0.122681 0.654742 -0.337871 -1.058571 0.209253 0.080639
0.316261 -0.134165 0.633409 -0.319132 -1.023763 0.201264 0.079831
0.317929 -0.145242 0.612774 -0.301249 -0.990098 0.193538 0.078996
0.319041 -0.155922 0.592815 -0.284194 -0.957536 0.186066 0.078137
0.319618 -0.166214 0.573508 -0.267937 -0.926043 0.178841 0.077254
0.319682 -0.176128 0.554834 -0.252451 -0.895583 0.171855 0.076348
0.319253 -0.185672 0.536771 -0.237709 -0.866122 0.165100 0.075420
0.318354 -0.194856 0.519299 -0.223686 -0.837628 0.158569 0.074471
0.317004 -0.203688 0.502399 -0.210354 -0.810069 0.152256 0.073503
0.315223 -0.212179 0.486052 -0.197690 -0.783415 0.146153 0.072516
0.313032 -0.220336 0.470240 -0.185669 -0.757635 0.140253 0.071511
0.310448 -0.228169 0.454945 -0.174268 -0.732701 0.134551 0.070490
0.307492 -0.235685 0.440151 -0.163465 -0.708586 0.129041 0.069453
0.304180 -0.242894 0.425842 -0.153236 -0.685262 0.123715 0.068402
0.300532 -0.249804 0.412001 -0.143560 -0.662704 0.118569 0.067338
0.296564 -0.256423 0.398612 -0.134417 -0.640886 0.113596 0.066262
0.292294 -0.262759 0.385662 -0.125786 -0.619785 0.108791 0.065174
0.287738 -0.268821 0.373136 -0.117647 -0.599377 0.104149 0.064075
0.282913 -0.274615 0.361020 -0.109981 -0.579638 0.099665 0.062968
0.277834 -0.280150 0.349300 -0.102770 -0.560548 0.095333 0.061852
0.272516 -0.285433 0.337964 -0.095996 -0.542085 0.091148 0.060728
0.266975 -0.290473 0.326999 -0.089640 -0.524228 0.087107 0.059599
0.261225 -0.295275 0.316392 -0.083686 -0.506958 0.083204 0.058463
0.255280 -0.299848 0.306133 -0.078118 -0.490255 0.079435 0.057323
0.249154 -0.304198 0.296210 -0.072919 -0.474100 0.075796 0.056179
0.242859 -0.308332 0.286611 -0.068075 -0.458477 0.072282 0.055032
0.236410 -0.312258 0.277327 -0.063569 -0.443366 0.068889 0.053882
0.229818 -0.315982 0.268346 -0.059388 -0.428752 0.065614 0.052731
0.223095 -0.319510 0.259660 -0.055517 -0.414619 0.062452 0.051580
0.216254 -0.322848 0.251257 -0.051944 -0.400949 0.059401 0.050429
0.209305 -0.326004 0.243130 -0.048653 -0.387729 0.056455 0.049279
0.202260 -0.328983 0.235268 -0.045634 -0.374944 0.053613 0.048130
0.195128 -0.331792 0.227664 -0.042873 -0.362579 0.050870 0.046984
0.187921 -0.334435 0.220309 -0.040359 -0.350620 0.048223 0.045840
0.180648 -0.336919 0.213194 -0.038080 -0.339054 0.045670 0.044700
0.173318 -0.339250 0.206313 -0.036024 -0.327869 0.043206 0.043565
0.165940 -0.341433 0.199656 -0.034182 -0.317051 0.040830 0.042434
0.158525 -0.343473 0.193217 -0.032542 -0.306589 0.038538 0.041309
0.151078 -0.345375 0.186989 -0.031096 -0.296472 0.036327 0.040190
0.143610 -0.347146 0.180965 -0.029832 -0.286687 0.034195 0.039077
0.136128 -0.348789 0.175138 -0.028741 -0.277223 0.032139 0.037971
0.128639 -0.350309 0.169502 -0.027815 -0.268072 0.030156 0.036873
0.121150 -0.351712 0.164050 -0.027045 -0.259221 0.028244 0.035783
0.113668 -0.353001 0.158776 -0.026423 -0.250661 0.026401 0.034701
0.106200 -0.354182 0.153675 -0.025940 -0.242383 0.024625 0.033628
0.098752 -0.355259 0.148741 -0.025588 -0.234378 0.022913 0.032564
0.091330 -0.356236 0.143969 -0.025361 -0.226636 0.021262 0.031510
0.083939 -0.357117 0.139352 -0.025250 -0.219149 0.019672 0.030467
0.076586 -0.357906 0.134887 -0.025249 -0.211908 0.018139 0.029433
0.069274 -0.358608 0.130568 -0.025352 -0.204905 0.016662 0.028410
0.062010 -0.359225 0.126390 -0.025551 -0.198134 0.015239 0.027399
0.054798 -0.359762 0.122349 -0.025842 -0.191585 0.013868 0.026398
0.047641 -0.360223 0.118440 -0.026217 -0.185252 0.012548 0.025409
0.040545 -0.360610 0.114659 -0.026671 -0.179127 0.011276 0.024432
0.033513 -0.360928 0.111002 -0.027199 -0.173205 0.010051 0.023467
0.026549 -0.361179 0.107464 -0.027795 -0.167477 0.008871 0.022514
0.019655 -0.361366 0.104042 -0.028455 -0.161939 0.007735 0.021574
0.012837 -0.361494 0.100733 -0.029174 -0.156582 0.006642 0.020647
0.006095 -0.361564 0.097531 -0.029947 -0.151403 0.005589 0.019732
-0.000566 -0.361581 0.094435 -0.030770 -0.146394 0.004575 0.018830
-0.007144 -0.361545 0.091440 -0.031638 -0.141550 0.003599 0.017941
-0.013637 -0.361462 0.088543 -0.032548 -0.136866 0.002660 0.017066
-0.020043 -0.361332 0.085740 -0.033496 -0.132337 0.001756 0.016203
-0.026359 -0.361159 0.083030 -0.034479 -0.127957 0.000886 0.015354
-0.032584 -0.360945 0.080408 -0.035492 -0.123722 0.000049 0.014519
-0.038716 -0.360692 0.077872 -0.036532 -0.119626 -0.000756 0.013697
-0.044754 -0.360404 0.075420 -0.037597 -0.115666 -0.001531 0.012889
-0.050695 -0.360081 0.073047 -0.038684 -0.111836 -0.002276 0.012094
-0.056540 -0.359727 0.070753 -0.039789 -0.108133 -0.002993 0.011313
-0.062286 -0.359343 0.068533 -0.040911 -0.104553 -0.003682 0.010545
-0.067934 -0.358932 0.066387 -0.042046 -0.101091 -0.004345 0.009791
-0.073482 -0.358495 0.064311 -0.043192 -0.097743 -0.004983 0.009050
-0.078930 -0.358035 0.062302 -0.044347 -0.094506 -0.005596 0.008323
-0.084277 -0.357552 0.060360 -0.045509 -0.091376 -0.006186 0.007610
-0.089523 -0.357050 0.058482 -0.046676 -0.088350 -0.006753 0.006910
-0.094668 -0.356530 0.056665 -0.047845 -0.085424 -0.007298 0.006223
-0.099711 -0.355992 0.054908 -0.049017 -0.082595 -0.007822 0.005549
-0.104653 -0.355440 0.053209 -0.050187 -0.079860 -0.008325 0.004889
-0.109494 -0.354875 0.051565 -0.051356 -0.077216 -0.008809 0.004242
-0.114234 -0.354297 0.049976 -0.052522 -0.074659 -0.009274 0.003608
-0.118873 -0.353710 0.048439 -0.053683 -0.072187 -0.009721 0.002986
-0.123412 -0.353113 0.046952 -0.054839 -0.069797 -0.010151 0.002377
-0.127851 -0.352508 0.045514 -0.055987 -0.067487 -0.010564 0.001781
-0.132192 -0.351897 0.044124 -0.057128 -0.065254 -0.010961 0.001198
-0.136434 -0.351281 0.042780 -0.058260 -0.063095 -0.011342 0.000626
-0.140578 -0.350661 0.041480 -0.059383 -0.061008 -0.011709 0.000067
-0.144627 -0.350039 0.040223 -0.060495 -0.058991 -0.012061 -0.000480
-0.148579 -0.349415 0.039008 -0.061597 -0.057041 -0.012399 -0.001016
-0.152437 -0.348791 0.037832 -0.062686 -0.055156 -0.012724 -0.001539
-0.156201 -0.348167 0.036696 -0.063764 -0.053334 -0.013037 -0.002052
-0.159873 -0.347545 0.035597 -0.064829 -0.051573 -0.013337 -0.002553
-0.163454 -0.346926 0.034535 -0.065881 -0.049871 -0.013626 -0.003043
-0.166945 -0.346311 0.033508 -0.066920 -0.048227 -0.013903 -0.003522
-0.170348 -0.345701 0.032516 -0.067946 -0.046637 -0.014170 -0.003991
-0.173664 -0.345096 0.031556 -0.068958 -0.045102 -0.014426 -0.004449
-0.176894 -0.344498 0.030629 -0.069957 -0.043618 -0.014673 -0.004897
-0.180040 -0.343908 0.029732 -0.070941 -0.042184 -0.014910 -0.005335
-0.183104 -0.343325 0.028866 -0.071912 -0.040798 -0.015138 -0.005763
-0.186087 -0.342753 0.028028 -0.072869 -0.039460 -0.015357 -0.006182
-0.188990 -0.342190 0.027219 -0.073813 -0.038167 -0.015568 -0.006592
-0.191816 -0.341638 0.026437 -0.074743 -0.036918 -0.015771 -0.006992
-0.194565 -0.341098 0.025681 -0.075660 -0.035712 -0.015967 -0.007384
-0.197241 -0.340570 0.024951 -0.076564 -0.034547 -0.016155 -0.007767
-0.199844 -0.340056 0.024246 -0.077455 -0.033422 -0.016337 -0.008142
-0.202376 -0.339555 0.023565 -0.078334 -0.032335 -0.016512 -0.008509
-0.204839 -0.339070 0.022907 -0.079201 -0.031286 -0.016680 -0.008868
-0.207235 -0.338599 0.022272 -0.080056 -0.030274 -0.016843 -0.009219
-0.209566 -0.338146 0.021658 -0.080900 -0.029296 -0.017001 -0.009564
-0.211833 -0.337709 0.021066 -0.081733 -0.028353 -0.017152 -0.009901
-0.214039 -0.337290 0.020494 -0.082556 -0.027443 -0.017299 -0.010232
-0.216184 -0.336889 0.019942 -0.083369 -0.026564 -0.017441 -0.010556
-0.218272 -0.336507 0.019409 -0.084173 -0.025717 -0.017579 -0.010874
-0.220303 -0.336145 0.018895 -0.084968 -0.024900 -0.017712 -0.011186
-0.222281 -0.335804 0.018399 -0.085756 -0.024112 -0.017841 -0.011493
-0.224205 -0.335484 0.017921 -0.086536 -0.023352 -0.017967 -0.011794
-0.226079 -0.335186 0.017460 -0.087309 -0.022619 -0.018089 -0.012090
-0.227904 -0.334910 0.017015 -0.088076 -0.021914 -0.018207 -0.012382
-0.229682 -0.334658 0.016586 -0.088838 -0.021234 -0.018323 -0.012668
-0.231414 -0.334430 0.016173 -0.089595 -0.020579 -0.018435 -0.012951
-0.233103 -0.334227 0.015775 -0.090348 -0.019948 -0.018545 -0.013229
-0.234750 -0.334049 0.015392 -0.091097 -0.019341 -0.018653 -0.013504
-0.236356 -0.333898 0.015024 -0.091844 -0.018757 -0.018758 -0.013776
-0.237924 -0.333773 0.014669 -0.092590 -0.018195 -0.018862 -0.014044
-0.239454 -0.333676 0.014327 -0.093334 -0.017655 -0.018963 -0.014309
-0.240949 -0.333608 0.013999 -0.094077 -0.017136 -0.019063 -0.014572
-0.242410 -0.333568 0.013683 -0.094821 -0.016637 -0.019161 -0.014832
-0.243837 -0.333559 0.013380 -0.095566 -0.016158 -0.019258 -0.015090
-0.245234 -0.333580 0.013089 -0.096313 -0.015699 -0.019354 -0.015346
-0.246600 -0.333633 0.012810 -0.097062 -0.015258 -0.019450 -0.015601
-0.247937 -0.333718 0.012542 -0.097814 -0.014836 -0.019544 -0.015855
-0.249246 -0.333836 0.012285 -0.098570 -0.014432 -0.019638 -0.016107
-0.250529 -0.333988 0.012040 -0.099331 -0.014045 -0.019731 -0.016358
-0.251786 -0.334175 0.011804 -0.100097 -0.013675 -0.019824 -0.016609
-0.253017 -0.334397 0.011579 -0.100869 -0.013322 -0.019917 -0.016860
-0.254224 -0.334655 0.011365 -0.101647 -0.012985 -0.020010 -0.017110
-0.255408 -0.334951 0.011160 -0.102432 -0.012663 -0.020103 -0.017360
-0.256568 -0.335284 0.010964 -0.103225 -0.012358 -0.020196 -0.017611
-0.257705 -0.335657 0.010778 -0.104027 -0.012067 -0.020290 -0.017862
-0.258820 -0.336069 0.010601 -0.104837 -0.011791 -0.020385 -0.018114
-0.259912 -0.336522 0.010434 -0.105656 -0.011530 -0.020481 -0.018367
-0.260981 -0.337016 0.010275 -0.106485 -0.011282 -0.020577 -0.018620
-0.262027 -0.337552 0.010124 -0.107324 -0.011049 -0.020674 -0.018875
-0.263050 -0.338132 0.009982 -0.108173 -0.010829 -0.020773 -0.019132
-0.264049 -0.338756 0.009848 -0.109033 -0.010623 -0.020873 -0.019390
-0.265022 -0.339424 0.009722 -0.109904 -0.010430 -0.020974 -0.019649
-0.265970 -0.340139 0.009605 -0.110786 -0.010250 -0.021077 -0.019911
-0.266890 -0.340901 0.009495 -0.111679 -0.010083 -0.021182 -0.020174
-0.267780 -0.341710 0.009392 -0.112583 -0.009928 -0.021288 -0.020440
-0.268639 -0.342568 0.009298 -0.113498 -0.009786 -0.021396 -0.020707
-0.269464 -0.343475 0.009210 -0.114424 -0.009656 -0.021507 -0.020977
-0.270251 -0.344432 0.009130 -0.115362 -0.009538 -0.021619 -0.021249
-0.270995 -0.345441 0.009056 -0.116310 -0.009433 -0.021734 -0.021524
-0.271692 -0.346502 0.008990 -0.117270 -0.009339 -0.021851 -0.021801
-0.272334 -0.347616 0.008930 -0.118240 -0.009258 -0.021970 -0.022081
-0.272910 -0.348783 0.008876 -0.119222 -0.009188 -0.022092 -0.022365
-0.273407 -0.350005 0.008827 -0.120215 -0.009131 -0.022216 -0.022652
-0.273804 -0.351282 0.008783 -0.121216 -0.009086 -0.022342 -0.022942
-0.274076 -0.352616 0.008743 -0.122216 -0.009055 -0.022472 -0.023231
-0.274195 -0.354007 0.008707 -0.123174 -0.009036 -0.022603 -0.023503
-0.274149 -0.355455 0.008678 -0.123964 -0.009028 -0.022737 -0.023707
-0.274012 -0.356962 0.008682 -0.124139 -0.009021 -0.022877 -0.023774
-0.273636 -0.358532 0.008692 -0.124095 -0.009010 -0.023025 -0.023776
