0.000000 -0.000000 0.000000 0.000000 0.000000 -0.000000 0.000000
-0.009984 -0.005632 -0.004775 -0.009771 -0.004121 0.032288 0.014108
-0.031854 -0.013645 -0.008808 -0.017301 -0.007970 0.065494 0.027300
-0.063807 -0.023567 -0.011648 -0.021014 -0.011126 0.096510 0.040506
-0.103387 -0.035239 -0.013481 -0.020929 -0.013671 0.125273 0.054012
-0.148214 -0.048544 -0.014517 -0.017540 -0.015719 0.152011 0.067800
-0.196230 -0.063378 -0.014930 -0.011410 -0.017366 0.176952 0.081767
-0.245746 -0.079643 -0.014860 -0.003047 -0.018688 0.200290 0.095804
-0.295406 -0.097249 -0.014415 0.007130 -0.019749 0.222191 0.109817
-0.344141 -0.116110 -0.013685 0.018780 -0.020598 0.242796 0.123732
-0.391115 -0.136146 -0.012740 0.031625 -0.021276 0.262224 0.137493
-0.435676 -0.157280 -0.011639 0.045435 -0.021819 0.280575 0.151057
-0.477324 -0.179438 -0.010427 0.060015 -0.022253 0.297935 0.164391
-0.515671 -0.202551 -0.009145 0.075198 -0.022602 0.314379 0.177467
-0.550414 -0.226552 -0.007825 0.090845 -0.022888 0.329970 0.190269
-0.581320 -0.251374 -0.006497 0.106839 -0.023128 0.344764 0.202783
-0.608201 -0.276956 -0.005184 0.123094 -0.023336 0.358812 0.215009
-0.630904 -0.303237 -0.003910 0.139565 -0.023528 0.372159 0.226960
-0.649303 -0.330159 -0.002693 0.156267 -0.023715 0.384846 0.238672
-0.663304 -0.357666 -0.001541 0.173318 -0.023904 0.396909 0.250217
-0.673090 -0.385701 -0.000460 0.190564 -0.024098 0.408369 0.261550
-0.678987 -0.414202 0.000551 0.207768 -0.024297 0.419241 0.272588
-0.681307 -0.443114 0.001500 0.224793 -0.024498 0.429536 0.283284
-0.680344 -0.472380 0.002391 0.241557 -0.024697 0.439270 0.293620
-0.676372 -0.501949 0.003230 0.258020 -0.024894 0.448458 0.303590
-0.669671 -0.531770 0.004030 0.274191 -0.025082 0.457120 0.313203
-0.660471 -0.561793 0.004792 0.290053 -0.025260 0.465272 0.322465
-0.648975 -0.591972 0.005520 0.305587 -0.025428 0.472932 0.331382
-0.635367 -0.622262 0.006216 0.320775 -0.025585 0.480119 0.339958
-0.619819 -0.652621 0.006882 0.335604 -0.025731 0.486849 0.348201
-0.602488 -0.683008 0.007518 0.350059 -0.025867 0.493140 0.356114
-0.583525 -0.713381 0.008127 0.364128 -0.025992 0.499009 0.363703
-0.563067 -0.743705 0.008708 0.377800 -0.026106 0.504473 0.370975
-0.541245 -0.773942 0.009263 0.391062 -0.026210 0.509547 0.377935
-0.518178 -0.804059 0.009790 0.403904 -0.026304 0.514248 0.384589
-0.493976 -0.834021 0.010291 0.416314 -0.026390 0.518590 0.390941
-0.468736 -0.863799 0.010764 0.428282 -0.026468 0.522590 0.396998
-0.442544 -0.893361 0.011208 0.439798 -0.026539 0.526261 0.402763
-0.415468 -0.922681 0.011621 0.450854 -0.026605 0.529619 0.408244
-0.387555 -0.951731 0.012001 0.461440 -0.026668 0.532675 0.413443
-0.358823 -0.980485 0.012351 0.471545 -0.026725 0.535422 0.418359
-0.329361 -1.008924 0.012663 0.481142 -0.026785 0.537941 0.423012
-0.299264 -1.037026 0.012935 0.490205 -0.026850 0.540277 0.427411
-0.268636 -1.064766 0.013171 0.498709 -0.026916 0.542371 0.431528
-0.237575 -1.092121 0.013373 0.506649 -0.026981 0.544222 0.435360
-0.206174 -1.119072 0.013546 0.514028 -0.027043 0.545833 0.438910
-0.174512 -1.145600 0.013692 0.520855 -0.027101 0.547211 0.442185
-0.142673 -1.171686 0.013813 0.527144 -0.027156 0.548361 0.445193
-0.110751 -1.197312 0.013919 0.532938 -0.027201 0.549289 0.447947
-0.078810 -1.222459 0.014010 0.538249 -0.027238 0.550001 0.450456
-0.046901 -1.247113 0.014086 0.543081 -0.027267 0.550503 0.452724
-0.015066 -1.271257 0.014149 0.547436 -0.027287 0.550800 0.454755
0.016656 -1.294877 0.014199 0.551315 -0.027299 0.550897 0.456553
0.048228 -1.317959 0.014237 0.554723 -0.027302 0.550800 0.458120
0.079615 -1.340491 0.014264 0.557662 -0.027296 0.550514 0.459460
0.110782 -1.362460 0.014281 0.560138 -0.027282 0.550043 0.460576
0.141697 -1.383855 0.014289 0.562155 -0.027258 0.549394 0.461472
0.172328 -1.404665 0.014287 0.563716 -0.027226 0.548569 0.462152
0.202641 -1.424879 0.014279 0.564825 -0.027185 0.547573 0.462619
0.232605 -1.444489 0.014263 0.565486 -0.027135 0.546411 0.462875
0.262187 -1.463484 0.014241 0.565700 -0.027075 0.545087 0.462924
0.291352 -1.481858 0.014214 0.565471 -0.027006 0.543603 0.462768
0.320067 -1.499602 0.014183 0.564798 -0.026928 0.541963 0.462410
0.348292 -1.516708 0.014150 0.563682 -0.026840 0.540171 0.461849
0.375989 -1.533171 0.014114 0.562122 -0.026741 0.538228 0.461089
0.403113 -1.548984 0.014078 0.560113 -0.026632 0.536137 0.460129
0.429615 -1.564141 0.014043 0.557650 -0.026512 0.533901 0.458968
0.455439 -1.578638 0.014010 0.554724 -0.026382 0.531529 0.457606
0.480519 -1.592472 0.013976 0.551330 -0.026244 0.529059 0.456049
0.504835 -1.605629 0.013949 0.547486 -0.026092 0.526435 0.454294
0.528353 -1.618092 0.013927 0.543199 -0.025921 0.523546 0.452316
0.551051 -1.629864 0.013912 0.538479 -0.025737 0.520496 0.450154
0.572892 -1.640941 0.013904 0.533344 -0.025541 0.517326 0.447822
0.593857 -1.651320 0.013899 0.527778 -0.025337 0.514046 0.445325
0.613928 -1.660999 0.013894 0.521757 -0.025125 0.510663 0.442661
0.633084 -1.669976 0.013887 0.515253 -0.024909 0.507182 0.439824
0.651303 -1.678250 0.013875 0.508244 -0.024688 0.503607 0.436811
0.668557 -1.685823 0.013858 0.500710 -0.024465 0.499942 0.433619
0.684816 -1.692693 0.013835 0.492636 -0.024239 0.496190 0.430245
0.700049 -1.698863 0.013805 0.484010 -0.024012 0.492354 0.426687
0.714228 -1.704333 0.013768 0.474820 -0.023784 0.488437 0.422945
0.727322 -1.709106 0.013723 0.465057 -0.023554 0.484443 0.419019
0.739305 -1.713183 0.013672 0.454712 -0.023325 0.480372 0.414906
0.750155 -1.716567 0.013612 0.443777 -0.023095 0.476227 0.410608
0.759852 -1.719262 0.013544 0.432241 -0.022866 0.472011 0.406122
0.768383 -1.721269 0.013467 0.420098 -0.022638 0.467725 0.401449
0.775742 -1.722594 0.013380 0.407336 -0.022412 0.463372 0.396587
0.781930 -1.723239 0.013280 0.393947 -0.022189 0.458953 0.391536
0.786953 -1.723208 0.013166 0.379927 -0.021971 0.454472 0.386298
0.790826 -1.722506 0.013035 0.365283 -0.021761 0.449945 0.380881
0.793558 -1.721154 0.012890 0.350031 -0.021563 0.445528 0.375347
0.795132 -1.719143 0.012727 0.334152 -0.021373 0.441079 0.369636
0.795525 -1.716473 0.012550 0.317637 -0.021190 0.436577 0.363741
0.794717 -1.713146 0.012360 0.300496 -0.021011 0.432020 0.357664
0.792687 -1.709162 0.012160 0.282747 -0.020836 0.427410 0.351414
0.789408 -1.704520 0.011958 0.264434 -0.020662 0.422750 0.344996
0.784873 -1.699221 0.011754 0.245576 -0.020488 0.418041 0.338421
0.779085 -1.693268 0.011548 0.226186 -0.020315 0.413287 0.331694
0.772058 -1.686663 0.011342 0.206274 -0.020142 0.408489 0.324819
0.763806 -1.679410 0.011134 0.185849 -0.019970 0.403649 0.317798
0.754347 -1.671512 0.010927 0.164922 -0.019798 0.398767 0.310634
0.743702 -1.662974 0.010719 0.143505 -0.019627 0.393846 0.303331
0.731894 -1.653799 0.010512 0.121611 -0.019457 0.388886 0.295893
0.718946 -1.643992 0.010305 0.099252 -0.019287 0.383889 0.288322
0.704884 -1.633558 0.010099 0.076442 -0.019118 0.378856 0.280623
0.689735 -1.622501 0.009895 0.053195 -0.018950 0.373786 0.272798
0.673529 -1.610826 0.009692 0.029523 -0.018782 0.368682 0.264852
0.656296 -1.598539 0.009491 0.005441 -0.018615 0.363543 0.256788
0.638069 -1.585644 0.009292 -0.019038 -0.018449 0.358369 0.248609
0.618883 -1.572147 0.009095 -0.043899 -0.018283 0.353160 0.240319
0.598774 -1.558054 0.008901 -0.069129 -0.018118 0.347916 0.231919
0.577777 -1.543370 0.008709 -0.094714 -0.017953 0.342636 0.223414
0.555932 -1.528102 0.008520 -0.120642 -0.017789 0.337318 0.214804
0.533277 -1.512255 0.008335 -0.146901 -0.017625 0.331963 0.206092
0.509850 -1.495836 0.008154 -0.173479 -0.017461 0.326567 0.197280
0.485687 -1.478848 0.007978 -0.200366 -0.017297 0.321129 0.188367
0.460830 -1.461298 0.007805 -0.227561 -0.017133 0.315645 0.179352
0.435297 -1.443187 0.007638 -0.255050 -0.016968 0.310112 0.170240
0.409069 -1.424515 0.007484 -0.282786 -0.016799 0.304527 0.161038
0.382134 -1.405295 0.007345 -0.310746 -0.016624 0.298889 0.151753
0.354506 -1.385567 0.007221 -0.338914 -0.016444 0.293197 0.142390
0.326200 -1.365327 0.007110 -0.367285 -0.016261 0.287453 0.132956
0.297228 -1.344572 0.007009 -0.395864 -0.016075 0.281672 0.123457
0.267587 -1.323302 0.006915 -0.424650 -0.015890 0.275867 0.113896
0.237272 -1.301518 0.006826 -0.453640 -0.015707 0.270050 0.104279
0.206275 -1.279224 0.006741 -0.482832 -0.015526 0.264232 0.094611
0.174585 -1.256424 0.006659 -0.512220 -0.015348 0.258424 0.084898
0.142194 -1.233123 0.006579 -0.541796 -0.015175 0.252634 0.075144
0.109094 -1.209328 0.006500 -0.571553 -0.015006 0.246872 0.065356
0.075279 -1.185046 0.006422 -0.601478 -0.014843 0.241144 0.055540
0.040750 -1.160286 0.006344 -0.631557 -0.014686 0.235459 0.045704
0.005508 -1.135056 0.006268 -0.661770 -0.014533 0.229813 0.035856
-0.030439 -1.109361 0.006189 -0.692107 -0.014389 0.224250 0.026010
-0.067082 -1.083203 0.006100 -0.722566 -0.014257 0.218828 0.016177
-0.104409 -1.056590 0.006008 -0.753137 -0.014132 0.213482 0.006342
-0.142409 -1.029534 0.005917 -0.783806 -0.014014 0.208203 -0.003493
-0.181067 -1.002047 0.005826 -0.814556 -0.013901 0.202989 -0.013326
-0.220364 -0.974141 0.005739 -0.845373 -0.013793 0.197840 -0.023151
-0.260279 -0.945826 0.005654 -0.876243 -0.013690 0.192754 -0.032967
-0.300785 -0.917114 0.005573 -0.907153 -0.013591 0.187733 -0.042770
-0.341857 -0.888014 0.005494 -0.938090 -0.013497 0.182775 -0.052556
-0.383476 -0.858535 0.005417 -0.969038 -0.013408 0.177881 -0.062316
-0.425635 -0.828683 0.005348 -0.999952 -0.013321 0.173053 -0.072046
-0.468313 -0.798466 0.005286 -1.030816 -0.013236 0.168292 -0.081737
-0.511478 -0.767895 0.005231 -1.061619 -0.013153 0.163597 -0.091385
-0.555099 -0.736978 0.005181 -1.092352 -0.013073 0.158969 -0.100990
-0.599143 -0.705725 0.005136 -1.123005 -0.012996 0.154408 -0.110548
-0.643577 -0.674147 0.005096 -1.153567 -0.012921 0.149914 -0.120058
-0.688370 -0.642253 0.005061 -1.184024 -0.012850 0.145487 -0.129515
-0.733489 -0.610053 0.005031 -1.214366 -0.012780 0.141128 -0.138919
-0.778901 -0.577556 0.005006 -1.244583 -0.012714 0.136835 -0.148267
-0.824574 -0.544773 0.004984 -1.274660 -0.012650 0.132610 -0.157556
-0.870481 -0.511714 0.004967 -1.304584 -0.012589 0.128452 -0.166784
-0.916590 -0.478388 0.004953 -1.334345 -0.012530 0.124360 -0.175946
-0.962873 -0.444805 0.004944 -1.363932 -0.012473 0.120336 -0.185041
-1.009299 -0.410974 0.004938 -1.393333 -0.012419 0.116377 -0.194067
-1.055839 -0.376906 0.004936 -1.422539 -0.012366 0.112485 -0.203022
-1.102464 -0.342610 0.004936 -1.451541 -0.012316 0.108659 -0.211903
-1.149145 -0.308097 0.004940 -1.480332 -0.012269 0.104898 -0.220709
-1.195853 -0.273374 0.004945 -1.508902 -0.012223 0.101202 -0.229439
-1.242559 -0.238453 0.004953 -1.537244 -0.012180 0.097570 -0.238091
-1.289235 -0.203343 0.004962 -1.565351 -0.012139 0.094003 -0.246664
-1.335847 -0.168053 0.004972 -1.593222 -0.012101 0.090499 -0.255159
-1.382371 -0.132591 0.004982 -1.620847 -0.012066 0.087057 -0.263571
-1.428790 -0.096965 0.004992 -1.648209 -0.012034 0.083679 -0.271894
-1.475100 -0.061181 0.005006 -1.675270 -0.012001 0.080366 -0.280123
-1.521271 -0.025247 0.005023 -1.702022 -0.011970 0.077116 -0.288255
-1.567275 0.010829 0.005042 -1.728460 -0.011940 0.073928 -0.296288
-1.613088 0.047038 0.005064 -1.754577 -0.011911 0.070803 -0.304221
-1.658686 0.083371 0.005087 -1.780367 -0.011882 0.067741 -0.312052
-1.704046 0.119819 0.005111 -1.805824 -0.011855 0.064739 -0.319782
-1.749145 0.156373 0.005137 -1.830943 -0.011829 0.061797 -0.327407
-1.793960 0.193024 0.005164 -1.855720 -0.011804 0.058915 -0.334929
-1.838470 0.229762 0.005191 -1.880150 -0.011780 0.056092 -0.342347
-1.882653 0.266580 0.005218 -1.904228 -0.011757 0.053327 -0.349660
-1.926489 0.303468 0.005245 -1.927951 -0.011736 0.050618 -0.356867
-1.969959 0.340418 0.005273 -1.951315 -0.011715 0.047966 -0.363968
-2.013043 0.377420 0.005300 -1.974315 -0.011695 0.045369 -0.370963
-2.055721 0.414467 0.005326 -1.996950 -0.011676 0.042826 -0.377852
-2.097977 0.451551 0.005352 -2.019217 -0.011658 0.040337 -0.384634
-2.139792 0.488662 0.005377 -2.041113 -0.011641 0.037901 -0.391310
-2.181148 0.525792 0.005401 -2.062638 -0.011625 0.035516 -0.397880
-2.222030 0.562934 0.005422 -2.083792 -0.011611 0.033181 -0.404344
-2.262422 0.600079 0.005442 -2.104573 -0.011597 0.030897 -0.410703
-2.302308 0.637219 0.005460 -2.124981 -0.011584 0.028661 -0.416956
-2.341676 0.674348 0.005475 -2.145012 -0.011573 0.026473 -0.423102
-2.380519 0.711458 0.005487 -2.164659 -0.011564 0.024332 -0.429138
-2.418828 0.748542 0.005498 -2.183907 -0.011554 0.022240 -0.435059
-2.456583 0.785597 0.005507 -2.202748 -0.011545 0.020193 -0.440869
-2.493777 0.822617 0.005517 -2.221168 -0.011536 0.018194 -0.446563
-2.530403 0.859594 0.005527 -2.239159 -0.011526 0.016240 -0.452138
-2.566451 0.896522 0.005537 -2.256720 -0.011515 0.014331 -0.457594
-2.601911 0.933394 0.005546 -2.273850 -0.011504 0.012467 -0.462930
-2.636773 0.970204 0.005555 -2.290551 -0.011493 0.010647 -0.468147
-2.671025 1.006943 0.005563 -2.306823 -0.011481 0.008868 -0.473246
-2.704659 1.043607 0.005570 -2.322669 -0.011470 0.007132 -0.478226
-2.737666 1.080187 0.005575 -2.338090 -0.011458 0.005436 -0.483091
-2.770036 1.116677 0.005580 -2.353087 -0.011445 0.003780 -0.487839
-2.801761 1.153072 0.005582 -2.367663 -0.011433 0.002163 -0.492473
-2.832836 1.189364 0.005584 -2.381819 -0.011420 0.000583 -0.496993
-2.863251 1.225547 0.005583 -2.395557 -0.011408 -0.000959 -0.501399
-2.893001 1.261617 0.005581 -2.408880 -0.011395 -0.002465 -0.505694
-2.922079 1.297565 0.005576 -2.421792 -0.011382 -0.003935 -0.509879
-2.950481 1.333388 0.005570 -2.434294 -0.011369 -0.005372 -0.513953
-2.978199 1.369079 0.005561 -2.446391 -0.011356 -0.006774 -0.517920
-3.005230 1.404633 0.005549 -2.458086 -0.011343 -0.008144 -0.521780
-3.031569 1.440043 0.005535 -2.469385 -0.011330 -0.009481 -0.525535
-3.057213 1.475306 0.005518 -2.480290 -0.011317 -0.010788 -0.529185
-3.082159 1.510417 0.005498 -2.490804 -0.011305 -0.012065 -0.532732
-3.106407 1.545369 0.005475 -2.500926 -0.011293 -0.013311 -0.536173
-3.129960 1.580161 0.005449 -2.510652 -0.011281 -0.014529 -0.539507
-3.152821 1.614787 0.005421 -2.519970 -0.011269 -0.015717 -0.542731
-3.174974 1.649246 0.005392 -2.528880 -0.011256 -0.016876 -0.545848
-3.196422 1.683533 0.005362 -2.537372 -0.011242 -0.018007 -0.548856
-3.217169 1.717646 0.005333 -2.545440 -0.011227 -0.019110 -0.551753
-3.237216 1.751580 0.005303 -2.553084 -0.011210 -0.020184 -0.554537
-3.256564 1.785332 0.005273 -2.560308 -0.011192 -0.021232 -0.557210
-3.275211 1.818898 0.005242 -2.567117 -0.011172 -0.022253 -0.559772
-3.293158 1.852273 0.005212 -2.573514 -0.011152 -0.023248 -0.562224
-3.310406 1.885454 0.005180 -2.579505 -0.011130 -0.024218 -0.564569
-3.326953 1.918438 0.005148 -2.585097 -0.011108 -0.025164 -0.566809
-3.342801 1.951221 0.005115 -2.590295 -0.011085 -0.026087 -0.568944
-3.357950 1.983799 0.005080 -2.595104 -0.011060 -0.026986 -0.570978
-3.372402 2.016169 0.005045 -2.599531 -0.011035 -0.027862 -0.572911
-3.386159 2.048329 0.005008 -2.603581 -0.011009 -0.028717 -0.574745
-3.399222 2.080274 0.004970 -2.607261 -0.010983 -0.029551 -0.576483
-3.411594 2.112004 0.004930 -2.610578 -0.010956 -0.030364 -0.578127
-3.423278 2.143513 0.004888 -2.613539 -0.010929 -0.031156 -0.579678
-3.434277 2.174802 0.004845 -2.616149 -0.010901 -0.031929 -0.581138
-3.444595 2.205866 0.004799 -2.618415 -0.010873 -0.032683 -0.582509
-3.454238 2.236703 0.004751 -2.620344 -0.010844 -0.033418 -0.583792
-3.463211 2.267312 0.004701 -2.621938 -0.010816 -0.034135 -0.584988
-3.471523 2.297691 0.004648 -2.623198 -0.010787 -0.034834 -0.586095
-3.479184 2.327839 0.004594 -2.624119 -0.010758 -0.035514 -0.587111
-3.486205 2.357753 0.004539 -2.624692 -0.010727 -0.036176 -0.588033
-3.492578 2.387434 0.004484 -2.624915 -0.010696 -0.036820 -0.588863
-3.498314 2.416880 0.004431 -2.624776 -0.010662 -0.037448 -0.589597
-3.503424 2.446089 0.004381 -2.624267 -0.010625 -0.038063 -0.590233
-3.507911 2.475055 0.004332 -2.623399 -0.010587 -0.038660 -0.590772
-3.511776 2.503774 0.004284 -2.622177 -0.010546 -0.039238 -0.591217
-3.515024 2.532241 0.004235 -2.620611 -0.010505 -0.039798 -0.591570
-3.517659 2.560451 0.004187 -2.618707 -0.010461 -0.040340 -0.591834
-3.519684 2.588400 0.004139 -2.616474 -0.010417 -0.040864 -0.592010
-3.521103 2.616083 0.004089 -2.613919 -0.010373 -0.041368 -0.592102
-3.521921 2.643496 0.004035 -2.611052 -0.010329 -0.041846 -0.592110
-3.522142 2.670630 0.003966 -2.607882 -0.010288 -0.042249 -0.592027
-3.521771 2.697488 0.003889 -2.604415 -0.010249 -0.042619 -0.591864
-3.520813 2.724069 0.003812 -2.600657 -0.010209 -0.042975 -0.591626
-3.519272 2.750372 0.003734 -2.596616 -0.010169 -0.043319 -0.591314
-3.517155 2.776394 0.003656 -2.592297 -0.010128 -0.043653 -0.590931
-3.514467 2.802137 0.003578 -2.587709 -0.010086 -0.043979 -0.590480
-3.511213 2.827598 0.003500 -2.582859 -0.010044 -0.044296 -0.589961
-3.507400 2.852779 0.003421 -2.577754 -0.010001 -0.044606 -0.589377
-3.503035 2.877678 0.003342 -2.572400 -0.009958 -0.044910 -0.588730
-3.498125 2.902296 0.003263 -2.566801 -0.009915 -0.045206 -0.588019
-3.492681 2.926633 0.003183 -2.560958 -0.009871 -0.045497 -0.587244
-3.486712 2.950691 0.003103 -2.554868 -0.009826 -0.045782 -0.586404
-3.480228 2.974469 0.003025 -2.548523 -0.009780 -0.046060 -0.585496
-3.473221 2.997969 0.002948 -2.541927 -0.009733 -0.046333 -0.584524
-3.465699 3.021193 0.002872 -2.535073 -0.009685 -0.046600 -0.583488
-3.457673 3.044141 0.002799 -2.527958 -0.009635 -0.046862 -0.582384
-3.449153 3.066814 0.002729 -2.520583 -0.009583 -0.047118 -0.581213
-3.440147 3.089212 0.002661 -2.512950 -0.009529 -0.047369 -0.579974
-3.430663 3.111337 0.002596 -2.505066 -0.009474 -0.047615 -0.578669
-3.420710 3.133190 0.002533 -2.496937 -0.009417 -0.047855 -0.577300
-3.410293 3.154770 0.002473 -2.488571 -0.009358 -0.048092 -0.575868
-3.399420 3.176078 0.002414 -2.479974 -0.009299 -0.048324 -0.574375
-3.388098 3.197116 0.002357 -2.471155 -0.009238 -0.048553 -0.572824
-3.376333 3.217884 0.002302 -2.462121 -0.009175 -0.048777 -0.571217
-3.364134 3.238382 0.002248 -2.452881 -0.009112 -0.048999 -0.569556
-3.351506 3.258613 0.002195 -2.443441 -0.009048 -0.049217 -0.567843
-3.338456 3.278576 0.002143 -2.433811 -0.008983 -0.049432 -0.566081
-3.324993 3.298273 0.002092 -2.423996 -0.008918 -0.049644 -0.564271
-3.311121 3.317705 0.002041 -2.414006 -0.008852 -0.049853 -0.562415
-3.296849 3.336873 0.001991 -2.403848 -0.008785 -0.050061 -0.560517
-3.282184 3.355777 0.001940 -2.393529 -0.008719 -0.050266 -0.558577
-3.267134 3.374421 0.001890 -2.383055 -0.008652 -0.050469 -0.556597
-3.251707 3.392804 0.001839 -2.372431 -0.008585 -0.050671 -0.554579
-3.235911 3.410928 0.001788 -2.361660 -0.008518 -0.050871 -0.552521
-3.219757 3.428795 0.001738 -2.350743 -0.008451 -0.051069 -0.550424
-3.203255 3.446408 0.001687 -2.339675 -0.008383 -0.051266 -0.548286
-3.186414 3.463767 0.001639 -2.328450 -0.008315 -0.051460 -0.546105
-3.169224 3.480874 0.001591 -2.317071 -0.008246 -0.051654 -0.543884
-3.151695 3.497732 0.001545 -2.305532 -0.008175 -0.051845 -0.541623
-3.133835 3.514342 0.001501 -2.293828 -0.008104 -0.052035 -0.539319
-3.115655 3.530706 0.001461 -2.281960 -0.008031 -0.052223 -0.536971
-3.097162 3.546826 0.001422 -2.269931 -0.007956 -0.052409 -0.534580
-3.078364 3.562703 0.001387 -2.257744 -0.007880 -0.052594 -0.532146
-3.059268 3.578340 0.001353 -2.245406 -0.007803 -0.052778 -0.529672
-3.039881 3.593736 0.001322 -2.232924 -0.007725 -0.052960 -0.527158
-3.020208 3.608896 0.001292 -2.220305 -0.007646 -0.053141 -0.524606
-3.000257 3.623818 0.001264 -2.207555 -0.007565 -0.053321 -0.522020
-2.980033 3.638507 0.001238 -2.194682 -0.007485 -0.053500 -0.519400
-2.959542 3.652962 0.001212 -2.181694 -0.007403 -0.053679 -0.516749
-2.938790 3.667187 0.001188 -2.168598 -0.007321 -0.053857 -0.514069
-2.917784 3.681182 0.001164 -2.155401 -0.007239 -0.054035 -0.511361
-2.896528 3.694949 0.001140 -2.142110 -0.007156 -0.054212 -0.508629
-2.875030 3.708490 0.001116 -2.128732 -0.007074 -0.054389 -0.505873
-2.853296 3.721807 0.001093 -2.115274 -0.006991 -0.054567 -0.503096
-2.831332 3.734902 0.001069 -2.101740 -0.006909 -0.054744 -0.500299
-2.809145 3.747776 0.001044 -2.088135 -0.006826 -0.054922 -0.497482
-2.786743 3.760432 0.001020 -2.074460 -0.006744 -0.055099 -0.494645
-2.764133 3.772872 0.000995 -2.060716 -0.006662 -0.055278 -0.491788
-2.741325 3.785099 0.000970 -2.046897 -0.006580 -0.055456 -0.488909
-2.718325 3.797113 0.000947 -2.032998 -0.006497 -0.055633 -0.486006
-2.695124 3.808917 0.000924 -2.019021 -0.006414 -0.055811 -0.483082
-2.671728 3.820513 0.000903 -2.004959 -0.006331 -0.055989 -0.480137
-2.648144 3.831904 0.000883 -1.990810 -0.006246 -0.056167 -0.477167
-2.624382 3.843091 0.000866 -1.976571 -0.006160 -0.056344 -0.474173
-2.600446 3.854076 0.000850 -1.962244 -0.006073 -0.056522 -0.471154
-2.576345 3.864861 0.000837 -1.947833 -0.005986 -0.056699 -0.468110
-2.552082 3.875449 0.000825 -1.933343 -0.005897 -0.056876 -0.465044
-2.527665 3.885840 0.000815 -1.918780 -0.005808 -0.057053 -0.461956
-2.503096 3.896038 0.000807 -1.904149 -0.005718 -0.057230 -0.458848
-2.478383 3.906044 0.000799 -1.889456 -0.005627 -0.057408 -0.455722
-2.453529 3.915860 0.000792 -1.874709 -0.005536 -0.057586 -0.452580
-2.428539 3.925488 0.000786 -1.859913 -0.005445 -0.057764 -0.449423
-2.403417 3.934930 0.000780 -1.845075 -0.005354 -0.057942 -0.446254
-2.378169 3.944187 0.000774 -1.830202 -0.005262 -0.058121 -0.443074
-2.352798 3.953262 0.000768 -1.815298 -0.005171 -0.058301 -0.439884
-2.327311 3.962157 0.000762 -1.800371 -0.005080 -0.058481 -0.436687
-2.301711 3.970874 0.000755 -1.785425 -0.004989 -0.058662 -0.433484
-2.276003 3.979414 0.000747 -1.770465 -0.004899 -0.058844 -0.430276
-2.250194 3.987781 0.000739 -1.755492 -0.004809 -0.059026 -0.427063
-2.224289 3.995975 0.000729 -1.740509 -0.004720 -0.059210 -0.423844
-2.198294 4.003999 0.000719 -1.725513 -0.004631 -0.059394 -0.420620
-2.172217 4.011856 0.000709 -1.710501 -0.004542 -0.059578 -0.417388
-2.146060 4.019546 0.000699 -1.695466 -0.004453 -0.059763 -0.414147
-2.119816 4.027073 0.000690 -1.680410 -0.004364 -0.059949 -0.410900
-2.093488 4.034436 0.000681 -1.665326 -0.004274 -0.060135 -0.407644
-2.067083 4.041640 0.000673 -1.650210 -0.004184 -0.060322 -0.404378
-2.040607 4.048685 0.000667 -1.635060 -0.004094 -0.060508 -0.401102
-2.014064 4.055573 0.000662 -1.619877 -0.004002 -0.060695 -0.397814
-1.987460 4.062307 0.000659 -1.604664 -0.003910 -0.060882 -0.394516
-1.960798 4.068888 0.000657 -1.589423 -0.003818 -0.061070 -0.391208
-1.934083 4.075319 0.000655 -1.574160 -0.003725 -0.061258 -0.387891
-1.907318 4.081600 0.000655 -1.558879 -0.003631 -0.061446 -0.384567
-1.880508 4.087735 0.000655 -1.543585 -0.003538 -0.061635 -0.381236
-1.853655 4.093725 0.000656 -1.528285 -0.003444 -0.061824 -0.377902
-1.826763 4.099572 0.000656 -1.512982 -0.003350 -0.062014 -0.374564
-1.799835 4.105277 0.000657 -1.497684 -0.003257 -0.062204 -0.371226
-1.772874 4.110843 0.000657 -1.482394 -0.003163 -0.062395 -0.367887
-1.745884 4.116271 0.000656 -1.467118 -0.003070 -0.062587 -0.364551
-1.718869 4.121563 0.000655 -1.451861 -0.002977 -0.062779 -0.361217
-1.691830 4.126722 0.000653 -1.436627 -0.002885 -0.062972 -0.357888
-1.664773 4.131749 0.000649 -1.421421 -0.002794 -0.063166 -0.354564
-1.637700 4.136645 0.000644 -1.406246 -0.002703 -0.063360 -0.351247
-1.610616 4.141414 0.000638 -1.391102 -0.002613 -0.063556 -0.347935
-1.583525 4.146056 0.000630 -1.375992 -0.002523 -0.063752 -0.344630
-1.556432 4.150573 0.000622 -1.360912 -0.002435 -0.063949 -0.341329
-1.529340 4.154967 0.000612 -1.345857 -0.002346 -0.064147 -0.338032
-1.502254 4.159240 0.000603 -1.330823 -0.002258 -0.064344 -0.334737
-1.475164 4.163393 0.000593 -1.315810 -0.002170 -0.064543 -0.331446
-1.448073 4.167427 0.000583 -1.300811 -0.002082 -0.064742 -0.328157
-1.420985 4.171344 0.000574 -1.285821 -0.001994 -0.064941 -0.324869
-1.393904 4.175146 0.000565 -1.270840 -0.001905 -0.065141 -0.321581
-1.366835 4.178834 0.000557 -1.255867 -0.001816 -0.065341 -0.318292
-1.339780 4.182409 0.000550 -1.240903 -0.001727 -0.065541 -0.315003
-1.312743 4.185874 0.000543 -1.225951 -0.001637 -0.065742 -0.311714
-1.285726 4.189231 0.000537 -1.211015 -0.001548 -0.065943 -0.308426
-1.258733 4.192480 0.000531 -1.196100 -0.001458 -0.066144 -0.305141
-1.231764 4.195624 0.000525 -1.181208 -0.001369 -0.066346 -0.301859
-1.204824 4.198663 0.000518 -1.166345 -0.001279 -0.066548 -0.298582
-1.177914 4.201601 0.000512 -1.151516 -0.001190 -0.066750 -0.295311
-1.151036 4.204437 0.000504 -1.136724 -0.001101 -0.066953 -0.292048
-1.124192 4.207175 0.000496 -1.121975 -0.001013 -0.067157 -0.288793
-1.097385 4.209814 0.000487 -1.107271 -0.000925 -0.067361 -0.285548
-1.070617 4.212358 0.000476 -1.092618 -0.000838 -0.067565 -0.282314
-1.043891 4.214807 0.000464 -1.078018 -0.000751 -0.067770 -0.279092
-1.017209 4.217164 0.000451 -1.063473 -0.000666 -0.067976 -0.275882
-0.990574 4.219429 0.000436 -1.048985 -0.000581 -0.068182 -0.272685
-0.963988 4.221604 0.000420 -1.034554 -0.000497 -0.068389 -0.269499
-0.937456 4.223690 0.000402 -1.020178 -0.000414 -0.068597 -0.266325
-0.910980 4.225690 0.000383 -1.005851 -0.000331 -0.068805 -0.263161
-0.884562 4.227603 0.000364 -0.991569 -0.000248 -0.069013 -0.260004
-0.858194 4.229431 0.000344 -0.977331 -0.000166 -0.069222 -0.256858
-0.831877 4.231174 0.000324 -0.963131 -0.000084 -0.069431 -0.253719
-0.805614 4.232834 0.000305 -0.948966 -0.000002 -0.069640 -0.250588
-0.779409 4.234412 0.000285 -0.934832 0.000080 -0.069850 -0.247462
-0.753264 4.235910 0.000266 -0.920730 0.000162 -0.070059 -0.244342
-0.727180 4.237327 0.000247 -0.906660 0.000245 -0.070269 -0.241227
-0.701161 4.238667 0.000229 -0.892625 0.000327 -0.070479 -0.238118
-0.675209 4.239930 0.000211 -0.878627 0.000410 -0.070689 -0.235016
-0.649324 4.241118 0.000192 -0.864670 0.000492 -0.070900 -0.231922
-0.623509 4.242232 0.000174 -0.850757 0.000574 -0.071110 -0.228836
-0.597764 4.243272 0.000155 -0.836892 0.000656 -0.071321 -0.225760
-0.572092 4.244242 0.000135 -0.823079 0.000738 -0.071533 -0.222695
-0.546494 4.245141 0.000115 -0.809321 0.000819 -0.071744 -0.219642
-0.520970 4.245971 0.000094 -0.795622 0.000899 -0.071956 -0.216602
-0.495524 4.246733 0.000071 -0.781985 0.000979 -0.072168 -0.213575
-0.470155 4.247429 0.000047 -0.768414 0.001059 -0.072381 -0.210564
-0.444866 4.248060 0.000022 -0.754910 0.001137 -0.072594 -0.207568
-0.419659 4.248626 -0.000004 -0.741476 0.001215 -0.072808 -0.204587
-0.394534 4.249130 -0.000032 -0.728112 0.001291 -0.073022 -0.201623
-0.369495 4.249572 -0.000062 -0.714817 0.001368 -0.073237 -0.198673
-0.344543 4.249953 -0.000093 -0.701590 0.001443 -0.073451 -0.195739
-0.319681 4.250275 -0.000125 -0.688427 0.001518 -0.073667 -0.192817
-0.294908 4.250538 -0.000157 -0.675321 0.001592 -0.073882 -0.189907
-0.270219 4.250741 -0.000190 -0.662272 0.001666 -0.074097 -0.187010
-0.245613 4.250886 -0.000224 -0.649275 0.001740 -0.074313 -0.184125
-0.221093 4.250974 -0.000257 -0.636324 0.001813 -0.074529 -0.181249
-0.196661 4.251005 -0.000290 -0.623418 0.001887 -0.074746 -0.178383
-0.172317 4.250980 -0.000323 -0.610557 0.001961 -0.074962 -0.175526
-0.148065 4.250901 -0.000355 -0.597740 0.002035 -0.075178 -0.172677
-0.123905 4.250768 -0.000387 -0.584970 0.002108 -0.075395 -0.169837
-0.099838 4.250583 -0.000419 -0.572247 0.002182 -0.075611 -0.167007
-0.075865 4.250346 -0.000452 -0.559576 0.002256 -0.075828 -0.164187
-0.051988 4.250058 -0.000484 -0.546958 0.002329 -0.076045 -0.161378
-0.028206 4.249721 -0.000517 -0.534397 0.002402 -0.076262 -0.158581
-0.004522 4.249335 -0.000550 -0.521896 0.002475 -0.076479 -0.155797
0.019065 4.248902 -0.000584 -0.509457 0.002547 -0.076697 -0.153027
0.042553 4.248422 -0.000619 -0.497085 0.002619 -0.076915 -0.150271
0.065942 4.247897 -0.000655 -0.484781 0.002690 -0.077133 -0.147531
0.089232 4.247327 -0.000692 -0.472548 0.002761 -0.077351 -0.144807
0.112420 4.246713 -0.000730 -0.460388 0.002831 -0.077570 -0.142101
0.135507 4.246057 -0.000769 -0.448304 0.002900 -0.077789 -0.139411
0.158490 4.245359 -0.000810 -0.436297 0.002968 -0.078009 -0.136739
0.181370 4.244620 -0.000853 -0.424367 0.003036 -0.078228 -0.134085
0.204145 4.243840 -0.000896 -0.412512 0.003102 -0.078449 -0.131448
0.226813 4.243022 -0.000941 -0.400732 0.003168 -0.078669 -0.128828
0.249374 4.242164 -0.000987 -0.389022 0.003233 -0.078890 -0.126223
0.271827 4.241268 -0.001033 -0.377378 0.003298 -0.079110 -0.123631
0.294179 4.240334 -0.001080 -0.365796 0.003363 -0.079332 -0.121054
0.316428 4.239360 -0.001128 -0.354273 0.003427 -0.079553 -0.118491
0.338575 4.238349 -0.001175 -0.342805 0.003491 -0.079774 -0.115939
0.360617 4.237301 -0.001222 -0.331389 0.003555 -0.079996 -0.113399
0.382555 4.236216 -0.001269 -0.320024 0.003620 -0.080217 -0.110869
0.404386 4.235095 -0.001316 -0.308711 0.003684 -0.080439 -0.108350
0.426110 4.233940 -0.001362 -0.297451 0.003748 -0.080661 -0.105842
0.447727 4.232749 -0.001408 -0.286246 0.003811 -0.080883 -0.103345
0.469236 4.231525 -0.001455 -0.275098 0.003875 -0.081105 -0.100860
0.490637 4.230268 -0.001502 -0.264009 0.003938 -0.081327 -0.098388
0.511929 4.228979 -0.001549 -0.252981 0.004002 -0.081550 -0.095930
0.533111 4.227659 -0.001596 -0.242017 0.004064 -0.081772 -0.093485
0.554184 4.226309 -0.001644 -0.231120 0.004127 -0.081995 -0.091055
0.575148 4.224928 -0.001693 -0.220292 0.004188 -0.082218 -0.088641
0.596000 4.223519 -0.001743 -0.209534 0.004250 -0.082441 -0.086243
0.616743 4.222081 -0.001794 -0.198850 0.004310 -0.082665 -0.083862
0.637374 4.220616 -0.001845 -0.188241 0.004370 -0.082889 -0.081498
0.657893 4.219124 -0.001898 -0.177707 0.004429 -0.083113 -0.079152
0.678301 4.217605 -0.001952 -0.167248 0.004488 -0.083337 -0.076823
0.698595 4.216061 -0.002007 -0.156865 0.004545 -0.083562 -0.074510
0.718776 4.214492 -0.002063 -0.146555 0.004603 -0.083787 -0.072214
0.738842 4.212898 -0.002120 -0.136314 0.004659 -0.084012 -0.069934
0.758795 4.211279 -0.002177 -0.126139 0.004716 -0.084237 -0.067667
0.778639 4.209635 -0.002235 -0.116026 0.004771 -0.084462 -0.065415
0.798374 4.207966 -0.002293 -0.105972 0.004827 -0.084688 -0.063175
0.817999 4.206272 -0.002350 -0.095973 0.004883 -0.084914 -0.060948
0.837515 4.204554 -0.002408 -0.086026 0.004938 -0.085140 -0.058733
0.856920 4.202812 -0.002464 -0.076132 0.004994 -0.085365 -0.056528
0.876214 4.201047 -0.002521 -0.066290 0.005049 -0.085591 -0.054334
0.895397 4.199259 -0.002578 -0.056502 0.005105 -0.085817 -0.052152
0.914468 4.197448 -0.002634 -0.046767 0.005160 -0.086044 -0.049980
0.933428 4.195617 -0.002690 -0.037090 0.005215 -0.086270 -0.047821
0.952275 4.193764 -0.002746 -0.027470 0.005270 -0.086496 -0.045675
0.971011 4.191891 -0.002803 -0.017910 0.005325 -0.086723 -0.043541
0.989635 4.189998 -0.002859 -0.008413 0.005379 -0.086949 -0.041421
1.008147 4.188086 -0.002916 0.001021 0.005433 -0.087176 -0.039316
1.026547 4.186155 -0.002974 0.010388 0.005487 -0.087403 -0.037226
1.044834 4.184207 -0.003032 0.019687 0.005540 -0.087630 -0.035151
1.063010 4.182241 -0.003091 0.028916 0.005592 -0.087858 -0.033092
1.081073 4.180258 -0.003151 0.038075 0.005644 -0.088085 -0.031049
1.099024 4.178259 -0.003212 0.047162 0.005696 -0.088313 -0.029023
1.116862 4.176245 -0.003273 0.056177 0.005746 -0.088541 -0.027013
1.134587 4.174215 -0.003336 0.065122 0.005797 -0.088769 -0.025019
1.152199 4.172170 -0.003399 0.073998 0.005846 -0.088997 -0.023041
1.169697 4.170109 -0.003462 0.082807 0.005895 -0.089226 -0.021077
1.187082 4.168035 -0.003526 0.091554 0.005944 -0.089454 -0.019126
1.204359 4.165944 -0.003590 0.100243 0.005993 -0.089683 -0.017189
1.221527 4.163839 -0.003654 0.108876 0.006041 -0.089912 -0.015265
1.238587 4.161718 -0.003718 0.117457 0.006089 -0.090141 -0.013351
1.255537 4.159582 -0.003781 0.125988 0.006137 -0.090370 -0.011449
1.272379 4.157431 -0.003844 0.134469 0.006186 -0.090599 -0.009557
1.289111 4.155266 -0.003906 0.142901 0.006234 -0.090828 -0.007675
1.305734 4.153088 -0.003968 0.151282 0.006282 -0.091057 -0.005804
1.322248 4.150896 -0.004030 0.159613 0.006330 -0.091286 -0.003944
1.338653 4.148691 -0.004091 0.167891 0.006379 -0.091515 -0.002094
1.354949 4.146474 -0.004152 0.176115 0.006426 -0.091744 -0.000257
1.371136 4.144245 -0.004214 0.184283 0.006474 -0.091973 0.001569
1.387214 4.142005 -0.004275 0.192395 0.006522 -0.092202 0.003382
1.403184 4.139754 -0.004337 0.200447 0.006569 -0.092431 0.005181
1.419045 4.137492 -0.004398 0.208438 0.006616 -0.092661 0.006967
1.434799 4.135221 -0.004461 0.216367 0.006662 -0.092890 0.008739
1.450444 4.132941 -0.004523 0.224232 0.006708 -0.093119 0.010497
1.465981 4.130651 -0.004587 0.232032 0.006753 -0.093349 0.012239
1.481411 4.128354 -0.004651 0.239767 0.006798 -0.093579 0.013966
1.496733 4.126048 -0.004715 0.247435 0.006843 -0.093808 0.015678
1.511947 4.123735 -0.004780 0.255036 0.006887 -0.094038 0.017375
1.527054 4.121414 -0.004846 0.262572 0.006930 -0.094268 0.019056
1.542053 4.119086 -0.004912 0.270044 0.006973 -0.094498 0.020724
1.556945 4.116752 -0.004979 0.277454 0.007015 -0.094728 0.022377
1.571730 4.114410 -0.005046 0.284806 0.007057 -0.094958 0.024018
1.586412 4.112061 -0.005113 0.292104 0.007099 -0.095188 0.025647
1.600990 4.109704 -0.005180 0.299350 0.007141 -0.095418 0.027264
1.615466 4.107339 -0.005246 0.306548 0.007183 -0.095648 0.028870
1.629838 4.104967 -0.005312 0.313699 0.007224 -0.095877 0.030466
1.644108 4.102587 -0.005377 0.320804 0.007266 -0.096107 0.032053
1.658275 4.100201 -0.005442 0.327863 0.007308 -0.096336 0.033629
1.672339 4.097809 -0.005507 0.334874 0.007349 -0.096566 0.035196
1.686301 4.095410 -0.005571 0.341839 0.007391 -0.096795 0.036753
1.700161 4.093005 -0.005635 0.348755 0.007432 -0.097025 0.038299
1.713919 4.090595 -0.005699 0.355621 0.007474 -0.097254 0.039835
1.727576 4.088181 -0.005763 0.362435 0.007515 -0.097483 0.041359
1.741132 4.085761 -0.005826 0.369197 0.007555 -0.097712 0.042871
1.754586 4.083338 -0.005890 0.375905 0.007596 -0.097941 0.044372
1.767940 4.080911 -0.005954 0.382558 0.007636 -0.098169 0.045860
1.781194 4.078481 -0.006018 0.389154 0.007676 -0.098398 0.047335
1.794348 4.076048 -0.006082 0.395693 0.007716 -0.098627 0.048797
1.807402 4.073613 -0.006147 0.402173 0.007755 -0.098855 0.050246
1.820357 4.071176 -0.006212 0.408595 0.007793 -0.099083 0.051681
1.833213 4.068737 -0.006278 0.414958 0.007832 -0.099312 0.053102
1.845970 4.066296 -0.006344 0.421262 0.007869 -0.099540 0.054511
1.858628 4.063854 -0.006410 0.427509 0.007907 -0.099768 0.055906
1.871188 4.061411 -0.006477 0.433702 0.007944 -0.099996 0.057290
1.883649 4.058966 -0.006544 0.439843 0.007980 -0.100224 0.058662
1.896016 4.056519 -0.006610 0.445936 0.008017 -0.100451 0.060023
1.908288 4.054071 -0.006676 0.451984 0.008053 -0.100679 0.061374
1.920466 4.051620 -0.006742 0.457988 0.008090 -0.100906 0.062716
1.932549 4.049167 -0.006807 0.463951 0.008126 -0.101132 0.064049
1.944539 4.046713 -0.006872 0.469873 0.008162 -0.101359 0.065373
1.956435 4.044257 -0.006936 0.475754 0.008199 -0.101585 0.066689
1.968238 4.041800 -0.007000 0.481594 0.008235 -0.101811 0.067995
1.979947 4.039342 -0.007063 0.487391 0.008271 -0.102036 0.069293
1.991565 4.036884 -0.007126 0.493146 0.008308 -0.102262 0.070582
2.003090 4.034426 -0.007189 0.498856 0.008344 -0.102487 0.071861
2.014523 4.031968 -0.007251 0.504521 0.008380 -0.102711 0.073130
2.025864 4.029510 -0.007313 0.510141 0.008415 -0.102936 0.074389
2.037115 4.027054 -0.007376 0.515712 0.008451 -0.103160 0.075638
2.048275 4.024599 -0.007438 0.521235 0.008486 -0.103383 0.076875
2.059345 4.022146 -0.007500 0.526709 0.008521 -0.103607 0.078101
2.070325 4.019695 -0.007563 0.532132 0.008555 -0.103830 0.079316
2.081215 4.017246 -0.007625 0.537505 0.008590 -0.104053 0.080519
2.092017 4.014800 -0.007688 0.542826 0.008623 -0.104275 0.081711
2.102729 4.012357 -0.007751 0.548095 0.008657 -0.104497 0.082890
2.113354 4.009917 -0.007815 0.553314 0.008690 -0.104719 0.084058
2.123890 4.007481 -0.007879 0.558483 0.008723 -0.104941 0.085215
2.134339 4.005047 -0.007942 0.563605 0.008755 -0.105162 0.086361
2.144700 4.002617 -0.008006 0.568681 0.008787 -0.105382 0.087498
2.154977 4.000190 -0.008069 0.573715 0.008819 -0.105603 0.088625
2.165169 3.997765 -0.008132 0.578711 0.008851 -0.105822 0.089743
2.175277 3.995343 -0.008195 0.583669 0.008883 -0.106042 0.090853
2.185301 3.992923 -0.008257 0.588591 0.008915 -0.106260 0.091955
2.195242 3.990507 -0.008318 0.593477 0.008946 -0.106479 0.093050
2.205099 3.988093 -0.008379 0.598328 0.008978 -0.106696 0.094138
2.214874 3.985683 -0.008439 0.603144 0.009010 -0.106913 0.095218
2.224567 3.983276 -0.008499 0.607923 0.009042 -0.107130 0.096290
2.234178 3.980874 -0.008558 0.612665 0.009074 -0.107346 0.097355
2.243708 3.978476 -0.008617 0.617370 0.009105 -0.107562 0.098411
2.253156 3.976082 -0.008676 0.622036 0.009137 -0.107777 0.099459
2.262524 3.973693 -0.008734 0.626662 0.009168 -0.107991 0.100498
2.271812 3.971309 -0.008793 0.631247 0.009199 -0.108205 0.101528
2.281021 3.968931 -0.008851 0.635791 0.009230 -0.108418 0.102549
2.290150 3.966559 -0.008909 0.640293 0.009260 -0.108631 0.103561
2.299200 3.964193 -0.008967 0.644752 0.009291 -0.108843 0.104562
2.308171 3.961834 -0.009026 0.649167 0.009321 -0.109055 0.105553
2.317065 3.959482 -0.009084 0.653537 0.009350 -0.109266 0.106534
2.325881 3.957136 -0.009142 0.657863 0.009380 -0.109476 0.107505
2.334620 3.954798 -0.009201 0.662145 0.009409 -0.109686 0.108466
2.343282 3.952467 -0.009260 0.666382 0.009437 -0.109895 0.109416
2.351868 3.950143 -0.009319 0.670576 0.009466 -0.110104 0.110357
2.360378 3.947827 -0.009378 0.674729 0.009494 -0.110312 0.111288
2.368812 3.945519 -0.009436 0.678842 0.009521 -0.110519 0.112211
2.377173 3.943217 -0.009495 0.682919 0.009549 -0.110726 0.113126
2.385460 3.940923 -0.009553 0.686963 0.009577 -0.110931 0.114033
2.393674 3.938635 -0.009611 0.690974 0.009604 -0.111136 0.114933
2.401816 3.936354 -0.009668 0.694954 0.009631 -0.111341 0.115826
2.409886 3.934080 -0.009724 0.698903 0.009659 -0.111544 0.116713
2.417883 3.931814 -0.009780 0.702821 0.009686 -0.111747 0.117593
2.425810 3.929555 -0.009836 0.706709 0.009713 -0.111949 0.118467
2.433666 3.927304 -0.009891 0.710565 0.009741 -0.112150 0.119334
2.441451 3.925061 -0.009946 0.714389 0.009768 -0.112350 0.120194
2.449166 3.922826 -0.010000 0.718181 0.009795 -0.112549 0.121047
2.456812 3.920600 -0.010054 0.721939 0.009822 -0.112748 0.121892
2.464388 3.918382 -0.010108 0.725663 0.009848 -0.112946 0.122731
2.471896 3.916174 -0.010161 0.729353 0.009875 -0.113143 0.123561
2.479335 3.913974 -0.010215 0.733006 0.009901 -0.113339 0.124383
2.486707 3.911785 -0.010268 0.736624 0.009927 -0.113534 0.125197
2.494011 3.909605 -0.010321 0.740205 0.009953 -0.113729 0.126003
2.501248 3.907436 -0.010374 0.743748 0.009978 -0.113922 0.126800
2.508418 3.905277 -0.010427 0.747255 0.010003 -0.114115 0.127588
2.515523 3.903128 -0.010481 0.750723 0.010028 -0.114307 0.128368
2.522561 3.900990 -0.010534 0.754155 0.010053 -0.114498 0.129139
2.529534 3.898863 -0.010587 0.757550 0.010077 -0.114688 0.129902
2.536443 3.896746 -0.010641 0.760910 0.010101 -0.114877 0.130658
2.543286 3.894641 -0.010694 0.764238 0.010125 -0.115065 0.131406
2.550067 3.892545 -0.010747 0.767534 0.010148 -0.115252 0.132147
2.556784 3.890460 -0.010799 0.770803 0.010172 -0.115439 0.132881
2.563439 3.888384 -0.010851 0.774044 0.010195 -0.115624 0.133610
2.570032 3.886320 -0.010902 0.777259 0.010219 -0.115808 0.134333
2.576564 3.884265 -0.010953 0.780448 0.010242 -0.115991 0.135051
2.583034 3.882221 -0.011003 0.783610 0.010265 -0.116173 0.135763
2.589443 3.880188 -0.011053 0.786747 0.010289 -0.116354 0.136470
2.595792 3.878166 -0.011102 0.789858 0.010312 -0.116534 0.137170
2.602081 3.876154 -0.011151 0.792941 0.010335 -0.116713 0.137865
2.608311 3.874155 -0.011199 0.795997 0.010358 -0.116891 0.138555
2.614481 3.872167 -0.011248 0.799025 0.010381 -0.117068 0.139238
2.620592 3.870190 -0.011296 0.802024 0.010403 -0.117244 0.139914
2.626645 3.868226 -0.011343 0.804994 0.010425 -0.117418 0.140584
2.632639 3.866274 -0.011391 0.807934 0.010448 -0.117592 0.141247
2.638576 3.864335 -0.011438 0.810844 0.010470 -0.117764 0.141904
2.644456 3.862408 -0.011485 0.813723 0.010491 -0.117936 0.142553
2.650279 3.860494 -0.011532 0.816571 0.010513 -0.118106 0.143195
2.656046 3.858594 -0.011579 0.819388 0.010534 -0.118275 0.143830
2.661756 3.856707 -0.011626 0.822174 0.010555 -0.118443 0.144458
2.667410 3.854833 -0.011673 0.824928 0.010576 -0.118610 0.145078
2.673010 3.852972 -0.011720 0.827652 0.010596 -0.118775 0.145692
2.678554 3.851125 -0.011767 0.830347 0.010616 -0.118940 0.146299
2.684043 3.849292 -0.011813 0.833014 0.010636 -0.119103 0.146900
2.689479 3.847471 -0.011860 0.835655 0.010656 -0.119265 0.147495
2.694862 3.845664 -0.011905 0.838272 0.010675 -0.119426 0.148085
2.700191 3.843870 -0.011951 0.840867 0.010695 -0.119586 0.148669
2.705468 3.842089 -0.011996 0.843439 0.010714 -0.119744 0.149249
2.710693 3.840321 -0.012040 0.845990 0.010734 -0.119901 0.149825
2.715865 3.838566 -0.012084 0.848518 0.010753 -0.120057 0.150395
2.720986 3.836825 -0.012127 0.851025 0.010772 -0.120211 0.150961
2.726056 3.835097 -0.012170 0.853509 0.010791 -0.120365 0.151523
2.731075 3.833383 -0.012212 0.855971 0.010810 -0.120517 0.152079
2.736043 3.831684 -0.012254 0.858410 0.010829 -0.120667 0.152630
2.740961 3.829998 -0.012296 0.860826 0.010848 -0.120816 0.153177
2.745829 3.828327 -0.012338 0.863217 0.010867 -0.120964 0.153717
2.750648 3.826671 -0.012379 0.865585 0.010885 -0.121111 0.154253
2.755417 3.825029 -0.012420 0.867927 0.010903 -0.121256 0.154783
2.760138 3.823402 -0.012460 0.870244 0.010921 -0.121400 0.155307
2.764810 3.821791 -0.012501 0.872536 0.010939 -0.121543 0.155825
2.769433 3.820194 -0.012541 0.874802 0.010957 -0.121684 0.156337
2.774009 3.818614 -0.012581 0.877041 0.010974 -0.121824 0.156843
2.778536 3.817049 -0.012621 0.879255 0.010991 -0.121963 0.157343
2.783017 3.815500 -0.012661 0.881442 0.011008 -0.122100 0.157837
2.787450 3.813966 -0.012701 0.883602 0.011024 -0.122236 0.158325
2.791837 3.812449 -0.012741 0.885737 0.011040 -0.122370 0.158807
2.796177 3.810948 -0.012781 0.887848 0.011056 -0.122503 0.159284
2.800471 3.809462 -0.012820 0.889934 0.011072 -0.122635 0.159755
2.804720 3.807992 -0.012859 0.891999 0.011088 -0.122765 0.160221
2.808923 3.806538 -0.012898 0.894043 0.011103 -0.122894 0.160682
2.813081 3.805100 -0.012936 0.896068 0.011119 -0.123021 0.161140
2.817195 3.803677 -0.012974 0.898073 0.011134 -0.123147 0.161593
2.821264 3.802270 -0.013011 0.900060 0.011149 -0.123271 0.162041
2.825288 3.800878 -0.013048 0.902027 0.011164 -0.123394 0.162486
2.829269 3.799503 -0.013085 0.903976 0.011179 -0.123515 0.162927
2.833207 3.798144 -0.013121 0.905905 0.011194 -0.123635 0.163363
2.837101 3.796801 -0.013157 0.907815 0.011209 -0.123753 0.163796
2.840952 3.795474 -0.013192 0.909705 0.011223 -0.123870 0.164223
2.844760 3.794164 -0.013227 0.911575 0.011238 -0.123985 0.164647
2.848526 3.792871 -0.013262 0.913424 0.011252 -0.124098 0.165066
2.852249 3.791594 -0.013296 0.915253 0.011266 -0.124211 0.165480
2.855930 3.790335 -0.013330 0.917060 0.011280 -0.124321 0.165889
2.859570 3.789092 -0.013364 0.918847 0.011293 -0.124430 0.166294
2.863167 3.787867 -0.013398 0.920612 0.011307 -0.124538 0.166693
2.866724 3.786659 -0.013431 0.922355 0.011320 -0.124644 0.167088
2.870239 3.785469 -0.013465 0.924076 0.011333 -0.124748 0.167477
2.873713 3.784296 -0.013498 0.925775 0.011345 -0.124851 0.167862
2.877147 3.783141 -0.013531 0.927452 0.011358 -0.124952 0.168241
2.880540 3.782004 -0.013564 0.929108 0.011370 -0.125052 0.168616
2.883893 3.780884 -0.013596 0.930743 0.011382 -0.125150 0.168985
2.887206 3.779782 -0.013629 0.932357 0.011394 -0.125247 0.169351
2.890479 3.778698 -0.013661 0.933953 0.011405 -0.125341 0.169712
2.893712 3.777631 -0.013692 0.935531 0.011417 -0.125435 0.170069
2.896906 3.776582 -0.013724 0.937092 0.011428 -0.125526 0.170422
2.900062 3.775550 -0.013754 0.938636 0.011439 -0.125616 0.170771
2.903178 3.774536 -0.013785 0.940164 0.011450 -0.125705 0.171117
2.906255 3.773540 -0.013815 0.941674 0.011461 -0.125791 0.171459
2.909294 3.772561 -0.013844 0.943168 0.011472 -0.125876 0.171797
2.912295 3.771601 -0.013874 0.944644 0.011483 -0.125959 0.172132
2.915257 3.770658 -0.013902 0.946104 0.011493 -0.126041 0.172463
2.918181 3.769734 -0.013931 0.947546 0.011504 -0.126121 0.172790
2.921068 3.768827 -0.013959 0.948971 0.011514 -0.126199 0.173114
2.923916 3.767939 -0.013987 0.950378 0.011524 -0.126276 0.173433
2.926727 3.767070 -0.014014 0.951767 0.011534 -0.126351 0.173748
2.929501 3.766219 -0.014042 0.953138 0.011544 -0.126424 0.174059
2.932237 3.765387 -0.014069 0.954491 0.011553 -0.126496 0.174366
2.934937 3.764573 -0.014095 0.955825 0.011562 -0.126566 0.174669
2.937599 3.763778 -0.014122 0.957140 0.011571 -0.126634 0.174968
2.940224 3.763002 -0.014148 0.958437 0.011580 -0.126700 0.175262
2.942812 3.762245 -0.014174 0.959715 0.011589 -0.126765 0.175552
2.945364 3.761507 -0.014200 0.960975 0.011597 -0.126828 0.175838
2.947879 3.760789 -0.014225 0.962215 0.011606 -0.126889 0.176119
2.950358 3.760089 -0.014250 0.963438 0.011614 -0.126949 0.176397
2.952801 3.759409 -0.014275 0.964643 0.011621 -0.127007 0.176670
2.955207 3.758747 -0.014300 0.965831 0.011629 -0.127063 0.176940
2.957577 3.758105 -0.014324 0.967003 0.011637 -0.127117 0.177206
2.959912 3.757481 -0.014348 0.968159 0.011644 -0.127170 0.177468
2.962210 3.756877 -0.014371 0.969299 0.011651 -0.127221 0.177727
2.964472 3.756291 -0.014395 0.970424 0.011658 -0.127270 0.177983
2.966699 3.755725 -0.014417 0.971532 0.011665 -0.127317 0.178235
2.968890 3.755178 -0.014440 0.972625 0.011672 -0.127362 0.178484
2.971046 3.754651 -0.014462 0.973703 0.011678 -0.127406 0.178729
2.973166 3.754142 -0.014483 0.974764 0.011685 -0.127448 0.178971
2.975251 3.753654 -0.014504 0.975810 0.011691 -0.127488 0.179209
2.977300 3.753184 -0.014525 0.976840 0.011697 -0.127527 0.179444
2.979314 3.752734 -0.014546 0.977853 0.011703 -0.127563 0.179675
2.981293 3.752304 -0.014566 0.978851 0.011709 -0.127598 0.179902
2.983236 3.751893 -0.014586 0.979832 0.011714 -0.127631 0.180126
2.985144 3.751503 -0.014606 0.980796 0.011720 -0.127663 0.180346
2.987017 3.751132 -0.014625 0.981744 0.011725 -0.127692 0.180563
2.988855 3.750781 -0.014644 0.982675 0.011730 -0.127720 0.180775
2.990657 3.750450 -0.014662 0.983590 0.011735 -0.127746 0.180984
2.992424 3.750138 -0.014681 0.984488 0.011740 -0.127770 0.181190
2.994157 3.749847 -0.014699 0.985369 0.011744 -0.127792 0.181391
2.995854 3.749576 -0.014716 0.986233 0.011748 -0.127812 0.181589
2.997516 3.749325 -0.014734 0.987081 0.011753 -0.127831 0.181782
2.999142 3.749095 -0.014751 0.987911 0.011756 -0.127848 0.181973
3.000734 3.748884 -0.014768 0.988726 0.011760 -0.127863 0.182159
3.002290 3.748694 -0.014784 0.989524 0.011764 -0.127876 0.182342
3.003812 3.748524 -0.014800 0.990306 0.011767 -0.127887 0.182521
3.005298 3.748374 -0.014816 0.991072 0.011770 -0.127897 0.182697
3.006749 3.748244 -0.014832 0.991822 0.011773 -0.127905 0.182869
3.008165 3.748135 -0.014847 0.992556 0.011776 -0.127911 0.183037
3.009545 3.748045 -0.014861 0.993274 0.011779 -0.127915 0.183202
3.010890 3.747977 -0.014876 0.993976 0.011782 -0.127917 0.183364
3.012200 3.747928 -0.014890 0.994663 0.011784 -0.127917 0.183522
3.013475 3.747900 -0.014904 0.995333 0.011786 -0.127916 0.183676
3.014714 3.747893 -0.014917 0.995987 0.011788 -0.127913 0.183827
3.015918 3.747905 -0.014930 0.996625 0.011790 -0.127908 0.183975
3.017086 3.747939 -0.014943 0.997248 0.011792 -0.127901 0.184118
3.018219 3.747993 -0.014955 0.997854 0.011793 -0.127892 0.184258
3.019316 3.748067 -0.014967 0.998443 0.011795 -0.127881 0.184395
3.020377 3.748162 -0.014978 0.999017 0.011796 -0.127869 0.184528
3.021403 3.748278 -0.014990 0.999574 0.011797 -0.127855 0.184658
3.022393 3.748414 -0.015001 1.000115 0.011798 -0.127839 0.184783
3.023347 3.748571 -0.015011 1.000640 0.011798 -0.127821 0.184905
3.024265 3.748749 -0.015022 1.001148 0.011799 -0.127801 0.185024
3.025147 3.748947 -0.015031 1.001640 0.011799 -0.127779 0.185139
3.025993 3.749167 -0.015041 1.002115 0.011800 -0.127756 0.185250
3.026803 3.749406 -0.015050 1.002574 0.011800 -0.127731 0.185358
3.027577 3.749667 -0.015059 1.003016 0.011799 -0.127704 0.185462
3.028314 3.749949 -0.015068 1.003442 0.011799 -0.127675 0.185562
3.029014 3.750251 -0.015076 1.003851 0.011798 -0.127644 0.185659
3.029678 3.750574 -0.015084 1.004244 0.011798 -0.127611 0.185751
3.030306 3.750918 -0.015091 1.004620 0.011797 -0.127577 0.185841
3.030896 3.751283 -0.015098 1.004979 0.011796 -0.127541 0.185926
3.031450 3.751669 -0.015105 1.005322 0.011795 -0.127502 0.186008
3.031967 3.752075 -0.015112 1.005648 0.011793 -0.127463 0.186086
3.032447 3.752503 -0.015118 1.005957 0.011792 -0.127421 0.186161
3.032889 3.752951 -0.015124 1.006249 0.011790 -0.127377 0.186232
3.033294 3.753420 -0.015129 1.006525 0.011788 -0.127332 0.186299
3.033662 3.753911 -0.015134 1.006783 0.011786 -0.127285 0.186362
3.033992 3.754422 -0.015139 1.007025 0.011784 -0.127236 0.186422
3.034285 3.754954 -0.015143 1.007250 0.011782 -0.127185 0.186478
3.034539 3.755507 -0.015147 1.007458 0.011779 -0.127132 0.186530
3.034756 3.756080 -0.015151 1.007649 0.011776 -0.127078 0.186578
3.034935 3.756675 -0.015154 1.007823 0.011773 -0.127021 0.186623
3.035075 3.757291 -0.015157 1.007980 0.011770 -0.126963 0.186664
3.035178 3.757927 -0.015160 1.008120 0.011767 -0.126903 0.186701
3.035241 3.758584 -0.015162 1.008243 0.011764 -0.126842 0.186735
3.035267 3.759262 -0.015164 1.008349 0.011760 -0.126778 0.186765
3.035253 3.759961 -0.015165 1.008437 0.011757 -0.126713 0.186791
3.035201 3.760681 -0.015166 1.008509 0.011753 -0.126646 0.186813
3.035110 3.761422 -0.015167 1.008563 0.011749 -0.126577 0.186831
3.034979 3.762184 -0.015167 1.008600 0.011745 -0.126506 0.186846
3.034810 3.762966 -0.015167 1.008620 0.011740 -0.126434 0.186857
3.034601 3.763769 -0.015167 1.008622 0.011736 -0.126360 0.186864
3.034352 3.764593 -0.015166 1.008607 0.011731 -0.126284 0.186868
3.034064 3.765437 -0.015165 1.008575 0.011727 -0.126206 0.186867
3.033735 3.766303 -0.015164 1.008525 0.011722 -0.126126 0.186863
3.033367 3.767189 -0.015162 1.008457 0.011717 -0.126045 0.186855
3.032959 3.768095 -0.015160 1.008373 0.011711 -0.125962 0.186843
3.032510 3.769023 -0.015157 1.008270 0.011706 -0.125877 0.186828
3.032021 3.769971 -0.015154 1.008150 0.011700 -0.125791 0.186808
3.031492 3.770939 -0.015151 1.008013 0.011695 -0.125702 0.186785
3.030921 3.771928 -0.015147 1.007857 0.011689 -0.125612 0.186758
3.030310 3.772938 -0.015143 1.007684 0.011683 -0.125520 0.186727
3.029657 3.773968 -0.015139 1.007494 0.011677 -0.125427 0.186693
3.028964 3.775019 -0.015134 1.007285 0.011671 -0.125332 0.186654
3.028229 3.776090 -0.015129 1.007059 0.011664 -0.125235 0.186612
3.027452 3.777181 -0.015123 1.006814 0.011658 -0.125136 0.186565
3.026634 3.778293 -0.015117 1.006552 0.011651 -0.125036 0.186515
3.025774 3.779425 -0.015111 1.006272 0.011644 -0.124934 0.186461
3.024872 3.780577 -0.015104 1.005974 0.011637 -0.124830 0.186403
3.023927 3.781749 -0.015097 1.005658 0.011630 -0.124725 0.186342
3.022941 3.782942 -0.015089 1.005324 0.011623 -0.124618 0.186276
3.021911 3.784155 -0.015081 1.004971 0.011615 -0.124509 0.186206
3.020839 3.785387 -0.015073 1.004601 0.011608 -0.124399 0.186133
3.019725 3.786640 -0.015065 1.004212 0.011600 -0.124287 0.186056
3.018567 3.787913 -0.015055 1.003805 0.011593 -0.124173 0.185974
3.017366 3.789205 -0.015046 1.003379 0.011585 -0.124058 0.185889
3.016122 3.790518 -0.015036 1.002936 0.011577 -0.123941 0.185800
3.014835 3.791850 -0.015026 1.002474 0.011568 -0.123822 0.185707
3.013503 3.793202 -0.015015 1.001993 0.011560 -0.123702 0.185610
3.012128 3.794573 -0.015004 1.001494 0.011552 -0.123580 0.185509
3.010709 3.795964 -0.014993 1.000977 0.011543 -0.123457 0.185404
3.009246 3.797375 -0.014981 1.000440 0.011534 -0.123332 0.185295
3.007739 3.798805 -0.014969 0.999886 0.011526 -0.123205 0.185183
3.006187 3.800254 -0.014956 0.999312 0.011517 -0.123077 0.185066
3.004591 3.801723 -0.014943 0.998720 0.011508 -0.122948 0.184945
3.002950 3.803210 -0.014930 0.998110 0.011498 -0.122816 0.184820
3.001264 3.804717 -0.014916 0.997480 0.011489 -0.122684 0.184692
2.999533 3.806243 -0.014902 0.996832 0.011480 -0.122549 0.184559
2.997756 3.807788 -0.014887 0.996165 0.011470 -0.122414 0.184422
2.995935 3.809352 -0.014872 0.995479 0.011461 -0.122276 0.184282
2.994068 3.810935 -0.014857 0.994774 0.011451 -0.122138 0.184137
2.992155 3.812536 -0.014841 0.994050 0.011441 -0.121997 0.183988
2.990197 3.814156 -0.014825 0.993307 0.011431 -0.121856 0.183836
2.988192 3.815794 -0.014808 0.992546 0.011421 -0.121713 0.183679
2.986142 3.817451 -0.014792 0.991765 0.011411 -0.121568 0.183518
2.984045 3.819126 -0.014774 0.990965 0.011401 -0.121422 0.183353
2.981902 3.820819 -0.014756 0.990146 0.011390 -0.121275 0.183185
2.979713 3.822530 -0.014738 0.989308 0.011380 -0.121126 0.183012
2.977477 3.824259 -0.014720 0.988450 0.011369 -0.120976 0.182835
2.975194 3.826006 -0.014701 0.987574 0.011359 -0.120824 0.182654
2.972865 3.827771 -0.014681 0.986678 0.011348 -0.120671 0.182469
2.970488 3.829554 -0.014662 0.985763 0.011337 -0.120517 0.182280
2.968065 3.831354 -0.014641 0.984829 0.011326 -0.120361 0.182087
2.965594 3.833171 -0.014621 0.983875 0.011315 -0.120205 0.181890
2.963076 3.835006 -0.014600 0.982903 0.011304 -0.120046 0.181689
2.960510 3.836858 -0.014578 0.981910 0.011293 -0.119887 0.181484
2.957897 3.838727 -0.014557 0.980899 0.011282 -0.119726 0.181275
2.955237 3.840613 -0.014534 0.979868 0.011270 -0.119564 0.181062
2.952528 3.842515 -0.014512 0.978818 0.011259 -0.119401 0.180845
2.949772 3.844434 -0.014489 0.977749 0.011247 -0.119236 0.180623
2.946968 3.846370 -0.014465 0.976660 0.011236 -0.119071 0.180398
2.944116 3.848322 -0.014442 0.975552 0.011224 -0.118904 0.180169
2.941216 3.850290 -0.014417 0.974424 0.011212 -0.118736 0.179936
2.938268 3.852275 -0.014393 0.973277 0.011201 -0.118567 0.179698
2.935272 3.854275 -0.014368 0.972111 0.011189 -0.118397 0.179457
2.932227 3.856291 -0.014342 0.970925 0.011177 -0.118225 0.179212
2.929134 3.858323 -0.014316 0.969720 0.011165 -0.118053 0.178962
2.925993 3.860370 -0.014290 0.968496 0.011153 -0.117879 0.178709
2.922804 3.862433 -0.014264 0.967252 0.011141 -0.117704 0.178452
2.919566 3.864510 -0.014236 0.965989 0.011129 -0.117529 0.178190
2.916279 3.866603 -0.014209 0.964707 0.011116 -0.117352 0.177925
2.912944 3.868711 -0.014181 0.963405 0.011104 -0.117174 0.177656
2.909561 3.870833 -0.014153 0.962085 0.011092 -0.116996 0.177382
2.906129 3.872969 -0.014124 0.960745 0.011080 -0.116816 0.177105
2.902648 3.875121 -0.014095 0.959385 0.011067 -0.116636 0.176824
2.899120 3.877286 -0.014066 0.958007 0.011055 -0.116454 0.176539
2.895542 3.879465 -0.014036 0.956609 0.011042 -0.116272 0.176250
2.891916 3.881658 -0.014005 0.955193 0.011030 -0.116089 0.175957
2.888242 3.883865 -0.013975 0.953757 0.011017 -0.115904 0.175661
2.884519 3.886085 -0.013944 0.952303 0.011005 -0.115720 0.175360
2.880748 3.888318 -0.013912 0.950829 0.010992 -0.115534 0.175056
2.876928 3.890565 -0.013880 0.949336 0.010980 -0.115347 0.174747
2.873061 3.892825 -0.013848 0.947825 0.010967 -0.115160 0.174435
2.869145 3.895097 -0.013815 0.946295 0.010955 -0.114972 0.174119
2.865181 3.897382 -0.013782 0.944746 0.010942 -0.114783 0.173800
2.861169 3.899679 -0.013749 0.943179 0.010929 -0.114594 0.173476
2.857109 3.901988 -0.013715 0.941593 0.010917 -0.114404 0.173149
2.853001 3.904309 -0.013681 0.939988 0.010904 -0.114213 0.172818
2.848845 3.906642 -0.013646 0.938365 0.010891 -0.114022 0.172484
2.844642 3.908987 -0.013611 0.936724 0.010879 -0.113830 0.172145
2.840392 3.911343 -0.013575 0.935065 0.010866 -0.113637 0.171803
2.836094 3.913710 -0.013539 0.933387 0.010853 -0.113444 0.171458
2.831749 3.916089 -0.013503 0.931692 0.010841 -0.113250 0.171108
2.827358 3.918478 -0.013466 0.929978 0.010828 -0.113056 0.170756
2.822919 3.920877 -0.013429 0.928247 0.010816 -0.112862 0.170399
2.818434 3.923287 -0.013392 0.926498 0.010803 -0.112667 0.170040
2.813903 3.925708 -0.013354 0.924731 0.010791 -0.112471 0.169676
2.809325 3.928138 -0.013316 0.922947 0.010778 -0.112275 0.169309
2.804702 3.930578 -0.013277 0.921145 0.010766 -0.112079 0.168939
2.800033 3.933027 -0.013238 0.919326 0.010753 -0.111883 0.168566
2.795318 3.935486 -0.013199 0.917491 0.010741 -0.111686 0.168189
2.790559 3.937954 -0.013159 0.915638 0.010728 -0.111488 0.167808
2.785754 3.940431 -0.013119 0.913768 0.010716 -0.111291 0.167425
2.780905 3.942917 -0.013078 0.911882 0.010704 -0.111093 0.167038
2.776012 3.945411 -0.013038 0.909979 0.010691 -0.110895 0.166648
2.771075 3.947914 -0.012996 0.908060 0.010679 -0.110697 0.166254
2.766095 3.950425 -0.012955 0.906124 0.010667 -0.110499 0.165858
2.761071 3.952944 -0.012913 0.904173 0.010655 -0.110300 0.165458
2.756004 3.955470 -0.012870 0.902205 0.010643 -0.110102 0.165055
2.750895 3.958004 -0.012828 0.900222 0.010631 -0.109903 0.164650
2.745744 3.960545 -0.012785 0.898224 0.010619 -0.109705 0.164241
2.740551 3.963094 -0.012741 0.896210 0.010607 -0.109506 0.163829
2.735317 3.965649 -0.012697 0.894181 0.010595 -0.109307 0.163415
2.730043 3.968211 -0.012653 0.892137 0.010583 -0.109108 0.162997
2.724728 3.970779 -0.012609 0.890078 0.010571 -0.108910 0.162577
2.719373 3.973354 -0.012564 0.888005 0.010560 -0.108711 0.162154
2.713979 3.975935 -0.012519 0.885917 0.010548 -0.108513 0.161728
2.708546 3.978521 -0.012473 0.883815 0.010537 -0.108314 0.161300
2.703074 3.981113 -0.012428 0.881700 0.010525 -0.108116 0.160869
2.697565 3.983711 -0.012382 0.879570 0.010514 -0.107918 0.160435
2.692019 3.986314 -0.012335 0.877427 0.010503 -0.107720 0.159999
2.686436 3.988922 -0.012289 0.875271 0.010491 -0.107523 0.159560
2.680818 3.991535 -0.012242 0.873102 0.010480 -0.107325 0.159119
2.675163 3.994153 -0.012194 0.870919 0.010469 -0.107128 0.158675
2.669474 3.996775 -0.012147 0.868725 0.010458 -0.106931 0.158229
2.663751 3.999402 -0.012099 0.866518 0.010447 -0.106735 0.157781
2.657994 4.002032 -0.012051 0.864298 0.010437 -0.106539 0.157330
2.652204 4.004667 -0.012002 0.862067 0.010426 -0.106343 0.156878
2.646382 4.007305 -0.011954 0.859824 0.010415 -0.106148 0.156423
2.640529 4.009947 -0.011905 0.857570 0.010405 -0.105953 0.155966
2.634645 4.012592 -0.011856 0.855305 0.010394 -0.105759 0.155507
2.628731 4.015240 -0.011807 0.853029 0.010384 -0.105565 0.155046
2.622788 4.017891 -0.011757 0.850742 0.010373 -0.105371 0.154583
2.616816 4.020545 -0.011707 0.848445 0.010363 -0.105179 0.154118
2.610817 4.023202 -0.011657 0.846137 0.010353 -0.104986 0.153651
2.604791 4.025861 -0.011607 0.843820 0.010343 -0.104795 0.153182
2.598739 4.028523 -0.011557 0.841493 0.010333 -0.104603 0.152712
2.592661 4.031186 -0.011507 0.839157 0.010323 -0.104413 0.152239
2.586560 4.033851 -0.011456 0.836812 0.010313 -0.104223 0.151765
2.580434 4.036518 -0.011405 0.834457 0.010303 -0.104034 0.151290
2.574286 4.039187 -0.011355 0.832095 0.010293 -0.103845 0.150813
2.568117 4.041857 -0.011304 0.829723 0.010284 -0.103658 0.150334
2.561926 4.044528 -0.011253 0.827344 0.010274 -0.103470 0.149854
2.555716 4.047200 -0.011202 0.824957 0.010264 -0.103284 0.149372
2.549487 4.049873 -0.011151 0.822563 0.010255 -0.103099 0.148889
2.543240 4.052546 -0.011100 0.820161 0.010245 -0.102914 0.148405
2.536976 4.055220 -0.011048 0.817752 0.010236 -0.102730 0.147919
2.530696 4.057895 -0.010997 0.815336 0.010226 -0.102547 0.147432
2.524401 4.060569 -0.010946 0.812914 0.010217 -0.102365 0.146944
2.518091 4.063243 -0.010895 0.810485 0.010207 -0.102183 0.146454
2.511769 4.065917 -0.010844 0.808051 0.010198 -0.102003 0.145963
2.505435 4.068590 -0.010793 0.805610 0.010189 -0.101823 0.145471
2.499090 4.071263 -0.010742 0.803165 0.010179 -0.101645 0.144978
2.492735 4.073934 -0.010692 0.800713 0.010170 -0.101467 0.144484
2.486371 4.076605 -0.010641 0.798257 0.010160 -0.101290 0.143989
2.479999 4.079274 -0.010591 0.795796 0.010151 -0.101114 0.143492
2.473621 4.081941 -0.010541 0.793331 0.010142 -0.100940 0.142995
2.467237 4.084606 -0.010491 0.790861 0.010132 -0.100766 0.142497
2.460848 4.087270 -0.010441 0.788388 0.010123 -0.100594 0.141998
2.454456 4.089931 -0.010392 0.785910 0.010113 -0.100422 0.141497
2.448061 4.092589 -0.010342 0.783429 0.010103 -0.100251 0.140996
2.441666 4.095245 -0.010294 0.780945 0.010094 -0.100082 0.140495
2.435270 4.097897 -0.010245 0.778459 0.010084 -0.099914 0.139992
2.428874 4.100546 -0.010197 0.775969 0.010074 -0.099747 0.139489
2.422481 4.103191 -0.010149 0.773477 0.010064 -0.099581 0.138985
2.416091 4.105832 -0.010102 0.770983 0.010054 -0.099416 0.138480
2.409706 4.108469 -0.010055 0.768487 0.010044 -0.099252 0.137974
2.403325 4.111100 -0.010008 0.765990 0.010034 -0.099090 0.137469
2.396951 4.113727 -0.009962 0.763492 0.010023 -0.098929 0.136962
2.390584 4.116347 -0.009917 0.760994 0.010013 -0.098769 0.136455
2.384226 4.118962 -0.009872 0.758495 0.010002 -0.098611 0.135948
2.377878 4.121570 -0.009827 0.755996 0.009991 -0.098453 0.135440
2.371540 4.124171 -0.009783 0.753498 0.009980 -0.098297 0.134932
2.365214 4.126765 -0.009740 0.751001 0.009969 -0.098143 0.134425
2.358900 4.129351 -0.009697 0.748506 0.009958 -0.097990 0.133917
2.352601 4.131928 -0.009655 0.746013 0.009947 -0.097838 0.133409
2.346316 4.134496 -0.009613 0.743523 0.009935 -0.097687 0.132902
2.340047 4.137055 -0.009572 0.741037 0.009924 -0.097538 0.132395
2.333795 4.139603 -0.009531 0.738555 0.009912 -0.097391 0.131888
2.327561 4.142140 -0.009491 0.736079 0.009900 -0.097245 0.131383
2.321346 4.144666 -0.009452 0.733609 0.009888 -0.097100 0.130879
2.315151 4.147179 -0.009413 0.731146 0.009876 -0.096957 0.130376
2.308976 4.149679 -0.009375 0.728691 0.009864 -0.096816 0.129875
2.302823 4.152165 -0.009337 0.726247 0.009852 -0.096676 0.129376
2.296692 4.154636 -0.009299 0.723813 0.009840 -0.096538 0.128879
2.290585 4.157092 -0.009262 0.721393 0.009827 -0.096402 0.128385
2.284501 4.159531 -0.009225 0.718986 0.009815 -0.096267 0.127895
2.278443 4.161953 -0.009188 0.716596 0.009803 -0.096134 0.127409
2.272410 4.164357 -0.009152 0.714225 0.009791 -0.096003 0.126927
2.266404 4.166741 -0.009115 0.711874 0.009779 -0.095874 0.126450
2.260425 4.169104 -0.009079 0.709547 0.009767 -0.095746 0.125980
2.254474 4.171446 -0.009042 0.707245 0.009756 -0.095621 0.125516
2.248551 4.173766 -0.009005 0.704973 0.009745 -0.095497 0.125060
2.242657 4.176061 -0.008967 0.702733 0.009734 -0.095375 0.124612
2.236792 4.178332 -0.008928 0.700529 0.009724 -0.095256 0.124175
2.230958 4.180577 -0.008889 0.698364 0.009715 -0.095138 0.123748
2.225154 4.182795 -0.008849 0.696243 0.009706 -0.095022 0.123333
2.219381 4.184985 -0.008807 0.694170 0.009699 -0.094909 0.122932
2.213639 4.187146 -0.008763 0.692149 0.009692 -0.094797 0.122545
2.207928 4.189276 -0.008718 0.690185 0.009686 -0.094688 0.122175
2.202250 4.191375 -0.008670 0.688282 0.009682 -0.094581 0.121821
2.196604 4.193442 -0.008620 0.686443 0.009679 -0.094476 0.121486
2.190991 4.195476 -0.008567 0.684673 0.009677 -0.094373 0.121170
2.185412 4.197476 -0.008511 0.682973 0.009677 -0.094272 0.120873
2.179868 4.199442 -0.008453 0.681343 0.009679 -0.094174 0.120596
2.174360 4.201374 -0.008391 0.679784 0.009683 -0.094077 0.120338
2.168890 4.203272 -0.008327 0.678288 0.009688 -0.093983 0.120097
2.163460 4.205138 -0.008261 0.676849 0.009694 -0.093892 0.119870
2.158072 4.206972 -0.008193 0.675452 0.009701 -0.093803 0.119651
2.152719 4.208779 -0.008125 0.674083 0.009709 -0.093718 0.119441
2.147405 4.210560 -0.008058 0.672724 0.009716 -0.093636 0.119234
2.142134 4.212320 -0.007992 0.671361 0.009724 -0.093558 0.119024
2.136909 4.214062 -0.007929 0.669977 0.009730 -0.093485 0.118807
2.131732 4.215789 -0.007870 0.668561 0.009735 -0.093417 0.118579
2.126596 4.217509 -0.007816 0.667111 0.009738 -0.093355 0.118346
2.121471 4.219230 -0.007762 0.665657 0.009740 -0.093289 0.118106
2.116350 4.220956 -0.007708 0.664200 0.009743 -0.093220 0.117865
2.111240 4.222690 -0.007656 0.662731 0.009744 -0.093150 0.117620
2.106148 4.224433 -0.007607 0.661240 0.009744 -0.093080 0.117370
2.101082 4.226184 -0.007561 0.659724 0.009743 -0.093010 0.117112
2.096046 4.227942 -0.007519 0.658184 0.009741 -0.092942 0.116847
2.091046 4.229706 -0.007479 0.656622 0.009737 -0.092874 0.116575
2.086082 4.231475 -0.007441 0.655045 0.009732 -0.092808 0.116297
2.081155 4.233248 -0.007406 0.653460 0.009726 -0.092744 0.116016
2.076268 4.235022 -0.007372 0.651872 0.009720 -0.092680 0.115732
2.071419 4.236796 -0.007340 0.650289 0.009713 -0.092618 0.115449
2.066610 4.238570 -0.007308 0.648718 0.009706 -0.092558 0.115167
2.061839 4.240342 -0.007277 0.647163 0.009699 -0.092499 0.114889
2.057108 4.242111 -0.007246 0.645628 0.009691 -0.092441 0.114616
2.052416 4.243874 -0.007216 0.644118 0.009684 -0.092384 0.114348
2.047763 4.245632 -0.007185 0.642631 0.009678 -0.092328 0.114085
2.043149 4.247382 -0.007154 0.641165 0.009671 -0.092273 0.113825
2.038576 4.249123 -0.007123 0.639711 0.009664 -0.092219 0.113564
2.034042 4.250855 -0.007094 0.638254 0.009657 -0.092168 0.113305
2.029550 4.252576 -0.007068 0.636785 0.009649 -0.092121 0.113042
2.025099 4.254284 -0.007044 0.635300 0.009640 -0.092078 0.112773
2.020691 4.255979 -0.007023 0.633799 0.009630 -0.092038 0.112500
2.016324 4.257660 -0.007005 0.632282 0.009619 -0.092001 0.112220
2.011999 4.259327 -0.006988 0.630753 0.009607 -0.091967 0.111936
2.007716 4.260978 -0.006974 0.629215 0.009594 -0.091937 0.111648
2.003474 4.262613 -0.006961 0.627672 0.009581 -0.091909 0.111357
1.999274 4.264233 -0.006950 0.626128 0.009568 -0.091884 0.111064
1.995117 4.265836 -0.006940 0.624589 0.009554 -0.091862 0.110771
1.991001 4.267423 -0.006931 0.623059 0.009540 -0.091842 0.110480
1.986928 4.268994 -0.006922 0.621542 0.009526 -0.091825 0.110191
1.982896 4.270548 -0.006914 0.620045 0.009512 -0.091811 0.109907
1.978907 4.272086 -0.006906 0.618572 0.009498 -0.091798 0.109628
1.974960 4.273608 -0.006898 0.617127 0.009484 -0.091789 0.109357
1.971055 4.275114 -0.006890 0.615714 0.009471 -0.091781 0.109093
1.967192 4.276603 -0.006881 0.614338 0.009458 -0.091775 0.108840
1.963370 4.278077 -0.006871 0.613002 0.009445 -0.091772 0.108596
1.959589 4.279535 -0.006860 0.611707 0.009434 -0.091770 0.108363
1.955848 4.280977 -0.006848 0.610455 0.009423 -0.091770 0.108141
1.952147 4.282403 -0.006834 0.609244 0.009413 -0.091771 0.107928
1.948486 4.283813 -0.006820 0.608071 0.009403 -0.091773 0.107724
1.944866 4.285205 -0.006805 0.606923 0.009394 -0.091776 0.107523
1.941286 4.286581 -0.006791 0.605786 0.009385 -0.091783 0.107327
1.937746 4.287939 -0.006779 0.604649 0.009375 -0.091793 0.107131
1.934248 4.289279 -0.006769 0.603506 0.009364 -0.091808 0.106933
1.930790 4.290602 -0.006761 0.602357 0.009352 -0.091825 0.106732
1.927373 4.291906 -0.006754 0.601202 0.009340 -0.091846 0.106528
1.923995 4.293194 -0.006749 0.600043 0.009328 -0.091869 0.106322
1.920655 4.294464 -0.006746 0.598882 0.009315 -0.091895 0.106114
1.917355 4.295717 -0.006744 0.597724 0.009301 -0.091924 0.105905
1.914092 4.296955 -0.006743 0.596572 0.009287 -0.091955 0.105697
1.910866 4.298178 -0.006743 0.595429 0.009273 -0.091988 0.105490
1.907678 4.299386 -0.006743 0.594301 0.009259 -0.092023 0.105287
1.904526 4.300580 -0.006743 0.593192 0.009245 -0.092060 0.105087
1.901410 4.301762 -0.006743 0.592106 0.009231 -0.092099 0.104893
1.898329 4.302931 -0.006743 0.591046 0.009218 -0.092139 0.104705
1.895282 4.304090 -0.006742 0.590017 0.009205 -0.092181 0.104526
1.892270 4.305238 -0.006741 0.589023 0.009192 -0.092224 0.104355
1.889291 4.306376 -0.006738 0.588067 0.009180 -0.092267 0.104195
1.886344 4.307506 -0.006735 0.587152 0.009168 -0.092312 0.104045
1.883428 4.308628 -0.006729 0.586279 0.009157 -0.092357 0.103907
1.880542 4.309741 -0.006723 0.585450 0.009147 -0.092402 0.103780
1.877685 4.310848 -0.006714 0.584662 0.009138 -0.092448 0.103663
1.874858 4.311946 -0.006705 0.583911 0.009130 -0.092493 0.103554
1.872060 4.313036 -0.006694 0.583187 0.009122 -0.092538 0.103448
1.869291 4.314118 -0.006684 0.582471 0.009113 -0.092585 0.103348
1.866553 4.315192 -0.006676 0.581754 0.009104 -0.092635 0.103247
1.863844 4.316256 -0.006669 0.581029 0.009095 -0.092688 0.103144
1.861164 4.317312 -0.006665 0.580295 0.009084 -0.092742 0.103038
1.858513 4.318360 -0.006662 0.579553 0.009073 -0.092798 0.102929
1.855890 4.319401 -0.006660 0.578805 0.009061 -0.092855 0.102816
1.853292 4.320434 -0.006659 0.578053 0.009049 -0.092914 0.102702
1.850721 4.321461 -0.006660 0.577299 0.009037 -0.092974 0.102586
1.848174 4.322484 -0.006661 0.576548 0.009024 -0.093034 0.102469
1.845650 4.323502 -0.006663 0.575803 0.009011 -0.093095 0.102354
1.843150 4.324517 -0.006665 0.575068 0.008997 -0.093157 0.102240
1.840671 4.325531 -0.006667 0.574346 0.008984 -0.093219 0.102130
1.838214 4.326544 -0.006669 0.573641 0.008971 -0.093282 0.102023
1.835777 4.327557 -0.006671 0.572958 0.008958 -0.093344 0.101922
1.833360 4.328572 -0.006672 0.572298 0.008945 -0.093406 0.101828
1.830960 4.329590 -0.006672 0.571667 0.008932 -0.093467 0.101741
1.828578 4.330611 -0.006671 0.571067 0.008921 -0.093528 0.101663
1.826211 4.331637 -0.006669 0.570501 0.008909 -0.093588 0.101594
1.823859 4.332669 -0.006665 0.569972 0.008898 -0.093647 0.101536
1.821520 4.333707 -0.006659 0.569481 0.008888 -0.093704 0.101488
1.819193 4.334752 -0.006652 0.569029 0.008879 -0.093760 0.101450
1.816877 4.335803 -0.006642 0.568615 0.008871 -0.093815 0.101423
1.814571 4.336862 -0.006631 0.568234 0.008863 -0.093867 0.101403
1.812276 4.337926 -0.006618 0.567875 0.008856 -0.093917 0.101386
1.809993 4.338996 -0.006607 0.567521 0.008848 -0.093968 0.101373
1.807723 4.340070 -0.006596 0.567159 0.008840 -0.094020 0.101359
1.805466 4.341149 -0.006588 0.566785 0.008831 -0.094072 0.101342
1.803221 4.342232 -0.006581 0.566398 0.008821 -0.094125 0.101321
1.800988 4.343319 -0.006575 0.565999 0.008811 -0.094178 0.101296
1.798765 4.344412 -0.006570 0.565589 0.008800 -0.094230 0.101267
1.796550 4.345511 -0.006566 0.565171 0.008788 -0.094282 0.101236
1.794343 4.346617 -0.006563 0.564748 0.008776 -0.094334 0.101202
1.792142 4.347730 -0.006561 0.564323 0.008764 -0.094385 0.101168
1.789946 4.348853 -0.006558 0.563900 0.008751 -0.094435 0.101133
1.787755 4.349985 -0.006556 0.563481 0.008739 -0.094483 0.101100
1.785567 4.351129 -0.006554 0.563071 0.008726 -0.094531 0.101069
1.783380 4.352285 -0.006551 0.562672 0.008714 -0.094576 0.101041
1.781195 4.353454 -0.006547 0.562288 0.008701 -0.094620 0.101018
1.779009 4.354638 -0.006543 0.561922 0.008689 -0.094663 0.100999
1.776821 4.355838 -0.006538 0.561577 0.008677 -0.094703 0.100987
1.774630 4.357054 -0.006531 0.561256 0.008666 -0.094740 0.100982
1.772434 4.358287 -0.006523 0.560962 0.008655 -0.094776 0.100986
1.770232 4.359539 -0.006513 0.560696 0.008644 -0.094808 0.100997
1.768021 4.360808 -0.006501 0.560459 0.008635 -0.094838 0.101017
1.765802 4.362095 -0.006488 0.560251 0.008626 -0.094865 0.101045
1.763572 4.363400 -0.006472 0.560069 0.008618 -0.094888 0.101079
1.761335 4.364721 -0.006454 0.559902 0.008611 -0.094907 0.101114
1.759091 4.366058 -0.006438 0.559729 0.008603 -0.094927 0.101151
1.756845 4.367408 -0.006423 0.559541 0.008594 -0.094946 0.101186
1.754595 4.368772 -0.006409 0.559333 0.008584 -0.094964 0.101215
1.752341 4.370149 -0.006397 0.559105 0.008573 -0.094982 0.101239
1.750082 4.371538 -0.006387 0.558857 0.008562 -0.094998 0.101257
1.747816 4.372942 -0.006377 0.558593 0.008550 -0.095014 0.101271
1.745542 4.374360 -0.006368 0.558315 0.008538 -0.095027 0.101280
1.743259 4.375792 -0.006360 0.558026 0.008525 -0.095039 0.101287
1.740965 4.377241 -0.006352 0.557728 0.008512 -0.095050 0.101290
1.738659 4.378706 -0.006344 0.557425 0.008498 -0.095058 0.101293
1.736341 4.380189 -0.006336 0.557119 0.008485 -0.095064 0.101295
1.734008 4.381691 -0.006328 0.556814 0.008471 -0.095068 0.101297
1.731660 4.383213 -0.006319 0.556512 0.008458 -0.095069 0.101301
1.729295 4.384757 -0.006310 0.556216 0.008444 -0.095067 0.101307
1.726913 4.386322 -0.006300 0.555930 0.008431 -0.095063 0.101317
1.724511 4.387909 -0.006289 0.555655 0.008418 -0.095056 0.101331
1.722088 4.389521 -0.006276 0.555394 0.008405 -0.095045 0.101349
1.719643 4.391156 -0.006262 0.555150 0.008393 -0.095031 0.101374
1.717173 4.392817 -0.006247 0.554925 0.008381 -0.095014 0.101405
1.714677 4.394501 -0.006230 0.554720 0.008370 -0.094993 0.101442
1.712154 4.396211 -0.006210 0.554536 0.008360 -0.094968 0.101486
1.709602 4.397943 -0.006188 0.554370 0.008351 -0.094939 0.101534
1.707026 4.399697 -0.006164 0.554213 0.008342 -0.094906 0.101582
1.704430 4.401471 -0.006142 0.554041 0.008332 -0.094871 0.101631
1.701817 4.403264 -0.006121 0.553847 0.008322 -0.094836 0.101675
1.699187 4.405073 -0.006102 0.553626 0.008310 -0.094800 0.101712
1.696541 4.406899 -0.006084 0.553379 0.008298 -0.094762 0.101742
1.693876 4.408741 -0.006067 0.553108 0.008285 -0.094722 0.101766
1.691191 4.410600 -0.006051 0.552815 0.008272 -0.094681 0.101784
1.688484 4.412476 -0.006036 0.552503 0.008258 -0.094638 0.101796
1.685755 4.414370 -0.006021 0.552175 0.008244 -0.094593 0.101805
1.683002 4.416283 -0.006006 0.551833 0.008229 -0.094545 0.101810
1.680224 4.418215 -0.005992 0.551480 0.008214 -0.094495 0.101812
1.677420 4.420167 -0.005977 0.551117 0.008199 -0.094442 0.101812
1.674589 4.422140 -0.005962 0.550748 0.008184 -0.094387 0.101811
1.671730 4.424135 -0.005947 0.550374 0.008169 -0.094329 0.101810
1.668841 4.426153 -0.005931 0.549998 0.008154 -0.094268 0.101809
1.665922 4.428195 -0.005915 0.549621 0.008139 -0.094204 0.101809
1.662972 4.430261 -0.005897 0.549245 0.008124 -0.094137 0.101810
1.659988 4.432352 -0.005879 0.548873 0.008110 -0.094066 0.101814
1.656969 4.434469 -0.005860 0.548507 0.008095 -0.093992 0.101821
1.653915 4.436612 -0.005839 0.548149 0.008081 -0.093914 0.101832
1.650822 4.438781 -0.005817 0.547801 0.008068 -0.093833 0.101847
1.647688 4.440976 -0.005792 0.547466 0.008055 -0.093747 0.101868
1.644513 4.443197 -0.005766 0.547145 0.008043 -0.093658 0.101893
1.641296 4.445443 -0.005737 0.546835 0.008032 -0.093564 0.101922
1.638042 4.447710 -0.005706 0.546530 0.008021 -0.093466 0.101950
1.634758 4.449998 -0.005677 0.546204 0.008010 -0.093366 0.101976
1.631448 4.452303 -0.005649 0.545849 0.007998 -0.093266 0.101997
1.628115 4.454624 -0.005623 0.545464 0.007985 -0.093164 0.102010
1.624756 4.456960 -0.005598 0.545050 0.007971 -0.093061 0.102016
1.621371 4.459313 -0.005574 0.544609 0.007956 -0.092956 0.102014
1.617957 4.461680 -0.005551 0.544144 0.007941 -0.092850 0.102006
1.614514 4.464064 -0.005528 0.543659 0.007926 -0.092741 0.101993
1.611039 4.466463 -0.005506 0.543155 0.007910 -0.092631 0.101975
1.607533 4.468880 -0.005483 0.542635 0.007894 -0.092518 0.101953
1.603992 4.471313 -0.005461 0.542100 0.007878 -0.092403 0.101928
1.600418 4.473766 -0.005438 0.541554 0.007862 -0.092285 0.101901
1.596808 4.476236 -0.005415 0.540996 0.007846 -0.092165 0.101871
1.593163 4.478727 -0.005392 0.540429 0.007830 -0.092042 0.101840
1.589479 4.481237 -0.005368 0.539854 0.007813 -0.091917 0.101808
1.585758 4.483769 -0.005344 0.539273 0.007797 -0.091788 0.101776
1.581996 4.486321 -0.005319 0.538688 0.007781 -0.091657 0.101744
1.578193 4.488896 -0.005293 0.538099 0.007765 -0.091522 0.101713
1.574347 4.491492 -0.005265 0.537511 0.007750 -0.091385 0.101684
1.570456 4.494111 -0.005237 0.536925 0.007735 -0.091244 0.101657
1.566518 4.496751 -0.005207 0.536344 0.007720 -0.091099 0.101634
1.562531 4.499412 -0.005175 0.535771 0.007706 -0.090951 0.101615
1.558495 4.502093 -0.005141 0.535205 0.007693 -0.090799 0.101598
1.554414 4.504792 -0.005103 0.534639 0.007681 -0.090643 0.101578
1.550302 4.507505 -0.005068 0.534048 0.007668 -0.090487 0.101557
1.546164 4.510230 -0.005035 0.533425 0.007654 -0.090330 0.101528
1.541999 4.512966 -0.005004 0.532769 0.007640 -0.090172 0.101491
1.537808 4.515713 -0.004973 0.532083 0.007624 -0.090013 0.101446
1.533588 4.518468 -0.004944 0.531370 0.007608 -0.089853 0.101394
1.529339 4.521234 -0.004915 0.530634 0.007592 -0.089692 0.101336
1.525057 4.524010 -0.004886 0.529876 0.007575 -0.089529 0.101272
1.520742 4.526796 -0.004857 0.529101 0.007558 -0.089364 0.101204
1.516394 4.529593 -0.004828 0.528308 0.007541 -0.089198 0.101132
1.512010 4.532401 -0.004800 0.527500 0.007524 -0.089031 0.101056
1.507590 4.535221 -0.004771 0.526678 0.007507 -0.088861 0.100978
1.503134 4.538053 -0.004741 0.525843 0.007490 -0.088689 0.100897
1.498640 4.540899 -0.004712 0.524995 0.007473 -0.088516 0.100813
1.494108 4.543757 -0.004682 0.524136 0.007456 -0.088340 0.100728
1.489537 4.546630 -0.004652 0.523266 0.007439 -0.088162 0.100641
1.484926 4.549517 -0.004621 0.522386 0.007422 -0.087982 0.100553
1.480272 4.552418 -0.004589 0.521499 0.007406 -0.087800 0.100464
1.475576 4.555334 -0.004557 0.520606 0.007389 -0.087615 0.100376
1.470833 4.558265 -0.004524 0.519710 0.007373 -0.087428 0.100289
1.466043 4.561210 -0.004489 0.518814 0.007357 -0.087238 0.100204
1.461203 4.564169 -0.004453 0.517922 0.007342 -0.087046 0.100122
1.456312 4.567140 -0.004414 0.517035 0.007328 -0.086850 0.100042
1.451378 4.570120 -0.004372 0.516147 0.007315 -0.086651 0.099959
1.446415 4.573108 -0.004333 0.515232 0.007301 -0.086453 0.099874
1.441430 4.576100 -0.004295 0.514284 0.007286 -0.086254 0.099781
1.436424 4.579095 -0.004260 0.513305 0.007270 -0.086056 0.099680
1.431394 4.582092 -0.004225 0.512297 0.007253 -0.085857 0.099571
1.426340 4.585091 -0.004191 0.511266 0.007237 -0.085657 0.099455
1.421259 4.588092 -0.004157 0.510214 0.007220 -0.085457 0.099334
1.416150 4.591096 -0.004123 0.509144 0.007203 -0.085257 0.099209
1.411012 4.594102 -0.004089 0.508059 0.007186 -0.085055 0.099079
1.405843 4.597110 -0.004055 0.506958 0.007169 -0.084853 0.098947
1.400643 4.600122 -0.004021 0.505844 0.007152 -0.084650 0.098811
1.395412 4.603138 -0.003987 0.504716 0.007135 -0.084445 0.098672
1.390149 4.606157 -0.003953 0.503576 0.007118 -0.084240 0.098531
1.384853 4.609181 -0.003918 0.502422 0.007101 -0.084034 0.098387
1.379525 4.612209 -0.003883 0.501256 0.007084 -0.083826 0.098240
1.374164 4.615242 -0.003848 0.500077 0.007067 -0.083618 0.098091
1.368768 4.618281 -0.003813 0.498886 0.007050 -0.083408 0.097940
1.363338 4.621325 -0.003777 0.497683 0.007033 -0.083197 0.097787
1.357872 4.624375 -0.003741 0.496469 0.007017 -0.082984 0.097633
1.352367 4.627431 -0.003705 0.495248 0.007000 -0.082770 0.097477
1.346824 4.630493 -0.003668 0.494020 0.006984 -0.082555 0.097322
1.341237 4.633561 -0.003630 0.492790 0.006968 -0.082338 0.097169
1.335607 4.636633 -0.003590 0.491562 0.006952 -0.082119 0.097018
1.329932 4.639708 -0.003548 0.490340 0.006938 -0.081899 0.096870
1.324217 4.642785 -0.003503 0.489119 0.006925 -0.081676 0.096719
1.318484 4.645861 -0.003461 0.487871 0.006911 -0.081454 0.096566
1.312739 4.648932 -0.003421 0.486593 0.006896 -0.081233 0.096405
1.306981 4.651999 -0.003382 0.485288 0.006880 -0.081013 0.096236
1.301209 4.655059 -0.003344 0.483960 0.006864 -0.080793 0.096061
1.295421 4.658114 -0.003306 0.482614 0.006847 -0.080573 0.095880
1.289615 4.661164 -0.003269 0.481253 0.006831 -0.080353 0.095696
1.283790 4.664207 -0.003231 0.479880 0.006815 -0.080134 0.095508
1.277943 4.667246 -0.003193 0.478497 0.006798 -0.079915 0.095318
1.272076 4.670279 -0.003155 0.477104 0.006782 -0.079695 0.095126
1.266185 4.673308 -0.003117 0.475702 0.006766 -0.079476 0.094932
1.260273 4.676332 -0.003079 0.474291 0.006751 -0.079256 0.094736
1.254338 4.679352 -0.003040 0.472871 0.006735 -0.079037 0.094539
1.248379 4.682369 -0.003001 0.471442 0.006719 -0.078817 0.094340
1.242398 4.685382 -0.002962 0.470004 0.006704 -0.078596 0.094139
1.236393 4.688392 -0.002923 0.468558 0.006688 -0.078376 0.093937
1.230363 4.691400 -0.002883 0.467104 0.006673 -0.078155 0.093734
1.224308 4.694404 -0.002843 0.465643 0.006658 -0.077934 0.093530
1.218225 4.697407 -0.002803 0.464177 0.006643 -0.077712 0.093326
1.212114 4.700407 -0.002762 0.462710 0.006628 -0.077490 0.093124
1.205971 4.703404 -0.002719 0.461246 0.006614 -0.077267 0.092924
1.199794 4.706399 -0.002675 0.459791 0.006601 -0.077043 0.092729
1.193582 4.709390 -0.002629 0.458348 0.006589 -0.076818 0.092539
1.187342 4.712375 -0.002579 0.456917 0.006579 -0.076592 0.092349
1.181097 4.715352 -0.002531 0.455471 0.006567 -0.076368 0.092160
1.174854 4.718318 -0.002485 0.454006 0.006555 -0.076145 0.091965
1.168614 4.721274 -0.002440 0.452527 0.006543 -0.075924 0.091765
1.162378 4.724219 -0.002395 0.451036 0.006530 -0.075703 0.091561
1.156148 4.727153 -0.002350 0.449530 0.006518 -0.075483 0.091350
1.149930 4.730075 -0.002307 0.448003 0.006505 -0.075266 0.091132
1.143696 4.732988 -0.002263 0.446471 0.006492 -0.075048 0.090913
1.137441 4.735891 -0.002219 0.444933 0.006480 -0.074831 0.090693
1.131169 4.738785 -0.002176 0.443381 0.006467 -0.074613 0.090471
1.124887 4.741670 -0.002133 0.441811 0.006454 -0.074397 0.090245
1.118594 4.744546 -0.002092 0.440222 0.006441 -0.074181 0.090014
1.112293 4.747414 -0.002051 0.438615 0.006427 -0.073965 0.089778
1.105985 4.750274 -0.002010 0.436991 0.006413 -0.073750 0.089537
1.099668 4.753126 -0.001971 0.435352 0.006398 -0.073535 0.089291
1.093344 4.755970 -0.001932 0.433698 0.006384 -0.073320 0.089042
1.087011 4.758806 -0.001893 0.432032 0.006369 -0.073106 0.088789
1.080668 4.761636 -0.001854 0.430356 0.006355 -0.072892 0.088534
1.074314 4.764457 -0.001816 0.428673 0.006340 -0.072678 0.088277
1.067948 4.767272 -0.001777 0.426986 0.006326 -0.072465 0.088020
1.061568 4.770078 -0.001738 0.425300 0.006311 -0.072251 0.087764
1.055172 4.772877 -0.001697 0.423618 0.006298 -0.072038 0.087510
1.048762 4.775667 -0.001655 0.421943 0.006285 -0.071825 0.087258
1.042346 4.778447 -0.001612 0.420268 0.006273 -0.071612 0.087002
1.035932 4.781215 -0.001570 0.418578 0.006261 -0.071400 0.086746
1.029527 4.783968 -0.001530 0.416866 0.006247 -0.071190 0.086484
1.023134 4.786707 -0.001492 0.415134 0.006233 -0.070981 0.086215
1.016752 4.789430 -0.001455 0.413387 0.006218 -0.070774 0.085941
1.010379 4.792139 -0.001419 0.411629 0.006204 -0.070568 0.085663
1.004014 4.794832 -0.001383 0.409862 0.006189 -0.070363 0.085382
0.997655 4.797511 -0.001347 0.408091 0.006174 -0.070160 0.085099
0.991301 4.800175 -0.001311 0.406315 0.006160 -0.069957 0.084814
0.984952 4.802823 -0.001275 0.404537 0.006145 -0.069756 0.084529
0.978607 4.805457 -0.001240 0.402757 0.006131 -0.069556 0.084242
0.972266 4.808077 -0.001204 0.400975 0.006117 -0.069357 0.083955
0.965929 4.810682 -0.001168 0.399190 0.006103 -0.069159 0.083667
0.959596 4.813273 -0.001132 0.397403 0.006089 -0.068962 0.083378
0.953267 4.815849 -0.001096 0.395613 0.006075 -0.068766 0.083088
0.946942 4.818412 -0.001060 0.393820 0.006061 -0.068571 0.082798
0.940620 4.820960 -0.001025 0.392024 0.006047 -0.068378 0.082506
0.934301 4.823494 -0.000989 0.390225 0.006034 -0.068185 0.082214
0.927984 4.826013 -0.000954 0.388424 0.006020 -0.067993 0.081921
0.921668 4.828519 -0.000918 0.386622 0.006006 -0.067802 0.081628
0.915350 4.831010 -0.000883 0.384822 0.005993 -0.067612 0.081336
0.909030 4.833487 -0.000846 0.383026 0.005980 -0.067422 0.081046
0.902706 4.835950 -0.000809 0.381239 0.005968 -0.067234 0.080760
0.896377 4.838397 -0.000770 0.379463 0.005957 -0.067046 0.080476
0.890050 4.840828 -0.000729 0.377693 0.005946 -0.066859 0.080191
0.883739 4.843240 -0.000690 0.375914 0.005935 -0.066674 0.079905
0.877449 4.845633 -0.000653 0.374120 0.005923 -0.066491 0.079616
0.871182 4.848005 -0.000618 0.372314 0.005911 -0.066309 0.079322
0.864937 4.850357 -0.000583 0.370500 0.005898 -0.066130 0.079024
0.858710 4.852689 -0.000548 0.368683 0.005886 -0.065952 0.078724
0.852501 4.855001 -0.000514 0.366864 0.005873 -0.065777 0.078422
0.846308 4.857292 -0.000480 0.365045 0.005861 -0.065602 0.078120
0.840131 4.859564 -0.000445 0.363228 0.005849 -0.065430 0.077818
0.833968 4.861815 -0.000411 0.361412 0.005837 -0.065259 0.077515
0.827820 4.864046 -0.000377 0.359598 0.005825 -0.065089 0.077212
0.821686 4.866258 -0.000342 0.357784 0.005814 -0.064922 0.076909
0.815566 4.868449 -0.000308 0.355971 0.005802 -0.064755 0.076606
0.809460 4.870621 -0.000274 0.354157 0.005791 -0.064591 0.076302
0.803369 4.872773 -0.000240 0.352343 0.005779 -0.064428 0.075997
0.797291 4.874906 -0.000206 0.350528 0.005768 -0.064266 0.075692
0.791227 4.877019 -0.000173 0.348712 0.005757 -0.064106 0.075386
0.785175 4.879112 -0.000140 0.346895 0.005746 -0.063947 0.075079
0.779135 4.881186 -0.000107 0.345078 0.005735 -0.063790 0.074772
0.773105 4.883240 -0.000073 0.343262 0.005724 -0.063635 0.074466
0.767083 4.885275 -0.000040 0.341452 0.005713 -0.063480 0.074162
0.761067 4.887289 -0.000006 0.339650 0.005703 -0.063327 0.073860
0.755057 4.889284 0.000030 0.337860 0.005693 -0.063176 0.073561
0.749058 4.891257 0.000067 0.336079 0.005685 -0.063025 0.073262
0.743084 4.893208 0.000102 0.334291 0.005676 -0.062877 0.072962
0.737142 4.895135 0.000135 0.332492 0.005666 -0.062731 0.072659
0.731232 4.897039 0.000168 0.330687 0.005656 -0.062587 0.072352
0.725350 4.898918 0.000199 0.328879 0.005646 -0.062446 0.072042
0.719496 4.900774 0.000231 0.327071 0.005636 -0.062306 0.071731
0.713668 4.902606 0.000262 0.325266 0.005626 -0.062169 0.071420
0.707865 4.904415 0.000294 0.323465 0.005616 -0.062033 0.071109
0.702085 4.906200 0.000325 0.321667 0.005606 -0.061900 0.070798
0.696329 4.907961 0.000356 0.319874 0.005597 -0.061768 0.070487
0.690596 4.909699 0.000388 0.318085 0.005587 -0.061638 0.070177
0.684885 4.911413 0.000419 0.316299 0.005578 -0.061511 0.069867
0.679198 4.913104 0.000450 0.314515 0.005569 -0.061385 0.069556
0.673534 4.914772 0.000481 0.312734 0.005560 -0.061261 0.069246
0.667893 4.916417 0.000511 0.310955 0.005552 -0.061139 0.068935
0.662274 4.918038 0.000541 0.309176 0.005543 -0.061018 0.068623
0.656677 4.919636 0.000571 0.307398 0.005534 -0.060900 0.068311
0.651103 4.921211 0.000601 0.305621 0.005525 -0.060783 0.067999
0.645549 4.922763 0.000631 0.303846 0.005517 -0.060669 0.067686
0.640014 4.924291 0.000660 0.302074 0.005508 -0.060556 0.067374
0.634497 4.925796 0.000689 0.300307 0.005500 -0.060445 0.067064
0.628996 4.927278 0.000719 0.298549 0.005492 -0.060335 0.066755
0.623509 4.928737 0.000750 0.296803 0.005485 -0.060227 0.066450
0.618041 4.930171 0.000783 0.295068 0.005478 -0.060122 0.066145
0.612607 4.931580 0.000813 0.293329 0.005471 -0.060018 0.065839
0.607211 4.932963 0.000842 0.291584 0.005464 -0.059917 0.065531
0.601852 4.934320 0.000870 0.289836 0.005456 -0.059818 0.065220
0.596529 4.935651 0.000898 0.288090 0.005448 -0.059721 0.064908
0.591239 4.936956 0.000926 0.286347 0.005441 -0.059627 0.064595
0.585981 4.938235 0.000953 0.284610 0.005433 -0.059534 0.064282
0.580755 4.939488 0.000981 0.282880 0.005426 -0.059444 0.063970
0.575559 4.940716 0.001008 0.281156 0.005419 -0.059356 0.063659
0.570393 4.941917 0.001035 0.279438 0.005412 -0.059271 0.063348
0.565256 4.943093 0.001063 0.277727 0.005405 -0.059187 0.063038
0.560150 4.944243 0.001090 0.276021 0.005399 -0.059106 0.062729
0.555073 4.945367 0.001117 0.274320 0.005392 -0.059026 0.062420
0.550026 4.946465 0.001144 0.272624 0.005386 -0.058949 0.062111
0.545009 4.947537 0.001170 0.270931 0.005380 -0.058874 0.061802
0.540021 4.948584 0.001197 0.269242 0.005374 -0.058801 0.061493
0.535063 4.949605 0.001223 0.267556 0.005368 -0.058730 0.061184
0.530134 4.950600 0.001248 0.265873 0.005362 -0.058662 0.060874
0.525234 4.951569 0.001274 0.264192 0.005356 -0.058595 0.060564
0.520361 4.952513 0.001299 0.262514 0.005350 -0.058530 0.060255
0.515516 4.953431 0.001323 0.260841 0.005344 -0.058468 0.059945
0.510695 4.954322 0.001348 0.259174 0.005338 -0.058408 0.059637
0.505898 4.955188 0.001373 0.257516 0.005333 -0.058349 0.059331
0.501124 4.956028 0.001399 0.255870 0.005328 -0.058293 0.059028
0.496375 4.956841 0.001426 0.254235 0.005324 -0.058238 0.058725
0.491665 4.957627 0.001452 0.252599 0.005320 -0.058186 0.058422
0.486997 4.958386 0.001476 0.250961 0.005315 -0.058137 0.058117
0.482369 4.959116 0.001499 0.249324 0.005310 -0.058090 0.057810
0.477780 4.959819 0.001522 0.247690 0.005305 -0.058045 0.057503
0.473229 4.960494 0.001545 0.246063 0.005300 -0.058003 0.057195
0.468714 4.961141 0.001568 0.244443 0.005296 -0.057963 0.056889
0.464234 4.961760 0.001591 0.242830 0.005291 -0.057925 0.056583
0.459789 4.962352 0.001614 0.241226 0.005287 -0.057890 0.056278
0.455378 4.962915 0.001636 0.239629 0.005283 -0.057857 0.055974
0.451002 4.963451 0.001659 0.238039 0.005279 -0.057827 0.055670
0.446660 4.963959 0.001681 0.236457 0.005275 -0.057799 0.055368
0.442352 4.964438 0.001704 0.234881 0.005272 -0.057773 0.055066
0.438077 4.964890 0.001726 0.233311 0.005268 -0.057749 0.054765
0.433837 4.965314 0.001748 0.231746 0.005265 -0.057728 0.054464
0.429630 4.965710 0.001769 0.230187 0.005262 -0.057709 0.054163
0.425456 4.966077 0.001791 0.228633 0.005259 -0.057692 0.053863
0.421316 4.966417 0.001812 0.227084 0.005256 -0.057678 0.053562
0.417208 4.966728 0.001833 0.225540 0.005253 -0.057666 0.053263
0.413131 4.967011 0.001854 0.224003 0.005250 -0.057656 0.052964
0.409085 4.967266 0.001875 0.222473 0.005248 -0.057649 0.052666
0.405068 4.967492 0.001896 0.220953 0.005245 -0.057644 0.052371
0.401079 4.967690 0.001917 0.219445 0.005244 -0.057641 0.052078
0.397121 4.967859 0.001940 0.217949 0.005243 -0.057640 0.051786
0.393202 4.967998 0.001961 0.216456 0.005241 -0.057642 0.051494
0.389326 4.968108 0.001982 0.214966 0.005240 -0.057647 0.051202
0.385492 4.968188 0.002002 0.213480 0.005238 -0.057654 0.050910
0.381698 4.968239 0.002022 0.212001 0.005237 -0.057664 0.050618
0.377943 4.968259 0.002041 0.210532 0.005236 -0.057676 0.050326
0.374227 4.968250 0.002061 0.209072 0.005235 -0.057691 0.050036
0.370549 4.968211 0.002081 0.207623 0.005234 -0.057708 0.049748
0.366908 4.968141 0.002101 0.206184 0.005234 -0.057728 0.049462
0.363304 4.968042 0.002122 0.204757 0.005234 -0.057750 0.049177
0.359737 4.967913 0.002142 0.203341 0.005234 -0.057775 0.048895
0.356207 4.967753 0.002162 0.201936 0.005235 -0.057802 0.048614
0.352715 4.967563 0.002183 0.200542 0.005236 -0.057832 0.048336
0.349260 4.967342 0.002203 0.199160 0.005237 -0.057864 0.048059
0.345842 4.967092 0.002224 0.197789 0.005238 -0.057899 0.047784
0.342462 4.966810 0.002245 0.196429 0.005240 -0.057937 0.047512
0.339119 4.966499 0.002266 0.195082 0.005242 -0.057977 0.047242
0.335813 4.966156 0.002287 0.193747 0.005244 -0.058019 0.046974
0.332544 4.965783 0.002308 0.192426 0.005247 -0.058064 0.046709
0.329313 4.965379 0.002330 0.191120 0.005250 -0.058112 0.046448
0.326118 4.964944 0.002352 0.189831 0.005254 -0.058162 0.046190
0.322958 4.964479 0.002375 0.188560 0.005258 -0.058215 0.045937
0.319835 4.963982 0.002398 0.187310 0.005262 -0.058270 0.045689
0.316749 4.963454 0.002423 0.186082 0.005268 -0.058327 0.045446
0.313707 4.962895 0.002448 0.184873 0.005274 -0.058388 0.045207
0.310711 4.962305 0.002473 0.183682 0.005280 -0.058451 0.044972
0.307760 4.961682 0.002498 0.182514 0.005287 -0.058517 0.044743
0.304854 4.961028 0.002525 0.181371 0.005294 -0.058585 0.044519
0.301994 4.960343 0.002552 0.180256 0.005302 -0.058656 0.044303
0.299180 4.959625 0.002580 0.179172 0.005311 -0.058730 0.044094
0.296411 4.958876 0.002610 0.178122 0.005321 -0.058806 0.043894
0.293689 4.958095 0.002642 0.177108 0.005332 -0.058885 0.043704
0.291014 4.957283 0.002674 0.176134 0.005343 -0.058967 0.043524
0.288387 4.956439 0.002709 0.175203 0.005356 -0.059052 0.043356
0.285810 4.955563 0.002746 0.174318 0.005370 -0.059139 0.043201
0.283284 4.954656 0.002785 0.173485 0.005386 -0.059229 0.043060
0.280810 4.953717 0.002826 0.172709 0.005403 -0.059321 0.042935
0.278391 4.952747 0.002870 0.171994 0.005421 -0.059416 0.042828
0.276027 4.951745 0.002917 0.171348 0.005441 -0.059515 0.042740
0.273723 4.950712 0.002967 0.170777 0.005464 -0.059615 0.042674
0.271480 4.949648 0.003022 0.170291 0.005488 -0.059719 0.042632
0.269303 4.948553 0.003081 0.169898 0.005514 -0.059826 0.042617
0.267199 4.947426 0.003144 0.169606 0.005544 -0.059936 0.042631
0.265177 4.946269 0.003213 0.169421 0.005576 -0.060049 0.042674
0.263261 4.945080 0.003288 0.169337 0.005612 -0.060165 0.042739
0.261495 4.943860 0.003369 0.169322 0.005651 -0.060286 0.042807
0.259983 4.942607 0.003451 0.169273 0.005692 -0.060409 0.042821
0.258972 4.941317 0.003458 0.168876 0.005697 -0.060533 0.042763
0.258164 4.939996 0.003468 0.168508 0.005706 -0.060656 0.042684
