-0.000000 -0.000000 0.000000 -0.000000 0.000000 0.000000 -0.000000
0.001942 0.059187 -0.740035 0.320371 1.248079 0.369241 -0.155313
0.022469 0.130344 -1.485721 0.677278 2.497402 0.721591 -0.286369
0.036326 0.209599 -2.237848 1.037799 3.750691 1.059438 -0.409698
0.029534 0.294211 -2.997287 1.402964 5.012030 1.387308 -0.528337
-0.001965 0.381577 -3.765597 1.780077 6.285225 1.708401 -0.642360
-0.057378 0.469125 -4.544627 2.176533 7.573879 2.025205 -0.751434
-0.134770 0.554399 -5.336234 2.596868 8.881498 2.340005 -0.856025
-0.228438 0.635174 -6.125643 3.035957 10.185778 2.649518 -0.954318
-0.324311 0.709127 -6.915923 3.500247 11.489607 2.954379 -1.045398
-0.413897 0.774221 -7.709616 3.992597 12.796030 3.255636 -1.129547
-0.491700 0.828600 -8.508986 4.515230 14.108196 3.554458 -1.207178
-0.553972 0.870544 -9.316135 5.070192 15.429320 3.852039 -1.278682
-0.598345 0.898471 -10.132988 5.659070 16.762681 4.149694 -1.344515
-0.622871 0.910992 -10.961443 6.281948 18.111575 4.448763 -1.405545
-0.621700 0.907500 -11.787156 6.932311 19.453526 4.744215 -1.459642
-0.593204 0.887066 -12.612254 7.610298 20.791791 5.036957 -1.507655
-0.536945 0.848737 -13.438757 8.317011 22.129651 5.327853 -1.550059
-0.452920 0.791550 -14.268630 9.053791 23.470401 5.617749 -1.587235
-0.341246 0.714533 -15.103819 9.822003 24.817352 5.907483 -1.619561
-0.201866 0.616715 -15.946263 10.622714 26.173841 6.197928 -1.647533
-0.033809 0.497261 -16.797881 11.455481 27.543258 6.490200 -1.672161
0.167887 0.357213 -17.644306 12.310363 28.903558 6.779537 -1.692603
0.411145 0.198354 -18.486469 13.168039 30.257875 7.065339 -1.705147
0.696075 0.020551 -19.326094 14.028172 31.609736 7.349371 -1.711900
1.022331 -0.176387 -20.164880 14.890855 32.962545 7.632607 -1.713189
1.388463 -0.392442 -21.003746 15.755951 34.319757 7.916513 -1.709563
1.794555 -0.628074 -21.845409 16.623822 35.684673 8.201252 -1.700846
2.239023 -0.881975 -22.675986 17.493510 37.035714 8.482204 -1.686696
2.720009 -1.154084 -23.497490 18.365086 38.376261 8.760129 -1.667409
3.235286 -1.444302 -24.312021 19.238613 39.709674 9.035748 -1.643348
3.782335 -1.752487 -25.121762 20.114158 41.039303 9.309753 -1.614880
4.358471 -2.078462 -25.929068 20.991787 42.368496 9.582802 -1.582434
4.961317 -2.422028 -26.736485 21.871486 43.700661 9.855744 -1.546798
5.589533 -2.782946 -27.545713 22.753285 45.039183 10.129470 -1.508105
6.241631 -3.158966 -28.342716 23.636122 46.363040 10.399504 -1.465913
6.917042 -3.549698 -29.128909 24.519903 47.675616 10.666892 -1.420515
7.614904 -3.954745 -29.906103 25.404524 48.980269 10.932551 -1.372427
8.333972 -4.373656 -30.676235 26.289885 50.280344 11.197359 -1.322171
9.072643 -4.805919 -31.441297 27.175902 51.579177 11.462184 -1.270244
9.828923 -5.250915 -32.203109 28.062477 52.880081 11.727849 -1.217017
10.600529 -5.708053 -32.963765 28.949640 54.186428 11.995278 -1.162698
11.383403 -6.174139 -33.711503 29.836380 55.477955 12.259832 -1.107596
12.174858 -6.648310 -34.448472 30.722724 56.757987 12.522334 -1.051893
12.972435 -7.129836 -35.177158 31.608692 58.029819 12.783503 -0.995967
13.773888 -7.618043 -35.900048 32.494317 59.296723 13.044053 -0.940175
14.577173 -8.112297 -36.619562 33.379636 60.561962 13.304714 -0.884815
15.380335 -8.611850 -37.337453 34.264720 61.828781 13.566338 -0.829769
16.179654 -9.113371 -38.042905 35.148622 63.077740 13.824374 -0.775470
16.973344 -9.616086 -38.737775 36.031412 64.312043 14.079657 -0.721857
17.759972 -10.119446 -39.424462 36.913157 65.534864 14.332889 -0.669166
18.538346 -10.623001 -40.105379 37.793933 66.749343 14.584753 -0.617629
19.307497 -11.126373 -40.782896 38.673822 67.958600 14.835934 -0.567450
20.066640 -11.629230 -41.459236 39.552911 69.165734 15.087136 -0.518760
20.814972 -12.131054 -42.135676 40.431307 70.373799 15.339177 -0.471192
21.549562 -12.628840 -42.802660 41.308147 71.564305 15.587624 -0.425460
22.269710 -13.122120 -43.461541 42.183528 72.740267 15.833298 -0.381266
22.975095 -13.610734 -44.114402 43.057544 73.904692 16.076902 -0.338695
23.665596 -14.094615 -44.763290 43.930288 75.060554 16.319135 -0.297826
24.341212 -14.573704 -45.409918 44.801827 76.210768 16.560701 -0.258637
25.002149 -15.048096 -46.056266 45.672282 77.358254 16.802222 -0.221153
25.648442 -15.517720 -46.703477 46.541835 78.505893 17.044423 -0.184923
26.277675 -15.980145 -47.343310 47.409713 79.636302 17.283099 -0.150941
26.889833 -16.435270 -47.976620 48.276043 80.752290 17.519002 -0.118730
27.485299 -16.883350 -48.605193 49.140948 81.856687 17.752793 -0.088264
28.064616 -17.324737 -49.230871 50.004560 82.952291 17.985109 -0.059545
28.628369 -17.759774 -49.855244 50.867007 84.041864 18.216602 -0.032482
29.176859 -18.188490 -50.478652 51.728415 85.128057 18.447955 -0.006435
29.707958 -18.608956 -51.093990 52.588075 86.194727 18.675332 0.017411
30.221895 -19.021260 -51.701630 53.446078 87.244486 18.899512 0.039635
30.719339 -19.425727 -52.302800 54.302348 88.280026 19.121706 0.060319
31.201883 -19.821968 -52.899145 55.154398 89.303954 19.342564 0.079487
31.671804 -20.208973 -53.492832 55.996742 90.318636 19.560556 0.097304
32.130276 -20.586556 -54.085015 56.827799 91.326682 19.776988 0.113848
32.577847 -20.954396 -54.675564 57.646661 92.330535 19.992960 0.129773
33.013074 -21.310291 -55.259001 58.450279 93.315302 20.203940 0.143683
33.436175 -21.654284 -55.835409 59.238557 94.283373 20.410854 0.156157
33.847614 -21.987069 -56.405950 60.012174 95.237181 20.614473 0.167332
34.247928 -22.309539 -56.971978 60.772109 96.179128 20.815497 0.177271
34.637705 -22.622586 -57.534776 61.519328 97.111578 21.014609 0.186058
35.017529 -22.926909 -58.095283 62.254518 98.036843 21.212513 0.193908
35.387686 -23.222619 -58.653256 62.977725 98.957091 21.409931 0.201508
35.746666 -23.508160 -59.204298 63.686807 99.858901 21.602845 0.207243
36.094679 -23.783670 -59.748276 64.381762 100.744401 21.791990 0.211737
36.432279 -24.049809 -60.286071 65.063125 101.615780 21.978051 0.215204
36.760103 -24.307344 -60.818707 65.731579 102.475200 22.161673 0.217795
37.078748 -24.556901 -61.346943 66.387637 103.324765 22.343491 0.219756
37.388460 -24.798601 -61.870485 67.031304 104.166432 22.524105 0.221744
37.687799 -25.031257 -62.385775 67.660849 104.988314 22.700083 0.222098
37.976937 -25.255026 -62.892611 68.276286 105.792315 22.872027 0.221419
38.256418 -25.470535 -63.391729 68.878127 106.580400 23.040522 0.219931
38.526882 -25.678551 -63.884082 69.467084 107.354517 23.206121 0.217762
38.788988 -25.879812 -64.370572 70.043857 108.116568 23.369355 0.215052
39.043322 -26.074880 -64.851810 70.608932 108.868396 23.530746 0.212047
39.290090 -26.263865 -65.327476 71.162332 109.611700 23.690752 0.209342
39.527976 -26.445883 -65.794748 71.702717 110.336141 23.846523 0.205308
39.757128 -26.621054 -66.253360 72.230091 111.043364 23.998522 0.200503
39.978066 -26.789884 -66.703879 72.744869 111.735074 24.147235 0.195158
40.191412 -26.952994 -67.147079 73.247640 112.412960 24.293126 0.189413
40.397797 -27.110978 -67.583702 73.738980 113.078673 24.436644 0.183410
40.597756 -27.264274 -68.014236 74.219286 113.733805 24.578217 0.177384
40.791456 -27.412954 -68.438383 74.688571 114.379814 24.718197 0.171854
40.977743 -27.556348 -68.853940 75.145800 115.007944 24.854284 0.165317
41.156727 -27.694511 -69.260630 75.590940 115.619598 24.986835 0.158271
41.328871 -27.827790 -69.658871 76.024270 116.216229 25.116248 0.150948
41.494709 -27.956595 -70.049221 76.446163 116.799271 25.242911 0.143516
41.654705 -28.081243 -70.432076 76.856906 117.370103 25.367186 0.136194
41.808993 -28.201788 -70.807217 77.256516 117.929992 25.489355 0.129417
41.956607 -28.317744 -71.172979 77.644243 118.471811 25.607624 0.121886
42.097634 -28.429166 -71.529156 78.020110 118.996763 25.722267 0.114010
42.232473 -28.536343 -71.876124 78.384413 119.506092 25.833604 0.105979
42.361605 -28.639639 -72.214416 78.737571 120.001025 25.941949 0.097909
42.485508 -28.739404 -72.544553 79.080004 120.482751 26.047605 0.089912
42.604573 -28.835889 -72.866890 79.412023 120.952410 26.150849 0.082155
42.718910 -28.929134 -73.181288 79.733705 121.411041 26.251887 0.074969
42.827761 -29.018805 -73.486564 80.044574 121.853141 26.349390 0.067293
42.931195 -29.104926 -73.782573 80.344688 122.279687 26.443556 0.059447
43.029533 -29.187694 -74.069619 80.634308 122.691685 26.534629 0.051581
43.123166 -29.267357 -74.348134 80.913790 123.090121 26.622852 0.043787
43.212478 -29.344157 -74.618543 81.183492 123.475953 26.708457 0.036152
43.297784 -29.418266 -74.881152 81.443693 123.850091 26.791657 0.028797
43.379184 -29.489712 -75.135917 81.694507 124.213369 26.872608 0.021961
43.456150 -29.558281 -75.382084 81.935676 124.561933 26.950411 0.014860
43.528744 -29.623981 -75.619591 82.167285 124.896557 27.025215 0.007723
43.597212 -29.686927 -75.848684 82.389553 125.218027 27.097199 0.000664
43.661839 -29.747265 -76.069686 82.602751 125.527110 27.166546 -0.006240
43.722874 -29.805118 -76.282874 82.807129 125.824536 27.233422 -0.012903
43.780435 -29.860531 -76.488321 83.002857 126.110983 27.297956 -0.019179
43.834261 -29.913419 -76.685690 83.189902 126.384303 27.359661 -0.025546
43.884441 -29.963820 -76.875042 83.368429 126.645118 27.418652 -0.031869
43.931174 -30.011838 -77.056620 83.538694 126.894046 27.475065 -0.038082
43.974686 -30.057598 -77.230725 83.700992 127.131689 27.529036 -0.044152
44.015202 -30.101228 -77.397660 83.855632 127.358623 27.580694 -0.050052
44.052921 -30.142842 -77.557700 84.002911 127.575395 27.630159 -0.055754
44.087990 -30.182525 -77.711045 84.143087 127.782522 27.677532 -0.061208
44.120425 -30.220315 -77.857755 84.276350 127.979562 27.722715 -0.066577
44.150346 -30.256281 -77.998008 84.402944 128.166982 27.765798 -0.071818
44.177909 -30.290510 -78.132039 84.523135 128.345238 27.806877 -0.076912
44.203272 -30.323095 -78.260094 84.637198 128.514763 27.846047 -0.081848
44.226589 -30.354125 -78.382419 84.745409 128.675975 27.883395 -0.086624
44.248005 -30.383688 -78.499253 84.848039 128.829268 27.919007 -0.091238
44.267655 -30.411864 -78.610826 84.945350 128.975020 27.952961 -0.095690
44.285667 -30.438731 -78.717359 85.037597 129.113591 27.985334 -0.099982
44.302160 -30.464360 -78.819063 85.125022 129.245320 28.016198 -0.104115
44.317245 -30.488815 -78.916143 85.207860 129.370534 28.045620 -0.108092
44.331026 -30.512158 -79.008793 85.286334 129.489541 28.073666 -0.111917
44.343598 -30.534444 -79.097199 85.360656 129.602634 28.100396 -0.115591
44.355051 -30.555726 -79.181541 85.431030 129.710093 28.125871 -0.119120
44.365467 -30.576052 -79.261990 85.497649 129.812184 28.150145 -0.122505
44.374924 -30.595466 -79.338711 85.560697 129.909157 28.173272 -0.125752
44.383494 -30.614009 -79.411859 85.620349 130.001254 28.195302 -0.128863
44.391241 -30.631718 -79.481587 85.676773 130.088701 28.216283 -0.131844
44.398227 -30.648630 -79.548037 85.730126 130.171715 28.236260 -0.134697
44.404509 -30.664777 -79.611349 85.780560 130.250502 28.255278 -0.137428
44.410138 -30.680189 -79.671653 85.828217 130.325255 28.273378 -0.140040
44.415163 -30.694895 -79.729076 85.873233 130.396162 28.290598 -0.142538
44.419628 -30.708921 -79.783738 85.915736 130.463396 28.306977 -0.144925
44.423572 -30.722291 -79.835755 85.955850 130.527124 28.322549 -0.147205
44.427035 -30.735029 -79.885236 85.993689 130.587505 28.337350 -0.149383
44.430048 -30.747155 -79.932287 86.029363 130.644689 28.351410 -0.151463
44.432645 -30.758690 -79.977008 86.062977 130.698816 28.364761 -0.153448
44.434854 -30.769653 -80.019494 86.094627 130.750021 28.377431 -0.155342
44.436701 -30.780060 -80.059836 86.124408 130.798432 28.389448 -0.157149
44.438209 -30.789928 -80.098121 86.152406 130.844168 28.400838 -0.158873
44.439401 -30.799273 -80.134431 86.178704 130.887343 28.411625 -0.160517
44.440296 -30.808108 -80.168845 86.203381 130.928064 28.421834 -0.162084
44.440912 -30.816448 -80.201437 86.226510 130.966432 28.431486 -0.163578
44.441265 -30.824304 -80.232277 86.248159 131.002542 28.440603 -0.165002
44.441370 -30.831689 -80.261433 86.268395 131.036485 28.449203 -0.166359
44.441240 -30.838613 -80.288968 86.287277 131.068344 28.457306 -0.167652
44.440885 -30.845086 -80.314941 86.304863 131.098199 28.464929 -0.168884
44.440317 -30.851118 -80.339409 86.321207 131.126123 28.472089 -0.170058
44.439545 -30.856718 -80.362425 86.336359 131.152186 28.478801 -0.171176
44.438576 -30.861895 -80.384039 86.350364 131.176454 28.485080 -0.172241
44.437417 -30.866654 -80.404298 86.363266 131.198985 28.490938 -0.173255
44.436075 -30.871004 -80.423246 86.375105 131.219837 28.496390 -0.174220
44.434554 -30.874951 -80.440923 86.385918 131.239060 28.501447 -0.175140
44.432859 -30.878501 -80.457368 86.395740 131.256703 28.506119 -0.176015
44.430992 -30.881659 -80.472616 86.404600 131.272810 28.510416 -0.176848
44.428956 -30.884429 -80.486699 86.412528 131.287419 28.514348 -0.177640
44.426753 -30.886816 -80.499647 86.419549 131.300569 28.517923 -0.178394
44.424385 -30.888824 -80.511488 86.425685 131.312290 28.521149 -0.179110
44.421850 -30.890456 -80.522246 86.430959 131.322613 28.524031 -0.179791
44.419149 -30.891714 -80.531942 86.435386 131.331562 28.526578 -0.180438
44.416281 -30.892600 -80.540598 86.438983 131.339160 28.528792 -0.181052
44.413244 -30.893117 -80.548229 86.441763 131.345425 28.530680 -0.181634
44.410036 -30.893266 -80.554851 86.443736 131.350373 28.532245 -0.182186
44.406654 -30.893046 -80.560476 86.444911 131.354017 28.533490 -0.182708
44.403095 -30.892460 -80.565114 86.445293 131.356364 28.534416 -0.183201
44.399355 -30.891505 -80.568773 86.444886 131.357420 28.535027 -0.183667
44.395428 -30.890182 -80.571457 86.443691 131.357188 28.535323 -0.184106
44.391310 -30.888489 -80.573171 86.441708 131.355667 28.535303 -0.184518
44.386995 -30.886426 -80.573914 86.438933 131.352853 28.534968 -0.184905
44.382475 -30.883988 -80.573685 86.435360 131.348738 28.534316 -0.185266
44.377744 -30.881175 -80.572480 86.430981 131.343312 28.533345 -0.185602
44.372794 -30.877983 -80.570292 86.425787 131.336561 28.532052 -0.185914
44.367616 -30.874408 -80.567114 86.419764 131.328468 28.530435 -0.186201
44.362200 -30.870447 -80.562933 86.412898 131.319013 28.528489 -0.186463
44.356537 -30.866094 -80.557738 86.405171 131.308170 28.526209 -0.186702
44.350614 -30.861346 -80.551511 86.396563 131.295914 28.523589 -0.186915
44.344421 -30.856196 -80.544235 86.387051 131.282213 28.520624 -0.187105
44.337943 -30.850639 -80.535889 86.376611 131.267032 28.517305 -0.187269
44.331168 -30.844668 -80.526449 86.365215 131.250334 28.513626 -0.187408
44.324081 -30.838276 -80.515891 86.352831 131.232076 28.509577 -0.187522
44.316664 -30.831457 -80.504186 86.339428 131.212213 28.505149 -0.187610
44.308902 -30.824202 -80.491303 86.324968 131.190693 28.500330 -0.187672
44.300775 -30.816502 -80.477208 86.309412 131.167465 28.495111 -0.187706
44.292264 -30.808350 -80.461864 86.292718 131.142468 28.489479 -0.187713
44.283347 -30.799735 -80.445234 86.274840 131.115641 28.483421 -0.187692
44.274001 -30.790647 -80.427273 86.255729 131.086915 28.476922 -0.187640
44.264203 -30.781077 -80.407938 86.235333 131.056220 28.469969 -0.187559
44.253926 -30.771013 -80.387180 86.213595 131.023478 28.462544 -0.187447
44.243143 -30.760444 -80.364947 86.190457 130.988607 28.454630 -0.187302
44.231822 -30.749357 -80.341185 86.165853 130.951519 28.446211 -0.187123
44.219933 -30.737740 -80.315836 86.139716 130.912123 28.437265 -0.186910
44.207440 -30.725579 -80.288839 86.111975 130.870318 28.427774 -0.186662
44.194308 -30.712861 -80.260128 86.082551 130.826002 28.417715 -0.186376
44.180497 -30.699570 -80.229634 86.051365 130.779062 28.407066 -0.186051
44.165965 -30.685692 -80.197285 86.018330 130.729382 28.395803 -0.185687
44.150668 -30.671209 -80.163005 85.983354 130.676838 28.383900 -0.185281
44.134556 -30.656106 -80.126713 85.946342 130.621297 28.371330 -0.184833
44.117580 -30.640365 -80.088323 85.907192 130.562623 28.358065 -0.184340
44.099684 -30.623967 -80.047747 85.865795 130.500667 28.344075 -0.183801
44.080810 -30.606892 -80.004891 85.822038 130.435276 28.329329 -0.183214
44.060895 -30.589120 -79.959656 85.775801 130.366287 28.313794 -0.182579
44.039872 -30.570629 -79.911939 85.726958 130.293526 28.297435 -0.181892
44.017671 -30.551397 -79.861630 85.675373 130.216814 28.280215 -0.181154
43.994215 -30.531398 -79.808616 85.620908 130.135959 28.262097 -0.180361
43.969423 -30.510609 -79.752778 85.563412 130.050760 28.243038 -0.179513
43.943208 -30.489002 -79.693989 85.502731 129.961004 28.222997 -0.178609
43.915479 -30.466547 -79.632119 85.438700 129.866468 28.201929 -0.177646
43.886137 -30.443215 -79.567030 85.371146 129.766918 28.179786 -0.176623
43.855076 -30.418974 -79.498577 85.299886 129.662104 28.156520 -0.175539
43.822187 -30.393788 -79.426610 85.224729 129.551767 28.132078 -0.174394
43.787349 -30.367620 -79.350971 85.145476 129.435633 28.106406 -0.173185
43.750437 -30.340431 -79.271493 85.061913 129.313412 28.079445 -0.171913
43.711317 -30.312179 -79.188003 84.973820 129.184802 28.051135 -0.170577
43.669845 -30.282816 -79.100320 84.880963 129.049483 28.021414 -0.169175
43.625871 -30.252294 -79.008252 84.783099 128.907119 27.990212 -0.167709
43.579234 -30.220560 -78.911602 84.679970 128.757357 27.957461 -0.166179
43.529763 -30.187555 -78.810159 84.571309 128.599825 27.923085 -0.164584
43.477278 -30.153217 -78.703706 84.456833 128.434132 27.887007 -0.162925
43.421588 -30.117478 -78.592012 84.336247 128.259868 27.849145 -0.161205
43.362491 -30.080264 -78.474838 84.209243 128.076600 27.809411 -0.159424
43.299774 -30.041495 -78.351931 84.075496 127.883875 27.767714 -0.157584
43.233210 -30.001084 -78.223026 83.934668 127.681214 27.723959 -0.155688
43.162564 -29.958934 -78.087847 83.786404 127.468116 27.678043 -0.153740
43.087583 -29.914942 -77.946102 83.630334 127.244052 27.629859 -0.151743
43.008006 -29.868995 -77.797485 83.466072 127.008467 27.579295 -0.149702
42.923555 -29.820967 -77.641675 83.293211 126.760779 27.526230 -0.147621
42.833940 -29.770724 -77.478332 83.111330 126.500373 27.470540 -0.145506
42.738858 -29.718116 -77.307102 82.919988 126.226604 27.412090 -0.143365
42.637989 -29.662981 -77.127610 82.718725 125.938795 27.350739 -0.141203
42.531004 -29.605141 -76.939462 82.507061 125.636232 27.286340 -0.139030
42.417555 -29.544401 -76.742241 82.284495 125.318166 27.218733 -0.136854
42.297282 -29.480550 -76.535508 82.050507 124.983809 27.147752 -0.134686
42.169813 -29.413354 -76.318800 81.804553 124.632333 27.073220 -0.132535
42.034762 -29.342559 -76.091628 81.546069 124.262866 26.994950 -0.130414
41.891728 -29.267888 -75.853474 81.274467 123.874492 26.912743 -0.128336
41.740302 -29.189036 -75.603790 80.989136 123.466249 26.826387 -0.126312
41.580061 -29.105673 -75.341995 80.689441 123.037123 26.735661 -0.124358
41.410575 -29.017438 -75.067474 80.374723 122.586049 26.640324 -0.122487
41.231404 -28.923939 -74.779575 80.044299 122.111908 26.540127 -0.120717
41.042102 -28.824749 -74.477606 79.697460 121.613520 26.434799 -0.119062
40.842220 -28.719405 -74.160829 79.333475 121.089648 26.324055 -0.117541
40.631303 -28.607407 -73.828463 78.951591 120.538989 26.207593 -0.116169
40.408902 -28.488215 -73.479678 78.551037 119.960172 26.085086 -0.114967
40.174566 -28.361253 -73.113590 78.131029 119.351756 25.956188 -0.113955
39.927854 -28.225909 -72.729263 77.690786 118.712228 25.820527 -0.113158
39.668333 -28.081547 -72.325709 77.229551 118.039996 25.677701 -0.112606
39.395589 -27.927526 -71.901901 76.746637 117.333391 25.527273 -0.112347
39.109245 -27.763241 -71.456811 76.241501 116.590670 25.368763 -0.112465
38.809016 -27.588214 -70.989535 75.713885 115.810022 25.201647 -0.113129
38.494909 -27.402282 -70.499680 75.164057 114.989617 25.025371 -0.114740
38.167848 -27.206036 -69.988573 74.593185 114.127759 24.839483 -0.118362
37.831901 -27.001703 -69.462078 74.004817 113.246904 24.649717 -0.120223
37.487873 -26.789983 -68.921650 73.400172 112.345243 24.455637 -0.121465
37.135621 -26.570784 -68.366875 72.779581 111.420660 24.256610 -0.122552
36.774763 -26.343674 -67.796714 72.142943 110.470909 24.051953 -0.123723
36.404936 -26.108159 -67.210021 71.490101 109.493665 23.840950 -0.125188
36.026009 -25.863985 -66.606056 70.821245 108.486581 23.622850 -0.127331
35.638673 -25.611674 -65.985786 70.137407 107.447444 23.396944 -0.131191
35.246701 -25.353727 -65.355423 69.442328 106.398371 23.169260 -0.133344
34.850642 -25.090794 -64.716139 68.737062 105.337083 22.939123 -0.134924
34.450227 -24.822703 -64.067237 68.021790 104.261033 22.705731 -0.136360
34.045049 -24.549020 -63.407521 67.296382 103.167583 22.468252 -0.137896
33.634854 -24.269461 -62.736046 66.560908 102.054065 22.225812 -0.139876
33.220084 -23.984518 -62.053516 65.816225 100.917943 21.977521 -0.143280
32.804134 -23.696973 -61.366611 65.066202 99.781037 21.729675 -0.145096
32.387283 -23.407397 -60.676269 64.311614 98.640789 21.481439 -0.146401
31.969139 -23.115454 -59.981537 63.552261 97.494415 21.231952 -0.147534
31.549224 -22.820465 -59.280895 62.787486 96.339062 20.980373 -0.148617
31.127115 -22.521707 -58.572720 62.016578 95.171842 20.725851 -0.149731
30.702547 -22.218701 -57.855723 61.239183 93.989852 20.467462 -0.151083
30.275782 -21.911820 -57.130243 60.455860 92.790302 20.204158 -0.153512
29.849797 -21.604142 -56.403612 59.670652 91.594689 19.942501 -0.154589
29.424668 -21.296131 -55.676464 58.884116 90.400227 19.681478 -0.155279
28.999997 -20.987336 -54.947601 58.095822 89.203953 19.420157 -0.155823
28.575384 -20.676996 -54.215323 57.304900 88.002867 19.157675 -0.156268
28.150503 -20.364323 -53.477835 56.510434 86.793942 18.893162 -0.156620
27.725135 -20.048763 -52.733618 55.711866 85.574140 18.625663 -0.156979
27.299402 -19.730593 -51.982652 54.909594 84.340489 18.353994 -0.158014
26.875767 -19.413155 -51.232998 54.107916 83.114070 18.084834 -0.157985
26.454140 -19.096793 -50.484952 53.307263 81.891927 17.817003 -0.157696
26.034156 -18.781000 -49.737119 52.507117 80.670991 17.549521 -0.157281
25.615506 -18.465059 -48.987732 51.706647 79.448180 17.281477 -0.156732
25.197949 -18.148401 -48.235167 50.905244 78.220399 17.011899 -0.156075
24.781441 -17.831197 -47.479118 50.103205 76.984592 16.739525 -0.155814
24.367856 -17.516877 -46.728236 49.304983 75.761269 16.470959 -0.154850
23.956942 -17.205612 -45.982516 48.510856 74.547409 16.204941 -0.153818
23.548359 -16.896785 -45.240433 47.720108 73.339948 15.940520 -0.152769
23.141890 -16.589571 -44.500127 46.931630 72.135832 15.676861 -0.151645
22.737406 -16.283158 -43.759686 46.144286 70.932015 15.413146 -0.150357
22.334807 -15.976919 -43.017354 45.357266 69.725438 15.148465 -0.148842
21.934012 -15.670898 -42.272485 44.570717 68.513036 14.881552 -0.147389
21.536289 -15.368515 -41.534330 43.789255 67.314631 14.618775 -0.145604
21.141343 -15.069783 -40.802523 43.013045 66.127190 14.358840 -0.143894
20.748969 -14.774058 -40.075427 42.241291 64.947698 14.100837 -0.142221
20.359112 -14.480559 -39.351175 41.472852 63.773171 13.843978 -0.140484
19.971803 -14.188532 -38.627862 40.706564 62.600636 13.587492 -0.138565
19.587073 -13.897385 -37.903691 39.941562 61.427110 13.330532 -0.136336
19.204851 -13.607070 -37.177715 39.177902 60.249572 13.071875 -0.133881
18.825798 -13.320838 -36.459572 38.420292 59.086955 12.817471 -0.131416
18.449643 -13.038575 -35.748554 37.668818 57.936268 12.566052 -0.129120
18.076320 -12.759667 -35.042970 36.922672 56.794582 12.316765 -0.126878
17.705897 -12.483440 -34.340995 36.180813 55.659004 12.068850 -0.124551
17.338454 -12.209329 -33.640854 35.442384 54.526646 11.821509 -0.121976
16.973900 -11.937192 -32.941402 34.707369 53.394575 11.573601 -0.119088
16.612375 -11.669947 -32.252317 33.980413 52.280655 11.330557 -0.116516
16.253617 -11.407354 -31.572655 33.261510 51.182000 11.091194 -0.114273
15.897645 -11.148804 -30.900744 32.549807 50.095814 10.854735 -0.112216
15.544619 -10.893651 -30.234833 31.844201 49.019354 10.620500 -0.110213
15.194765 -10.641298 -29.573166 31.143585 47.949901 10.387828 -0.108125
14.848282 -10.391257 -28.914035 30.447081 46.884740 10.156013 -0.105773
14.505142 -10.143359 -28.256151 29.754611 45.821112 9.924050 -0.102964
14.165028 -9.900108 -27.609060 29.070699 44.775696 9.696768 -0.100652
13.827768 -9.661227 -26.971626 28.395287 43.745774 9.473117 -0.098697
13.493499 -9.426198 -26.342241 27.727546 42.728732 9.252408 -0.096929
13.162484 -9.194495 -25.719260 27.066441 41.722005 9.034024 -0.095212
12.835031 -8.965642 -25.101046 26.410944 40.723052 8.817370 -0.093404
12.511419 -8.739251 -24.485992 25.760218 39.729345 8.601817 -0.091320
12.191684 -8.515163 -23.872744 25.114144 38.738321 8.386506 -0.088684
11.875174 -8.295413 -23.270438 24.477023 37.765333 8.175639 -0.086624
11.561814 -8.079734 -22.677834 23.848759 36.807862 7.968320 -0.084898
11.251827 -7.867710 -22.093419 23.228574 35.863483 7.763938 -0.083327
10.945529 -7.658945 -21.515669 22.615559 34.929815 7.561933 -0.081761
10.643214 -7.453105 -20.943086 22.008934 34.004500 7.361736 -0.080017
10.344945 -7.250023 -20.374324 21.408541 33.085165 7.162608 -0.077787
10.049876 -7.051267 -19.817855 20.818344 32.185727 6.968176 -0.076238
9.757981 -6.856570 -19.272429 20.238203 31.303870 6.777677 -0.075086
9.469510 -6.665575 -18.736645 19.667379 30.437368 6.590569 -0.074163
9.184794 -6.477945 -18.209114 19.104997 29.584040 6.406357 -0.073340
8.904184 -6.293380 -17.688465 18.550196 28.741741 6.224561 -0.072490
8.627994 -6.111640 -17.173350 18.002253 27.908349 6.044690 -0.071446
8.356314 -5.932599 -16.662499 17.461001 27.081742 5.866140 -0.069894
8.088189 -5.757392 -16.163604 16.930016 26.274355 5.691979 -0.068974
7.823642 -5.585810 -15.675469 16.409152 25.484126 5.521585 -0.068389
7.562943 -5.417593 -15.196840 15.897739 24.709065 5.354495 -0.067979
7.306420 -5.252502 -14.726481 15.395002 23.947224 5.190279 -0.067627
7.054414 -5.090332 -14.263176 14.900175 23.196692 5.028517 -0.067218
6.807228 -4.930918 -13.805728 14.412613 22.455583 4.868792 -0.066602
6.564961 -4.774175 -13.352979 13.932147 21.722025 4.710610 -0.065481
6.326647 -4.620873 -12.911717 13.461908 21.006893 4.556528 -0.064906
6.092335 -4.470859 -12.480843 13.001749 20.308377 4.406045 -0.064591
5.862285 -4.323956 -12.059249 12.551077 19.624721 4.258767 -0.064392
5.636796 -4.180007 -11.645851 12.109233 18.954212 4.114320 -0.064199
5.416136 -4.038884 -11.239585 11.675633 18.295167 3.972339 -0.063876
5.200397 -3.900514 -10.839408 11.250100 17.645930 3.832415 -0.063159
4.988674 -3.765381 -10.451108 10.835270 17.015742 3.696639 -0.062969
4.781018 -3.633358 -10.073697 10.430984 16.403014 3.564601 -0.063049
4.577649 -3.504311 -9.706207 10.036708 15.806212 3.435964 -0.063277
4.378821 -3.378117 -9.347697 9.651840 15.223839 3.310410 -0.063564
4.184784 -3.254672 -8.997248 9.275790 14.654439 3.187634 -0.063823
3.995753 -3.133896 -8.653963 8.908048 14.096586 3.067331 -0.063946
3.811789 -3.015743 -8.316951 8.548438 13.548887 2.949181 -0.063708
3.632082 -2.900474 -7.990975 8.199096 13.018929 2.834837 -0.063885
3.456660 -2.788009 -7.675195 7.859868 12.505386 2.723981 -0.064258
3.285689 -2.678260 -7.368802 7.530293 12.006974 2.616339 -0.064730
3.119358 -2.571148 -7.071013 7.209859 11.522445 2.511649 -0.065228
2.957849 -2.466609 -6.781071 6.898064 11.050589 2.409663 -0.065682
2.801311 -2.364591 -6.498234 6.594471 10.590226 2.310134 -0.066009
2.649773 -2.265065 -6.221767 6.298903 10.140212 2.212814 -0.066029
2.502553 -2.168143 -5.955364 6.012979 9.706431 2.118944 -0.066356
2.359650 -2.073771 -5.698335 5.736544 9.287803 2.028282 -0.066819
2.221169 -1.981893 -5.450022 5.469207 8.883282 1.940608 -0.067339
2.087224 -1.892460 -5.209795 5.210548 8.491858 1.855714 -0.067860
1.957910 -1.805429 -4.977042 4.960183 8.112555 1.773400 -0.068316
1.833224 -1.720771 -4.751158 4.717919 7.744428 1.693468 -0.068575
1.712647 -1.638507 -4.534724 4.484839 7.391591 1.616766 -0.069079
1.596152 -1.558594 -4.327179 4.260771 7.053166 1.543104 -0.069702
1.483785 -1.480986 -4.127993 4.045374 6.728309 1.472309 -0.070388
1.375598 -1.405640 -3.936663 3.838282 6.416209 1.404215 -0.071099
1.271634 -1.332518 -3.752704 3.639138 6.116087 1.338664 -0.071799
1.171914 -1.261585 -3.575649 3.447615 5.827194 1.275503 -0.072446
1.076403 -1.192809 -3.405042 3.263507 5.548813 1.214587 -0.072961
0.984744 -1.126166 -3.242346 3.087372 5.283277 1.156385 -0.073608
0.896880 -1.061617 -3.087142 2.919023 5.029926 1.100760 -0.074309
0.812794 -0.999125 -2.939037 2.758173 4.788129 1.047585 -0.075033
0.732471 -0.938653 -2.797656 2.604525 4.557282 0.996735 -0.075755
0.655887 -0.880163 -2.662644 2.457788 4.336810 0.948095 -0.076457
0.583010 -0.823622 -2.533659 2.317686 4.126163 0.901552 -0.077117
0.513780 -0.768995 -2.410374 2.183989 3.924817 0.857001 -0.077704
0.448029 -0.716243 -2.293109 2.056726 3.733279 0.814541 -0.078300
0.385686 -0.665328 -2.181568 1.935684 3.551074 0.774074 -0.078876
0.326689 -0.616215 -2.075469 1.820622 3.377746 0.735509 -0.079418
0.270974 -0.568867 -1.974545 1.711300 3.212864 0.698757 -0.079916
0.218475 -0.523248 -1.878543 1.607485 3.056017 0.663733 -0.080361
0.169119 -0.479321 -1.787223 1.508952 2.906813 0.630359 -0.080747
0.122830 -0.437049 -1.700354 1.415481 2.764881 0.598559 -0.081068
0.079529 -0.396396 -1.617720 1.326862 2.629865 0.568259 -0.081320
0.039132 -0.357324 -1.539114 1.242891 2.501430 0.539390 -0.081497
0.001555 -0.319797 -1.464338 1.163371 2.379255 0.511887 -0.081598
-0.033288 -0.283778 -1.393206 1.088112 2.263035 0.485687 -0.081620
-0.065486 -0.249229 -1.325540 1.016931 2.152481 0.460730 -0.081562
-0.095128 -0.216115 -1.261169 0.949649 2.047316 0.436959 -0.081423
-0.122305 -0.184397 -1.199935 0.886096 1.947278 0.414319 -0.081202
-0.147107 -0.154038 -1.141682 0.826107 1.852118 0.392758 -0.080899
-0.169626 -0.125003 -1.086267 0.769523 1.761598 0.372226 -0.080516
-0.189951 -0.097254 -1.033550 0.716189 1.675492 0.352677 -0.080054
-0.208174 -0.070754 -0.983400 0.665959 1.593586 0.334064 -0.079513
-0.224385 -0.045467 -0.935692 0.618689 1.515674 0.316346 -0.078896
-0.238671 -0.021357 -0.890307 0.574241 1.441563 0.299479 -0.078205
-0.251122 0.001611 -0.847131 0.532484 1.371067 0.283427 -0.077442
-0.261823 0.023475 -0.806057 0.493289 1.304010 0.268149 -0.076609
-0.270861 0.044268 -0.766982 0.456534 1.240225 0.253612 -0.075710
-0.278319 0.064026 -0.729809 0.422101 1.179553 0.239780 -0.074747
-0.284279 0.082784 -0.694446 0.389876 1.121841 0.226621 -0.073723
-0.288822 0.100575 -0.660804 0.359750 1.066947 0.214103 -0.072642
-0.292027 0.117433 -0.628799 0.331618 1.014731 0.202198 -0.071507
-0.293970 0.133391 -0.598351 0.305378 0.965065 0.190875 -0.070320
-0.294726 0.148482 -0.569386 0.280935 0.917823 0.180109 -0.069086
-0.294368 0.162738 -0.541829 0.258194 0.872888 0.169873 -0.067807
-0.292967 0.176191 -0.515614 0.237067 0.830147 0.160142 -0.066486
-0.290591 0.188871 -0.490674 0.217468 0.789494 0.150892 -0.065129
-0.287306 0.200809 -0.466948 0.199315 0.750826 0.142102 -0.063736
-0.283177 0.212034 -0.444376 0.182529 0.714047 0.133748 -0.062312
-0.278265 0.222575 -0.422903 0.167034 0.679065 0.125812 -0.060861
-0.272631 0.232461 -0.402474 0.152759 0.645792 0.118272 -0.059384
-0.266332 0.241720 -0.383039 0.139635 0.614146 0.111111 -0.057886
-0.259424 0.250379 -0.364549 0.127595 0.584045 0.104309 -0.056368
-0.251959 0.258464 -0.346959 0.116577 0.555416 0.097851 -0.054835
-0.243989 0.266000 -0.330224 0.106519 0.528187 0.091719 -0.053289
-0.235562 0.273013 -0.314303 0.097365 0.502288 0.085898 -0.051733
-0.226726 0.279527 -0.299157 0.089059 0.477656 0.080373 -0.050170
-0.217524 0.285566 -0.284748 0.081548 0.454229 0.075130 -0.048601
-0.208001 0.291152 -0.271039 0.074784 0.431947 0.070154 -0.047030
-0.198195 0.296307 -0.257996 0.068717 0.410755 0.065434 -0.045459
-0.188147 0.301054 -0.245589 0.063303 0.390600 0.060957 -0.043891
-0.177892 0.305413 -0.233784 0.058498 0.371431 0.056711 -0.042327
-0.167465 0.309404 -0.222553 0.054262 0.353200 0.052684 -0.040769
-0.156900 0.313046 -0.211869 0.050555 0.335862 0.048866 -0.039220
-0.146227 0.316359 -0.201704 0.047340 0.319372 0.045247 -0.037682
-0.135476 0.319360 -0.192033 0.044582 0.303689 0.041816 -0.036155
-0.124674 0.322067 -0.182832 0.042248 0.288774 0.038565 -0.034643
-0.113848 0.324496 -0.174079 0.040305 0.274589 0.035484 -0.033146
-0.103021 0.326664 -0.165751 0.038725 0.261099 0.032566 -0.031665
-0.092217 0.328586 -0.157828 0.037477 0.248270 0.029801 -0.030203
-0.081457 0.330277 -0.150290 0.036537 0.236069 0.027183 -0.028761
-0.070760 0.331751 -0.143118 0.035878 0.224466 0.024704 -0.027339
-0.060146 0.333023 -0.136295 0.035477 0.213432 0.022357 -0.025939
-0.049631 0.334104 -0.129804 0.035310 0.202938 0.020135 -0.024561
-0.039230 0.335009 -0.123628 0.035358 0.192959 0.018031 -0.023207
-0.028959 0.335748 -0.117752 0.035599 0.183469 0.016041 -0.021878
-0.018830 0.336334 -0.112162 0.036015 0.174445 0.014158 -0.020573
-0.008856 0.336776 -0.106844 0.036589 0.165863 0.012376 -0.019295
0.000953 0.337087 -0.101785 0.037304 0.157702 0.010691 -0.018042
0.010586 0.337275 -0.096971 0.038144 0.149942 0.009097 -0.016816
0.020036 0.337351 -0.092391 0.039096 0.142563 0.007590 -0.015618
0.029293 0.337323 -0.088034 0.040146 0.135546 0.006165 -0.014447
0.038352 0.337200 -0.083889 0.041280 0.128874 0.004817 -0.013304
0.047207 0.336990 -0.079946 0.042489 0.122529 0.003544 -0.012188
0.055851 0.336701 -0.076194 0.043760 0.116497 0.002340 -0.011101
0.064281 0.336340 -0.072625 0.045084 0.110761 0.001203 -0.010042
0.072494 0.335915 -0.069230 0.046452 0.105307 0.000128 -0.009011
0.080487 0.335432 -0.066000 0.047855 0.100121 -0.000887 -0.008008
0.088258 0.334898 -0.062928 0.049286 0.095191 -0.001846 -0.007033
0.095805 0.334318 -0.060005 0.050736 0.090503 -0.002752 -0.006085
0.103127 0.333698 -0.057225 0.052201 0.086047 -0.003607 -0.005166
0.110226 0.333044 -0.054580 0.053673 0.081810 -0.004415 -0.004273
0.117100 0.332360 -0.052064 0.055148 0.077783 -0.005178 -0.003408
0.123752 0.331652 -0.049671 0.056620 0.073954 -0.005898 -0.002569
0.130182 0.330924 -0.047396 0.058087 0.070315 -0.006578 -0.001756
0.136393 0.330181 -0.045231 0.059543 0.066856 -0.007220 -0.000969
0.142387 0.329425 -0.043173 0.060985 0.063568 -0.007826 -0.000208
0.148167 0.328663 -0.041215 0.062411 0.060443 -0.008399 0.000529
0.153737 0.327896 -0.039353 0.063818 0.057473 -0.008939 0.001242
0.159099 0.327129 -0.037583 0.065205 0.054651 -0.009449 0.001930
0.164258 0.326365 -0.035900 0.066569 0.051970 -0.009931 0.002596
0.169219 0.325607 -0.034300 0.067909 0.049422 -0.010386 0.003239
0.173986 0.324858 -0.032779 0.069224 0.047001 -0.010816 0.003860
0.178563 0.324121 -0.031334 0.070514 0.044702 -0.011222 0.004461
0.182956 0.323398 -0.029959 0.071778 0.042518 -0.011606 0.005040
0.187170 0.322693 -0.028654 0.073016 0.040444 -0.011968 0.005600
0.191211 0.322008 -0.027413 0.074228 0.038475 -0.012311 0.006142
0.195084 0.321345 -0.026234 0.075415 0.036605 -0.012636 0.006664
0.198795 0.320706 -0.025115 0.076577 0.034831 -0.012943 0.007170
0.202351 0.320094 -0.024052 0.077715 0.033147 -0.013233 0.007659
0.205757 0.319511 -0.023042 0.078831 0.031549 -0.013509 0.008132
0.209020 0.318960 -0.022084 0.079925 0.030033 -0.013770 0.008589
0.212145 0.318441 -0.021175 0.081000 0.028596 -0.014018 0.009033
0.215139 0.317958 -0.020312 0.082055 0.027234 -0.014253 0.009464
0.218009 0.317512 -0.019494 0.083094 0.025943 -0.014477 0.009881
0.220760 0.317105 -0.018719 0.084119 0.024720 -0.014691 0.010288
0.223399 0.316739 -0.017984 0.085130 0.023562 -0.014894 0.010683
0.225932 0.316416 -0.017288 0.086130 0.022466 -0.015088 0.011068
0.228366 0.316139 -0.016629 0.087122 0.021429 -0.015274 0.011445
0.230705 0.315908 -0.016005 0.088107 0.020449 -0.015452 0.011813
0.232957 0.315727 -0.015416 0.089089 0.019524 -0.015623 0.012174
0.235126 0.315596 -0.014859 0.090068 0.018650 -0.015788 0.012528
0.237219 0.315518 -0.014333 0.091048 0.017826 -0.015947 0.012876
0.239240 0.315496 -0.013836 0.092031 0.017050 -0.016100 0.013220
0.241195 0.315531 -0.013369 0.093020 0.016319 -0.016249 0.013560
0.243088 0.315625 -0.012928 0.094016 0.015633 -0.016394 0.013896
0.244923 0.315780 -0.012514 0.095023 0.014988 -0.016535 0.014230
0.246705 0.316000 -0.012126 0.096042 0.014384 -0.016673 0.014563
0.248437 0.316285 -0.011761 0.097076 0.013819 -0.016808 0.014894
0.250122 0.316639 -0.011420 0.098127 0.013292 -0.016942 0.015226
0.251763 0.317064 -0.011102 0.099198 0.012801 -0.017073 0.015558
0.253361 0.317562 -0.010805 0.100289 0.012344 -0.017204 0.015892
0.254917 0.318137 -0.010529 0.101403 0.011922 -0.017334 0.016227
0.256433 0.318791 -0.010273 0.102543 0.011533 -0.017463 0.016566
0.257907 0.319526 -0.010037 0.103708 0.011175 -0.017592 0.016907
0.259339 0.320346 -0.009820 0.104902 0.010849 -0.017722 0.017253
0.260726 0.321254 -0.009621 0.106124 0.010552 -0.017853 0.017603
0.262065 0.322253 -0.009440 0.107376 0.010285 -0.017985 0.017958
0.263352 0.323346 -0.009276 0.108659 0.010047 -0.018119 0.018318
0.264578 0.324537 -0.009129 0.109972 0.009837 -0.018255 0.018685
0.265737 0.325829 -0.008999 0.111318 0.009655 -0.018393 0.019058
0.266815 0.327227 -0.008883 0.112695 0.009500 -0.018534 0.019438
0.267794 0.328734 -0.008783 0.114103 0.009373 -0.018678 0.019825
0.268646 0.330355 -0.008696 0.115542 0.009272 -0.018826 0.020220
0.269329 0.332095 -0.008622 0.117004 0.009200 -0.018977 0.020622
0.269776 0.333959 -0.008558 0.118455 0.009155 -0.019131 0.021018
0.269906 0.335951 -0.008508 0.119725 0.009137 -0.019290 0.021347
0.269773 0.338076 -0.008518 0.119935 0.009123 -0.019470 0.021419
0.269173 0.340349 -0.008534 0.119850 0.009105 -0.019667 0.021418
