0.000000 -0.000000 0.000000 0.000000 0.000000 -0.000000 0.000000
0.003662 -0.061085 0.740125 -0.323616 -1.248418 0.369845 0.152786
-0.015581 -0.133924 1.486198 -0.678178 -2.497890 0.722941 0.283051
-0.031416 -0.214630 2.238596 -1.034281 -3.751465 1.061014 0.406936
-0.028327 -0.300474 2.998170 -1.394841 -5.013253 1.388701 0.526787
-0.001130 -0.388849 3.766508 -1.767832 -6.287043 1.709292 0.642298
0.050205 -0.477185 4.545487 -2.160820 -7.576404 2.025343 0.752952
0.124369 -0.563048 5.336970 -2.578477 -8.884827 2.339199 0.859117
0.216030 -0.644243 6.126215 -3.015818 -10.189963 2.647682 0.958797
0.310846 -0.718507 6.916334 -3.478569 -11.494664 2.951428 1.051215
0.400071 -0.783881 7.709879 -3.969223 -12.801965 3.251511 1.136770
0.478069 -0.838578 8.509122 -4.489886 -14.115008 3.549120 1.215914
0.541014 -0.880933 9.316173 -5.042569 -15.436998 3.845462 1.289043
0.586532 -0.909409 10.132998 -5.628905 -16.771203 4.141811 1.356596
0.612745 -0.922659 10.961411 -6.249315 -18.120933 4.439655 1.419325
0.613759 -0.920079 11.787134 -6.897282 -19.463677 4.733903 1.475001
0.587810 -0.900759 12.612293 -7.572886 -20.802694 5.025468 1.524535
0.534370 -0.863752 13.438905 -8.277218 -22.141270 5.315220 1.568428
0.453377 -0.808089 14.268936 -9.011635 -23.482699 5.604008 1.607072
0.344902 -0.732785 15.104327 -9.777521 -24.830296 5.892678 1.640855
0.208846 -0.636854 15.947010 -10.575962 -26.187397 6.182111 1.670288
0.044187 -0.519434 16.798885 -11.406560 -27.557401 6.473449 1.696406
-0.153987 -0.381522 17.645535 -12.259602 -28.918244 6.761989 1.718286
-0.392968 -0.224643 18.488122 -13.117049 -30.273054 7.047039 1.732423
-0.673760 -0.048867 19.328221 -13.977010 -31.625323 7.330262 1.740448
-0.996005 0.146000 20.167502 -14.839562 -32.978463 7.612698 1.742748
-1.358248 0.359915 21.006833 -15.704577 -34.335917 7.895860 1.739796
-1.760589 0.593475 21.848997 -16.572400 -35.700996 8.179864 1.731546
-2.201437 0.845347 22.680074 -17.442058 -37.052120 8.460135 1.717662
-2.678948 1.115466 23.502067 -18.313629 -38.392669 8.737427 1.698433
-3.190914 1.403736 24.317071 -19.187177 -39.726009 9.012448 1.674231
-3.734839 1.710010 25.127266 -20.062774 -41.055494 9.285880 1.645435
-4.308073 2.034095 25.935025 -20.940490 -42.384479 9.558365 1.612513
-4.908290 2.375736 26.742932 -21.820298 -43.716391 9.830780 1.576371
-5.534109 2.734850 27.552521 -22.702226 -45.054600 10.104038 1.537018
-6.183974 3.109117 28.349802 -23.585205 -46.378083 10.373657 1.494007
-6.857323 3.498127 29.136211 -24.469143 -47.690219 10.640681 1.447620
-7.553316 3.901483 29.913559 -25.353931 -48.994370 10.906026 1.398388
-8.270735 4.318754 30.683766 -26.239468 -50.293886 11.170575 1.346848
-9.008007 4.749460 31.448765 -27.125663 -51.592108 11.435211 1.293489
-9.763165 5.193018 32.210238 -28.012412 -52.892344 11.700774 1.238626
-10.534002 5.648872 32.970636 -28.899782 -54.197973 11.968089 1.182587
-11.316442 6.113854 33.718076 -29.786744 -55.488747 12.232534 1.125692
-12.107812 6.587129 34.454657 -30.673320 -56.767987 12.494951 1.068106
-12.905661 7.067986 35.182840 -31.559532 -58.038998 12.756062 1.010221
-13.707748 7.555766 35.905099 -32.445407 -59.305058 13.016581 0.952413
-14.512030 8.049845 36.623843 -33.330987 -60.569435 13.277235 0.894991
-15.316543 8.549475 37.340809 -34.216339 -61.835364 13.538891 0.837813
-16.117506 9.051326 38.045230 -35.100512 -63.083435 13.796970 0.781388
-16.913118 9.554616 38.738952 -35.983574 -64.316843 14.052319 0.725635
-17.701933 10.058802 39.424373 -36.865593 -65.538768 14.305640 0.670804
-18.482752 10.563432 40.103904 -37.746643 -66.752356 14.557614 0.617140
-19.254594 11.068132 40.779912 -38.626807 -67.960730 14.808924 0.564861
-20.016663 11.572566 41.454616 -39.506172 -69.166993 15.060276 0.514099
-20.768137 12.076207 42.129279 -40.384844 -70.374181 15.312495 0.464445
-21.506022 12.576046 42.794421 -41.261957 -71.563844 15.561122 0.416717
-22.229603 13.071602 43.451391 -42.137610 -72.738983 15.806982 0.370583
-22.938551 13.562712 44.102294 -43.011900 -73.902605 16.050769 0.326132
-23.632760 14.049314 44.749254 -43.884928 -75.057685 16.293156 0.283472
-24.312290 14.531392 45.394280 -44.756790 -76.207166 16.534808 0.242667
-24.977170 15.008833 46.038753 -45.627543 -77.353923 16.776469 0.203554
-25.627381 15.481493 46.683745 -46.497355 -78.500823 17.018906 0.165627
-26.260513 15.946985 47.321335 -47.365477 -79.630549 17.257849 0.130074
-26.876548 16.405199 47.952415 -48.232040 -80.745891 17.494034 0.096389
-27.475874 16.856387 48.578774 -49.097173 -81.849676 17.728117 0.064539
-28.059031 17.300894 49.202247 -49.961008 -82.944699 17.960734 0.034524
-28.626608 17.739055 49.824410 -50.823674 -84.033719 18.192536 0.006236
-29.178890 18.170881 50.445587 -51.685297 -85.119360 18.424207 -0.021020
-29.713713 18.594443 51.058769 -52.545169 -86.185537 18.651895 -0.045932
-30.231301 19.009815 51.664328 -53.403385 -87.234834 18.876374 -0.069123
-30.732346 19.417343 52.263570 -54.259904 -88.269924 19.098778 -0.090686
-31.218003 19.816980 52.857902 -55.113159 -89.293453 19.320345 -0.110657
-31.690922 20.207433 53.449658 -55.956964 -90.307786 19.538898 -0.129175
-32.152336 20.588407 54.039940 -56.789598 -91.315508 19.755818 -0.146357
-32.602796 20.959528 54.628587 -57.610096 -92.319028 19.972244 -0.162929
-33.040822 21.318599 55.210213 -58.415414 -93.303538 20.183588 -0.177336
-33.466623 21.665644 55.784892 -59.205435 -94.271398 20.390796 -0.190207
-33.880667 22.001346 56.353778 -59.980817 -95.225032 20.594661 -0.201698
-34.283493 22.326591 56.918216 -60.742514 -96.166839 20.795897 -0.211880
-34.675696 22.642267 57.479480 -61.491474 -97.099174 20.995201 -0.220850
-35.057861 22.949064 58.038495 -62.228367 -98.024338 21.193290 -0.228847
-35.430264 23.247084 58.595011 -62.953235 -98.944471 21.390895 -0.236611
-35.791366 23.534798 59.144723 -63.663970 -99.846238 21.583952 -0.242362
-36.141369 23.812333 59.687492 -64.360570 -100.731742 21.773207 -0.246774
-36.480831 24.080340 60.224181 -65.043557 -101.603159 21.959356 -0.250085
-36.810397 24.339581 60.755802 -65.713598 -102.462641 22.143057 -0.252464
-37.130668 24.590675 61.283092 -66.371192 -103.312278 22.324957 -0.254186
-37.441882 24.833734 61.805753 -67.016343 -104.154001 22.505655 -0.255957
-37.742581 25.067603 62.320309 -67.647359 -104.976007 22.681695 -0.255957
-38.032932 25.292436 62.826550 -68.264254 -105.780176 22.853682 -0.254832
-38.313483 25.508855 63.325200 -68.867529 -106.568463 23.022211 -0.252830
-38.584885 25.717628 63.817192 -69.457885 -107.342803 23.187842 -0.250096
-38.847807 25.919493 64.303413 -70.036007 -108.105093 23.351115 -0.246786
-39.102839 26.115008 64.784456 -70.602370 -108.857162 23.512558 -0.243172
-39.350183 26.304287 65.259997 -71.157000 -109.600686 23.672625 -0.239894
-39.588516 26.486475 65.727282 -71.698592 -110.325405 23.828456 -0.235172
-39.817980 26.661694 66.186040 -72.227155 -111.032942 23.980513 -0.229608
-40.039103 26.830450 66.636822 -72.743094 -111.724990 24.129288 -0.223454
-40.252519 26.993366 67.080384 -73.246985 -112.403230 24.275250 -0.216867
-40.458866 27.151036 67.517449 -73.739395 -113.069304 24.418853 -0.210009
-40.658688 27.303900 67.948485 -74.220709 -113.724789 24.560527 -0.203137
-40.852150 27.452032 68.373191 -74.690943 -114.371127 24.700618 -0.196806
-41.038094 27.594792 68.789421 -75.149097 -114.999631 24.836829 -0.189384
-41.216631 27.732239 69.196891 -75.595141 -115.611685 24.969511 -0.181405
-41.388229 27.864720 69.596002 -76.029345 -116.208729 25.099065 -0.173123
-41.553432 27.992642 69.987291 -76.452071 -116.792186 25.225882 -0.164726
-41.712708 28.116325 70.371139 -76.863599 -117.363426 25.350324 -0.156454
-41.866191 28.235822 70.747318 -77.263947 -117.923699 25.472668 -0.148775
-42.012918 28.350680 71.114211 -77.652395 -118.465936 25.591125 -0.140276
-42.152976 28.460954 71.471607 -78.028969 -118.991326 25.705966 -0.131400
-42.286769 28.566936 71.819866 -78.393960 -119.501103 25.817511 -0.122350
-42.414788 28.668994 72.159504 -78.747777 -119.996486 25.926075 -0.113260
-42.537519 28.767477 72.491028 -79.090832 -120.478657 26.031962 -0.104254
-42.655359 28.862640 72.814776 -79.423430 -120.948748 26.135447 -0.095514
-42.768417 28.954527 73.130606 -79.745650 -121.407785 26.236732 -0.087396
-42.875942 29.042826 73.437369 -80.057042 -121.850313 26.334495 -0.078751
-42.978002 29.127568 73.734919 -80.357665 -122.277298 26.428932 -0.069918
-43.074923 29.208948 74.023544 -80.647778 -122.689737 26.520284 -0.061063
-43.167102 29.287218 74.303665 -80.927730 -123.088612 26.608793 -0.052290
-43.254932 29.362619 74.575694 -81.197871 -123.474874 26.694694 -0.043695
-43.338731 29.435325 74.839925 -81.458477 -123.849427 26.778195 -0.035411
-43.418599 29.505369 75.096309 -81.709662 -124.213095 26.859447 -0.027694
-43.494015 29.572551 75.344119 -81.951189 -124.562062 26.937565 -0.019694
-43.565040 29.636882 75.583289 -82.183145 -124.897091 27.012688 -0.011657
-43.631924 29.698479 75.814056 -82.405745 -125.218963 27.084997 -0.003708
-43.694954 29.757485 76.036733 -82.619255 -125.528440 27.154672 0.004069
-43.754386 29.814023 76.251588 -82.823924 -125.826249 27.221879 0.011579
-43.810337 29.868142 76.458690 -83.019920 -126.113060 27.286742 0.018665
-43.862552 29.919766 76.657719 -83.207223 -126.386748 27.348782 0.025844
-43.911119 29.968934 76.848730 -83.385999 -126.647929 27.408111 0.032971
-43.956239 30.015751 77.031963 -83.556503 -126.897218 27.464863 0.039978
-43.998145 30.060341 77.207712 -83.719027 -127.135215 27.519173 0.046823
-44.037062 30.102836 77.376274 -83.873879 -127.362494 27.571171 0.053479
-44.073195 30.143348 77.537921 -84.021353 -127.579602 27.620974 0.059913
-44.106692 30.181963 77.692848 -84.161708 -127.787050 27.668684 0.066072
-44.137571 30.218722 77.841120 -84.295137 -127.984406 27.714203 0.072134
-44.165955 30.253698 77.982913 -84.421885 -128.172136 27.757621 0.078049
-44.192001 30.286977 78.118460 -84.542219 -128.350693 27.799034 0.083799
-44.215870 30.318650 78.248003 -84.656411 -128.520510 27.838534 0.089372
-44.237718 30.348810 78.371787 -84.764739 -128.682005 27.876210 0.094764
-44.257690 30.377541 78.490049 -84.867471 -128.835572 27.912145 0.099973
-44.275925 30.404927 78.603017 -84.964872 -128.981588 27.946420 0.105000
-44.292552 30.431043 78.710911 -85.057194 -129.120413 27.979110 0.109845
-44.307692 30.455960 78.813942 -85.144683 -129.252387 28.010286 0.114511
-44.321455 30.479743 78.912311 -85.227571 -129.377836 28.040017 0.119001
-44.333947 30.502453 79.006215 -85.306082 -129.497069 28.068366 0.123317
-44.345265 30.524145 79.095838 -85.380430 -129.610379 28.095395 0.127463
-44.355497 30.544870 79.181360 -85.450817 -129.718045 28.121163 0.131444
-44.364729 30.564674 79.262951 -85.517439 -129.820334 28.145725 0.135262
-44.373036 30.583603 79.340777 -85.580479 -129.917497 28.169133 0.138923
-44.380490 30.601694 79.414994 -85.640113 -130.009774 28.191440 0.142430
-44.387158 30.618985 79.485753 -85.696509 -130.097394 28.212691 0.145789
-44.393100 30.635511 79.553199 -85.749826 -130.180573 28.232933 0.149003
-44.398373 30.651301 79.617469 -85.800215 -130.259516 28.252209 0.152078
-44.403028 30.666387 79.678697 -85.847819 -130.334419 28.270560 0.155018
-44.407112 30.680793 79.737008 -85.892776 -130.405467 28.288026 0.157827
-44.410671 30.694546 79.792525 -85.935213 -130.472836 28.304643 0.160511
-44.413744 30.707668 79.845362 -85.975255 -130.536693 28.320448 0.163074
-44.416367 30.720181 79.895631 -86.013018 -130.597196 28.335475 0.165521
-44.418574 30.732104 79.943438 -86.048611 -130.654494 28.349755 0.167855
-44.420397 30.743456 79.988883 -86.082139 -130.708731 28.363318 0.170082
-44.421862 30.754255 80.032062 -86.113700 -130.760040 28.376195 0.172206
-44.422996 30.764517 80.073067 -86.143389 -130.808548 28.388411 0.174231
-44.423822 30.774255 80.111987 -86.171294 -130.854377 28.399995 0.176161
-44.424361 30.783485 80.148903 -86.197497 -130.897639 28.410969 0.178000
-44.424631 30.792219 80.183896 -86.222077 -130.938443 28.421358 0.179753
-44.424650 30.800469 80.217040 -86.245108 -130.976889 28.431183 0.181422
-44.424433 30.808247 80.248407 -86.266660 -131.013074 28.440467 0.183012
-44.423993 30.815563 80.278064 -86.286798 -131.047086 28.449228 0.184527
-44.423344 30.822427 80.306076 -86.305583 -131.079011 28.457485 0.185968
-44.422496 30.828847 80.332503 -86.323074 -131.108928 28.465256 0.187341
-44.421459 30.834833 80.357403 -86.339323 -131.136911 28.472558 0.188648
-44.420240 30.840391 80.380828 -86.354382 -131.163030 28.479406 0.189892
-44.418847 30.845530 80.402831 -86.368297 -131.187350 28.485814 0.191076
-44.417287 30.850255 80.423458 -86.381111 -131.209930 28.491796 0.192203
-44.415564 30.854574 80.442754 -86.392865 -131.230828 28.497365 0.193275
-44.413683 30.858491 80.460760 -86.403596 -131.250096 28.502533 0.194295
-44.411646 30.862011 80.477516 -86.413338 -131.267780 28.507311 0.195265
-44.409458 30.865139 80.493057 -86.422123 -131.283925 28.511708 0.196188
-44.407119 30.867879 80.507417 -86.429979 -131.298571 28.515734 0.197065
-44.404631 30.870234 80.520625 -86.436933 -131.311755 28.519397 0.197899
-44.401995 30.872208 80.532709 -86.443006 -131.323509 28.522705 0.198691
-44.399209 30.873804 80.543695 -86.448219 -131.333862 28.525665 0.199444
-44.396272 30.875023 80.553605 -86.452592 -131.342840 28.528283 0.200159
-44.393185 30.875867 80.562459 -86.456138 -131.350465 28.530564 0.200837
-44.389943 30.876338 80.570275 -86.458871 -131.356755 28.532513 0.201479
-44.386546 30.876437 80.577068 -86.460803 -131.361727 28.534133 0.202088
-44.382988 30.876163 80.582850 -86.461940 -131.365393 28.535428 0.202664
-44.379267 30.875518 80.587633 -86.462289 -131.367761 28.536401 0.203208
-44.375377 30.874500 80.591423 -86.461854 -131.368837 28.537052 0.203721
-44.371314 30.873109 80.594227 -86.460636 -131.368623 28.537383 0.204205
-44.367073 30.871344 80.596048 -86.458633 -131.367118 28.537394 0.204659
-44.362645 30.869203 80.596887 -86.455842 -131.364320 28.537084 0.205085
-44.358026 30.866684 80.596742 -86.452259 -131.360219 28.536453 0.205482
-44.353206 30.863785 80.595610 -86.447873 -131.354806 28.535498 0.205852
-44.348179 30.860502 80.593484 -86.442676 -131.348067 28.534217 0.206195
-44.342934 30.856834 80.590356 -86.436654 -131.339985 28.532607 0.206510
-44.337462 30.852774 80.586215 -86.429792 -131.330538 28.530664 0.206798
-44.331753 30.848321 80.581048 -86.422072 -131.319704 28.528382 0.207060
-44.325795 30.843469 80.574838 -86.413475 -131.307455 28.525756 0.207294
-44.319576 30.838213 80.567569 -86.403976 -131.293759 28.522780 0.207501
-44.313083 30.832548 80.559219 -86.393552 -131.278583 28.519447 0.207681
-44.306302 30.826469 80.549765 -86.382173 -131.261887 28.515749 0.207833
-44.299217 30.819968 80.539182 -86.369809 -131.243631 28.511678 0.207956
-44.291813 30.813039 80.527440 -86.356426 -131.223767 28.507223 0.208050
-44.284072 30.805676 80.514510 -86.341988 -131.202247 28.502374 0.208115
-44.275976 30.797870 80.500356 -86.326454 -131.179015 28.497121 0.208150
-44.267504 30.789614 80.484944 -86.309781 -131.154013 28.491452 0.208154
-44.258635 30.780899 80.468233 -86.291925 -131.127179 28.485352 0.208126
-44.249347 30.771717 80.450181 -86.272834 -131.098446 28.478810 0.208064
-44.239615 30.762057 80.430743 -86.252456 -131.067740 28.471808 0.207969
-44.229412 30.751910 80.409871 -86.230735 -131.034986 28.464333 0.207839
-44.218711 30.741266 80.387512 -86.207609 -131.000100 28.456366 0.207672
-44.207481 30.730113 80.363613 -86.183015 -130.962996 28.447890 0.207467
-44.195692 30.718441 80.338114 -86.156883 -130.923581 28.438886 0.207223
-44.183307 30.706236 80.310955 -86.129141 -130.881755 28.429334 0.206939
-44.170291 30.693487 80.282070 -86.099712 -130.837415 28.419212 0.206612
-44.156604 30.680180 80.251391 -86.068513 -130.790448 28.408498 0.206242
-44.142204 30.666302 80.218844 -86.035457 -130.740739 28.397168 0.205827
-44.127046 30.651837 80.184353 -86.000454 -130.688162 28.385196 0.205364
-44.111082 30.636770 80.147837 -85.963404 -130.632586 28.372557 0.204853
-44.094261 30.621084 80.109211 -85.924205 -130.573872 28.359221 0.204291
-44.076528 30.604764 80.068386 -85.882749 -130.511874 28.345161 0.203677
-44.057823 30.587791 80.025268 -85.838921 -130.446438 28.330344 0.203008
-44.038085 30.570146 79.979758 -85.792599 -130.377398 28.314737 0.202284
-44.017247 30.551808 79.931753 -85.743656 -130.304585 28.298307 0.201501
-43.995236 30.532757 79.881145 -85.691957 -130.227815 28.281018 0.200659
-43.971976 30.512971 79.827818 -85.637361 -130.146899 28.262830 0.199756
-43.947386 30.492424 79.771654 -85.579717 -130.061633 28.243704 0.198789
-43.921379 30.471092 79.712528 -85.518869 -129.971807 28.223598 0.197758
-43.893863 30.448948 79.650309 -85.454650 -129.877196 28.202468 0.196660
-43.864738 30.425962 79.584859 -85.386888 -129.777565 28.180266 0.195494
-43.833899 30.402104 79.516034 -85.315398 -129.672667 28.156944 0.194258
-43.801234 30.377340 79.443684 -85.239988 -129.562240 28.132451 0.192952
-43.766623 30.351634 79.367651 -85.160457 -129.446011 28.106732 0.191575
-43.729940 30.324948 79.287771 -85.076591 -129.323691 28.079731 0.190125
-43.691050 30.297240 79.203869 -84.988167 -129.194975 28.051387 0.188601
-43.649808 30.268466 79.115766 -84.894953 -129.059546 28.021637 0.187004
-43.606063 30.238575 79.023272 -84.796702 -128.917066 27.990415 0.185334
-43.559653 30.207517 78.926189 -84.693158 -128.767182 27.957651 0.183590
-43.510407 30.175233 78.824308 -84.584050 -128.609523 27.923272 0.181773
-43.458142 30.141660 78.717413 -84.469096 -128.443698 27.887201 0.179885
-43.402666 30.106732 78.605275 -84.348000 -128.269296 27.849355 0.177926
-43.343776 30.070374 78.487656 -84.220452 -128.085886 27.809649 0.175899
-43.281257 30.032505 78.364304 -84.086128 -127.893013 27.767993 0.173807
-43.214882 29.993036 78.234958 -83.944690 -127.690199 27.724290 0.171652
-43.144411 29.951872 78.099341 -83.795781 -127.476943 27.678441 0.169438
-43.069592 29.908907 77.957164 -83.639033 -127.252717 27.630338 0.167169
-42.990161 29.864025 77.808124 -83.474057 -127.016967 27.579869 0.164852
-42.905837 29.817099 77.651900 -83.300450 -126.769108 27.526916 0.162491
-42.816330 29.767992 77.488157 -83.117789 -126.508528 27.471354 0.160094
-42.721332 29.716552 77.316542 -82.925634 -126.234583 27.413049 0.157668
-42.620523 29.662613 77.136683 -82.723527 -125.946594 27.351861 0.155222
-42.513569 29.605992 76.948187 -82.510988 -125.643850 27.287641 0.152766
-42.400121 29.546492 76.750643 -82.287519 -125.325602 27.220233 0.150308
-42.279816 29.483894 76.543612 -82.052600 -124.991062 27.149470 0.147862
-42.152279 29.417960 76.326637 -81.805692 -124.639402 27.075174 0.145440
-42.017119 29.348429 76.099228 -81.546232 -124.269753 26.997158 0.143055
-41.873935 29.275018 75.860873 -81.273635 -123.881199 26.915224 0.140721
-41.722313 29.197415 75.611027 -80.987294 -123.472778 26.829159 0.138454
-41.561827 29.115282 75.349111 -80.686578 -123.043479 26.738740 0.136270
-41.392042 29.028249 75.074515 -80.370832 -122.592236 26.643729 0.134187
-41.212516 28.935914 74.786590 -80.039379 -122.117933 26.543871 0.132222
-41.022798 28.837842 74.484646 -79.691514 -121.619391 26.438896 0.130394
-40.822434 28.733560 74.167952 -79.326514 -121.095374 26.328518 0.128723
-40.610967 28.622555 73.835729 -78.943632 -120.544580 26.212430 0.127230
-40.387940 28.504278 73.487150 -78.542103 -119.965640 26.090305 0.125937
-40.152900 28.378141 73.121338 -78.121154 -119.357117 25.961792 0.124868
-39.905399 28.243523 72.737362 -77.680012 -118.717498 25.826517 0.124052
-39.645000 28.099777 72.334240 -77.217931 -118.045196 25.684071 0.123526
-39.371282 27.946257 71.910955 -76.734236 -117.338546 25.534013 0.123346
-39.083862 27.782356 71.466489 -76.228400 -116.595810 25.375858 0.123606
-38.782458 27.607600 70.999952 -75.700180 -115.815191 25.209073 0.124497
-38.467079 27.421838 70.510966 -75.149855 -114.994877 25.033101 0.126455
-38.138678 27.225664 70.000845 -74.578584 -114.133211 24.847503 0.130613
-37.801354 27.021241 69.475294 -73.989819 -113.252471 24.657996 0.132870
-37.455940 26.809276 68.935761 -73.384772 -112.350888 24.464162 0.134445
-37.102298 26.589697 68.381855 -72.763796 -111.426372 24.265365 0.135845
-36.740042 26.362087 67.812564 -72.126811 -110.476691 24.060914 0.137340
-36.368802 26.125969 67.226770 -71.473687 -109.499540 23.850082 0.139172
-35.988446 25.881105 66.623757 -70.804632 -108.492593 23.632108 0.141762
-35.599683 25.628032 66.004494 -70.120674 -107.453679 23.406288 0.146225
-35.206326 25.369190 65.375046 -69.425472 -106.404745 23.178666 0.148828
-34.808941 25.105247 64.736588 -68.720078 -105.343557 22.948579 0.150785
-34.407259 24.836052 64.088456 -68.004697 -104.267596 22.715215 0.152575
-34.000862 24.561191 63.429487 -67.279223 -103.174240 22.477730 0.154474
-33.589491 24.280402 62.758767 -66.543744 -102.060845 22.235236 0.156866
-33.173597 23.994198 62.077011 -65.799119 -100.924919 21.986838 0.160810
-32.756620 23.705303 61.390760 -65.049141 -99.788123 21.738885 0.163005
-32.338853 23.414306 60.700963 -64.294586 -98.647944 21.490544 0.164611
-31.919896 23.120889 60.006698 -63.535272 -97.501623 21.240941 0.166010
-31.499252 22.824386 59.306473 -62.770563 -96.346317 20.989224 0.167343
-31.076485 22.524080 58.598694 -61.999768 -95.179147 20.734527 0.168711
-30.651312 22.219509 57.882099 -61.222547 -93.997231 20.475911 0.170351
-30.224007 21.911061 57.157040 -60.439456 -92.797815 20.212312 0.173173
-29.797593 21.601768 56.430718 -59.654476 -91.602259 19.950382 0.174495
-29.372156 21.292113 55.703782 -58.868162 -90.407819 19.689097 0.175361
-28.947284 20.981659 54.975067 -58.080099 -89.211554 19.427514 0.176046
-28.522557 20.669654 54.242893 -57.289434 -88.010468 19.164751 0.176612
-28.097633 20.355313 53.505492 -56.495265 -86.801544 18.899927 0.177079
-27.672273 20.038093 52.761367 -55.697050 -85.581756 18.632066 0.177565
-27.246604 19.718290 52.010517 -54.895179 -84.348167 18.359960 0.178807
-26.823140 19.399209 51.260881 -54.093901 -83.121743 18.090406 0.178851
-26.401792 19.081215 50.512779 -53.293644 -81.899568 17.822205 0.178581
-25.982181 18.763814 49.764843 -52.493903 -80.678591 17.554355 0.178156
-25.563974 18.446296 49.015328 -51.693861 -79.455733 17.285929 0.177581
-25.146912 18.128101 48.262637 -50.892921 -78.227912 17.015931 0.176896
-24.730945 17.809420 47.506484 -50.091374 -76.992101 16.743072 0.176664
-24.318004 17.493651 46.755411 -49.293634 -75.768721 16.474088 0.175622
-23.907832 17.180989 46.009441 -48.499972 -74.554785 16.207689 0.174475
-23.500072 16.870819 45.267068 -47.709683 -73.347240 15.942906 0.173290
-23.094486 16.562318 44.526451 -46.921669 -72.143036 15.678889 0.172013
-22.690930 16.254668 43.785688 -46.134804 -70.939127 15.414806 0.170559
-22.289287 15.947247 43.043042 -45.348288 -69.732460 15.149730 0.168866
-21.889466 15.640112 42.297886 -44.562260 -68.519996 14.882359 0.167268
-21.492793 15.336665 41.559380 -43.781305 -67.321487 14.619203 0.165264
-21.098965 15.036936 40.827181 -43.005584 -66.133934 14.358929 0.163315
-20.707760 14.740281 40.099672 -42.234307 -64.954326 14.100609 0.161392
-20.319106 14.445915 39.374993 -41.466343 -63.779680 13.843441 0.159392
-19.933022 14.153081 38.651252 -40.700539 -62.607023 13.586646 0.157194
-19.549524 13.861185 37.926660 -39.936035 -61.433374 13.329357 0.154668
-19.168529 13.570189 37.200289 -39.172885 -60.255728 13.070317 0.151926
-18.790752 13.283337 36.481707 -38.415769 -59.092978 12.815610 0.149129
-18.415912 13.000524 35.770225 -37.664767 -57.942155 12.563927 0.146496
-18.043924 12.721136 35.064167 -36.919080 -56.800332 12.314397 0.143913
-17.674845 12.444495 34.361715 -36.177674 -55.664616 12.066248 0.141235
-17.308739 12.170034 33.661106 -35.439701 -54.532118 11.818667 0.138294
-16.945506 11.897619 32.961208 -34.705141 -53.399919 11.570478 0.135043
-16.585329 11.630160 32.271647 -33.978613 -52.285858 11.327232 0.132094
-16.227937 11.367428 31.591493 -33.260108 -51.187064 11.087706 0.129489
-15.873334 11.108808 30.919086 -32.548777 -50.100743 10.851107 0.127078
-15.521672 10.853648 30.252680 -31.843526 -49.024149 10.616749 0.124723
-15.173169 10.601344 29.590522 -31.143259 -47.954562 10.383962 0.122277
-14.828011 10.351405 28.930911 -30.447105 -46.889266 10.152032 0.119552
-14.486162 10.103665 28.272568 -29.754980 -45.825507 9.919922 0.116358
-14.147345 9.860628 27.625001 -29.071390 -44.779956 9.692558 0.113672
-13.811377 9.622021 26.987085 -28.396267 -43.749906 9.468856 0.111364
-13.478384 9.387320 26.357220 -27.728790 -42.732740 9.248115 0.109257
-13.148623 9.155994 25.733765 -27.067934 -41.725890 9.029713 0.107204
-12.822396 8.927561 25.115084 -26.412679 -40.726815 8.813049 0.105056
-12.499973 8.701629 24.499574 -25.762198 -39.732985 8.597487 0.102617
-12.181382 8.478042 23.885892 -25.116367 -38.741837 8.382145 0.099603
-11.866005 8.258833 23.283143 -24.479466 -37.768727 8.171297 0.097190
-11.553756 8.043737 22.690098 -23.851391 -36.811140 7.964019 0.095135
-11.244851 7.832334 22.105247 -23.231375 -35.866650 7.759691 0.093249
-10.939597 7.624223 21.527070 -22.618516 -34.932873 7.557750 0.091371
-10.638284 7.419066 20.954073 -22.012041 -34.007449 7.357620 0.089308
-10.340965 7.216696 20.384916 -21.411793 -33.088003 7.158545 0.086742
-10.046823 7.018679 19.828048 -20.821710 -32.188461 6.964203 0.084896
-9.755823 6.824750 19.282228 -20.241649 -31.306509 6.773809 0.083480
-9.468208 6.634547 18.746058 -19.670877 -30.439918 6.586817 0.082315
-9.184307 6.447726 18.218151 -19.108530 -29.586504 6.402727 0.081262
-8.904468 6.263986 17.697136 -18.553753 -28.744120 6.221058 0.080186
-8.628999 6.083082 17.181668 -18.005832 -27.910643 6.041317 0.078908
-8.357985 5.904887 16.670482 -17.464599 -27.083949 5.862887 0.077101
-8.090494 5.730537 16.171254 -16.933605 -26.276482 5.688867 0.075967
-7.826542 5.559819 15.682793 -16.412702 -25.486181 5.518623 0.075196
-7.566394 5.392472 15.203846 -15.901228 -24.711051 5.351685 0.074622
-7.310377 5.228252 14.733179 -15.398414 -23.949146 5.187624 0.074117
-7.058830 5.066951 14.269578 -14.903505 -23.198550 5.026019 0.073555
-6.812053 4.908402 13.811846 -14.415859 -22.457375 4.866451 0.072778
-6.570140 4.752521 13.358831 -13.935311 -21.723747 4.708420 0.071472
-6.332143 4.600072 12.917305 -13.464966 -21.008554 4.554498 0.070750
-6.098108 4.450902 12.486174 -13.004675 -20.309982 4.404177 0.070314
-5.868290 4.304833 12.064332 -12.553854 -19.626274 4.257058 0.070011
-5.642986 4.161704 11.650696 -12.111848 -18.955714 4.112771 0.069719
-5.422463 4.021386 11.244204 -11.678083 -18.296618 3.970947 0.069295
-5.206806 3.883806 10.843816 -11.252380 -17.647328 3.831174 0.068461
-4.995131 3.749442 10.455307 -10.837355 -17.017094 3.695549 0.068193
-4.787480 3.618168 10.077694 -10.432847 -16.404327 3.563659 0.068222
-4.584074 3.489847 9.710009 -10.038328 -15.807488 3.435164 0.068418
-4.385166 3.364355 9.351311 -9.653203 -15.225082 3.309748 0.068684
-4.191006 3.241587 9.000685 -9.276887 -14.655649 3.187104 0.068926
-4.001808 3.121461 8.657231 -8.908877 -14.097763 3.066930 0.069028
-3.817630 3.003931 8.320063 -8.548998 -13.550028 2.948904 0.068754
-3.637676 2.889256 7.993933 -8.199365 -13.020041 2.834677 0.068925
-3.461970 2.777353 7.678004 -7.859825 -12.506473 2.723931 0.069316
-3.290680 2.668134 7.371468 -7.529922 -12.008038 2.616389 0.069817
-3.123993 2.561520 7.073544 -7.209150 -11.523489 2.511794 0.070353
-2.962093 2.457447 6.783472 -6.897011 -11.051612 2.409896 0.070847
-2.805129 2.355862 6.500513 -6.593073 -10.591230 2.310449 0.071209
-2.653126 2.256735 6.223933 -6.297162 -10.141192 2.213206 0.071250
-2.505416 2.160177 5.957420 -6.010878 -9.707393 2.119404 0.071623
-2.361995 2.066133 5.700283 -5.734067 -9.288750 2.028799 0.072146
-2.222969 1.974548 5.451868 -5.466344 -8.884216 1.941174 0.072736
-2.088452 1.885372 5.211543 -5.207292 -8.492780 1.856321 0.073331
-1.958539 1.798563 4.978697 -4.956531 -8.113464 1.774040 0.073860
-1.833226 1.714091 4.752727 -4.713869 -7.745325 1.694135 0.074184
-1.712003 1.631977 4.536208 -4.480379 -7.392479 1.617448 0.074773
-1.594844 1.552178 4.328579 -4.255888 -7.054047 1.543792 0.075494
-1.481795 1.474648 4.129314 -4.040059 -6.729186 1.472992 0.076286
-1.372909 1.399345 3.937906 -3.832529 -6.417082 1.404884 0.077108
-1.268229 1.326232 3.753873 -3.632944 -6.116957 1.339312 0.077922
-1.167781 1.255274 3.576747 -3.440981 -5.828062 1.276122 0.078681
-1.071527 1.186442 3.406073 -3.256435 -5.549679 1.215172 0.079302
-0.979118 1.119709 3.243311 -3.079857 -5.284142 1.156925 0.080065
-0.890497 1.055040 3.088042 -2.911061 -5.030792 1.101248 0.080889
-0.805649 0.992398 2.939874 -2.749762 -4.788997 1.048011 0.081738
-0.724560 0.931746 2.798433 -2.595667 -4.558153 0.997093 0.082587
-0.647209 0.873049 2.663361 -2.448485 -4.337685 0.948378 0.083415
-0.573563 0.816275 2.534319 -2.307943 -4.127041 0.901755 0.084200
-0.503567 0.761390 2.410980 -2.173814 -3.925697 0.857119 0.084905
-0.437055 0.708356 2.293662 -2.046123 -3.734164 0.814568 0.085621
-0.373957 0.657137 2.182069 -1.924660 -3.551962 0.774006 0.086315
-0.314212 0.607700 2.075919 -1.809184 -3.378639 0.735340 0.086972
-0.257761 0.560009 1.974947 -1.699459 -3.213761 0.698483 0.087581
-0.204536 0.514029 1.878898 -1.595252 -3.056918 0.663353 0.088132
-0.154467 0.469725 1.787532 -1.496338 -2.907718 0.629868 0.088618
-0.107480 0.427062 1.700620 -1.402500 -2.765789 0.597955 0.089033
-0.063498 0.386005 1.617945 -1.313528 -2.630776 0.567541 0.089371
-0.022438 0.346519 1.539298 -1.229220 -2.502343 0.538558 0.089627
0.015782 0.308568 1.464484 -1.149378 -2.380169 0.510939 0.089800
0.051248 0.272116 1.393315 -1.073815 -2.263950 0.484623 0.089885
0.084047 0.237129 1.325613 -1.002347 -2.153396 0.459550 0.089881
0.114267 0.203571 1.261209 -0.934796 -2.048230 0.435663 0.089787
0.141998 0.171405 1.199942 -0.870994 -1.948191 0.412908 0.089603
0.167328 0.140597 1.141660 -0.810774 -1.853028 0.391233 0.089328
0.190349 0.111111 1.086216 -0.753978 -1.762505 0.370590 0.088964
0.211150 0.082911 1.033472 -0.700452 -1.676396 0.350930 0.088511
0.229820 0.055962 0.983297 -0.650049 -1.594484 0.332209 0.087970
0.246450 0.030229 0.935565 -0.602626 -1.516567 0.314384 0.087345
0.261128 0.005677 0.890157 -0.558046 -1.442449 0.297414 0.086636
0.273940 -0.017730 0.846960 -0.516176 -1.371946 0.281259 0.085846
0.284974 -0.040026 0.805867 -0.476888 -1.304882 0.265883 0.084979
0.294315 -0.061246 0.766775 -0.440059 -1.241088 0.251250 0.084037
0.302047 -0.081423 0.729586 -0.405572 -1.180406 0.237325 0.083022
0.308251 -0.100591 0.694207 -0.373311 -1.122685 0.224076 0.081939
0.313008 -0.118783 0.660551 -0.343169 -1.067779 0.211471 0.080791
0.316397 -0.136033 0.628534 -0.315038 -1.015552 0.199482 0.079581
0.318495 -0.152374 0.598076 -0.288819 -0.965874 0.188079 0.078313
0.319377 -0.167836 0.569100 -0.264413 -0.918620 0.177235 0.076990
0.319116 -0.182452 0.541536 -0.241727 -0.873672 0.166925 0.075616
0.317783 -0.196252 0.515313 -0.220672 -0.830918 0.157124 0.074195
0.315447 -0.209268 0.490367 -0.201160 -0.790251 0.147807 0.072730
0.312175 -0.221529 0.466636 -0.183111 -0.751569 0.138953 0.071225
0.308031 -0.233064 0.444060 -0.166444 -0.714775 0.130539 0.069684
0.303078 -0.243903 0.422583 -0.151083 -0.679778 0.122545 0.068109
0.297377 -0.254074 0.402152 -0.136956 -0.646490 0.114952 0.066505
0.290986 -0.263604 0.382715 -0.123993 -0.614828 0.107739 0.064875
0.283960 -0.272519 0.364225 -0.112128 -0.584712 0.100891 0.063222
0.276354 -0.280847 0.346635 -0.101296 -0.556067 0.094388 0.061550
0.268220 -0.288613 0.329902 -0.091437 -0.528822 0.088215 0.059861
0.259606 -0.295842 0.313983 -0.082493 -0.502907 0.082356 0.058159
0.250561 -0.302558 0.298839 -0.074407 -0.478259 0.076796 0.056448
0.241131 -0.308785 0.284432 -0.067127 -0.454815 0.071520 0.054728
0.231358 -0.314546 0.270727 -0.060602 -0.432517 0.066516 0.053004
0.221284 -0.319863 0.257689 -0.054784 -0.411309 0.061769 0.051279
0.210948 -0.324758 0.245286 -0.049627 -0.391138 0.057268 0.049554
0.200389 -0.329252 0.233487 -0.045087 -0.371952 0.053000 0.047832
0.189641 -0.333365 0.222262 -0.041123 -0.353705 0.048955 0.046116
0.178739 -0.337116 0.211583 -0.037694 -0.336350 0.045120 0.044407
0.167714 -0.340525 0.201424 -0.034763 -0.319844 0.041487 0.042708
0.156596 -0.343610 0.191760 -0.032295 -0.304145 0.038045 0.041021
0.145415 -0.346389 0.182567 -0.030255 -0.289215 0.034784 0.039348
0.134197 -0.348878 0.173821 -0.028612 -0.275014 0.031696 0.037690
0.122967 -0.351095 0.165500 -0.027334 -0.261509 0.028773 0.036050
0.111749 -0.353054 0.157585 -0.026393 -0.248664 0.026005 0.034428
0.100564 -0.354772 0.150055 -0.025762 -0.236449 0.023385 0.032826
0.089434 -0.356262 0.142892 -0.025414 -0.224831 0.020906 0.031246
0.078378 -0.357540 0.136077 -0.025326 -0.213782 0.018560 0.029688
0.067413 -0.358618 0.129594 -0.025475 -0.203274 0.016341 0.028155
0.056556 -0.359509 0.123427 -0.025838 -0.193281 0.014243 0.026646
0.045823 -0.360226 0.117560 -0.026396 -0.183777 0.012259 0.025163
0.035226 -0.360780 0.111978 -0.027130 -0.174740 0.010383 0.023707
0.024779 -0.361183 0.106669 -0.028021 -0.166145 0.008611 0.022278
0.014493 -0.361446 0.101617 -0.029053 -0.157971 0.006935 0.020877
0.004379 -0.361580 0.096812 -0.030209 -0.150198 0.005353 0.019505
-0.005553 -0.361593 0.092241 -0.031476 -0.142807 0.003857 0.018162
-0.015296 -0.361496 0.087893 -0.032839 -0.135778 0.002445 0.016849
-0.024841 -0.361297 0.083756 -0.034286 -0.129094 0.001112 0.015565
-0.034183 -0.361006 0.079821 -0.035805 -0.122738 -0.000147 0.014312
-0.043316 -0.360630 0.076078 -0.037384 -0.116694 -0.001335 0.013089
-0.052234 -0.360177 0.072517 -0.039014 -0.110947 -0.002456 0.011896
-0.060934 -0.359654 0.069130 -0.040684 -0.105483 -0.003514 0.010734
-0.069413 -0.359069 0.065908 -0.042387 -0.100287 -0.004512 0.009603
-0.077668 -0.358429 0.062843 -0.044115 -0.095347 -0.005453 0.008502
-0.085698 -0.357739 0.059928 -0.045859 -0.090650 -0.006341 0.007431
-0.093501 -0.357007 0.057156 -0.047614 -0.086184 -0.007178 0.006390
-0.101076 -0.356236 0.054518 -0.049373 -0.081939 -0.007967 0.005379
-0.108425 -0.355434 0.052010 -0.051130 -0.077902 -0.008711 0.004397
-0.115547 -0.354606 0.049624 -0.052882 -0.074065 -0.009413 0.003445
-0.122444 -0.353755 0.047356 -0.054624 -0.070418 -0.010074 0.002522
-0.129117 -0.352888 0.045198 -0.056351 -0.066951 -0.010697 0.001626
-0.135569 -0.352008 0.043146 -0.058060 -0.063655 -0.011284 0.000759
-0.141802 -0.351120 0.041195 -0.059749 -0.060523 -0.011837 -0.000081
-0.147819 -0.350227 0.039340 -0.061415 -0.057546 -0.012359 -0.000894
-0.153624 -0.349334 0.037576 -0.063055 -0.054717 -0.012850 -0.001681
-0.159220 -0.348445 0.035899 -0.064669 -0.052029 -0.013314 -0.002443
-0.164611 -0.347563 0.034305 -0.066254 -0.049475 -0.013751 -0.003179
-0.169802 -0.346691 0.032790 -0.067810 -0.047049 -0.014163 -0.003892
-0.174798 -0.345832 0.031350 -0.069336 -0.044744 -0.014551 -0.004581
-0.179603 -0.344990 0.029982 -0.070832 -0.042554 -0.014918 -0.005247
-0.184223 -0.344168 0.028681 -0.072297 -0.040475 -0.015264 -0.005891
-0.188663 -0.343368 0.027446 -0.073732 -0.038500 -0.015591 -0.006514
-0.192928 -0.342593 0.026273 -0.075137 -0.036626 -0.015900 -0.007117
-0.197024 -0.341847 0.025158 -0.076513 -0.034846 -0.016192 -0.007700
-0.200958 -0.341131 0.024100 -0.077861 -0.033158 -0.016469 -0.008265
-0.204734 -0.340448 0.023095 -0.079181 -0.031555 -0.016731 -0.008812
-0.208360 -0.339800 0.022142 -0.080476 -0.030035 -0.016980 -0.009342
-0.211841 -0.339191 0.021237 -0.081746 -0.028594 -0.017216 -0.009855
-0.215183 -0.338622 0.020379 -0.082993 -0.027228 -0.017441 -0.010354
-0.218393 -0.338096 0.019566 -0.084219 -0.025933 -0.017655 -0.010838
-0.221477 -0.337615 0.018794 -0.085426 -0.024706 -0.017859 -0.011309
-0.224441 -0.337181 0.018064 -0.086616 -0.023544 -0.018055 -0.011768
-0.227291 -0.336797 0.017372 -0.087791 -0.022445 -0.018242 -0.012215
-0.230033 -0.336465 0.016717 -0.088952 -0.021405 -0.018422 -0.012652
-0.232673 -0.336188 0.016097 -0.090104 -0.020422 -0.018595 -0.013079
-0.235217 -0.335967 0.015512 -0.091247 -0.019493 -0.018763 -0.013497
-0.237670 -0.335804 0.014959 -0.092384 -0.018616 -0.018925 -0.013907
-0.240039 -0.335703 0.014436 -0.093518 -0.017789 -0.019083 -0.014310
-0.242328 -0.335665 0.013944 -0.094651 -0.017009 -0.019236 -0.014708
-0.244541 -0.335694 0.013480 -0.095786 -0.016276 -0.019387 -0.015100
-0.246684 -0.335790 0.013044 -0.096924 -0.015586 -0.019534 -0.015488
-0.248761 -0.335957 0.012634 -0.098069 -0.014939 -0.019680 -0.015873
-0.250776 -0.336197 0.012249 -0.099222 -0.014332 -0.019824 -0.016255
-0.252731 -0.336513 0.011888 -0.100386 -0.013764 -0.019966 -0.016635
-0.254631 -0.336907 0.011551 -0.101564 -0.013233 -0.020108 -0.017014
-0.256477 -0.337381 0.011236 -0.102756 -0.012739 -0.020250 -0.017393
-0.258271 -0.337938 0.010943 -0.103966 -0.012280 -0.020393 -0.017773
-0.260014 -0.338581 0.010671 -0.105194 -0.011855 -0.020536 -0.018154
-0.261706 -0.339312 0.010419 -0.106443 -0.011463 -0.020680 -0.018537
-0.263348 -0.340134 0.010187 -0.107714 -0.011102 -0.020826 -0.018922
-0.264937 -0.341049 0.009974 -0.109007 -0.010773 -0.020975 -0.019310
-0.266471 -0.342060 0.009779 -0.110325 -0.010473 -0.021125 -0.019702
-0.267947 -0.343169 0.009603 -0.111667 -0.010203 -0.021279 -0.020097
-0.269358 -0.344380 0.009443 -0.113034 -0.009962 -0.021435 -0.020497
-0.270700 -0.345694 0.009301 -0.114426 -0.009749 -0.021595 -0.020902
-0.271961 -0.347114 0.009175 -0.115842 -0.009563 -0.021759 -0.021311
-0.273129 -0.348643 0.009064 -0.117282 -0.009405 -0.021927 -0.021726
-0.274185 -0.350282 0.008969 -0.118746 -0.009274 -0.022100 -0.022147
-0.275099 -0.352035 0.008887 -0.120233 -0.009170 -0.022276 -0.022574
-0.275825 -0.353902 0.008818 -0.121740 -0.009094 -0.022458 -0.023007
-0.276293 -0.355886 0.008758 -0.123240 -0.009047 -0.022643 -0.023437
-0.276429 -0.357990 0.008711 -0.124568 -0.009027 -0.022833 -0.023798
-0.276334 -0.360214 0.008721 -0.124804 -0.009014 -0.023038 -0.023881
-0.275772 -0.362572 0.008735 -0.124737 -0.008999 -0.023260 -0.023883
