-0.000000 -0.000000 0.000000 -0.000000 0.000000 0.000000 -0.000000
-0.091281 0.055381 -0.137947 0.550912 0.006740 0.116752 -0.152301
-0.218646 0.142847 -0.272065 1.215095 0.013789 0.212472 -0.250668
-0.369505 0.254700 -0.407694 1.890491 0.019310 0.292209 -0.334690
-0.541521 0.385831 -0.547006 2.550722 0.022992 0.359604 -0.416636
-0.736725 0.532459 -0.689986 3.201408 0.025452 0.416975 -0.497578
-0.956786 0.691430 -0.836559 3.852321 0.027234 0.465955 -0.576442
-1.202769 0.860002 -0.986788 4.508202 0.028721 0.507965 -0.653695
-1.461915 1.035580 -1.139491 5.165740 0.030047 0.543595 -0.725794
-1.725791 1.215733 -1.295725 5.829651 0.031125 0.573272 -0.792353
-1.990058 1.398321 -1.456226 6.503521 0.031943 0.597547 -0.853309
-2.252385 1.581462 -1.621567 7.190418 0.032526 0.616993 -0.908711
-2.511492 1.763488 -1.792255 7.892941 0.032906 0.632149 -0.958708
-2.766628 1.942927 -1.968791 8.612952 0.033106 0.643503 -1.003655
-3.016828 2.118489 -2.151759 9.350279 0.033114 0.651479 -1.044602
-3.255488 2.289359 -2.337984 10.093882 0.033082 0.656476 -1.079280
-3.482295 2.454659 -2.527964 10.844103 0.033009 0.658880 -1.108525
-3.698227 2.613636 -2.722158 11.602572 0.032908 0.658988 -1.132610
-3.904582 2.765621 -2.921008 12.371062 0.032794 0.657059 -1.151726
-4.102724 2.909985 -3.124948 13.151297 0.032682 0.653335 -1.166064
-4.293808 3.046085 -3.334463 13.944746 0.032574 0.648004 -1.175910
-4.477894 3.173264 -3.549892 14.751321 0.032484 0.641440 -1.182167
-4.649752 3.291372 -3.766740 15.559383 0.032503 0.633652 -1.182950
-4.809796 3.399671 -3.985590 16.367407 0.032599 0.624749 -1.179519
-4.959623 3.498083 -4.206901 17.176966 0.032786 0.614906 -1.172115
-5.100926 3.586121 -4.431005 17.989245 0.033066 0.604349 -1.160942
-5.235277 3.663454 -4.658273 18.804787 0.033438 0.593274 -1.146410
-5.363542 3.729864 -4.889023 19.622773 0.033908 0.581941 -1.129428
-5.482438 3.786019 -5.118428 20.434340 0.034528 0.570300 -1.108440
-5.592934 3.831911 -5.346894 21.238741 0.035298 0.558537 -1.084305
-5.696733 3.867553 -5.574915 22.036472 0.036211 0.546741 -1.057404
-5.795707 3.892991 -5.802988 22.828294 0.037267 0.534976 -1.028002
-5.891768 3.908282 -6.031632 23.614998 0.038464 0.523294 -0.996343
-5.986746 3.913469 -6.261378 24.397178 0.039799 0.511740 -0.962726
-6.081925 3.908584 -6.492612 25.174511 0.041288 0.500465 -0.927773
-6.175677 3.894425 -6.721233 25.941275 0.042924 0.489211 -0.890249
-6.268507 3.871422 -6.948125 26.696874 0.044689 0.477907 -0.850980
-6.360944 3.840439 -7.174211 27.441482 0.046552 0.466409 -0.810398
-6.452534 3.801234 -7.398842 28.174692 0.048561 0.455308 -0.768762
-6.542851 3.753998 -7.621635 28.895671 0.050740 0.445044 -0.726450
-6.632047 3.699095 -7.843556 29.604473 0.053069 0.435459 -0.683969
-6.720113 3.636928 -8.065019 30.300430 0.055548 0.426648 -0.641899
-6.805624 3.568760 -8.282613 30.979633 0.058067 0.418268 -0.599464
-6.888805 3.495002 -8.496703 31.641464 0.060640 0.410434 -0.557196
-6.970266 3.415991 -8.707838 32.285938 0.063258 0.403144 -0.515395
-7.050697 3.332046 -8.916579 32.913218 0.065913 0.396388 -0.474302
-7.130736 3.243471 -9.123471 33.523412 0.068601 0.390159 -0.434168
-7.210753 3.150626 -9.328841 34.116218 0.071343 0.384570 -0.395378
-7.290291 3.054670 -9.529886 34.689437 0.074043 0.379251 -0.357326
-7.369697 2.955960 -9.726978 35.242869 0.076720 0.374291 -0.320357
-7.449526 2.854766 -9.920687 35.776783 0.079370 0.369665 -0.284647
-7.530352 2.751322 -10.111591 36.291603 0.081989 0.365343 -0.250318
-7.612698 2.645840 -10.300260 36.787787 0.084575 0.361292 -0.217477
-7.696978 2.538510 -10.487237 37.265725 0.087126 0.357494 -0.186248
-7.783372 2.429571 -10.672853 37.725504 0.089663 0.354032 -0.156850
-7.871818 2.320013 -10.854718 38.166259 0.092106 0.350569 -0.128804
-7.962396 2.210049 -11.033173 38.588119 0.094476 0.347182 -0.102307
-8.055292 2.099793 -11.208726 38.991542 0.096771 0.343854 -0.077442
-8.150669 1.989331 -11.381877 39.377077 0.098991 0.340567 -0.054255
-8.248608 1.878727 -11.553093 39.745261 0.101136 0.337314 -0.032787
-8.349044 1.768049 -11.722769 40.096527 0.103213 0.334112 -0.013103
-8.451709 1.657461 -11.891010 40.431036 0.105253 0.331106 0.004661
-8.556290 1.547902 -12.055477 40.748315 0.107186 0.328082 0.020942
-8.662834 1.439415 -12.216547 41.049131 0.109041 0.325107 0.035655
-8.771583 1.331941 -12.374915 41.334633 0.110819 0.322090 0.048862
-8.882692 1.225443 -12.531119 41.605902 0.112520 0.318983 0.060671
-8.996183 1.119893 -12.685585 41.863942 0.114152 0.315780 0.071180
-9.111927 1.015340 -12.838494 42.109620 0.115748 0.312577 0.080449
-9.229823 0.912467 -12.987972 42.343586 0.117264 0.309206 0.088874
-9.349612 0.811328 -13.134121 42.566784 0.118735 0.305787 0.096549
-9.470997 0.711907 -13.277182 42.780297 0.120180 0.302366 0.103610
-9.593455 0.614166 -13.417443 42.985065 0.121603 0.298961 0.110152
-9.715924 0.517938 -13.555545 43.181308 0.122957 0.295446 0.116045
-9.838076 0.422889 -13.692157 43.368813 0.124206 0.291702 0.121074
-9.961754 0.328834 -13.826808 43.548156 0.125474 0.288077 0.125346
-10.085962 0.236013 -13.958665 43.718547 0.126638 0.284230 0.128718
-10.209991 0.144351 -14.087955 43.880218 0.127699 0.280197 0.131091
-10.333420 0.053751 -14.214930 44.033853 0.128662 0.275995 0.132514
-10.455987 -0.035893 -14.339833 44.180265 0.129537 0.271644 0.133086
-10.577517 -0.124693 -14.462903 44.320261 0.130332 0.267160 0.132911
-10.697886 -0.212748 -14.584348 44.454595 0.131062 0.262572 0.132081
-10.816977 -0.300077 -14.704184 44.583950 0.131761 0.257990 0.130674
-10.934430 -0.386303 -14.821332 44.708658 0.132387 0.253328 0.128885
-11.050169 -0.471445 -14.935831 44.829262 0.132970 0.248681 0.126757
-11.164149 -0.555608 -15.047924 44.946245 0.133517 0.244060 0.124320
-11.276340 -0.638911 -15.157897 45.060035 0.134031 0.239453 0.121589
-11.386727 -0.721460 -15.265996 45.171034 0.134517 0.234865 0.118578
-11.495284 -0.803278 -15.372274 45.279624 0.135000 0.230375 0.115296
-11.601672 -0.884070 -15.475947 45.385846 0.135443 0.225927 0.111921
-11.705876 -0.963851 -15.577069 45.490036 0.135870 0.221596 0.108455
-11.807903 -1.042713 -15.675885 45.592496 0.136284 0.217379 0.104888
-11.907760 -1.120766 -15.772686 45.693492 0.136683 0.213254 0.101201
-12.005458 -1.198114 -15.867758 45.793275 0.137066 0.209196 0.097371
-12.101016 -1.274842 -15.961342 45.892094 0.137434 0.205202 0.093378
-12.194429 -1.350949 -16.053482 45.990187 0.137809 0.201340 0.089203
-12.285319 -1.426162 -16.143560 46.087377 0.138157 0.197555 0.085043
-12.373691 -1.500470 -16.231619 46.183886 0.138497 0.193917 0.080876
-12.459581 -1.573934 -16.317886 46.279931 0.138834 0.190417 0.076677
-12.543025 -1.646635 -16.402635 46.375711 0.139164 0.187032 0.072414
-12.624062 -1.718648 -16.486138 46.471413 0.139484 0.183734 0.068054
-12.702737 -1.790027 -16.568613 46.567222 0.139797 0.180518 0.063563
-12.779058 -1.860740 -16.650102 46.663281 0.140120 0.177447 0.058900
-12.852610 -1.930526 -16.730131 46.759203 0.140422 0.174454 0.054300
-12.923410 -1.999344 -16.808735 46.855128 0.140720 0.171603 0.049720
-12.991526 -2.067227 -16.886116 46.951232 0.141018 0.168890 0.045127
-13.057028 -2.134226 -16.962514 47.047682 0.141315 0.166297 0.040485
-13.119977 -2.200372 -17.038127 47.144628 0.141614 0.163821 0.035753
-13.180382 -2.265621 -17.113000 47.242131 0.141927 0.161518 0.030867
-13.237847 -2.329714 -17.186734 47.339647 0.142228 0.159299 0.026110
-13.292388 -2.392605 -17.259364 47.437247 0.142531 0.157220 0.021421
-13.344086 -2.454319 -17.331072 47.535091 0.142840 0.155283 0.016764
-13.393033 -2.514905 -17.402076 47.633354 0.143154 0.153472 0.012107
-13.439322 -2.574410 -17.472591 47.732207 0.143472 0.151774 0.007417
-13.483027 -2.632864 -17.542793 47.831781 0.143796 0.150190 0.002648
-13.524158 -2.690226 -17.612728 47.932072 0.144138 0.148770 -0.002284
-13.562405 -2.746227 -17.681979 48.032419 0.144468 0.147407 -0.007026
-13.597789 -2.800822 -17.750583 48.132829 0.144797 0.146153 -0.011661
-13.630409 -2.854042 -17.818693 48.233451 0.145130 0.145016 -0.016226
-13.660386 -2.905933 -17.886491 48.334470 0.145467 0.143994 -0.020748
-13.687839 -2.956547 -17.954154 48.436066 0.145810 0.143084 -0.025256
-13.712863 -3.005916 -18.021830 48.538349 0.146162 0.142294 -0.029799
-13.735469 -3.054010 -18.089565 48.641237 0.146530 0.141675 -0.034484
-13.755466 -3.100555 -18.156887 48.743961 0.146889 0.141078 -0.038911
-13.772877 -3.145520 -18.223831 48.846444 0.147249 0.140554 -0.043185
-13.787803 -3.188937 -18.290521 48.948800 0.147613 0.140122 -0.047353
-13.800360 -3.230856 -18.357094 49.051173 0.147983 0.139794 -0.051451
-13.810633 -3.271318 -18.423683 49.153626 0.148361 0.139583 -0.055540
-13.818622 -3.310313 -18.490355 49.255962 0.148751 0.139530 -0.059758
-13.824240 -3.347589 -18.556627 49.357271 0.149132 0.139470 -0.063691
-13.827498 -3.383141 -18.622563 49.457365 0.149508 0.139446 -0.067472
-13.828502 -3.417020 -18.688276 49.556322 0.149882 0.139477 -0.071152
-13.827402 -3.449293 -18.753888 49.654317 0.150257 0.139579 -0.074755
-13.824357 -3.480036 -18.819521 49.751525 0.150637 0.139766 -0.078300
-13.819500 -3.509314 -18.885287 49.848041 0.151023 0.140060 -0.081832
-13.812904 -3.537162 -18.951264 49.943739 0.151420 0.140494 -0.085458
-13.804644 -3.563426 -19.017079 50.037955 0.151788 0.140870 -0.088844
-13.794805 -3.588143 -19.082807 50.130560 0.152128 0.141226 -0.092095
-13.783545 -3.611392 -19.148550 50.221632 0.152446 0.141584 -0.095253
-13.771056 -3.633269 -19.214414 50.311337 0.152744 0.141964 -0.098335
-13.757546 -3.653868 -19.280497 50.399849 0.153028 0.142390 -0.101350
-13.743211 -3.673278 -19.346876 50.487296 0.153303 0.142894 -0.104322
-13.728212 -3.691550 -19.413573 50.573659 0.153578 0.143528 -0.107315
-13.712620 -3.708616 -19.480331 50.658504 0.153744 0.144148 -0.110222
-13.696597 -3.724530 -19.547171 50.741800 0.153807 0.144808 -0.113108
-13.680351 -3.739389 -19.614160 50.823647 0.153775 0.145544 -0.116000
-13.664099 -3.753301 -19.681381 50.904170 0.153651 0.146386 -0.118915
-13.648049 -3.766368 -19.748895 50.983457 0.153441 0.147372 -0.121879
-13.632366 -3.778647 -19.816695 51.061463 0.153154 0.148566 -0.124957
-13.617125 -3.790052 -19.884436 51.137756 0.152771 0.149845 -0.128066
-13.602484 -3.800643 -19.952114 51.212278 0.152299 0.151272 -0.131270
-13.588636 -3.810532 -20.019797 51.285095 0.151743 0.152885 -0.134600
-13.575779 -3.819844 -20.087579 51.356304 0.151105 0.154712 -0.138077
-13.564102 -3.828711 -20.155560 51.425997 0.150387 0.156777 -0.141722
-13.553777 -3.837261 -20.223829 51.494219 0.149589 0.159113 -0.145570
-13.544960 -3.845583 -20.292414 51.560916 0.148719 0.161774 -0.149684
-13.537898 -3.853580 -20.360772 51.625800 0.147753 0.164401 -0.153717
-13.532733 -3.861340 -20.428928 51.688815 0.146697 0.167051 -0.157731
-13.529603 -3.868990 -20.496970 51.749997 0.145551 0.169755 -0.161763
-13.528647 -3.876663 -20.564999 51.809417 0.144316 0.172542 -0.165836
-13.529992 -3.884494 -20.633116 51.867143 0.142989 0.175438 -0.169976
-13.533741 -3.892612 -20.701415 51.923194 0.141571 0.178473 -0.174223
-13.539992 -3.901107 -20.769917 51.977504 0.140064 0.181708 -0.178638
-13.549021 -3.909840 -20.837972 52.029869 0.138501 0.184884 -0.182961
-13.560900 -3.918898 -20.905601 52.080220 0.136886 0.188061 -0.187256
-13.575683 -3.928403 -20.972895 52.128572 0.135215 0.191272 -0.191560
-13.593416 -3.938487 -21.039961 52.174962 0.133486 0.194539 -0.195907
-13.614122 -3.949280 -21.106917 52.219396 0.131692 0.197885 -0.200338
-13.637850 -3.960890 -21.173828 52.261818 0.129836 0.201355 -0.204912
-13.665076 -3.973125 -21.239861 52.302285 0.127903 0.204721 -0.209367
-13.695827 -3.986082 -21.305077 52.340759 0.125896 0.208029 -0.213756
-13.730091 -3.999882 -21.369582 52.377280 0.123808 0.211302 -0.218108
-13.767849 -4.014639 -21.433479 52.411941 0.121635 0.214564 -0.222439
-13.809072 -4.030469 -21.496873 52.444836 0.119370 0.217836 -0.226760
-13.853708 -4.047492 -21.559897 52.476021 0.117006 0.221130 -0.231098
-13.901754 -4.065817 -21.622650 52.505518 0.114540 0.224480 -0.235491
-13.953848 -4.085219 -21.684216 52.533696 0.111979 0.227750 -0.239795
-14.009964 -4.105795 -21.744687 52.560595 0.109319 0.230975 -0.244042
-14.070008 -4.127653 -21.804181 52.586303 0.106553 0.234169 -0.248249
-14.133872 -4.150888 -21.862790 52.610953 0.103673 0.237354 -0.252417
-14.201429 -4.175595 -21.920615 52.634666 0.100669 0.240548 -0.256553
-14.272519 -4.201878 -21.977797 52.657493 0.097528 0.243754 -0.260686
-14.347013 -4.229829 -22.034467 52.679396 0.094244 0.246991 -0.264876
-14.425543 -4.259134 -22.089587 52.700668 0.090844 0.250181 -0.268951
-14.507957 -4.289876 -22.143285 52.721276 0.087322 0.253341 -0.272970
-14.594040 -4.322146 -22.195703 52.741263 0.083660 0.256472 -0.276965
-14.683570 -4.356026 -22.246959 52.760719 0.079845 0.259580 -0.280957
-14.776305 -4.391597 -22.297190 52.779684 0.075860 0.262665 -0.284978
-14.872036 -4.428914 -22.346509 52.798098 0.071695 0.265746 -0.289101
-14.971259 -4.467594 -22.393861 52.816123 0.067392 0.268772 -0.293147
-15.073770 -4.507678 -22.439348 52.833720 0.062942 0.271765 -0.297182
-15.179328 -4.549225 -22.483088 52.850976 0.058327 0.274726 -0.301227
-15.287714 -4.592275 -22.525155 52.868058 0.053534 0.277670 -0.305279
-15.398700 -4.636868 -22.565626 52.885129 0.048548 0.280609 -0.309335
-15.512022 -4.683043 -22.604622 52.902263 0.043349 0.283542 -0.313423
-15.627423 -4.730813 -22.642256 52.919383 0.037925 0.286478 -0.317620
-15.745300 -4.779732 -22.677507 52.936514 0.032339 0.289420 -0.321690
-15.865398 -4.829797 -22.710486 52.953584 0.026577 0.292378 -0.325711
-15.987450 -4.881023 -22.741310 52.970673 0.020619 0.295345 -0.329709
-16.111218 -4.933413 -22.770048 52.987954 0.014445 0.298328 -0.333681
-16.236460 -4.986959 -22.796766 53.005606 0.008037 0.301335 -0.337622
-16.362900 -5.041654 -22.821562 53.023720 0.001373 0.304361 -0.341555
-16.490238 -5.097458 -22.844538 53.042221 -0.005567 0.307408 -0.345560
-16.618625 -5.153946 -22.864908 53.060966 -0.012624 0.310491 -0.349405
-16.747762 -5.211062 -22.882773 53.079872 -0.019819 0.313609 -0.353173
-16.877360 -5.268771 -22.898238 53.099001 -0.027178 0.316752 -0.356895
-17.007152 -5.327028 -22.911377 53.118479 -0.034725 0.319912 -0.360585
-17.136851 -5.385780 -22.922275 53.138374 -0.042486 0.323082 -0.364272
-17.266128 -5.444941 -22.931021 53.158589 -0.050485 0.326254 -0.368038
-17.394859 -5.504159 -22.937166 53.178779 -0.058534 0.329468 -0.371680
-17.522741 -5.563334 -22.940788 53.198857 -0.066658 0.332717 -0.375275
-17.649532 -5.622386 -22.941952 53.218919 -0.074884 0.335994 -0.378845
-17.775041 -5.681229 -22.940685 53.239150 -0.083233 0.339300 -0.382380
-17.899087 -5.739771 -22.937006 53.259740 -0.091729 0.342638 -0.385871
-18.021458 -5.797910 -22.930953 53.280803 -0.100398 0.346003 -0.389329
-18.141868 -5.855531 -22.922594 53.302269 -0.109267 0.349379 -0.392820
-18.259982 -5.912420 -22.911916 53.323679 -0.118058 0.352817 -0.396188
-18.375533 -5.968452 -22.898983 53.344955 -0.126799 0.356300 -0.399501
-18.488345 -6.023510 -22.883823 53.366188 -0.135517 0.359820 -0.402775
-18.598288 -6.077474 -22.866436 53.387546 -0.144235 0.363377 -0.406000
-18.705246 -6.130223 -22.846819 53.409195 -0.152976 0.366970 -0.409169
-18.809074 -6.181628 -22.824978 53.431231 -0.161766 0.370595 -0.412293
-18.909539 -6.231559 -22.800975 53.453576 -0.170637 0.374222 -0.415432
-19.006161 -6.279930 -22.775145 53.475663 -0.179309 0.377926 -0.418429
-19.098719 -6.326608 -22.747545 53.497391 -0.187814 0.381677 -0.421351
-19.187094 -6.371459 -22.718175 53.518811 -0.196178 0.385466 -0.424217
-19.271205 -6.414352 -22.687021 53.540014 -0.204424 0.389288 -0.427034
-19.350961 -6.455155 -22.654074 53.561060 -0.212576 0.393134 -0.429817
-19.426202 -6.493755 -22.619392 53.581876 -0.220667 0.396966 -0.432617
-19.496452 -6.530176 -22.583501 53.601934 -0.228493 0.400832 -0.435271
-19.561574 -6.564307 -22.546451 53.621146 -0.236085 0.404695 -0.437832
-19.621526 -6.596028 -22.508222 53.639542 -0.243466 0.408545 -0.440316
-19.676308 -6.625219 -22.468771 53.657192 -0.250656 0.412378 -0.442727
-19.725933 -6.651766 -22.428058 53.674165 -0.257673 0.416191 -0.445068
-19.770406 -6.675562 -22.386051 53.690494 -0.264538 0.419974 -0.447348
-19.809674 -6.696530 -22.342801 53.706119 -0.271281 0.423682 -0.449603
-19.843363 -6.714788 -22.298896 53.720578 -0.277681 0.427263 -0.451567
-19.871436 -6.730268 -22.254383 53.733782 -0.283767 0.430673 -0.453280
-19.893930 -6.742881 -22.209221 53.745710 -0.289557 0.433900 -0.454760
-19.910912 -6.752542 -22.163352 53.756357 -0.295067 0.436937 -0.456018
-19.922464 -6.759171 -22.116714 53.765714 -0.300311 0.439780 -0.457065
-19.928666 -6.762698 -22.069252 53.773758 -0.305306 0.442417 -0.457911
-19.929555 -6.763094 -22.020990 53.780423 -0.310075 0.444804 -0.458577
-19.924802 -6.760602 -21.972701 53.785371 -0.314504 0.447134 -0.459095
-19.914461 -6.755206 -21.924411 53.788499 -0.318617 0.449361 -0.459491
-19.898656 -6.746871 -21.876069 53.789723 -0.322427 0.451468 -0.459787
-19.877538 -6.735560 -21.827617 53.788962 -0.325946 0.453445 -0.459999
-19.851280 -6.721251 -21.778997 53.786156 -0.329184 0.455277 -0.460138
-19.820041 -6.703960 -21.730216 53.781283 -0.332159 0.456922 -0.460202
-19.783548 -6.684000 -21.682071 53.774126 -0.334927 0.458456 -0.460187
-19.741987 -6.661402 -21.634585 53.764610 -0.337504 0.459831 -0.460103
-19.695594 -6.636181 -21.587731 53.752583 -0.339903 0.461023 -0.459977
-19.644633 -6.608359 -21.541492 53.737848 -0.342132 0.462004 -0.459849
-19.589410 -6.577961 -21.495850 53.720231 -0.344202 0.462750 -0.459750
-19.530318 -6.545017 -21.450766 53.699679 -0.346117 0.463243 -0.459674
-19.467823 -6.509565 -21.406192 53.676383 -0.347883 0.463463 -0.459547
-19.401917 -6.471935 -21.362924 53.650652 -0.349397 0.463603 -0.459447
-19.333145 -6.432004 -21.320584 53.622983 -0.350642 0.463754 -0.459209
-19.261025 -6.389718 -21.279310 53.593190 -0.351645 0.463817 -0.458836
-19.185175 -6.345039 -21.239228 53.561003 -0.352429 0.463698 -0.458354
-19.106391 -6.297869 -21.199882 53.526668 -0.352964 0.463533 -0.457670
-19.025252 -6.248293 -21.161201 53.490176 -0.353246 0.463323 -0.456754
-18.942240 -6.196502 -21.123288 53.451569 -0.353284 0.462998 -0.455559
-18.857704 -6.142960 -21.086833 53.411245 -0.353112 0.462628 -0.454231
-18.771991 -6.087861 -21.051922 53.369207 -0.352740 0.462145 -0.452727
-18.685344 -6.031336 -21.018560 53.325269 -0.352172 0.461513 -0.451056
-18.597967 -5.973507 -20.986724 53.279215 -0.351413 0.460706 -0.449234
-18.510100 -5.914506 -20.956385 53.230934 -0.350463 0.459702 -0.447245
-18.422097 -5.854513 -20.927549 53.180598 -0.349324 0.458463 -0.444991
-18.334328 -5.793952 -20.900720 53.128959 -0.348019 0.457024 -0.442700
-18.247131 -5.733000 -20.875893 53.076209 -0.346547 0.455354 -0.440266
-18.160708 -5.671782 -20.853022 53.022265 -0.344906 0.453438 -0.437662
-18.075192 -5.610407 -20.832048 52.966937 -0.343094 0.451266 -0.434886
-17.990709 -5.548984 -20.812914 52.910036 -0.341106 0.448830 -0.431936
-17.907429 -5.487636 -20.795561 52.851489 -0.338937 0.446122 -0.428778
-17.825652 -5.426512 -20.779933 52.791511 -0.336580 0.443134 -0.425295
-17.745708 -5.365896 -20.766310 52.730927 -0.334307 0.440040 -0.421900
-17.667886 -5.305938 -20.754639 52.669962 -0.332110 0.436833 -0.418475
-17.592331 -5.246760 -20.744877 52.608552 -0.329982 0.433505 -0.414978
-17.519122 -5.188473 -20.736985 52.546515 -0.327919 0.430046 -0.411403
-17.448324 -5.131189 -20.730931 52.483658 -0.325918 0.426446 -0.407745
-17.380041 -5.075028 -20.726681 52.419877 -0.323973 0.422695 -0.403974
-17.314503 -5.020118 -20.724177 52.355318 -0.322073 0.418800 -0.399994
-17.252063 -4.966600 -20.723430 52.290694 -0.320282 0.414897 -0.396121
-17.192941 -4.914604 -20.724390 52.226154 -0.318590 0.410990 -0.392257
-17.137215 -4.864256 -20.727053 52.161595 -0.316993 0.407067 -0.388373
-17.084906 -4.815675 -20.731422 52.096823 -0.315489 0.403111 -0.384465
-17.036042 -4.768982 -20.737499 52.031657 -0.314076 0.399112 -0.380527
-16.990738 -4.724274 -20.745221 51.966068 -0.312743 0.395084 -0.376509
-16.949340 -4.681534 -20.754233 51.900479 -0.311519 0.391059 -0.372588
-16.911952 -4.640864 -20.764491 51.834836 -0.310394 0.387049 -0.368723
-16.878566 -4.602397 -20.776038 51.768904 -0.309369 0.383032 -0.364924
-16.849151 -4.566272 -20.788953 51.702380 -0.308449 0.378974 -0.361221
-16.823725 -4.532639 -20.803323 51.634997 -0.307638 0.374842 -0.357635
-16.802477 -4.501620 -20.819145 51.566691 -0.306926 0.370642 -0.354135
-16.785938 -4.473162 -20.835979 51.497880 -0.306271 0.366547 -0.350576
-16.773657 -4.446895 -20.853381 51.428620 -0.305721 0.362449 -0.347063
-16.765192 -4.422631 -20.871304 51.358849 -0.305269 0.358357 -0.343539
-16.760765 -4.400307 -20.889512 51.288799 -0.304894 0.354366 -0.339902
-16.760496 -4.379985 -20.907987 51.218469 -0.304586 0.350491 -0.336104
-16.764392 -4.361765 -20.926791 51.147715 -0.304347 0.346717 -0.332137
-16.772393 -4.345729 -20.945969 51.076373 -0.304176 0.343031 -0.327994
-16.784418 -4.331883 -20.965421 51.004353 -0.304060 0.339481 -0.323652
-16.800307 -4.319973 -20.984498 50.931677 -0.304045 0.335951 -0.319300
-16.819926 -4.309976 -21.003080 50.858291 -0.304117 0.332495 -0.314904
-16.843101 -4.301921 -21.021182 50.784077 -0.304274 0.329112 -0.310443
-16.869626 -4.295839 -21.038849 50.708913 -0.304518 0.325789 -0.305898
-16.899284 -4.291745 -21.056110 50.632712 -0.304849 0.322521 -0.301237
-16.931871 -4.289606 -21.072895 50.555486 -0.305258 0.319340 -0.296405
-16.967237 -4.289200 -21.088674 50.477539 -0.305763 0.316236 -0.291769
-17.005173 -4.290469 -21.103365 50.398917 -0.306354 0.313244 -0.287264
-17.045446 -4.293377 -21.116973 50.319601 -0.307030 0.310366 -0.282838
-17.087820 -4.297883 -21.129522 50.239552 -0.307791 0.307598 -0.278445
-17.132052 -4.303939 -21.141036 50.158741 -0.308639 0.304931 -0.274036
-17.177901 -4.311496 -21.151537 50.077172 -0.309574 0.302359 -0.269554
-17.225146 -4.320496 -21.161025 49.994939 -0.310593 0.299886 -0.264916
-17.273786 -4.330777 -21.169138 49.912584 -0.311683 0.297523 -0.260531
-17.323608 -4.342268 -21.175867 49.830214 -0.312839 0.295274 -0.256312
-17.374386 -4.354892 -21.181222 49.747865 -0.314062 0.293136 -0.252193
-17.425902 -4.368561 -21.185210 49.665553 -0.315352 0.291106 -0.248110
-17.477943 -4.383180 -21.187834 49.583292 -0.316712 0.289180 -0.244001
-17.530301 -4.398665 -21.189110 49.501121 -0.318144 0.287350 -0.239800
-17.582797 -4.414949 -21.189076 49.419149 -0.319648 0.285600 -0.235416
-17.635544 -4.431947 -21.187611 49.338005 -0.321191 0.284031 -0.231360
-17.688380 -4.449592 -21.184750 49.257809 -0.322776 0.282626 -0.227544
-17.741131 -4.467791 -21.180501 49.178615 -0.324405 0.281378 -0.223894
-17.793637 -4.486441 -21.174857 49.100473 -0.326079 0.280283 -0.220344
-17.845758 -4.505445 -21.167819 49.023451 -0.327802 0.279334 -0.216820
-17.897376 -4.524724 -21.159428 48.947682 -0.329577 0.278510 -0.213235
-17.948514 -4.544240 -21.149819 48.873625 -0.331352 0.277919 -0.209988
-17.999075 -4.563915 -21.139030 48.801407 -0.333131 0.277540 -0.206995
-18.048957 -4.583656 -21.127058 48.731089 -0.334919 0.277366 -0.204191
-18.098066 -4.603360 -21.113884 48.662702 -0.336718 0.277394 -0.201518
-18.146310 -4.622928 -21.099490 48.596273 -0.338529 0.277622 -0.198924
-18.193603 -4.642268 -21.083871 48.531836 -0.340358 0.278042 -0.196355
-18.239866 -4.661318 -21.067083 48.469456 -0.342214 0.278621 -0.193752
-18.285118 -4.680094 -21.049380 48.409434 -0.344039 0.279463 -0.191429
-18.329290 -4.698536 -21.030815 48.351835 -0.345841 0.280535 -0.189331
-18.372323 -4.716558 -21.011375 48.296688 -0.347625 0.281831 -0.187411
-18.414165 -4.734070 -20.991030 48.244011 -0.349394 0.283350 -0.185627
-18.454763 -4.750981 -20.969749 48.193805 -0.351153 0.285091 -0.183944
-18.494062 -4.767210 -20.947518 48.146071 -0.352907 0.287047 -0.182330
-18.531997 -4.782709 -20.924396 48.100800 -0.354667 0.289182 -0.180756
-18.568601 -4.797523 -20.900673 48.058136 -0.356377 0.291628 -0.179394
-18.603819 -4.811605 -20.876405 48.018072 -0.358050 0.294351 -0.178219
-18.637614 -4.824880 -20.851567 47.980609 -0.359691 0.297346 -0.177207
-18.669956 -4.837268 -20.826120 47.945745 -0.361303 0.300615 -0.176332
-18.700809 -4.848694 -20.800035 47.913461 -0.362893 0.304156 -0.175578
-18.730112 -4.859121 -20.773364 47.883703 -0.364473 0.307933 -0.174941
-18.757839 -4.868617 -20.746459 47.856441 -0.365994 0.312082 -0.174500
-18.783940 -4.877149 -20.719368 47.831622 -0.367468 0.316571 -0.174255
-18.808401 -4.884653 -20.692055 47.809229 -0.368901 0.321399 -0.174196
-18.831227 -4.891059 -20.664466 47.789259 -0.370296 0.326578 -0.174309
-18.852423 -4.896302 -20.636544 47.771705 -0.371656 0.332117 -0.174585
-18.871983 -4.900326 -20.608250 47.756537 -0.372987 0.338019 -0.175023
-18.889857 -4.903107 -20.579634 47.743662 -0.374303 0.344255 -0.175642
-18.905973 -4.904736 -20.551091 47.732895 -0.375556 0.350965 -0.176430
-18.920290 -4.905196 -20.522666 47.724142 -0.376761 0.358123 -0.177409
-18.932818 -4.904443 -20.494316 47.717372 -0.377923 0.365737 -0.178586
-18.943591 -4.902428 -20.465977 47.712575 -0.379044 0.373824 -0.179961
-18.952648 -4.899109 -20.437584 47.709737 -0.380128 0.382404 -0.181538
-18.960012 -4.894449 -20.409090 47.708815 -0.381179 0.391489 -0.183330
-18.965660 -4.888445 -20.380540 47.709686 -0.382212 0.401058 -0.185377
-18.969507 -4.881219 -20.352378 47.712041 -0.383181 0.411248 -0.187579
-18.971538 -4.872774 -20.324646 47.715756 -0.384101 0.422041 -0.189977
-18.971789 -4.863089 -20.297296 47.720780 -0.384977 0.433456 -0.192593
-18.970318 -4.852140 -20.270261 47.727086 -0.385811 0.445520 -0.195442
-18.967179 -4.839912 -20.243492 47.734634 -0.386608 0.458257 -0.198546
-18.962394 -4.826422 -20.217033 47.743324 -0.387380 0.471654 -0.201944
-18.955934 -4.811815 -20.191333 47.752885 -0.388100 0.485777 -0.205518
-18.947827 -4.796116 -20.166436 47.763214 -0.388781 0.500619 -0.209309
-18.938139 -4.779322 -20.142296 47.774269 -0.389426 0.516210 -0.213344
-18.926949 -4.761430 -20.118844 47.786025 -0.390037 0.532591 -0.217644
-18.914342 -4.742436 -20.096014 47.798457 -0.390615 0.549804 -0.222231
-18.900392 -4.722345 -20.073756 47.811517 -0.391166 0.567889 -0.227135
-18.885148 -4.701183 -20.052091 47.825098 -0.391696 0.586861 -0.232406
-18.868629 -4.679043 -20.031298 47.838894 -0.392062 0.606780 -0.237779
-18.850885 -4.655956 -20.011401 47.852795 -0.392272 0.627665 -0.243306
-18.831990 -4.631936 -19.992354 47.866742 -0.392329 0.649564 -0.249023
-18.812030 -4.606994 -19.974100 47.880699 -0.392233 0.672536 -0.254960
-18.791093 -4.581146 -19.956585 47.894632 -0.391984 0.696637 -0.261146
-18.769267 -4.554420 -19.939782 47.908500 -0.391585 0.721921 -0.267612
-18.746636 -4.526876 -19.923750 47.922255 -0.391045 0.748408 -0.274396
-18.723326 -4.498652 -19.908622 47.935751 -0.390393 0.775544 -0.281097
-18.699421 -4.469814 -19.894461 47.948934 -0.389638 0.803353 -0.287755
-18.675002 -4.440395 -19.881248 47.961759 -0.388781 0.831898 -0.294402
-18.650154 -4.410428 -19.868947 47.974184 -0.387821 0.861247 -0.301071
-18.624961 -4.379956 -19.857544 47.986177 -0.386760 0.891464 -0.307792
-18.599520 -4.349063 -19.847116 47.997722 -0.385603 0.922582 -0.314589
-18.574002 -4.317921 -19.837680 48.008863 -0.384377 0.953619 -0.321290
-18.548494 -4.286618 -19.829315 48.019582 -0.383091 0.984609 -0.327919
-18.523067 -4.255200 -19.822013 48.029840 -0.381742 1.015622 -0.334506
-18.497780 -4.223706 -19.815743 48.039593 -0.380329 1.046736 -0.341083
-18.472687 -4.192173 -19.810473 48.048789 -0.378849 1.078033 -0.347683
-18.447843 -4.160643 -19.806190 48.057378 -0.377299 1.109586 -0.354339
-18.423300 -4.129185 -19.802929 48.065315 -0.375683 1.141453 -0.361084
-18.399127 -4.097898 -19.800580 48.072504 -0.374034 1.172803 -0.367691
-18.375367 -4.066851 -19.799184 48.078897 -0.372355 1.203690 -0.374192
-18.352055 -4.036087 -19.798735 48.084442 -0.370644 1.234191 -0.380620
-18.329216 -4.005644 -19.799210 48.089083 -0.368896 1.264384 -0.387007
-18.306868 -3.975557 -19.800590 48.092761 -0.367108 1.294350 -0.393385
-18.285026 -3.945862 -19.802857 48.095412 -0.365275 1.324168 -0.399789
-18.263693 -3.916599 -19.806011 48.096955 -0.363396 1.353910 -0.406256
-18.242832 -3.887802 -19.809871 48.097183 -0.361512 1.383003 -0.412583
-18.222438 -3.859509 -19.814440 48.096015 -0.359621 1.411518 -0.418808
-18.202504 -3.831756 -19.819710 48.093388 -0.357719 1.439529 -0.424960
-18.183021 -3.804573 -19.825668 48.089249 -0.355802 1.467112 -0.431068
-18.163980 -3.777995 -19.832306 48.083552 -0.353863 1.494342 -0.437154
-18.145380 -3.752056 -19.839613 48.076277 -0.351899 1.521294 -0.443234
-18.127257 -3.726769 -19.847328 48.067428 -0.349945 1.547483 -0.449205
-18.109597 -3.702165 -19.855441 48.056985 -0.347997 1.572983 -0.455081
-18.092371 -3.678273 -19.863948 48.044910 -0.346049 1.597863 -0.460880
-18.075537 -3.655120 -19.872844 48.031165 -0.344097 1.622192 -0.466618
-18.059049 -3.632728 -19.882122 48.015712 -0.342135 1.646038 -0.472311
-18.042869 -3.611125 -19.891778 47.998539 -0.340157 1.669467 -0.477966
-18.026984 -3.590340 -19.901801 47.979682 -0.338158 1.692551 -0.483575
-18.011481 -3.570377 -19.911915 47.959355 -0.336161 1.714919 -0.489145
-17.996341 -3.551263 -19.922110 47.937599 -0.334159 1.736639 -0.494666
-17.981507 -3.533020 -19.932383 47.914402 -0.332148 1.757772 -0.500141
-17.966910 -3.515664 -19.942731 47.889741 -0.330121 1.778380 -0.505575
-17.952480 -3.499212 -19.953153 47.863593 -0.328073 1.798521 -0.510974
-17.938154 -3.483683 -19.963649 47.835960 -0.325998 1.818254 -0.516334
-17.923911 -3.469104 -19.974216 47.806917 -0.323889 1.837635 -0.521626
-17.909908 -3.455497 -19.984642 47.776845 -0.321753 1.856420 -0.526952
-17.896123 -3.442885 -19.994922 47.745828 -0.319583 1.874665 -0.532282
-17.882489 -3.431282 -20.005057 47.713880 -0.317371 1.892422 -0.537605
-17.868932 -3.420694 -20.015043 47.681006 -0.315113 1.909746 -0.542912
-17.855388 -3.411132 -20.024879 47.647234 -0.312801 1.926687 -0.548189
-17.841841 -3.402624 -20.034577 47.612680 -0.310428 1.943291 -0.553389
-17.828467 -3.395230 -20.044022 47.577812 -0.308086 1.959328 -0.558578
-17.815252 -3.388973 -20.053220 47.542754 -0.305767 1.974843 -0.563707
-17.802137 -3.383849 -20.062169 47.507545 -0.303465 1.989885 -0.568755
-17.789051 -3.379844 -20.070858 47.472200 -0.301172 2.004501 -0.573709
-17.775919 -3.376941 -20.079273 47.436730 -0.298881 2.018742 -0.578556
-17.762672 -3.375124 -20.087399 47.401159 -0.296582 2.032656 -0.583277
-17.749272 -3.374392 -20.095231 47.365560 -0.294271 2.046283 -0.587835
-17.735806 -3.374822 -20.102732 47.330270 -0.292032 2.059413 -0.592357
-17.722246 -3.376404 -20.109894 47.295373 -0.289858 2.072087 -0.596803
-17.708539 -3.379103 -20.116691 47.260919 -0.287742 2.084352 -0.601145
-17.694630 -3.382871 -20.123097 47.226945 -0.285674 2.096257 -0.605359
-17.680461 -3.387655 -20.129082 47.193489 -0.283645 2.107848 -0.609423
-17.665973 -3.393405 -20.134613 47.160580 -0.281648 2.119172 -0.613313
-17.651101 -3.400092 -20.139680 47.128238 -0.279676 2.130263 -0.617003
-17.635843 -3.407797 -20.144328 47.096616 -0.277795 2.140942 -0.620649
-17.620147 -3.416479 -20.148539 47.065746 -0.276001 2.151243 -0.624221
-17.603962 -3.426067 -20.152267 47.035678 -0.274283 2.161213 -0.627689
-17.587245 -3.436477 -20.155463 47.006463 -0.272633 2.170900 -0.631023
-17.569941 -3.447632 -20.158086 46.978125 -0.271042 2.180347 -0.634198
-17.551981 -3.459482 -20.160133 46.950638 -0.269506 2.189577 -0.637201
-17.533334 -3.472118 -20.161731 46.924013 -0.268074 2.198452 -0.640218
-17.513949 -3.485480 -20.162875 46.898226 -0.266743 2.206995 -0.643234
-17.493799 -3.499468 -20.163526 46.873314 -0.265504 2.215244 -0.646224
-17.472882 -3.513972 -20.163638 46.849338 -0.264348 2.223240 -0.649152
-17.451198 -3.528880 -20.163167 46.826357 -0.263269 2.231023 -0.651987
-17.428738 -3.544081 -20.162071 46.804398 -0.262258 2.238630 -0.654704
-17.405474 -3.559494 -20.160345 46.783410 -0.261312 2.246077 -0.657294
-17.381354 -3.575207 -20.158234 46.763290 -0.260472 2.253253 -0.659944
-17.356358 -3.591131 -20.155730 46.743987 -0.259736 2.260173 -0.662644
-17.330498 -3.607141 -20.152788 46.725523 -0.259097 2.266871 -0.665374
-17.303799 -3.623108 -20.149370 46.707944 -0.258547 2.273381 -0.668102
-17.276287 -3.638903 -20.145436 46.691295 -0.258080 2.279733 -0.670802
-17.247984 -3.654398 -20.140945 46.675584 -0.257691 2.285958 -0.673454
-17.218890 -3.669496 -20.135889 46.660745 -0.257377 2.292067 -0.676054
-17.188954 -3.684284 -20.130571 46.646600 -0.257173 2.297977 -0.678716
-17.158182 -3.698660 -20.124974 46.633079 -0.257078 2.303700 -0.681440
-17.126602 -3.712497 -20.119049 46.620179 -0.257086 2.309265 -0.684208
-17.094249 -3.725664 -20.112752 46.607916 -0.257192 2.314702 -0.687000
-17.061162 -3.738038 -20.106037 46.596295 -0.257392 2.320037 -0.689800
-17.027372 -3.749523 -20.098886 46.585270 -0.257685 2.325280 -0.692596
-16.992823 -3.760256 -20.091701 46.574706 -0.257992 2.330308 -0.695473
-16.957551 -3.770141 -20.084462 46.564550 -0.258316 2.335131 -0.698422
-16.921599 -3.779060 -20.077133 46.554782 -0.258652 2.339769 -0.701434
-16.885005 -3.786895 -20.069693 46.545387 -0.258996 2.344239 -0.704502
-16.847808 -3.793534 -20.062125 46.536344 -0.259347 2.348555 -0.707619
-16.810054 -3.798870 -20.054403 46.527624 -0.259702 2.352733 -0.710778
-16.771796 -3.802826 -20.046515 46.519185 -0.260062 2.356775 -0.713972
-16.732978 -3.805568 -20.038879 46.510932 -0.260367 2.360546 -0.717317
-16.693657 -3.807026 -20.031475 46.502815 -0.260619 2.364050 -0.720807
-16.653879 -3.807110 -20.024274 46.494787 -0.260816 2.367301 -0.724444
-16.613680 -3.805735 -20.017269 46.486792 -0.260955 2.370306 -0.728233
-16.573097 -3.802822 -20.010453 46.478784 -0.261033 2.373071 -0.732178
-16.532191 -3.798299 -20.003797 46.470749 -0.261047 2.375607 -0.736270
-16.491040 -3.792121 -19.997264 46.462731 -0.260997 2.377924 -0.740480
-16.449479 -3.784512 -19.991343 46.454749 -0.260919 2.379850 -0.744945
-16.407597 -3.775440 -19.985984 46.446853 -0.260813 2.381395 -0.749634
-16.365468 -3.764858 -19.981145 46.439036 -0.260673 2.382576 -0.754541
-16.323147 -3.752726 -19.976799 46.431264 -0.260495 2.383401 -0.759666
-16.280700 -3.739009 -19.972902 46.423529 -0.260274 2.383885 -0.765006
-16.238194 -3.723684 -19.969388 46.415872 -0.260007 2.384043 -0.770534
-16.195368 -3.706969 -19.966731 46.408207 -0.259748 2.383785 -0.776273
-16.152288 -3.688854 -19.964857 46.400578 -0.259494 2.383130 -0.782202
-16.109007 -3.669324 -19.963720 46.392963 -0.259239 2.382090 -0.788320
-16.065548 -3.648376 -19.963303 46.385296 -0.258981 2.380665 -0.794646
-16.021924 -3.626012 -19.963595 46.377503 -0.258718 2.378855 -0.801200
-15.978161 -3.602241 -19.964567 46.369528 -0.258445 2.376662 -0.807996
-15.934295 -3.577087 -19.966179 46.361361 -0.258162 2.374090 -0.815033
-15.890194 -3.550738 -19.968736 46.352939 -0.257862 2.371071 -0.822328
-15.845898 -3.523229 -19.972186 46.344263 -0.257545 2.367611 -0.829879
-15.801429 -3.494593 -19.976487 46.335294 -0.257205 2.363717 -0.837698
-15.756792 -3.464868 -19.981613 46.325971 -0.256841 2.359388 -0.845807
-15.711982 -3.434098 -19.987542 46.316230 -0.256449 2.354624 -0.854231
-15.667000 -3.402332 -19.994240 46.306024 -0.256026 2.349425 -0.862989
-15.621856 -3.369631 -20.001669 46.295329 -0.255570 2.343792 -0.872093
-15.576486 -3.336140 -20.009938 46.284053 -0.254987 2.337588 -0.881375
-15.530901 -3.301929 -20.018999 46.272190 -0.254273 2.330817 -0.890844
-15.485106 -3.267068 -20.028806 46.259721 -0.253423 2.323481 -0.900513
-15.439097 -3.231631 -20.039317 46.246628 -0.252434 2.315583 -0.910399
-15.392873 -3.195701 -20.050498 46.232908 -0.251300 2.307119 -0.920512
-15.346465 -3.159374 -20.062317 46.218615 -0.250017 2.298086 -0.930849
-15.300007 -3.122777 -20.074853 46.203930 -0.248675 2.288836 -0.941163
-15.253523 -3.086011 -20.088073 46.188914 -0.247269 2.279365 -0.951448
-15.207001 -3.049167 -20.101938 46.173572 -0.245792 2.269670 -0.961715
-15.160413 -3.012339 -20.116417 46.157888 -0.244241 2.259747 -0.971983
-15.113720 -2.975624 -20.131489 46.141828 -0.242610 2.249585 -0.982276
-15.066888 -2.939135 -20.147168 46.125356 -0.240898 2.239163 -0.992618
-15.019960 -2.903018 -20.163509 46.108515 -0.239102 2.228447 -1.003011
-14.973462 -2.867367 -20.180371 46.091827 -0.237299 2.217785 -1.013203
-14.927435 -2.832326 -20.197812 46.075333 -0.235486 2.207143 -1.023198
-14.881833 -2.798008 -20.215858 46.058985 -0.233661 2.196495 -1.033023
-14.836602 -2.764510 -20.234515 46.042723 -0.231821 2.185824 -1.042713
-14.791687 -2.731926 -20.253798 46.026474 -0.229962 2.175112 -1.052301
-14.747044 -2.700364 -20.273744 46.010171 -0.228082 2.164330 -1.061822
-14.702712 -2.669948 -20.294394 45.993838 -0.226174 2.153455 -1.071277
-14.659127 -2.640725 -20.315465 45.977969 -0.224293 2.142752 -1.080421
-14.616328 -2.612814 -20.337014 45.962564 -0.222432 2.132194 -1.089263
-14.574271 -2.586309 -20.359119 45.947503 -0.220590 2.121741 -1.097848
-14.532906 -2.561294 -20.381854 45.932643 -0.218766 2.111358 -1.106229
-14.492213 -2.537853 -20.405279 45.917877 -0.216956 2.101015 -1.114444
-14.452254 -2.516068 -20.429350 45.903259 -0.215143 2.090724 -1.122477
-14.413203 -2.495963 -20.453637 45.889238 -0.213379 2.080647 -1.130137
-14.375116 -2.477612 -20.478038 45.875902 -0.211645 2.070817 -1.137388
-14.337746 -2.461193 -20.502704 45.863104 -0.209949 2.061173 -1.144308
-14.301099 -2.446754 -20.527662 45.850709 -0.208283 2.051701 -1.150932
-14.265194 -2.434347 -20.553006 45.838541 -0.206645 2.042365 -1.157313
-14.230070 -2.424025 -20.578839 45.826456 -0.205030 2.033129 -1.163499
-14.195878 -2.415807 -20.605111 45.814481 -0.203419 2.024018 -1.169474
-14.162775 -2.409595 -20.631323 45.802941 -0.201867 2.015108 -1.175121
-14.130903 -2.405395 -20.657442 45.791842 -0.200355 2.006419 -1.180430
-14.100303 -2.403248 -20.683606 45.781005 -0.198881 1.997905 -1.185455
-14.071010 -2.403177 -20.709951 45.770212 -0.197443 1.989520 -1.190257
-14.043007 -2.405225 -20.736585 45.759270 -0.196038 1.981229 -1.194889
-14.016131 -2.409491 -20.763638 45.748035 -0.194669 1.972989 -1.199411
-13.990525 -2.415938 -20.790867 45.736637 -0.193302 1.964893 -1.203750
-13.965924 -2.424526 -20.817825 45.725257 -0.192002 1.956968 -1.207841
-13.942476 -2.435202 -20.844339 45.713988 -0.190739 1.949286 -1.211627
-13.920268 -2.447957 -20.870501 45.702719 -0.189506 1.941824 -1.215134
-13.899346 -2.462785 -20.896472 45.691265 -0.188301 1.934532 -1.218408
-13.879771 -2.479672 -20.922373 45.679484 -0.187119 1.927378 -1.221484
-13.861655 -2.498553 -20.948121 45.667385 -0.185940 1.920404 -1.224344
-13.844878 -2.519269 -20.973257 45.655051 -0.184818 1.913624 -1.226991
-13.829536 -2.541747 -20.997680 45.642530 -0.183732 1.907089 -1.229395
-13.815667 -2.565966 -21.021478 45.629751 -0.182675 1.900777 -1.231568
-13.803263 -2.591911 -21.044793 45.616599 -0.181647 1.894647 -1.233541
-13.792303 -2.619569 -21.067766 45.602964 -0.180649 1.888658 -1.235341
-13.782772 -2.648913 -21.090496 45.588792 -0.179677 1.882783 -1.236980
-13.774686 -2.679872 -21.112946 45.574123 -0.178716 1.877051 -1.238438
-13.767963 -2.712224 -21.134675 45.559079 -0.177808 1.871457 -1.239838
-13.762613 -2.745894 -21.155630 45.543740 -0.176937 1.866034 -1.241148
-13.758616 -2.780843 -21.175876 45.528125 -0.176098 1.860768 -1.242356
-13.755930 -2.817041 -21.195510 45.512236 -0.175290 1.855635 -1.243454
-13.754512 -2.854453 -21.214624 45.496091 -0.174510 1.850610 -1.244434
-13.754317 -2.893030 -21.233281 45.479746 -0.173754 1.845680 -1.245272
-13.755305 -2.932685 -21.251464 45.463310 -0.173011 1.840863 -1.245933
-13.757380 -2.973181 -21.268851 45.446951 -0.172313 1.836167 -1.246632
-13.760506 -3.014423 -21.285408 45.430819 -0.171648 1.831616 -1.247321
-13.764646 -3.056348 -21.301163 45.415040 -0.171010 1.827209 -1.247958
-13.769750 -3.098895 -21.316166 45.399727 -0.170396 1.822937 -1.248506
-13.775750 -3.141999 -21.330480 45.384959 -0.169804 1.818784 -1.248939
-13.782564 -3.185576 -21.344197 45.370769 -0.169234 1.814728 -1.249253
-13.790304 -3.229370 -21.357155 45.357252 -0.168694 1.810840 -1.249648
-13.798906 -3.273297 -21.369429 45.344464 -0.168181 1.807103 -1.250112
-13.808321 -3.317287 -21.381054 45.332534 -0.167695 1.803511 -1.250606
-13.818520 -3.361273 -21.392046 45.321620 -0.167230 1.800065 -1.251084
-13.829470 -3.405189 -21.402419 45.311878 -0.166783 1.796766 -1.251498
-13.841115 -3.448960 -21.412218 45.303409 -0.166353 1.793602 -1.251822
-13.853370 -3.492502 -21.421571 45.296195 -0.165946 1.790537 -1.252072
-13.866410 -3.535574 -21.430431 45.290198 -0.165559 1.787613 -1.252423
-13.880177 -3.578090 -21.438908 45.285420 -0.165196 1.784799 -1.252888
-13.894652 -3.619981 -21.447030 45.281995 -0.164856 1.782090 -1.253432
-13.909850 -3.661178 -21.454786 45.280114 -0.164535 1.779495 -1.254004
-13.925792 -3.701615 -21.462163 45.279966 -0.164227 1.777024 -1.254553
-13.942472 -3.741219 -21.469177 45.281680 -0.163932 1.774677 -1.255048
-13.959842 -3.779907 -21.475927 45.285231 -0.163653 1.772423 -1.255513
-13.978022 -3.817480 -21.482444 45.290443 -0.163389 1.770285 -1.256071
-13.996982 -3.853856 -21.488815 45.297299 -0.163143 1.768237 -1.256743
-14.016738 -3.888971 -21.495048 45.305928 -0.162914 1.766282 -1.257506
-14.037333 -3.922765 -21.501125 45.316493 -0.162699 1.764430 -1.258323
-14.058791 -3.955184 -21.507042 45.329108 -0.162495 1.762686 -1.259174
-14.081098 -3.986170 -21.512858 45.343736 -0.162305 1.761034 -1.260088
-14.104343 -4.015604 -21.518594 45.360126 -0.162127 1.759478 -1.261090
-14.128516 -4.043437 -21.524303 45.378238 -0.161964 1.758004 -1.262211
-14.153657 -4.069633 -21.529978 45.398175 -0.161813 1.756616 -1.263439
-14.179822 -4.094163 -21.535594 45.420086 -0.161671 1.755328 -1.264749
-14.207062 -4.117008 -21.541128 45.444102 -0.161537 1.754150 -1.266122
-14.235395 -4.138157 -21.546592 45.470269 -0.161409 1.753083 -1.267567
-14.264801 -4.157608 -21.552067 45.498461 -0.161296 1.752097 -1.269146
-14.295520 -4.175289 -21.557449 45.528404 -0.161182 1.751215 -1.270710
-14.327524 -4.191207 -21.562810 45.559980 -0.161074 1.750412 -1.272322
-14.360806 -4.205368 -21.568145 45.593239 -0.160973 1.749692 -1.273999
-14.395370 -4.217782 -21.573421 45.628303 -0.160877 1.749069 -1.275734
-14.431207 -4.228466 -21.578610 45.665276 -0.160786 1.748553 -1.277529
-14.468259 -4.237453 -21.583741 45.704159 -0.160706 1.748135 -1.279422
-14.506449 -4.244799 -21.588943 45.744766 -0.160645 1.747769 -1.281507
-14.546181 -4.250431 -21.593943 45.786882 -0.160579 1.747513 -1.283486
-14.587353 -4.254415 -21.598862 45.830318 -0.160517 1.747322 -1.285458
-14.629852 -4.256804 -21.603722 45.875054 -0.160466 1.747188 -1.287475
-14.673569 -4.257655 -21.608514 45.921120 -0.160431 1.747113 -1.289572
-14.718365 -4.257042 -21.613291 45.968463 -0.160421 1.747074 -1.291814
-14.764112 -4.255076 -21.618236 46.016859 -0.160451 1.747008 -1.294319
-14.811420 -4.251670 -21.622889 46.066238 -0.160470 1.747012 -1.296679
-14.860159 -4.246941 -21.627423 46.116396 -0.160494 1.747029 -1.299009
-14.910180 -4.240977 -21.631868 46.167316 -0.160530 1.747041 -1.301367
-14.961362 -4.233852 -21.636185 46.219090 -0.160583 1.747062 -1.303780
-15.013576 -4.225643 -21.640336 46.271805 -0.160656 1.747100 -1.306274
-15.066649 -4.216449 -21.644370 46.325426 -0.160758 1.747134 -1.308917
-15.120423 -4.206406 -21.648482 46.379735 -0.160907 1.747095 -1.311835
-15.175546 -4.195427 -21.652136 46.434702 -0.161045 1.747129 -1.314527
-15.231857 -4.183648 -21.655519 46.490118 -0.161187 1.747171 -1.317119
-15.289172 -4.171174 -21.658671 46.545960 -0.161343 1.747199 -1.319676
-15.347338 -4.158088 -21.661549 46.602320 -0.161519 1.747223 -1.322233
-15.406194 -4.144472 -21.664113 46.659289 -0.161720 1.747253 -1.324820
-15.465538 -4.130429 -21.666409 46.716841 -0.161956 1.747265 -1.327510
-15.525165 -4.116091 -21.668631 46.774758 -0.162245 1.747187 -1.330434
-15.585615 -4.101355 -21.670277 46.832939 -0.162530 1.747173 -1.333085
-15.646679 -4.086354 -21.671540 46.891156 -0.162828 1.747151 -1.335599
-15.708137 -4.071189 -21.672476 46.949356 -0.163151 1.747092 -1.338057
-15.769792 -4.055941 -21.673081 47.007564 -0.163510 1.746990 -1.340512
-15.831434 -4.040701 -21.673392 47.065756 -0.163914 1.746822 -1.343035
-15.892844 -4.025580 -21.673558 47.123758 -0.164379 1.746530 -1.345748
-15.954292 -4.010492 -21.673236 47.181368 -0.164856 1.746262 -1.348204
-16.015582 -3.995542 -21.672570 47.238428 -0.165359 1.745964 -1.350517
-16.076544 -3.980807 -21.671584 47.294949 -0.165897 1.745616 -1.352744
-16.137047 -3.966344 -21.670238 47.351035 -0.166476 1.745225 -1.354913
-16.196965 -3.952203 -21.668485 47.406792 -0.167101 1.744797 -1.357049
-16.256142 -3.938444 -21.666337 47.462227 -0.167780 1.744318 -1.359208
-16.314382 -3.925140 -21.663908 47.517162 -0.168527 1.743739 -1.361500
-16.371821 -3.912212 -21.660968 47.571246 -0.169299 1.743174 -1.363482
-16.428277 -3.899729 -21.657630 47.624297 -0.170109 1.742574 -1.365264
-16.483610 -3.887736 -21.653912 47.676309 -0.170967 1.741921 -1.366902
-16.537725 -3.876264 -21.649777 47.727368 -0.171878 1.741218 -1.368419
-16.590535 -3.865334 -21.645177 47.777570 -0.172845 1.740471 -1.369835
-16.641927 -3.854971 -21.640102 47.826935 -0.173876 1.739672 -1.371192
-16.691731 -3.845200 -21.634607 47.875311 -0.174983 1.738790 -1.372582
-16.739807 -3.835985 -21.628703 47.922209 -0.176140 1.737883 -1.373708
-16.785995 -3.827349 -21.622451 47.967464 -0.177358 1.736918 -1.374663
-16.830197 -3.819305 -21.615847 48.011068 -0.178645 1.735883 -1.375491
-16.872351 -3.811858 -21.608861 48.053075 -0.180007 1.734777 -1.376215
-16.912393 -3.805009 -21.601459 48.093529 -0.181448 1.733599 -1.376857
-16.950199 -3.798754 -21.593649 48.132367 -0.182979 1.732331 -1.377474
-16.985387 -3.793140 -21.585692 48.169113 -0.184549 1.730901 -1.377952
-17.017849 -3.788164 -21.577597 48.203693 -0.186167 1.729289 -1.378346
-17.047563 -3.783825 -21.569340 48.236140 -0.187840 1.727492 -1.378674
-17.074539 -3.780122 -21.560885 48.266521 -0.189572 1.725507 -1.378943
-17.098806 -3.777055 -21.552195 48.294915 -0.191365 1.723336 -1.379154
-17.120393 -3.774614 -21.543222 48.321394 -0.193225 1.720982 -1.379308
-17.139275 -3.772786 -21.533934 48.345976 -0.195157 1.718439 -1.379421
-17.154965 -3.771689 -21.524838 48.368258 -0.197119 1.715723 -1.379540
-17.167452 -3.771313 -21.515915 48.388224 -0.199120 1.712821 -1.379686
-17.176803 -3.771657 -21.507144 48.405884 -0.201164 1.709727 -1.379871
-17.183112 -3.772732 -21.498525 48.421236 -0.203257 1.706427 -1.380109
-17.186501 -3.774548 -21.490056 48.434287 -0.205404 1.702910 -1.380409
-17.187127 -3.777098 -21.481711 48.445080 -0.207609 1.699172 -1.380768
-17.185123 -3.780356 -21.473443 48.453685 -0.209877 1.695213 -1.381176
-17.179984 -3.784496 -21.465986 48.459772 -0.212149 1.691026 -1.381819
-17.171941 -3.789479 -21.459296 48.463465 -0.214432 1.686615 -1.382668
-17.161370 -3.795266 -21.453302 48.464972 -0.216719 1.681999 -1.383670
-17.148751 -3.801753 -21.447795 48.464695 -0.218994 1.677257 -1.384717
-17.134482 -3.808663 -21.442248 48.463242 -0.221232 1.672572 -1.385648
-17.116849 -3.815902 -21.437466 48.459854 -0.223504 1.667585 -1.386619
-17.095854 -3.823341 -21.433398 48.454787 -0.225733 1.662494 -1.387605
-17.072107 -3.830887 -21.429769 48.448407 -0.227899 1.657403 -1.388508
-17.045965 -3.838554 -21.426597 48.440738 -0.230002 1.652301 -1.389318
-17.017629 -3.846374 -21.423969 48.431664 -0.232049 1.647148 -1.390064
-16.987246 -3.854373 -21.421959 48.421067 -0.234049 1.641908 -1.390771
-16.954968 -3.862557 -21.420581 48.408901 -0.236006 1.636565 -1.391442
-16.920976 -3.870898 -21.419743 48.395263 -0.237918 1.631142 -1.392040
-16.884940 -3.879515 -21.419859 48.380114 -0.239797 1.625575 -1.392875
-16.847024 -3.888368 -21.420824 48.363577 -0.241642 1.619891 -1.393900
-16.807348 -3.897447 -21.422628 48.345659 -0.243454 1.614087 -1.395099
-16.765991 -3.906752 -21.425302 48.326313 -0.245236 1.608143 -1.396472
-16.723036 -3.916280 -21.428883 48.305489 -0.246992 1.602036 -1.398018
-16.678608 -3.926020 -21.433367 48.283213 -0.248723 1.595763 -1.399716
-16.632922 -3.935922 -21.438629 48.259683 -0.250420 1.589364 -1.401490
-16.585866 -3.946008 -21.444796 48.235140 -0.252083 1.582822 -1.403559
-16.537659 -3.956225 -21.451750 48.209780 -0.253703 1.576177 -1.405849
-16.488433 -3.966560 -21.459501 48.183627 -0.255280 1.569421 -1.408336
-16.438289 -3.977010 -21.468104 48.156649 -0.256817 1.562532 -1.411014
-16.387365 -3.987566 -21.477580 48.128875 -0.258314 1.555498 -1.413856
-16.335911 -3.998180 -21.487809 48.100542 -0.259760 1.548363 -1.416776
-16.283972 -4.008808 -21.498752 48.072059 -0.261178 1.541223 -1.419847
-16.231790 -4.019406 -21.510289 48.043650 -0.262558 1.534122 -1.422989
-16.179489 -4.029973 -21.522456 48.015312 -0.263900 1.527048 -1.426184
-16.127129 -4.040526 -21.535339 47.986937 -0.265209 1.519965 -1.429448
-16.074769 -4.051082 -21.549034 47.958402 -0.266489 1.512839 -1.432801
-16.022513 -4.061656 -21.563597 47.929647 -0.267742 1.505650 -1.436243
-15.970591 -4.072218 -21.578931 47.900806 -0.268956 1.498436 -1.439718
-15.919123 -4.082683 -21.594860 47.872204 -0.270141 1.491365 -1.443288
-15.868336 -4.093032 -21.611295 47.843946 -0.271285 1.484475 -1.446904
-15.818332 -4.103304 -21.628321 47.815903 -0.272391 1.477737 -1.450588
-15.769156 -4.113559 -21.646086 47.787830 -0.273468 1.471100 -1.454397
-15.720856 -4.123872 -21.664763 47.759444 -0.274526 1.464503 -1.458397
-15.673554 -4.134328 -21.684520 47.730509 -0.275571 1.457892 -1.462641
-15.627578 -4.144979 -21.705367 47.701024 -0.276596 1.451276 -1.467115
-15.583517 -4.155699 -21.726784 47.671460 -0.277583 1.444807 -1.471653
-15.542124 -4.166335 -21.748234 47.642477 -0.278487 1.438715 -1.476084
-15.502054 -4.176707 -21.770410 47.613277 -0.279362 1.432705 -1.480551
-15.463697 -4.186668 -21.793016 47.584245 -0.280187 1.426908 -1.484960
-15.427448 -4.196247 -21.816018 47.555571 -0.280949 1.421360 -1.489253
-15.393633 -4.205467 -21.839344 47.527381 -0.281631 1.416110 -1.493388
-15.362338 -4.214157 -21.862502 47.499777 -0.282251 1.411188 -1.497316
-15.333725 -4.222348 -21.885442 47.472749 -0.282798 1.406632 -1.501030
-15.307834 -4.230134 -21.908280 47.446120 -0.283276 1.402411 -1.504572
-15.284625 -4.237620 -21.931168 47.419651 -0.283691 1.398481 -1.508001
-15.264024 -4.244902 -21.954252 47.393104 -0.284051 1.394797 -1.511374
-15.245951 -4.252062 -21.977641 47.366298 -0.284360 1.391332 -1.514732
-15.230364 -4.259134 -22.001306 47.339176 -0.284610 1.388114 -1.518084
-15.217209 -4.265955 -22.024685 47.311832 -0.284814 1.385170 -1.521392
-15.206431 -4.272541 -22.047728 47.284254 -0.284962 1.382539 -1.524651
-15.197921 -4.278942 -22.070505 47.256349 -0.285056 1.380208 -1.527878
-15.191540 -4.285209 -22.093105 47.227994 -0.285098 1.378158 -1.531098
-15.187136 -4.291385 -22.115615 47.199063 -0.285091 1.376370 -1.534336
-15.184556 -4.297509 -22.138113 47.169448 -0.285037 1.374829 -1.537613
-15.183665 -4.303599 -22.160603 47.139086 -0.284929 1.373552 -1.540937
-15.184452 -4.309506 -22.182574 47.108073 -0.284776 1.372590 -1.544258
-15.186780 -4.315237 -22.204021 47.076364 -0.284569 1.371964 -1.547580
-15.190491 -4.320813 -22.225005 47.043874 -0.284309 1.371667 -1.550915
-15.195416 -4.326253 -22.245596 47.010509 -0.283998 1.371690 -1.554277
-15.201385 -4.331577 -22.265867 46.976168 -0.283636 1.372022 -1.557683
-15.208248 -4.336800 -22.285869 46.940770 -0.283221 1.372663 -1.561141
-15.216109 -4.341806 -22.305132 46.904466 -0.282781 1.373582 -1.564621
-15.224825 -4.346606 -22.323698 46.867182 -0.282313 1.374784 -1.568128
-15.234237 -4.351207 -22.341627 46.828837 -0.281816 1.376263 -1.571672
-15.244195 -4.355608 -22.358968 46.789361 -0.281291 1.378020 -1.575256
-15.254556 -4.359810 -22.375772 46.748691 -0.280738 1.380054 -1.578883
-15.265186 -4.363825 -22.392111 46.706783 -0.280158 1.382356 -1.582549
-15.276008 -4.367700 -22.408094 46.663666 -0.279550 1.384906 -1.586226
-15.287402 -4.371435 -22.423433 46.619907 -0.278945 1.387629 -1.589944
-15.299294 -4.375075 -22.438232 46.575537 -0.278342 1.390508 -1.593673
-15.311562 -4.378630 -22.452556 46.530516 -0.277741 1.393536 -1.597406
-15.324082 -4.382094 -22.466445 46.484794 -0.277143 1.396719 -1.601138
-15.336734 -4.385462 -22.479937 46.438325 -0.276546 1.400059 -1.604863
-15.349411 -4.388744 -22.493096 46.391079 -0.275952 1.403552 -1.608568
-15.362066 -4.391991 -22.506038 46.343121 -0.275361 1.407175 -1.612214
-15.375149 -4.395243 -22.518554 46.295123 -0.274780 1.410859 -1.615867
-15.388618 -4.398551 -22.530758 46.247150 -0.274211 1.414582 -1.619486
-15.402374 -4.401929 -22.542711 46.199178 -0.273654 1.418340 -1.623056
-15.416312 -4.405377 -22.554450 46.151173 -0.273109 1.422136 -1.626566
-15.430337 -4.408901 -22.566024 46.103113 -0.272576 1.425972 -1.630001
-15.444400 -4.412537 -22.577513 46.055054 -0.272054 1.429837 -1.633324
-15.458825 -4.416287 -22.588695 46.007520 -0.271547 1.433667 -1.636619
-15.473568 -4.420185 -22.599649 45.960569 -0.271054 1.437455 -1.639849
-15.488546 -4.424240 -22.610414 45.914189 -0.270574 1.441201 -1.642996
-15.503672 -4.428447 -22.621011 45.868355 -0.270107 1.444917 -1.646046
-15.518860 -4.432803 -22.631454 45.823041 -0.269650 1.448615 -1.648987
-15.534028 -4.437307 -22.641769 45.778237 -0.269204 1.452303 -1.651800
-15.549118 -4.441978 -22.651998 45.733976 -0.268767 1.455983 -1.654458
-15.564294 -4.446810 -22.661968 45.690599 -0.268345 1.459575 -1.657083
-15.579503 -4.451822 -22.671722 45.648144 -0.267935 1.463080 -1.659647
-15.594670 -4.457016 -22.681278 45.606613 -0.267537 1.466507 -1.662130
-15.609721 -4.462387 -22.690644 45.565999 -0.267150 1.469871 -1.664514
-15.624586 -4.467929 -22.699825 45.526294 -0.266772 1.473186 -1.666783
-15.639190 -4.473640 -22.708830 45.487500 -0.266400 1.476463 -1.668919
-15.653469 -4.479524 -22.717683 45.449635 -0.266035 1.479711 -1.670900
-15.667511 -4.485565 -22.726242 45.412919 -0.265681 1.482852 -1.672862
-15.681256 -4.491768 -22.734531 45.377377 -0.265338 1.485892 -1.674783
-15.694638 -4.498131 -22.742556 45.343020 -0.265005 1.488844 -1.676642
-15.707595 -4.504646 -22.750317 45.309859 -0.264679 1.491723 -1.678422
-15.720065 -4.511308 -22.757820 45.277903 -0.264360 1.494539 -1.680104
-15.731984 -4.518115 -22.765084 45.247163 -0.264045 1.497300 -1.681674
-15.743400 -4.525039 -22.772004 45.217775 -0.263740 1.499952 -1.683254
-15.754256 -4.532079 -22.778603 45.189750 -0.263443 1.502503 -1.684829
-15.764503 -4.539230 -22.784885 45.163097 -0.263153 1.504961 -1.686384
-15.774100 -4.546483 -22.790851 45.137828 -0.262870 1.507338 -1.687905
-15.783011 -4.553833 -22.796504 45.113953 -0.262590 1.509645 -1.689378
-15.791196 -4.561270 -22.801849 45.091480 -0.262313 1.511892 -1.690791
-15.798615 -4.568790 -22.806912 45.070409 -0.262040 1.514079 -1.692137
-15.805326 -4.576359 -22.811643 45.050819 -0.261770 1.516185 -1.693502
-15.811294 -4.583973 -22.816066 45.032709 -0.261504 1.518211 -1.694882
-15.816494 -4.591624 -22.820190 45.016087 -0.261240 1.520164 -1.696267
-15.820909 -4.599306 -22.824019 45.000963 -0.260978 1.522052 -1.697648
-15.824527 -4.607013 -22.827558 44.987342 -0.260717 1.523881 -1.699020
-15.827330 -4.614738 -22.830816 44.975219 -0.260455 1.525656 -1.700378
-15.829295 -4.622478 -22.833832 44.964573 -0.260195 1.527371 -1.701727
-15.830519 -4.630207 -22.836584 44.955439 -0.259932 1.529030 -1.703086
-15.830987 -4.637922 -22.839111 44.947792 -0.259669 1.530629 -1.704462
-15.830694 -4.645617 -22.841424 44.941626 -0.259404 1.532167 -1.705857
-15.829643 -4.653287 -22.843534 44.936936 -0.259137 1.533649 -1.707270
-15.827836 -4.660926 -22.845457 44.933707 -0.258869 1.535075 -1.708708
-15.825272 -4.668534 -22.847235 44.931896 -0.258600 1.536436 -1.710184
-15.822061 -4.676086 -22.848858 44.931489 -0.258324 1.537765 -1.711651
-15.818208 -4.683584 -22.850370 44.932440 -0.258044 1.539054 -1.713126
-15.813729 -4.691025 -22.851791 44.934728 -0.257760 1.540298 -1.714617
-15.808648 -4.698406 -22.853137 44.938342 -0.257470 1.541499 -1.716134
-15.802992 -4.705728 -22.854422 44.943268 -0.257175 1.542655 -1.717685
-15.796788 -4.712988 -22.855671 44.949479 -0.256875 1.543764 -1.719284
-15.790059 -4.720189 -22.856921 44.956924 -0.256571 1.544816 -1.720954
-15.782936 -4.727292 -22.858122 44.965549 -0.256256 1.545851 -1.722592
-15.775447 -4.734301 -22.859313 44.975302 -0.255932 1.546859 -1.724222
-15.767628 -4.741216 -22.860521 44.986154 -0.255598 1.547835 -1.725860
-15.759520 -4.748040 -22.861764 44.998090 -0.255255 1.548776 -1.727522
-15.751168 -4.754778 -22.863064 45.011091 -0.254902 1.549681 -1.729223
-15.742613 -4.761431 -22.864446 45.025128 -0.254540 1.550543 -1.730983
-15.733896 -4.768001 -22.865938 45.040145 -0.254167 1.551358 -1.732829
-15.725135 -4.774442 -22.867462 45.056050 -0.253780 1.552152 -1.734636
-15.716375 -4.780754 -22.869047 45.072787 -0.253379 1.552920 -1.736433
-15.707663 -4.786944 -22.870721 45.090327 -0.252963 1.553657 -1.738242
-15.699054 -4.793019 -22.872506 45.108653 -0.252533 1.554359 -1.740082
-15.690602 -4.798983 -22.874422 45.127743 -0.252087 1.555022 -1.741975
-15.682358 -4.804833 -22.876484 45.147551 -0.251624 1.555647 -1.743950
-15.674387 -4.810518 -22.878623 45.167935 -0.251143 1.556244 -1.745878
-15.666741 -4.816035 -22.880855 45.188853 -0.250643 1.556814 -1.747788
-15.659476 -4.821394 -22.883200 45.210290 -0.250122 1.557352 -1.749702
-15.652652 -4.826606 -22.885680 45.232238 -0.249580 1.557855 -1.751638
-15.646327 -4.831682 -22.888318 45.254696 -0.249016 1.558320 -1.753616
-15.640559 -4.836632 -22.891134 45.277652 -0.248429 1.558744 -1.755656
-15.635399 -4.841456 -22.894137 45.301073 -0.247817 1.559128 -1.757787
-15.630872 -4.846106 -22.897281 45.324791 -0.247179 1.559479 -1.759865
-15.627025 -4.850582 -22.900576 45.348773 -0.246514 1.559798 -1.761919
-15.623916 -4.854897 -22.904043 45.373015 -0.245819 1.560083 -1.763970
-15.621598 -4.859066 -22.907703 45.397519 -0.245095 1.560330 -1.766038
-15.620123 -4.863105 -22.911580 45.422287 -0.244339 1.560534 -1.768142
-15.619541 -4.867028 -22.915693 45.447315 -0.243550 1.560694 -1.770304
-15.619892 -4.870841 -22.920056 45.472571 -0.242726 1.560809 -1.772554
-15.621186 -4.874512 -22.924654 45.497884 -0.241895 1.560908 -1.774729
-15.623458 -4.878047 -22.929501 45.523226 -0.241056 1.560991 -1.776860
-15.626749 -4.881462 -22.934617 45.548597 -0.240206 1.561056 -1.778968
-15.631099 -4.884776 -22.940022 45.574004 -0.239344 1.561100 -1.781072
-15.636542 -4.888004 -22.945737 45.599450 -0.238469 1.561121 -1.783194
-15.643096 -4.891156 -22.951772 45.624913 -0.237577 1.561120 -1.785362
-15.650733 -4.894208 -22.958118 45.650228 -0.236697 1.561103 -1.787431
-15.659464 -4.897168 -22.964785 45.675379 -0.235826 1.561072 -1.789429
-15.669311 -4.900052 -22.971792 45.700378 -0.234963 1.561026 -1.791372
-15.680292 -4.902881 -22.979159 45.725251 -0.234106 1.560963 -1.793278
-15.692422 -4.905672 -22.986908 45.750022 -0.233252 1.560881 -1.795159
-15.705706 -4.908442 -22.995057 45.774708 -0.232401 1.560781 -1.797035
-15.720132 -4.911197 -23.003613 45.799293 -0.231550 1.560665 -1.798932
-15.735619 -4.913906 -23.012548 45.823598 -0.230720 1.560534 -1.800714
-15.752146 -4.916577 -23.021870 45.847612 -0.229908 1.560392 -1.802407
-15.769704 -4.919225 -23.031597 45.871359 -0.229113 1.560239 -1.804026
-15.788284 -4.921869 -23.041749 45.894880 -0.228332 1.560075 -1.805581
-15.807873 -4.924528 -23.052348 45.918213 -0.227565 1.559901 -1.807084
-15.828447 -4.927216 -23.063409 45.941391 -0.226810 1.559719 -1.808548
-15.849960 -4.929937 -23.074930 45.964405 -0.226063 1.559539 -1.809997
-15.872286 -4.932648 -23.086840 45.987075 -0.225342 1.559327 -1.811325
-15.895371 -4.935352 -23.099139 46.009396 -0.224643 1.559093 -1.812556
-15.919174 -4.938064 -23.111842 46.031406 -0.223965 1.558841 -1.813700
-15.943656 -4.940803 -23.124968 46.053149 -0.223307 1.558573 -1.814768
-15.968768 -4.943583 -23.138532 46.074663 -0.222665 1.558293 -1.815768
-15.994438 -4.946403 -23.152525 46.095944 -0.222039 1.558017 -1.816726
-16.020517 -4.949201 -23.166820 46.116813 -0.221434 1.557702 -1.817554
-16.046928 -4.951976 -23.181409 46.137271 -0.220849 1.557363 -1.818276
-16.073608 -4.954744 -23.196308 46.157363 -0.220282 1.557006 -1.818898
-16.100500 -4.957524 -23.211538 46.177151 -0.219731 1.556632 -1.819423
-16.127544 -4.960337 -23.227120 46.196698 -0.219195 1.556247 -1.819853
-16.154670 -4.963197 -23.243065 46.216057 -0.218673 1.555858 -1.820192
-16.181788 -4.966099 -23.259355 46.235242 -0.218160 1.555484 -1.820457
-16.208726 -4.968966 -23.275822 46.254091 -0.217659 1.555065 -1.820596
-16.235391 -4.971795 -23.292448 46.272620 -0.217167 1.554622 -1.820625
-16.261707 -4.974600 -23.309244 46.290888 -0.216681 1.554164 -1.820544
-16.287606 -4.977406 -23.326231 46.308965 -0.216200 1.553694 -1.820353
-16.313018 -4.980234 -23.343428 46.326925 -0.215724 1.553219 -1.820047
-16.337870 -4.983103 -23.360847 46.344835 -0.215249 1.552747 -1.819625
-16.362073 -4.986018 -23.378476 46.362728 -0.214773 1.552296 -1.819094
-16.385513 -4.988927 -23.396165 46.380548 -0.214297 1.551793 -1.818460
-16.408102 -4.991833 -23.413900 46.398330 -0.213817 1.551257 -1.817729
-16.429769 -4.994758 -23.431689 46.416143 -0.213330 1.550699 -1.816898
-16.450447 -4.997725 -23.449544 46.434061 -0.212835 1.550128 -1.815961
-16.470061 -5.000756 -23.467474 46.452146 -0.212330 1.549553 -1.814915
-16.488522 -5.003859 -23.485468 46.470420 -0.211811 1.548991 -1.813768
-16.505733 -5.006996 -23.503381 46.488816 -0.211282 1.548371 -1.812520
-16.521610 -5.010176 -23.521201 46.507361 -0.210738 1.547709 -1.811176
-16.536096 -5.013418 -23.538932 46.526122 -0.210176 1.547018 -1.809732
-16.549143 -5.016746 -23.556581 46.545181 -0.209596 1.546308 -1.808176
-16.560703 -5.020180 -23.574154 46.564619 -0.208992 1.545590 -1.806500
-16.570721 -5.023738 -23.591652 46.584489 -0.208364 1.544877 -1.804701
-16.579114 -5.027432 -23.609072 46.604782 -0.207708 1.544180 -1.802791
-16.585816 -5.031238 -23.626305 46.625382 -0.207027 1.543429 -1.800768
-16.590756 -5.035164 -23.643342 46.646286 -0.206319 1.542636 -1.798642
-16.593901 -5.039220 -23.660177 46.667557 -0.205579 1.541818 -1.796407
-16.595234 -5.043418 -23.676800 46.689285 -0.204804 1.540991 -1.794048
-16.594739 -5.047767 -23.693202 46.711551 -0.203989 1.540171 -1.791551
-16.592385 -5.052272 -23.709373 46.734397 -0.203130 1.539372 -1.788913
-16.588112 -5.056944 -23.725321 46.757772 -0.202226 1.538602 -1.786153
-16.581945 -5.061793 -23.740989 46.781531 -0.201278 1.537794 -1.783250
-16.573833 -5.066820 -23.756377 46.805628 -0.200284 1.536956 -1.780220
-16.563760 -5.072019 -23.771458 46.830111 -0.199239 1.536111 -1.777056
-16.551718 -5.077382 -23.786199 46.855047 -0.198136 1.535280 -1.773746
-16.537681 -5.082903 -23.800587 46.880458 -0.196972 1.534479 -1.770288
-16.521587 -5.088594 -23.814661 46.906239 -0.195745 1.533701 -1.766714
-16.503565 -5.094474 -23.828372 46.932227 -0.194481 1.532908 -1.763000
-16.483567 -5.100545 -23.841756 46.958326 -0.193178 1.532096 -1.759173
-16.461590 -5.106787 -23.854790 46.984573 -0.191831 1.531282 -1.755227
-16.437662 -5.113174 -23.867435 47.011060 -0.190432 1.530490 -1.751137
-16.411804 -5.119677 -23.879659 47.037867 -0.188973 1.529743 -1.746883
-16.384004 -5.126278 -23.891468 47.064999 -0.187451 1.529046 -1.742464
-16.354210 -5.132996 -23.902967 47.092304 -0.185868 1.528366 -1.737920
-16.322779 -5.139846 -23.914074 47.119697 -0.184243 1.527713 -1.733228
-16.289670 -5.146832 -23.924889 47.147034 -0.182578 1.527057 -1.728424
-16.254883 -5.153921 -23.935404 47.174325 -0.180868 1.526407 -1.723504
-16.218455 -5.161064 -23.945579 47.201651 -0.179104 1.525787 -1.718441
-16.180423 -5.168215 -23.955374 47.229089 -0.177276 1.525220 -1.713209
-16.140792 -5.175335 -23.964785 47.256636 -0.175380 1.524715 -1.707805
-16.099532 -5.182430 -23.973904 47.284125 -0.173415 1.524242 -1.702265
-16.056976 -5.189531 -23.982706 47.311398 -0.171389 1.523810 -1.696545
-16.013093 -5.196633 -23.991275 47.338286 -0.169302 1.523393 -1.690684
-15.967886 -5.203690 -23.999595 47.364761 -0.167146 1.523002 -1.684677
-15.921376 -5.210643 -24.007627 47.390844 -0.164913 1.522659 -1.678510
-15.873569 -5.217446 -24.015357 47.416493 -0.162596 1.522373 -1.672183
-15.824450 -5.224083 -24.022849 47.441506 -0.160192 1.522127 -1.665737
-15.774318 -5.230558 -24.030059 47.465574 -0.157686 1.521981 -1.658939
-15.723165 -5.236848 -24.037054 47.488487 -0.155075 1.521917 -1.651830
-15.671012 -5.242898 -24.043826 47.510188 -0.152352 1.521942 -1.644408
-15.617909 -5.248647 -24.050354 47.530690 -0.149505 1.522073 -1.636652
-15.563910 -5.254037 -24.056619 47.550004 -0.146524 1.522324 -1.628538
-15.509066 -5.259025 -24.062634 47.568087 -0.143401 1.522697 -1.620055
-15.453447 -5.263610 -24.068475 47.584807 -0.140130 1.523171 -1.611213
-15.397533 -5.267822 -24.074013 47.600244 -0.136817 1.523710 -1.602248
-15.341395 -5.271654 -24.079320 47.614254 -0.133457 1.524294 -1.593169
-15.285085 -5.275062 -24.084414 47.626766 -0.130041 1.524923 -1.583966
-15.228664 -5.277991 -24.089296 47.637751 -0.126557 1.525605 -1.574618
-15.172200 -5.280387 -24.093965 47.647190 -0.122994 1.526349 -1.565099
-15.115776 -5.282204 -24.098421 47.655056 -0.119340 1.527163 -1.555380
-15.059512 -5.283424 -24.102667 47.661315 -0.115582 1.528051 -1.545433
-15.003686 -5.284101 -24.106688 47.666095 -0.111823 1.528992 -1.535529
-14.948424 -5.284217 -24.110479 47.669357 -0.108051 1.529993 -1.525638
-14.893817 -5.283731 -24.114036 47.671062 -0.104252 1.531064 -1.515730
-14.839949 -5.282602 -24.117358 47.671179 -0.100414 1.532213 -1.505774
-14.786921 -5.280792 -24.120434 47.669705 -0.096523 1.533452 -1.495729
-14.734880 -5.278286 -24.123232 47.666696 -0.092565 1.534796 -1.485528
-14.683962 -5.275207 -24.125857 47.662422 -0.088619 1.536095 -1.475559
-14.634313 -5.271538 -24.128274 47.656936 -0.084672 1.537365 -1.465756
-14.586020 -5.267244 -24.130477 47.650212 -0.080710 1.538614 -1.456082
-14.539137 -5.262283 -24.132486 47.642189 -0.076721 1.539844 -1.446512
-14.493709 -5.256613 -24.134320 47.632798 -0.072693 1.541054 -1.437021
-14.449801 -5.250199 -24.135973 47.622004 -0.068612 1.542250 -1.427572
-14.407506 -5.243021 -24.137385 47.609850 -0.064462 1.543457 -1.418098
-14.366774 -5.235233 -24.138716 47.596528 -0.060339 1.544588 -1.408903
-14.327704 -5.226819 -24.139893 47.582085 -0.056226 1.545670 -1.399920
-14.290343 -5.217751 -24.140906 47.566472 -0.052110 1.546710 -1.391113
-14.254698 -5.207996 -24.141774 47.549594 -0.047978 1.547705 -1.382466
-14.220766 -5.197524 -24.142520 47.531345 -0.043820 1.548651 -1.373964
-14.188549 -5.186308 -24.143140 47.511636 -0.039623 1.549551 -1.365584
-14.158070 -5.174339 -24.143578 47.490431 -0.035372 1.550423 -1.357281
-14.129223 -5.161762 -24.143961 47.467794 -0.031135 1.551191 -1.349318
-14.102038 -5.148573 -24.144216 47.443700 -0.026898 1.551877 -1.341646
-14.076515 -5.134756 -24.144324 47.418070 -0.022646 1.552490 -1.334238
-14.052634 -5.120292 -24.144282 47.390814 -0.018367 1.553030 -1.327074
-14.030383 -5.105169 -24.144072 47.361874 -0.014047 1.553504 -1.320120
-14.009781 -5.089395 -24.143629 47.331288 -0.009670 1.553929 -1.313307
-13.990761 -5.073155 -24.143101 47.299307 -0.005366 1.554332 -1.306812
-13.973343 -5.056461 -24.142411 47.265980 -0.001119 1.554735 -1.300562
-13.957499 -5.039300 -24.141535 47.231256 0.003086 1.555145 -1.294522
-13.943168 -5.021657 -24.140472 47.195047 0.007258 1.555560 -1.288674
-13.930279 -5.003514 -24.139226 47.157263 0.011408 1.555975 -1.282998
-13.918773 -4.984867 -24.137791 47.117851 0.015548 1.556390 -1.277462
-13.908635 -4.965751 -24.136144 47.076868 0.019689 1.556807 -1.271994
-13.899914 -4.946374 -24.134402 47.034748 0.023745 1.557193 -1.266845
-13.892601 -4.926772 -24.132531 46.991562 0.027727 1.557555 -1.261940
-13.886626 -4.906944 -24.130509 46.947271 0.031646 1.557895 -1.257242
-13.881896 -4.886876 -24.128325 46.901808 0.035513 1.558213 -1.252725
-13.878310 -4.866556 -24.125972 46.855107 0.039337 1.558507 -1.248365
-13.875788 -4.845986 -24.123439 46.807150 0.043127 1.558775 -1.244118
-13.874311 -4.825224 -24.120728 46.758060 0.046893 1.559008 -1.239897
-13.874044 -4.804526 -24.118012 46.708498 0.050570 1.559241 -1.235965
-13.874975 -4.783950 -24.115286 46.658597 0.054167 1.559467 -1.232230
-13.877020 -4.763501 -24.112531 46.608351 0.057694 1.559685 -1.228646
-13.880074 -4.743174 -24.109727 46.557721 0.061160 1.559898 -1.225181
-13.884041 -4.722970 -24.106859 46.506685 0.064573 1.560103 -1.221795
-13.888872 -4.702933 -24.103929 46.455323 0.067940 1.560292 -1.218416
-13.894685 -4.683268 -24.101062 46.404161 0.071217 1.560468 -1.215252
-13.901437 -4.664019 -24.098256 46.353285 0.074412 1.560622 -1.212229
-13.909031 -4.645182 -24.095495 46.302674 0.077532 1.560755 -1.209311
-13.917353 -4.626743 -24.092756 46.252277 0.080585 1.560869 -1.206472
-13.926287 -4.608681 -24.090017 46.202040 0.083579 1.560967 -1.203687
-13.935729 -4.590989 -24.087262 46.151930 0.086519 1.561048 -1.200926
-13.945612 -4.573692 -24.084488 46.101989 0.089414 1.561105 -1.198130
-13.956006 -4.556925 -24.081752 46.052604 0.092232 1.561133 -1.195475
-13.966852 -4.540713 -24.079050 46.003821 0.094979 1.561125 -1.192901
-13.978054 -4.525046 -24.076364 45.955610 0.097662 1.561080 -1.190380
-13.989509 -4.509904 -24.073672 45.907919 0.100287 1.561003 -1.187887
-14.001115 -4.495266 -24.070951 45.860698 0.102861 1.560896 -1.185402
-14.012777 -4.481115 -24.068184 45.813910 0.105391 1.560760 -1.182898
-14.024427 -4.467456 -24.065364 45.767566 0.107882 1.560591 -1.180333
-14.036094 -4.454359 -24.062502 45.721916 0.110313 1.560385 -1.177854
-14.047716 -4.441829 -24.059593 45.676975 0.112689 1.560139 -1.175420
-14.059211 -4.429851 -24.056616 45.632709 0.115017 1.559853 -1.173003
-14.070493 -4.418404 -24.053553 45.589076 0.117301 1.559529 -1.170583
-14.081480 -4.407471 -24.050390 45.546039 0.119548 1.559167 -1.168136
-14.092104 -4.397045 -24.047129 45.503590 0.121762 1.558760 -1.165632
-14.102391 -4.387131 -24.043733 45.461908 0.123933 1.558308 -1.163210
-14.112283 -4.377724 -24.040203 45.420989 0.126067 1.557807 -1.160838
-14.121717 -4.368805 -24.036521 45.380804 0.128168 1.557257 -1.158494
-14.130633 -4.360354 -24.032661 45.341319 0.130243 1.556661 -1.156155
-14.138975 -4.352350 -24.028598 45.302508 0.132296 1.556023 -1.153801
-14.146691 -4.344774 -24.024317 45.264351 0.134333 1.555342 -1.151406
-14.153728 -4.337615 -24.019830 45.226860 0.136358 1.554609 -1.148944
-14.160093 -4.330840 -24.015140 45.190178 0.138359 1.553879 -1.146557
-14.165745 -4.324443 -24.010253 45.154324 0.140340 1.553145 -1.144217
-14.170649 -4.318409 -24.005148 45.119295 0.142307 1.552408 -1.141898
-14.174779 -4.312727 -23.999788 45.085084 0.144266 1.551675 -1.139574
-14.178106 -4.307384 -23.994138 45.051685 0.146221 1.550951 -1.137221
-14.180596 -4.302371 -23.988187 45.019092 0.148178 1.550235 -1.134818
-14.182205 -4.297684 -23.981974 44.987300 0.150136 1.549506 -1.132351
-14.182982 -4.293268 -23.975522 44.956399 0.152095 1.548829 -1.129922
-14.182893 -4.289122 -23.968866 44.926397 0.154057 1.548187 -1.127514
-14.181915 -4.285246 -23.961990 44.897302 0.156024 1.547578 -1.125106
-14.180032 -4.281641 -23.954865 44.869128 0.158002 1.547005 -1.122674
-14.177220 -4.278312 -23.947494 44.841880 0.159993 1.546460 -1.120199
-14.173462 -4.275273 -23.939966 44.815570 0.161993 1.545905 -1.117671
-14.168928 -4.272472 -23.932332 44.790373 0.163985 1.545400 -1.115187
-14.163617 -4.269930 -23.924674 44.766304 0.165966 1.544909 -1.112739
-14.157521 -4.267666 -23.916990 44.743369 0.167940 1.544427 -1.110311
-14.150643 -4.265697 -23.909245 44.721576 0.169909 1.543958 -1.107882
-14.142979 -4.264043 -23.901406 44.700927 0.171880 1.543507 -1.105437
-14.134514 -4.262729 -23.893489 44.681408 0.173853 1.543059 -1.102970
-14.125232 -4.261789 -23.885608 44.662990 0.175824 1.542570 -1.100487
-14.115344 -4.261160 -23.877797 44.645809 0.177772 1.542154 -1.098049
-14.104850 -4.260882 -23.870169 44.629836 0.179695 1.541765 -1.095665
-14.093747 -4.260991 -23.862747 44.615039 0.181593 1.541389 -1.093335
-14.082043 -4.261521 -23.855517 44.601393 0.183468 1.541023 -1.091058
-14.069747 -4.262510 -23.848468 44.588868 0.185324 1.540664 -1.088830
-14.056861 -4.263996 -23.841627 44.577429 0.187161 1.540296 -1.086655
-14.043395 -4.266023 -23.835095 44.567051 0.188978 1.539880 -1.084544
-14.029507 -4.268547 -23.828884 44.557842 0.190763 1.539532 -1.082476
-14.015222 -4.271613 -23.823098 44.549774 0.192513 1.539213 -1.080463
-14.000564 -4.275265 -23.817785 44.542795 0.194227 1.538901 -1.078517
-13.985565 -4.279548 -23.812965 44.536863 0.195909 1.538584 -1.076644
-13.970269 -4.284503 -23.808658 44.531963 0.197561 1.538251 -1.074844
-13.954717 -4.290157 -23.804878 44.528143 0.199187 1.537898 -1.073105
-13.938816 -4.296486 -23.801647 44.525455 0.200768 1.537574 -1.071405
-13.922612 -4.303518 -23.798980 44.523943 0.202307 1.537277 -1.069735
-13.906158 -4.311298 -23.796906 44.523583 0.203809 1.536993 -1.068099
-13.889496 -4.319873 -23.795460 44.524314 0.205273 1.536709 -1.066513
-13.872669 -4.329295 -23.794680 44.526068 0.206703 1.536412 -1.064995
-13.855722 -4.339606 -23.794601 44.528813 0.208101 1.536089 -1.063554
-13.838699 -4.350828 -23.795214 44.532588 0.209474 1.535748 -1.062181
-13.821425 -4.362908 -23.796456 44.537394 0.210800 1.535418 -1.060849
-13.803944 -4.375861 -23.798319 44.543272 0.212087 1.535104 -1.059553
-13.786302 -4.389727 -23.800854 44.550186 0.213337 1.534794 -1.058303
-13.768534 -4.404553 -23.804128 44.558063 0.214550 1.534467 -1.057127
-13.750679 -4.420385 -23.808209 44.566833 0.215727 1.534102 -1.056046
-13.732791 -4.437256 -23.813143 44.576475 0.216871 1.533689 -1.055071
-13.714929 -4.455155 -23.818880 44.587071 0.217994 1.533257 -1.054185
-13.696800 -4.473971 -23.825304 44.598585 0.219066 1.532810 -1.053371
-13.678470 -4.493683 -23.832371 44.611101 0.220099 1.532374 -1.052613
-13.660006 -4.514318 -23.840142 44.624612 0.221097 1.531938 -1.051919
-13.641472 -4.535915 -23.848707 44.639078 0.222060 1.531480 -1.051309
-13.622940 -4.558496 -23.858123 44.654498 0.222992 1.530989 -1.050792
-13.604491 -4.582027 -23.868316 44.670978 0.223908 1.530511 -1.050347
-13.585782 -4.606342 -23.879098 44.688456 0.224774 1.530024 -1.049937
-13.566892 -4.631400 -23.890396 44.707036 0.225604 1.529574 -1.049543
-13.547888 -4.657224 -23.902279 44.726712 0.226402 1.529149 -1.049180
-13.528817 -4.683855 -23.914868 44.747412 0.227166 1.528719 -1.048879
-13.509729 -4.711336 -23.928285 44.769064 0.227896 1.528253 -1.048675
-13.490698 -4.739692 -23.942603 44.791671 0.228593 1.527742 -1.048580
-13.471821 -4.768877 -23.957721 44.815364 0.229278 1.527243 -1.048570
-13.452685 -4.798692 -23.973408 44.840055 0.229911 1.526723 -1.048589
-13.433389 -4.829084 -23.989564 44.865885 0.230510 1.526240 -1.048614
-13.414015 -4.860075 -24.006269 44.892864 0.231080 1.525784 -1.048656
-13.394615 -4.891707 -24.023662 44.920929 0.231617 1.525324 -1.048753
-13.375238 -4.924021 -24.041890 44.950006 0.232120 1.524823 -1.048942
-13.355957 -4.957046 -24.061052 44.980079 0.232590 1.524267 -1.049249
-13.336872 -4.990736 -24.081077 45.011240 0.233043 1.523708 -1.049663
-13.317664 -5.024865 -24.101676 45.043351 0.233448 1.523122 -1.050068
-13.298434 -5.059384 -24.122778 45.076517 0.233819 1.522563 -1.050453
-13.279266 -5.094314 -24.144482 45.110742 0.234159 1.522018 -1.050837
-13.260217 -5.129692 -24.166935 45.145980 0.234467 1.521457 -1.051258
-13.241343 -5.165545 -24.190259 45.182191 0.234743 1.520860 -1.051750
-13.222710 -5.201838 -24.214439 45.219372 0.234998 1.520262 -1.052337
-13.204195 -5.238310 -24.239027 45.257329 0.235209 1.519652 -1.052801
-13.185860 -5.274922 -24.263999 45.296079 0.235387 1.519069 -1.053161
-13.167744 -5.311698 -24.289467 45.335612 0.235535 1.518499 -1.053449
-13.149867 -5.348674 -24.315576 45.375895 0.235648 1.517914 -1.053698
-13.132240 -5.385884 -24.342469 45.416895 0.235723 1.517287 -1.053946
-13.114872 -5.423351 -24.370264 45.458585 0.235760 1.516602 -1.054229
-13.097768 -5.461037 -24.398958 45.500924 0.235769 1.515892 -1.054585
-13.080838 -5.498662 -24.428019 45.543650 0.235729 1.515135 -1.054778
-13.064090 -5.536185 -24.457440 45.586748 0.235650 1.514367 -1.054840
-13.047531 -5.573617 -24.487322 45.630234 0.235532 1.513579 -1.054796
-13.031164 -5.610982 -24.517793 45.674133 0.235374 1.512753 -1.054667
-13.014987 -5.648302 -24.548974 45.718473 0.235173 1.511874 -1.054474
-12.998987 -5.685584 -24.580969 45.763264 0.234929 1.510934 -1.054245
-12.983128 -5.722783 -24.613783 45.808457 0.234650 1.509964 -1.054022
-12.967304 -5.759642 -24.646955 45.853738 0.234316 1.508935 -1.053635
-12.951480 -5.796113 -24.680485 45.899075 0.233936 1.507880 -1.053123
-12.935644 -5.832193 -24.714461 45.944510 0.233510 1.506799 -1.052502
-12.919788 -5.867888 -24.748983 45.990104 0.233037 1.505688 -1.051784
-12.903892 -5.903196 -24.784137 46.035892 0.232517 1.504546 -1.050989
-12.887901 -5.938071 -24.819940 46.081815 0.231955 1.503403 -1.050162
-12.871711 -5.972304 -24.856024 46.127523 0.231342 1.502195 -1.049190
-12.855273 -6.005850 -24.892400 46.172976 0.230683 1.500953 -1.048115
-12.838577 -6.038705 -24.929142 46.218242 0.229977 1.499685 -1.046943
-12.821628 -6.070880 -24.966334 46.263433 0.229226 1.498392 -1.045671
-12.804430 -6.102384 -25.004057 46.308661 0.228429 1.497077 -1.044295
-12.786967 -6.133216 -25.042382 46.353991 0.227585 1.495748 -1.042822
-12.769182 -6.163344 -25.081338 46.399358 0.226697 1.494430 -1.041298
-12.751002 -6.192593 -25.120613 46.444389 0.225759 1.493023 -1.039619
-12.732374 -6.220933 -25.160231 46.489030 0.224773 1.491554 -1.037827
-12.713292 -6.248364 -25.200250 46.533368 0.223739 1.490037 -1.035922
-12.693772 -6.274905 -25.240736 46.577542 0.222658 1.488481 -1.033889
-12.673831 -6.300571 -25.281752 46.621696 0.221530 1.486900 -1.031711
-12.653471 -6.325378 -25.323357 46.665929 0.220354 1.485305 -1.029385
-12.632669 -6.349318 -25.365588 46.710224 0.219132 1.483719 -1.026936
-12.611469 -6.372297 -25.408190 46.754379 0.217878 1.482011 -1.024342
-12.589846 -6.394311 -25.451197 46.798378 0.216594 1.480205 -1.021625
-12.567802 -6.415377 -25.494654 46.842322 0.215279 1.478319 -1.018781
-12.545351 -6.435523 -25.538610 46.886342 0.213934 1.476372 -1.015793
-12.522493 -6.454774 -25.583110 46.930527 0.212559 1.474382 -1.012658
-12.499206 -6.473142 -25.628185 46.974839 0.211153 1.472373 -1.009404
-12.475548 -6.490565 -25.673576 47.019036 0.209723 1.470175 -1.006005
-12.451503 -6.507059 -25.719312 47.063081 0.208269 1.467813 -1.002489
-12.427085 -6.522663 -25.765439 47.107064 0.206790 1.465305 -0.998850
-12.402330 -6.537423 -25.812003 47.151129 0.205287 1.462670 -0.995066
-12.377275 -6.551389 -25.859049 47.195414 0.203760 1.459927 -0.991114
-12.351945 -6.564603 -25.906612 47.240000 0.202209 1.457098 -0.986989
-12.326331 -6.577084 -25.954692 47.284823 0.200637 1.454220 -0.982724
-12.300424 -6.588771 -26.003017 47.329518 0.199041 1.451066 -0.978265
-12.274221 -6.599683 -26.051588 47.374014 0.197423 1.447671 -0.973645
-12.247758 -6.609872 -26.100440 47.418379 0.195783 1.444056 -0.968859
-12.221088 -6.619402 -26.149619 47.462736 0.194121 1.440241 -0.963888
-12.194272 -6.628337 -26.199168 47.507205 0.192438 1.436243 -0.958711
-12.167358 -6.636730 -26.249106 47.551852 0.190736 1.432090 -0.953320
-12.140357 -6.644593 -26.299393 47.596598 0.189016 1.427830 -0.947750
-12.113175 -6.651844 -26.349754 47.640963 0.187268 1.423222 -0.941957
-12.085826 -6.658496 -26.400148 47.684859 0.185493 1.418314 -0.935975
-12.058368 -6.664604 -26.450592 47.728338 0.183693 1.413132 -0.929799
-12.030873 -6.670233 -26.501119 47.771491 0.181870 1.407697 -0.923412
-12.003414 -6.675443 -26.551738 47.814386 0.180026 1.402036 -0.916801
-11.976034 -6.680247 -26.602395 47.856981 0.178164 1.396200 -0.909983
-11.948640 -6.684586 -26.652844 47.898886 0.176267 1.389884 -0.903018
-11.921280 -6.688476 -26.703035 47.940051 0.174338 1.383136 -0.895922
-11.894033 -6.691977 -26.752991 47.980529 0.172380 1.375974 -0.888684
-11.866989 -6.695167 -26.802766 48.020411 0.170391 1.368407 -0.881281
-11.840243 -6.698127 -26.852412 48.059788 0.168371 1.360440 -0.873691
-11.813895 -6.700921 -26.901955 48.098741 0.166321 1.352089 -0.865890
-11.788050 -6.703573 -26.951328 48.137300 0.164249 1.343402 -0.857868
-11.762821 -6.706008 -27.000242 48.175412 0.162183 1.334480 -0.849837
-11.738314 -6.708248 -27.048632 48.213097 0.160131 1.325369 -0.841787
-11.714626 -6.710354 -27.096527 48.250420 0.158093 1.316078 -0.833699
-11.691850 -6.712405 -27.143986 48.287449 0.156067 1.306606 -0.825551
-11.670076 -6.714477 -27.191075 48.324249 0.154053 1.296948 -0.817325
-11.649391 -6.716633 -27.237828 48.360862 0.152050 1.287109 -0.809006
-11.629886 -6.718891 -27.284192 48.397277 0.150064 1.277127 -0.800593
-11.611680 -6.721148 -27.329855 48.433390 0.148111 1.267181 -0.792233
-11.594860 -6.723419 -27.374760 48.469189 0.146196 1.257310 -0.783925
-11.579506 -6.725761 -27.418939 48.504707 0.144320 1.247516 -0.775658
-11.565690 -6.728241 -27.462447 48.539988 0.142480 1.237796 -0.767418
-11.553483 -6.730922 -27.505337 48.575061 0.140677 1.228144 -0.759194
-11.542965 -6.733839 -27.547595 48.609918 0.138913 1.218581 -0.750987
-11.534372 -6.736895 -27.588864 48.644584 0.137193 1.209304 -0.742891
-11.527777 -6.740120 -27.629128 48.679053 0.135521 1.200335 -0.734907
-11.523234 -6.743572 -27.668436 48.713354 0.133897 1.191668 -0.727026
-11.520792 -6.747312 -27.706853 48.747528 0.132316 1.183293 -0.719238
-11.520487 -6.751405 -27.744453 48.781604 0.130775 1.175195 -0.711536
-11.522346 -6.755910 -27.781312 48.815573 0.129270 1.167360 -0.703926
-11.526405 -6.760869 -27.817472 48.849362 0.127803 1.159787 -0.696430
-11.532961 -6.766163 -27.852435 48.882965 0.126374 1.152492 -0.689086
-11.542046 -6.771828 -27.886234 48.916318 0.124986 1.145479 -0.681915
-11.553670 -6.777913 -27.918933 48.949424 0.123633 1.138735 -0.674923
-11.567847 -6.784468 -27.950590 48.982318 0.122314 1.132250 -0.668104
-11.584578 -6.791541 -27.981264 49.015031 0.121023 1.126014 -0.661458
-11.603848 -6.799175 -28.011025 49.047544 0.119756 1.120012 -0.654998
-11.625640 -6.807395 -28.039923 49.079746 0.118512 1.114241 -0.648766
-11.650197 -6.816048 -28.067433 49.111515 0.117298 1.108713 -0.642705
-11.677491 -6.825151 -28.093597 49.142742 0.116114 1.103427 -0.636858
-11.707481 -6.834739 -28.118475 49.173403 0.114954 1.098370 -0.631244
-11.740121 -6.844842 -28.142123 49.203499 0.113813 1.093529 -0.625875
-11.775350 -6.855492 -28.164618 49.232982 0.112682 1.088884 -0.620780
-11.813098 -6.866703 -28.186038 49.261692 0.111559 1.084420 -0.616021
-11.853640 -6.878280 -28.205829 49.289436 0.110453 1.080170 -0.611439
-11.896907 -6.890230 -28.224056 49.316071 0.109362 1.076123 -0.607092
-11.942830 -6.902571 -28.240768 49.341590 0.108278 1.072265 -0.602999
-11.991359 -6.915318 -28.255983 49.366053 0.107197 1.068592 -0.599158
-12.042437 -6.928483 -28.269719 49.389525 0.106115 1.065100 -0.595568
-12.095980 -6.942081 -28.282038 49.412004 0.105022 1.061768 -0.592249
-12.151901 -6.956121 -28.293036 49.433370 0.103914 1.058569 -0.589258
-12.210529 -6.970394 -28.302155 49.453523 0.102846 1.055514 -0.586394
-12.271770 -6.984899 -28.309477 49.472360 0.101813 1.052579 -0.583711
-12.335521 -6.999639 -28.315034 49.489906 0.100808 1.049748 -0.581223
-12.401695 -7.014607 -28.318815 49.506262 0.099825 1.047021 -0.578919
-12.470194 -7.029796 -28.320808 49.521533 0.098859 1.044395 -0.576790
-12.540890 -7.045211 -28.321066 49.535764 0.097900 1.041844 -0.574845
-12.613664 -7.060872 -28.319727 49.548900 0.096938 1.039315 -0.573127
-12.688945 -7.076607 -28.316323 49.561087 0.096031 1.036948 -0.571526
-12.766598 -7.092429 -28.310982 49.572273 0.095169 1.034691 -0.570086
-12.846453 -7.108329 -28.303753 49.582492 0.094340 1.032514 -0.568821
-12.928347 -7.124288 -28.294636 49.591821 0.093535 1.030400 -0.567732
-13.012093 -7.140298 -28.283688 49.600299 0.092742 1.028311 -0.566834
-13.097520 -7.156376 -28.271071 49.607886 0.091947 1.026177 -0.566171
-13.184998 -7.172389 -28.256485 49.614760 0.091215 1.024210 -0.565649
-13.274366 -7.188346 -28.240077 49.620897 0.090535 1.022343 -0.565308
-13.365456 -7.204224 -28.221868 49.626370 0.089895 1.020545 -0.565152
-13.458129 -7.219978 -28.201791 49.631325 0.089291 1.018817 -0.565160
-13.552252 -7.235560 -28.179768 49.635925 0.088719 1.017159 -0.565310
-13.647669 -7.250927 -28.155770 49.640283 0.088172 1.015555 -0.565591
-13.744200 -7.266063 -28.129880 49.644429 0.087637 1.013949 -0.566025
-13.841864 -7.280911 -28.102166 49.648403 0.087173 1.012532 -0.566568
-13.940486 -7.295449 -28.072703 49.652232 0.086767 1.011247 -0.567241
-14.039919 -7.309625 -28.041447 49.656029 0.086413 1.010078 -0.568037
-14.140039 -7.323374 -28.008294 49.659958 0.086107 1.009027 -0.568932
-14.240723 -7.336629 -27.973137 49.664181 0.085848 1.008099 -0.569904
-14.341818 -7.349338 -27.935924 49.668810 0.085628 1.007274 -0.570947
-14.443133 -7.361479 -27.896738 49.673865 0.085431 1.006485 -0.572084
-14.544581 -7.373064 -27.855838 49.679311 0.085291 1.005880 -0.573212
-14.645968 -7.384070 -27.813304 49.685158 0.085191 1.005390 -0.574359
-14.747130 -7.394437 -27.769084 49.691485 0.085125 1.004992 -0.575530
-14.847920 -7.404097 -27.723084 49.698402 0.085085 1.004675 -0.576722
-14.948179 -7.412991 -27.675244 49.705981 0.085065 1.004415 -0.577940
-15.047708 -7.421100 -27.625648 49.714209 0.085046 1.004134 -0.579222
-15.146330 -7.428507 -27.574771 49.722948 0.085068 1.004018 -0.580445
-15.243863 -7.435190 -27.522682 49.732183 0.085113 1.003991 -0.581645
-15.340176 -7.441088 -27.469301 49.741994 0.085175 1.004033 -0.582829
-15.435167 -7.446123 -27.414487 49.752505 0.085251 1.004144 -0.583984
-15.528735 -7.450217 -27.358093 49.763835 0.085338 1.004324 -0.585105
-15.620757 -7.453302 -27.300024 49.776042 0.085430 1.004555 -0.586200
-15.711050 -7.455352 -27.240338 49.789062 0.085509 1.004760 -0.587319
-15.799338 -7.456493 -27.179649 49.802578 0.085616 1.005114 -0.588292
-15.885451 -7.456697 -27.118010 49.816515 0.085733 1.005541 -0.589171
-15.969284 -7.455893 -27.055318 49.830908 0.085853 1.006019 -0.589973
-16.050766 -7.453999 -26.991417 49.845844 0.085975 1.006549 -0.590696
-16.129828 -7.450928 -26.926145 49.861399 0.086094 1.007130 -0.591342
-16.206378 -7.446600 -26.859383 49.877586 0.086207 1.007746 -0.591933
-16.280244 -7.440969 -26.791152 49.894269 0.086293 1.008325 -0.592533
-16.351029 -7.434167 -26.722153 49.910894 0.086406 1.009045 -0.592905
-16.418572 -7.426148 -26.652405 49.927308 0.086524 1.009831 -0.593120
-16.482799 -7.416829 -26.581790 49.943489 0.086643 1.010665 -0.593204
-16.543665 -7.406125 -26.510160 49.959463 0.086758 1.011538 -0.593170
-16.601132 -7.393958 -26.437394 49.975246 0.086863 1.012428 -0.593033
-16.655120 -7.380309 -26.363526 49.990787 0.086938 1.013255 -0.592824
-16.705337 -7.365442 -26.289471 50.005819 0.087052 1.014242 -0.592484
-16.751724 -7.349337 -26.215259 50.020287 0.087186 1.015309 -0.592044
-16.794282 -7.331918 -26.140763 50.034205 0.087334 1.016436 -0.591513
-16.833042 -7.313097 -26.065811 50.047617 0.087495 1.017622 -0.590891
-16.868043 -7.292789 -25.990231 50.060577 0.087669 1.018863 -0.590171
-16.899331 -7.270926 -25.913890 50.073131 0.087850 1.020142 -0.589350
-16.926928 -7.247508 -25.836822 50.085313 0.088019 1.021375 -0.588425
-16.950662 -7.222899 -25.760064 50.097096 0.088245 1.022787 -0.587419
-16.970568 -7.197103 -25.683651 50.108498 0.088508 1.024293 -0.586331
-16.986711 -7.170059 -25.607452 50.119537 0.088805 1.025876 -0.585161
-16.999166 -7.141688 -25.531297 50.130230 0.089135 1.027532 -0.583905
-17.008015 -7.111915 -25.455012 50.140595 0.089497 1.029260 -0.582562
-17.013342 -7.080684 -25.378458 50.150652 0.089890 1.031045 -0.581124
-17.015212 -7.048012 -25.301648 50.160431 0.090295 1.032811 -0.579583
-17.013453 -7.014299 -25.225646 50.169914 0.090775 1.034746 -0.577965
-17.008135 -6.979572 -25.150468 50.179110 0.091312 1.036772 -0.576266
-16.999356 -6.943789 -25.075978 50.188006 0.091905 1.038877 -0.574484
-16.987215 -6.906897 -25.002009 50.196567 0.092554 1.041058 -0.572625
-16.971811 -6.868854 -24.928408 50.204751 0.093256 1.043307 -0.570695
-16.953206 -6.829677 -24.855151 50.212483 0.093999 1.045566 -0.568706
-16.931108 -6.789755 -24.783264 50.219471 0.094861 1.047955 -0.566641
-16.905585 -6.749116 -24.712731 50.225615 0.095827 1.050416 -0.564519
-16.876751 -6.707741 -24.643412 50.230819 0.096897 1.052939 -0.562356
-16.844729 -6.665608 -24.575152 50.234976 0.098073 1.055524 -0.560173
-16.809652 -6.622699 -24.507795 50.237973 0.099355 1.058173 -0.557989
-16.771670 -6.579007 -24.441201 50.239703 0.100747 1.060882 -0.555823
-16.730905 -6.534567 -24.375325 50.240060 0.102237 1.063607 -0.553689
-16.687057 -6.489751 -24.311101 50.238670 0.103910 1.066322 -0.551548
-16.640279 -6.444605 -24.248512 50.235387 0.105757 1.068978 -0.549426
-16.590788 -6.399149 -24.187470 50.230043 0.107776 1.071558 -0.547354
-16.538841 -6.353400 -24.127887 50.222468 0.109972 1.074049 -0.545362
-16.484762 -6.307373 -24.069659 50.212570 0.112349 1.076448 -0.543459
-16.428989 -6.261053 -24.012599 50.200451 0.114924 1.078785 -0.541598
-16.372048 -6.214370 -23.956371 50.186553 0.117719 1.081139 -0.539634
-16.313749 -6.167422 -23.901411 50.171264 0.120494 1.083727 -0.537316
-16.252324 -6.120224 -23.848677 50.153792 0.123161 1.086115 -0.534804
-16.188741 -6.072545 -23.797301 50.134840 0.125779 1.088584 -0.531888
-16.123667 -6.024388 -23.747038 50.114586 0.128377 1.091202 -0.528493
-16.057535 -5.975838 -23.697867 50.092982 0.130959 1.093945 -0.524602
-15.990716 -5.927026 -23.649845 50.070067 0.133520 1.096757 -0.520173
-15.923393 -5.878343 -23.603679 50.046229 0.135992 1.099674 -0.515616
-15.855831 -5.829904 -23.559388 50.021506 0.138370 1.102652 -0.510884
-15.788182 -5.781778 -23.516928 49.995765 0.140656 1.105675 -0.505978
-15.720542 -5.734019 -23.476241 49.968817 0.142852 1.108732 -0.500914
-15.652995 -5.686679 -23.437264 49.940487 0.144960 1.111814 -0.495703
-15.585665 -5.639822 -23.399932 49.910702 0.146984 1.114918 -0.490324
-15.518776 -5.593542 -23.364194 49.879614 0.148926 1.118031 -0.484696
-15.452508 -5.548120 -23.330465 49.847825 0.150755 1.121173 -0.479196
-15.387073 -5.503646 -23.298698 49.815504 0.152473 1.124335 -0.473736
-15.322561 -5.460181 -23.268834 49.782606 0.154084 1.127515 -0.468286
-15.259006 -5.417771 -23.240820 49.749002 0.155590 1.130712 -0.462840
-15.196431 -5.376466 -23.214604 49.714567 0.156991 1.133926 -0.457392
-15.134899 -5.336322 -23.190133 49.679264 0.158293 1.137157 -0.451910
-15.074589 -5.297410 -23.167339 49.643289 0.159500 1.140417 -0.446298
-15.015669 -5.259892 -23.146404 49.607282 0.160631 1.143703 -0.440892
-14.958308 -5.223840 -23.127271 49.571449 0.161692 1.147025 -0.435595
-14.902551 -5.189316 -23.109913 49.535772 0.162685 1.150382 -0.430371
-14.848398 -5.156380 -23.094318 49.500163 0.163610 1.153770 -0.425203
-14.795875 -5.125090 -23.080464 49.464589 0.164469 1.157190 -0.420062
-14.745114 -5.095499 -23.068268 49.429224 0.165270 1.160669 -0.414862
-14.696257 -5.067650 -23.057658 49.394613 0.166024 1.164127 -0.409814
-14.649420 -5.041593 -23.048556 49.360933 0.166739 1.167593 -0.404835
-14.604586 -5.017389 -23.040956 49.328148 0.167415 1.171069 -0.399898
-14.561672 -4.995097 -23.034871 49.296133 0.168052 1.174548 -0.395005
-14.520583 -4.974774 -23.030319 49.264753 0.168647 1.178026 -0.390159
-14.481260 -4.956476 -23.027301 49.233931 0.169201 1.181506 -0.385349
-14.443749 -4.940231 -23.025723 49.203755 0.169724 1.185029 -0.380519
-14.408145 -4.925963 -23.025263 49.174591 0.170214 1.188489 -0.375795
-14.374485 -4.913705 -23.025841 49.146512 0.170681 1.191923 -0.371128
-14.342684 -4.903525 -23.027502 49.119396 0.171123 1.195325 -0.366524
-14.312600 -4.895499 -23.030333 49.093026 0.171532 1.198672 -0.362018
-14.284093 -4.889713 -23.034448 49.067146 0.171902 1.201931 -0.357654
-14.257072 -4.886258 -23.039965 49.041520 0.172225 1.205071 -0.353475
-14.231609 -4.885194 -23.046898 49.016066 0.172508 1.208110 -0.349479
-14.208026 -4.886378 -23.054705 48.991057 0.172744 1.210949 -0.345695
-14.186898 -4.889773 -23.063039 48.966981 0.172972 1.213753 -0.341981
-14.168058 -4.895188 -23.071798 48.944016 0.173201 1.216573 -0.338266
-14.150254 -4.902348 -23.081454 48.921679 0.173386 1.219220 -0.334619
-14.133833 -4.911055 -23.091611 48.900530 0.173563 1.221871 -0.330885
-14.119131 -4.921197 -23.101994 48.880962 0.173766 1.224662 -0.326945
-14.106125 -4.932440 -23.111933 48.863114 0.173966 1.227431 -0.322885
-14.094901 -4.944727 -23.121334 48.847046 0.174177 1.230242 -0.318677
-14.085430 -4.958076 -23.130303 48.832662 0.174397 1.233079 -0.314335
-14.077612 -4.972512 -23.139000 48.819801 0.174621 1.235903 -0.309892
-14.071310 -4.988034 -23.147578 48.808310 0.174839 1.238677 -0.305377
-14.066393 -5.004603 -23.156137 48.798097 0.175050 1.241385 -0.300807
-14.062747 -5.022078 -23.164599 48.789170 0.175266 1.244082 -0.296169
-14.060113 -5.040043 -23.172310 48.781558 0.175456 1.246638 -0.291648
-14.058402 -5.058303 -23.179182 48.775329 0.175634 1.249111 -0.287218
-14.057524 -5.076703 -23.185303 48.770511 0.175800 1.251492 -0.282865
-14.057391 -5.095075 -23.190810 48.767112 0.175951 1.253751 -0.278580
-14.057928 -5.113217 -23.195852 48.765147 0.176082 1.255858 -0.274356
-14.059081 -5.130878 -23.200558 48.764647 0.176191 1.257787 -0.270181
-14.060797 -5.147716 -23.204956 48.765660 0.176286 1.259558 -0.266043
-14.062912 -5.163153 -23.208627 48.768197 0.176353 1.260990 -0.262248
-14.065351 -5.176739 -23.211656 48.772178 0.176395 1.262083 -0.258827
-14.067948 -5.187994 -23.214307 48.777270 0.176402 1.262771 -0.255886
-14.070271 -5.196306 -23.216943 48.782614 0.176356 1.262955 -0.253700
-14.071355 -5.200648 -23.219748 48.786184 0.176265 1.262641 -0.252923
-14.070087 -5.197905 -23.219576 48.783442 0.176236 1.262716 -0.253511
-14.071762 -5.197924 -23.219751 48.782177 0.176228 1.262673 -0.253787
