0.000000 -0.000000 0.000000 0.000000 0.000000 -0.000000 0.000000
0.237705 -0.000710 0.350356 -1.075350 0.034170 0.025896 0.839896
0.390450 0.002741 0.687325 -2.212025 0.064474 0.035074 1.260056
0.457605 0.010768 1.020021 -3.375545 0.092885 0.032439 1.499221
0.442307 0.024610 1.354224 -4.546012 0.120928 0.022155 1.704314
0.357586 0.046047 1.691368 -5.721725 0.148656 0.006173 1.885963
0.211967 0.076938 2.031897 -6.902624 0.175891 -0.013948 2.046399
0.013789 0.119025 2.375980 -8.088343 0.202507 -0.036610 2.189262
-0.241347 0.173400 2.714514 -9.274001 0.227514 -0.058964 2.310992
-0.557635 0.241902 3.048624 -10.459549 0.251159 -0.080698 2.412985
-0.935676 0.326256 3.378866 -11.644886 0.273620 -0.101416 2.496873
-1.374497 0.428051 3.705418 -12.829955 0.295019 -0.120693 2.564003
-1.872359 0.548729 4.028244 -14.014729 0.315446 -0.138128 2.615518
-2.427036 0.689568 4.347166 -15.199196 0.334974 -0.153352 2.652439
-3.035840 0.851638 4.661808 -16.383245 0.353686 -0.165880 2.676147
-3.696570 1.036041 4.971654 -17.564603 0.370948 -0.175516 2.686406
-4.406706 1.243716 5.276926 -18.743100 0.386899 -0.182419 2.684799
-5.163366 1.475354 5.577640 -19.918686 0.401626 -0.186637 2.672320
-5.963473 1.731414 5.873833 -21.091340 0.415193 -0.188224 2.649791
-6.803845 2.012134 6.165669 -22.261045 0.427660 -0.187281 2.617993
-7.681321 2.317532 6.453515 -23.427767 0.439096 -0.183985 2.577764
-8.592713 2.647533 6.738258 -24.591418 0.449558 -0.178750 2.530216
-9.533551 3.001015 7.016001 -25.751057 0.458262 -0.170824 2.474152
-10.499586 3.376650 7.285781 -26.906617 0.465171 -0.159429 2.410286
-11.487918 3.774202 7.548662 -28.058061 0.470342 -0.145017 2.339345
-12.495517 4.192824 7.805600 -29.205390 0.473816 -0.127901 2.261873
-13.519260 4.631525 8.057354 -30.348576 0.475621 -0.108230 2.178461
-14.556015 5.089185 8.304563 -31.487534 0.475761 -0.086021 2.089904
-15.602203 5.564019 8.544214 -32.621538 0.474092 -0.061202 1.995432
-16.654754 6.054676 8.777157 -33.750528 0.470605 -0.033835 1.895711
-17.710667 6.559728 9.004453 -34.874517 0.465300 -0.004070 1.791109
-18.766981 7.077678 9.227264 -35.993537 0.458167 0.027926 1.681907
-19.820750 7.606956 9.446878 -37.107622 0.449198 0.061961 1.568367
-20.869025 8.145920 9.664739 -38.216793 0.438385 0.097811 1.450804
-21.908827 8.692802 9.882261 -39.320996 0.425705 0.135326 1.329828
-22.936937 9.245058 10.097881 -40.419543 0.411134 0.174183 1.205274
-23.950731 9.800990 10.311694 -41.512312 0.394579 0.214841 1.077805
-24.948800 10.359418 10.522598 -42.599454 0.376014 0.257993 0.946635
-25.930442 10.919081 10.732801 -43.680994 0.355397 0.303202 0.812166
-26.894668 11.478952 10.944094 -44.756945 0.332729 0.350128 0.674600
-27.840192 12.037861 11.157188 -45.827292 0.307967 0.398886 0.534171
-28.765373 12.594452 11.372664 -46.891992 0.281036 0.449680 0.391200
-29.668361 13.146751 11.589098 -47.950491 0.251462 0.502019 0.245355
-30.547296 13.693371 11.807335 -49.002764 0.219166 0.556020 0.096906
-31.400323 14.233062 12.028525 -50.048832 0.184082 0.611676 -0.054059
-32.225628 14.764656 12.253869 -51.088736 0.146136 0.668968 -0.207513
-33.021460 15.287030 12.484497 -52.122511 0.105245 0.727915 -0.363423
-33.786161 15.798987 12.721185 -53.150153 0.061295 0.788694 -0.521595
-34.518358 16.298691 12.962882 -54.171141 0.014206 0.850643 -0.681426
-35.216559 16.785101 13.210441 -55.185479 -0.036146 0.913927 -0.842766
-35.879364 17.257423 13.465018 -56.193229 -0.089877 0.978592 -1.005667
-36.505491 17.715009 13.727811 -57.194464 -0.147106 1.044670 -1.170236
-37.093792 18.157320 13.999982 -58.189261 -0.207961 1.112212 -1.336597
-37.643275 18.583894 14.282580 -59.177691 -0.272586 1.181318 -1.504843
-38.153162 18.994247 14.576394 -60.159748 -0.341143 1.252188 -1.674775
-38.623541 19.387341 14.880986 -61.134864 -0.411420 1.323088 -1.843434
-39.053898 19.762874 15.197138 -62.103041 -0.483594 1.394239 -2.010647
-39.443779 20.120750 15.525758 -63.064358 -0.557846 1.465812 -2.176544
-39.792863 20.460983 15.867720 -64.018913 -0.634361 1.537992 -2.341313
-40.100985 20.783656 16.223762 -64.966804 -0.713335 1.611011 -2.505155
-40.368155 21.088866 16.594375 -65.908125 -0.794983 1.685183 -2.668260
-40.594591 21.376621 16.979630 -66.842926 -0.879548 1.760958 -2.830656
-40.781094 21.646267 17.377711 -67.770939 -0.964879 1.835058 -2.990448
-40.928232 21.898329 17.789602 -68.692163 -1.051257 1.907758 -3.147278
-41.036509 22.133438 18.216111 -69.606685 -1.138910 1.979302 -3.301222
-41.106513 22.352305 18.657865 -70.514612 -1.228077 2.049982 -3.452454
-41.138940 22.555648 19.115211 -71.416040 -1.319014 2.120175 -3.601111
-41.134619 22.744056 19.588039 -72.311009 -1.412011 2.190400 -3.747112
-41.094770 22.917353 20.074331 -73.199498 -1.504017 2.258090 -3.887755
-41.020218 23.076354 20.573828 -74.081495 -1.595342 2.323822 -4.022781
-40.911664 23.222172 21.086359 -74.956970 -1.686285 2.388126 -4.151886
-40.769717 23.356011 21.611483 -75.825731 -1.777175 2.451609 -4.274186
-40.595217 23.478858 22.148220 -76.686952 -1.868397 2.515029 -4.386468
-40.393485 23.589840 22.696794 -77.531135 -1.960207 2.578805 -4.489601
-40.176335 23.685523 23.259965 -78.335778 -2.052497 2.642626 -4.597892
-39.946904 23.764764 23.834788 -79.096478 -2.142039 2.704229 -4.705341
-39.706891 23.827966 24.420250 -79.811064 -2.229199 2.764428 -4.811120
-39.457479 23.876036 25.015790 -80.478880 -2.314295 2.823886 -4.914866
-39.199697 23.910045 25.621061 -81.100092 -2.397626 2.883198 -5.016464
-38.934541 23.931059 26.235748 -81.675381 -2.479481 2.942950 -5.115960
-38.662996 23.940016 26.859384 -82.205830 -2.560154 3.003785 -5.213533
-38.385902 23.937592 27.491036 -82.692990 -2.639968 3.066492 -5.309521
-38.103142 23.923776 28.126998 -83.140483 -2.717224 3.127531 -5.400443
-37.815638 23.899190 28.766408 -83.550106 -2.792235 3.187691 -5.486734
-37.524546 23.864610 29.408839 -83.923495 -2.865275 3.247618 -5.568780
-37.231088 23.820799 30.053949 -84.262288 -2.936606 3.307926 -5.646971
-36.936439 23.768393 30.701232 -84.568223 -3.006499 3.369282 -5.721742
-36.641510 23.707752 31.349664 -84.843324 -3.075255 3.432520 -5.793635
-36.345929 23.638507 31.995174 -85.091427 -3.141163 3.493800 -5.860158
-36.050558 23.561006 32.636831 -85.314536 -3.204511 3.553935 -5.921869
-35.756521 23.475805 33.274249 -85.514367 -3.265539 3.613557 -5.979228
-35.465001 23.383512 33.907232 -85.692523 -3.324468 3.673230 -6.032656
-35.177158 23.284683 34.535571 -85.850574 -3.381512 3.733518 -6.082573
-34.894034 23.179726 35.158846 -85.990130 -3.436897 3.795051 -6.129418
-34.616319 23.068766 35.776081 -86.113026 -3.490885 3.858634 -6.173721
-34.343261 22.951257 36.383274 -86.222661 -3.543331 3.920311 -6.213670
-34.075424 22.827311 36.979522 -86.320800 -3.594487 3.980865 -6.249786
-33.813648 22.697253 37.564502 -86.408919 -3.644554 4.040887 -6.282482
-33.558818 22.561472 38.138113 -86.488379 -3.693715 4.100887 -6.312128
-33.311780 22.420332 38.700285 -86.560495 -3.742147 4.161360 -6.339080
-33.073246 22.274098 39.250806 -86.626606 -3.790033 4.222840 -6.363704
-32.843582 22.122842 39.789040 -86.688231 -3.837589 4.285995 -6.386437
-32.621807 21.966195 40.311851 -86.748235 -3.884827 4.347450 -6.405757
-32.408152 21.804202 40.818645 -86.808052 -3.931955 4.407849 -6.422078
-32.203084 21.637036 41.309266 -86.868861 -3.979149 4.467687 -6.435710
-32.007095 21.464903 41.783705 -86.931739 -4.026572 4.527398 -6.446923
-31.820591 21.287979 42.241927 -86.997741 -4.074386 4.587417 -6.455980
-31.643724 21.106360 42.683667 -87.068030 -4.122774 4.648246 -6.463181
-31.475663 20.919936 43.106995 -87.144626 -4.171262 4.707590 -6.467700
-31.316446 20.728781 43.511699 -87.228588 -4.220029 4.765917 -6.469795
-31.166271 20.533022 43.897844 -87.320773 -4.269230 4.823594 -6.469645
-31.025349 20.332802 44.265609 -87.421943 -4.319016 4.880937 -6.467382
-30.893863 20.128266 44.615212 -87.532799 -4.369531 4.938243 -6.463117
-30.771928 19.919559 44.946862 -87.654015 -4.420925 4.995800 -6.456943
-30.659534 19.706833 45.260702 -87.786290 -4.473349 5.053907 -6.448960
-30.556195 19.490221 45.556024 -87.930571 -4.525919 5.111010 -6.439174
-30.461811 19.269863 45.832978 -88.087470 -4.578787 5.167386 -6.427643
-30.376319 19.045873 46.091791 -88.257482 -4.632103 5.223276 -6.414368
-30.299649 18.818365 46.332725 -88.441027 -4.686016 5.278903 -6.399321
-30.231704 18.587467 46.556066 -88.638461 -4.740671 5.334467 -6.382439
-30.172377 18.353337 46.762145 -88.850059 -4.796214 5.390149 -6.363630
-30.121572 18.116209 46.951373 -89.075995 -4.852785 5.446088 -6.342762
-30.079222 17.876380 47.123930 -89.315881 -4.908679 5.501103 -6.321094
-30.045166 17.634100 47.280208 -89.569785 -4.964036 5.555320 -6.298447
-30.019174 17.389565 47.420519 -89.837750 -5.019004 5.608882 -6.274618
-30.000998 17.142963 47.545160 -90.119742 -5.073731 5.661929 -6.249376
-29.990422 16.894503 47.654474 -90.415577 -5.128363 5.714576 -6.222435
-29.987382 16.644457 47.748962 -90.724790 -5.183033 5.766873 -6.193420
-29.992343 16.393138 47.829510 -91.045384 -5.235965 5.818540 -6.165245
-30.005171 16.140846 47.896552 -91.376849 -5.287290 5.869626 -6.137509
-30.025537 15.887845 47.950333 -91.718894 -5.337148 5.920237 -6.109867
-30.053025 15.634392 47.991027 -92.071297 -5.385681 5.970496 -6.081989
-30.087200 15.380760 48.018794 -92.433814 -5.433029 6.020519 -6.053530
-30.127660 15.127255 48.033842 -92.806077 -5.479324 6.070399 -6.024106
-30.174150 14.874246 48.036523 -93.187449 -5.524688 6.120176 -5.993246
-30.226878 14.622108 48.027348 -93.575797 -5.567151 6.168938 -5.963604
-30.285520 14.371253 48.006606 -93.970498 -5.606825 6.216726 -5.934707
-30.349560 14.122063 47.974409 -94.371192 -5.643827 6.263627 -5.906156
-30.418392 13.874909 47.930793 -94.777635 -5.678269 6.309748 -5.877580
-30.491363 13.630165 47.875771 -95.189614 -5.710260 6.355191 -5.848611
-30.567795 13.388230 47.809366 -95.606867 -5.739900 6.400052 -5.818867
-30.647003 13.149543 47.731652 -96.029014 -5.767285 6.444402 -5.787929
-30.728309 12.914551 47.642521 -96.454716 -5.792212 6.486975 -5.758092
-30.810971 12.683719 47.542019 -96.883621 -5.814762 6.527834 -5.728945
-30.894214 12.457478 47.430122 -97.315521 -5.835012 6.567049 -5.700106
-30.977239 12.236241 47.306775 -97.750269 -5.853032 6.604691 -5.671211
-31.059234 12.020419 47.171925 -98.187719 -5.868887 6.640817 -5.641889
-31.139368 11.810441 47.025551 -98.627665 -5.882634 6.675466 -5.611756
-31.216747 11.606708 46.867337 -99.069137 -5.893918 6.707109 -5.582816
-31.290521 11.409622 46.697229 -99.511995 -5.902782 6.735767 -5.554703
-31.359851 11.219529 46.515107 -99.956216 -5.909266 6.761468 -5.527074
-31.423909 11.036726 46.320817 -100.401836 -5.913402 6.784232 -5.499603
-31.481881 10.861478 46.114191 -100.848901 -5.915216 6.804069 -5.471964
-31.532980 10.694023 45.895077 -101.297410 -5.914729 6.820967 -5.443812
-31.576481 10.534584 45.663382 -101.747236 -5.911951 6.834882 -5.414763
-31.611909 10.383354 45.419280 -102.197426 -5.906400 6.845989 -5.386328
-31.638541 10.240512 45.162648 -102.647897 -5.898072 6.854222 -5.358135
-31.655612 10.106194 44.893285 -103.098720 -5.886957 6.859523 -5.329853
-31.662357 9.980496 44.610957 -103.550043 -5.873039 6.861826 -5.301172
-31.658036 9.863472 44.315430 -104.002016 -5.856292 6.861049 -5.271778
-31.641963 9.755146 44.006506 -104.454738 -5.836681 6.857080 -5.241338
-31.613569 9.655512 43.684088 -104.908144 -5.814161 6.849761 -5.209464
-31.572729 9.564549 43.348653 -105.361294 -5.788750 6.839892 -5.177550
-31.518900 9.482202 43.000106 -105.814137 -5.760382 6.827282 -5.145208
-31.451473 9.408384 42.638274 -106.266783 -5.728989 6.811747 -5.112096
-31.369867 9.342974 42.262980 -106.719371 -5.694490 6.793086 -5.077879
-31.273610 9.285834 41.874121 -107.171973 -5.656793 6.771056 -5.042192
-31.162497 9.236816 41.471777 -107.624417 -5.615789 6.745336 -5.004590
-31.037223 9.195811 41.057053 -108.075230 -5.571810 6.717270 -4.967010
-30.897600 9.162631 40.630010 -108.524274 -5.524726 6.686512 -4.929012
-30.743226 9.137035 40.190520 -108.971679 -5.474408 6.652757 -4.890241
-30.573655 9.118745 39.738384 -109.417668 -5.420719 6.615703 -4.850367
-30.388496 9.107460 39.273425 -109.862453 -5.363511 6.575024 -4.809054
-30.187521 9.102886 38.795582 -110.306120 -5.302623 6.530338 -4.765924
-29.970883 9.104756 38.305063 -110.748427 -5.237873 6.481151 -4.720488
-29.740059 9.113020 37.803972 -111.187404 -5.171515 6.430715 -4.675592
-29.495212 9.127396 37.292525 -111.622808 -5.103349 6.378506 -4.630747
-29.236183 9.147534 36.770688 -112.054717 -5.033176 6.324068 -4.585569
-28.962736 9.173045 36.238335 -112.483308 -4.960798 6.266960 -4.539707
-28.674702 9.203540 35.695381 -112.908724 -4.886007 6.206710 -4.492799
-28.372134 9.238674 35.141920 -113.330928 -4.808584 6.142769 -4.444431
-28.055610 9.278209 34.578441 -113.749435 -4.728284 6.074442 -4.394042
-27.727457 9.322335 34.008086 -114.161637 -4.647231 6.006429 -4.344726
-27.388258 9.370827 33.431424 -114.567033 -4.565164 5.937992 -4.295924
-27.038146 9.423353 32.848702 -114.965534 -4.481831 5.868487 -4.247212
-26.677162 9.479534 32.260092 -115.357166 -4.396981 5.797291 -4.198207
-26.305484 9.539037 31.665894 -115.741866 -4.310352 5.723723 -4.148499
-25.923771 9.601658 31.066807 -116.119199 -4.221664 5.646961 -4.097566
-25.534369 9.667760 30.466424 -116.486780 -4.133639 5.572144 -4.048207
-25.137891 9.737142 29.865455 -116.844222 -4.045987 5.498441 -3.999925
-24.734477 9.809442 29.264175 -117.191561 -3.958434 5.425164 -3.952362
-24.324123 9.884217 28.662678 -117.528989 -3.870716 5.351682 -3.905217
-23.906859 9.961021 28.061051 -117.856708 -3.782566 5.277365 -3.858198
-23.482919 10.039488 27.459568 -118.174792 -3.693711 5.201512 -3.810985
-23.053046 10.119425 26.858956 -118.482940 -3.603859 5.123266 -3.763144
-22.619664 10.201301 26.262976 -118.779051 -3.515555 5.047879 -3.716936
-22.183496 10.284942 25.672397 -119.062849 -3.428501 4.974489 -3.671949
-21.744794 10.369994 25.087530 -119.334459 -3.342421 4.902391 -3.627909
-21.303657 10.456019 24.508473 -119.594144 -3.257051 4.830959 -3.584593
-20.860197 10.542565 23.935296 -119.842187 -3.172132 4.759577 -3.541794
-20.414693 10.629253 23.368229 -120.078771 -3.087397 4.687578 -3.499286
-19.967844 10.715861 22.807901 -120.303781 -3.002569 4.614166 -3.456764
-19.521717 10.802785 22.257633 -120.515760 -2.919816 4.543929 -3.415648
-19.077008 10.889834 21.718112 -120.714589 -2.838859 4.476068 -3.375647
-18.634025 10.976669 21.189638 -120.900432 -2.759441 4.409925 -3.336570
-18.192972 11.062904 20.672362 -121.073513 -2.681315 4.344903 -3.298256
-17.754120 11.148184 20.166471 -121.233994 -2.604239 4.280402 -3.260539
-17.318027 11.232273 19.672408 -121.381810 -2.527967 4.215744 -3.223200
-16.886212 11.315436 19.192658 -121.515908 -2.454136 4.154469 -3.187275
-16.459176 11.397466 18.727635 -121.636202 -2.382510 4.095935 -3.152560
-16.037094 11.478056 18.277425 -121.742804 -2.312867 4.039627 -3.118920
-15.620008 11.556863 17.841955 -121.835878 -2.245003 3.985098 -3.086248
-15.207934 11.633557 17.421110 -121.915562 -2.178716 3.931929 -3.054444
-14.800954 11.707862 17.014847 -121.981912 -2.113811 3.879693 -3.023395
-14.399335 11.779609 16.623319 -122.034807 -2.050091 3.827905 -2.992956
-14.003886 11.849018 16.248092 -122.073502 -1.988718 3.779061 -2.963895
-13.614833 11.915965 15.889336 -122.097817 -1.929505 3.732704 -2.936072
-13.232181 11.980258 15.547017 -122.107680 -1.872277 3.688461 -2.909390
-12.855837 12.041689 15.221006 -122.103037 -1.816868 3.646009 -2.883765
-12.485680 12.100067 14.911162 -122.083801 -1.763121 3.605047 -2.859121
-12.121622 12.155247 14.617398 -122.049813 -1.710881 3.565270 -2.835372
-11.763675 12.207173 14.339760 -122.000792 -1.659994 3.526340 -2.812417
-11.412069 12.256089 14.079197 -121.936123 -1.611283 3.489937 -2.790850
-11.066785 12.301979 13.835786 -121.855450 -1.564604 3.455748 -2.770574
-10.727679 12.344782 13.609496 -121.758461 -1.519823 3.423513 -2.751515
-10.394552 12.384432 13.400253 -121.644833 -1.476812 3.393003 -2.733609
-10.067200 12.420895 13.208002 -121.514197 -1.435450 3.364002 -2.716794
-9.745457 12.454204 13.032745 -121.366112 -1.395619 3.336287 -2.701004
-9.429172 12.484605 12.874981 -121.199980 -1.357899 3.310894 -2.686718
-9.118151 12.512164 12.734722 -121.015293 -1.322183 3.287631 -2.673881
-8.812132 12.536913 12.611921 -120.811549 -1.288373 3.266345 -2.662453
-8.510819 12.558877 12.506499 -120.588236 -1.256375 3.246911 -2.652404
-8.213909 12.578100 12.418367 -120.344812 -1.226103 3.229223 -2.643716
-7.921115 12.594658 12.347446 -120.080689 -1.197475 3.213188 -2.636370
-7.632181 12.608678 12.293665 -119.795233 -1.170414 3.198725 -2.630357
-7.346776 12.620413 12.257104 -119.487766 -1.145331 3.186334 -2.626101
-7.064677 12.630032 12.237694 -119.157600 -1.122158 3.175968 -2.623610
-6.785662 12.637689 12.235346 -118.804044 -1.100836 3.167598 -2.622911
-6.509522 12.643544 12.249946 -118.426405 -1.081311 3.161222 -2.624047
-6.236078 12.647763 12.281343 -118.023990 -1.063535 3.156865 -2.627079
-5.965191 12.650523 12.329328 -117.596101 -1.047468 3.154584 -2.632088
-5.696745 12.651998 12.393594 -117.142073 -1.033080 3.154485 -2.639185
-5.430402 12.652311 12.473425 -116.661484 -1.020593 3.156275 -2.648617
-5.166161 12.651650 12.568491 -116.153714 -1.009988 3.160098 -2.660548
-4.904118 12.650216 12.678532 -115.618166 -1.001244 3.166087 -2.675168
-4.644429 12.648203 12.803290 -115.054332 -0.994349 3.174391 -2.692711
-4.387293 12.645774 12.942459 -114.461846 -0.989293 3.185190 -2.713470
-4.132866 12.643022 13.095590 -113.840617 -0.986082 3.198727 -2.737829
-3.880804 12.639814 13.261486 -113.191828 -0.985076 3.214314 -2.764186
-3.631370 12.636220 13.439726 -112.515561 -0.986288 3.232219 -2.793017
-3.384992 12.632366 13.630059 -111.811805 -0.989729 3.252666 -2.824801
-3.142169 12.628385 13.832310 -111.080633 -0.995410 3.275869 -2.860053
-2.903405 12.624393 14.046333 -110.322348 -1.003349 3.302048 -2.899371
-2.669116 12.620454 14.271957 -109.537683 -1.013566 3.331452 -2.943483
-2.439370 12.616530 14.508870 -108.728181 -1.026095 3.364399 -2.993339
-2.212921 12.612203 14.755539 -107.898292 -1.040652 3.399408 -3.046024
-1.988843 12.607562 15.011778 -107.051328 -1.057270 3.436819 -3.102979
-1.764234 12.602831 15.277021 -106.194349 -1.076166 3.477032 -3.160277
-1.536625 12.598289 15.550846 -105.333428 -1.097535 3.520418 -3.214606
-1.306282 12.594199 15.833547 -104.469249 -1.121362 3.567209 -3.268854
-1.073760 12.590666 16.125150 -103.602024 -1.147688 3.617700 -3.324373
-0.839555 12.587566 16.425300 -102.731850 -1.176590 3.672312 -3.382141
-0.603671 12.584138 16.731980 -101.859899 -1.206676 3.728392 -3.440026
-0.366440 12.580255 17.044697 -100.986171 -1.238051 3.786428 -3.498710
-0.128176 12.575985 17.363166 -100.110607 -1.270818 3.846843 -3.558682
0.110851 12.571469 17.687175 -99.233128 -1.305081 3.910044 -3.620369
0.350405 12.566811 18.016469 -98.353660 -1.340955 3.976463 -3.684221
0.590334 12.561956 18.350593 -97.472182 -1.378561 4.046611 -3.750864
0.831135 12.556131 18.686961 -96.590069 -1.416277 4.116052 -3.817647
1.072724 12.549319 19.025142 -95.707298 -1.454228 4.185302 -3.885201
1.314962 12.541705 19.364963 -94.823780 -1.492535 4.254793 -3.953946
1.557700 12.533563 19.706368 -93.939408 -1.531316 4.324918 -4.024245
1.800786 12.525173 20.049320 -93.054071 -1.570691 4.396068 -4.096452
2.044066 12.516752 20.393700 -92.167673 -1.610784 4.468660 -4.170979
2.287450 12.508346 20.739165 -91.280188 -1.651727 4.543196 -4.248468
2.531568 12.499336 21.083278 -90.393342 -1.692238 4.615652 -4.325311
2.776344 12.489770 21.425666 -89.507112 -1.732449 4.686538 -4.402179
3.021613 12.479858 21.766203 -88.621406 -1.772484 4.756273 -4.479500
3.267176 12.469876 22.104864 -87.736109 -1.812467 4.825241 -4.557642
3.512808 12.460089 22.441634 -86.851109 -1.852520 4.893818 -4.636970
3.758270 12.450682 22.776412 -85.966306 -1.892769 4.962406 -4.717901
4.003356 12.441668 23.108855 -85.081663 -1.933345 5.031486 -4.801064
4.248475 12.432496 23.436832 -84.198830 -1.973073 5.098080 -4.882808
4.493411 12.423154 23.759943 -83.317778 -2.012081 5.162676 -4.963796
4.737862 12.413765 24.078020 -82.438417 -2.050495 5.225680 -5.044481
4.981489 12.404484 24.390966 -81.560643 -2.088433 5.287464 -5.125263
5.223928 12.395412 24.698646 -80.684358 -2.126017 5.348410 -5.206562
5.464824 12.386510 25.000741 -79.809500 -2.163371 5.408951 -5.288926
5.704170 12.377323 25.295598 -78.937273 -2.199534 5.466939 -5.369300
5.941582 12.367767 25.582873 -78.067627 -2.234621 5.522799 -5.448274
6.176614 12.357860 25.862443 -77.200484 -2.268739 5.576879 -5.526327
6.408773 12.347651 26.134307 -76.335776 -2.301979 5.629480 -5.603961
6.637513 12.337205 26.398558 -75.473475 -2.334415 5.680867 -5.681826
6.862259 12.326637 26.655425 -74.613698 -2.366075 5.731266 -5.761068
7.082707 12.316244 26.905303 -73.757095 -2.396869 5.780907 -5.844745
7.302441 12.306525 27.146307 -72.912549 -2.426456 5.828265 -5.925842
7.524627 12.298398 27.377851 -72.087543 -2.455201 5.873769 -6.001487
7.749998 12.292535 27.600280 -71.284702 -2.483108 5.917616 -6.073138
7.978575 12.289325 27.813918 -70.505165 -2.510194 5.959968 -6.141806
8.210099 12.288965 28.018978 -69.749334 -2.536492 6.001005 -6.208275
8.444216 12.291537 28.215555 -69.017279 -2.562051 6.040930 -6.273220
8.680653 12.297022 28.403547 -68.309085 -2.586935 6.080011 -6.337302
8.919760 12.305157 28.581688 -67.626284 -2.610713 6.117177 -6.398123
9.161264 12.315881 28.749830 -66.968748 -2.633453 6.152688 -6.456246
9.404765 12.329151 28.907991 -66.336020 -2.655209 6.186734 -6.512116
9.649825 12.344906 29.056246 -65.727493 -2.676032 6.219475 -6.566110
9.896013 12.363054 29.194662 -65.142502 -2.695970 6.251065 -6.618569
10.142929 12.383445 29.323222 -64.580413 -2.715083 6.281680 -6.669820
10.390376 12.405765 29.441308 -64.041220 -2.733102 6.310859 -6.718577
10.638005 12.429833 29.548906 -63.524273 -2.750080 6.338759 -6.765124
10.885470 12.455494 29.646112 -63.028849 -2.766057 6.365488 -6.809705
11.132445 12.482584 29.733059 -62.554200 -2.781067 6.391134 -6.852538
11.378617 12.510924 29.809893 -62.099560 -2.795142 6.415767 -6.893815
11.623663 12.540309 29.876761 -61.664134 -2.808309 6.439451 -6.933701
11.867198 12.570509 29.933821 -61.247057 -2.820593 6.462232 -6.972321
12.108546 12.601310 29.981425 -60.847357 -2.831858 6.484151 -7.009112
12.347361 12.632451 30.019728 -60.464200 -2.842123 6.505242 -7.044174
12.583403 12.663671 30.048864 -60.096853 -2.851405 6.525536 -7.077627
12.816478 12.694705 30.068962 -59.744635 -2.859719 6.545060 -7.109591
13.046415 12.725282 30.080149 -59.406882 -2.867074 6.563834 -7.140178
13.273030 12.755127 30.082567 -59.082912 -2.873475 6.581862 -7.169479
13.496040 12.783980 30.076460 -58.771942 -2.878913 6.599098 -7.197536
13.714657 12.811782 30.062862 -58.472773 -2.883494 6.615845 -7.224200
13.928632 12.838268 30.042009 -58.184675 -2.887201 6.632048 -7.249505
14.137854 12.863150 30.014017 -57.907086 -2.890029 6.647691 -7.273533
14.342269 12.886162 29.978983 -57.639552 -2.891965 6.662756 -7.296386
14.541864 12.907084 29.937055 -57.381728 -2.892988 6.677206 -7.318190
14.736637 12.925826 29.888573 -57.133416 -2.893047 6.690922 -7.339099
14.926400 12.942746 29.834983 -56.894768 -2.892635 6.704461 -7.358572
15.111186 12.957763 29.776606 -56.665640 -2.891696 6.717701 -7.376763
15.291050 12.970672 29.713540 -56.445803 -2.890201 6.730597 -7.393796
15.466054 12.981238 29.645796 -56.235000 -2.888126 6.743128 -7.409779
15.636271 12.989229 29.573374 -56.032991 -2.885447 6.755272 -7.424816
15.801787 12.994468 29.496339 -55.839607 -2.882126 6.766980 -7.439024
15.962688 12.996931 29.414997 -55.654802 -2.878096 6.778107 -7.452545
16.118817 12.997122 29.330978 -55.478806 -2.873790 6.789105 -7.465000
16.270280 12.995030 29.244577 -55.311597 -2.869137 6.799826 -7.476520
16.417199 12.990500 29.155815 -55.153047 -2.864096 6.810218 -7.487206
16.559692 12.983338 29.064620 -55.002977 -2.858638 6.820261 -7.497133
16.697874 12.973350 28.970899 -54.861201 -2.852734 6.829936 -7.506370
16.831860 12.960389 28.874618 -54.727557 -2.846347 6.839200 -7.514983
16.961721 12.944439 28.775986 -54.601925 -2.839405 6.847914 -7.523039
17.087152 12.925990 28.676588 -54.484123 -2.832222 6.856463 -7.530434
17.208237 12.905048 28.576626 -54.374041 -2.824726 6.864705 -7.537226
17.325108 12.881502 28.476041 -54.271538 -2.816877 6.872595 -7.543461
17.437901 12.855218 28.374707 -54.176452 -2.808641 6.880110 -7.549175
17.546736 12.826093 28.272533 -54.088611 -2.799980 6.887210 -7.554393
17.651677 12.794131 28.169639 -54.007827 -2.790826 6.893772 -7.559126
17.752388 12.759781 28.067429 -53.933638 -2.781431 6.900218 -7.563577
17.848937 12.723068 27.966014 -53.865858 -2.771728 6.906424 -7.567748
17.941449 12.683922 27.865270 -53.804327 -2.761679 6.912359 -7.571645
18.030058 12.642253 27.765004 -53.748889 -2.751251 6.918013 -7.575275
18.114895 12.597983 27.665017 -53.699384 -2.740413 6.923380 -7.578636
18.196069 12.551066 27.565165 -53.655644 -2.729125 6.928431 -7.581722
18.273616 12.501570 27.465522 -53.617455 -2.717321 6.933050 -7.584502
18.347154 12.449995 27.367417 -53.584244 -2.705146 6.937630 -7.587235
18.416715 12.396429 27.270917 -53.555806 -2.692533 6.942056 -7.589886
18.482405 12.340863 27.175861 -53.531994 -2.679439 6.946304 -7.592438
18.544339 12.283272 27.082025 -53.512677 -2.665830 6.950373 -7.594877
18.602628 12.223635 26.989177 -53.497727 -2.651671 6.954267 -7.597185
18.657363 12.161956 26.897127 -53.486997 -2.636918 6.957971 -7.599336
18.708552 12.098334 26.805872 -53.480272 -2.621508 6.961395 -7.601279
18.755845 12.033250 26.716535 -53.476990 -2.605912 6.964951 -7.603244
18.799244 11.966819 26.629108 -53.476950 -2.590062 6.968551 -7.605177
18.838822 11.899082 26.543400 -53.480030 -2.573914 6.972184 -7.607050
18.874664 11.830072 26.459182 -53.486147 -2.557427 6.975856 -7.608843
18.906848 11.759853 26.376266 -53.495229 -2.540552 6.979555 -7.610537
18.935401 11.688591 26.294661 -53.507197 -2.523216 6.983195 -7.612111
18.960087 11.616879 26.215456 -53.521842 -2.505799 6.987018 -7.613584
18.980922 11.544893 26.138658 -53.539104 -2.488226 6.990943 -7.614935
18.997964 11.472720 26.064078 -53.558956 -2.470448 6.994966 -7.616151
19.011270 11.400421 25.991474 -53.581389 -2.452422 6.999105 -7.617222
19.020892 11.328063 25.920604 -53.606408 -2.434105 7.003383 -7.618139
19.026871 11.255741 25.851275 -53.634032 -2.415446 7.007804 -7.618897
19.029204 11.183653 25.783478 -53.664285 -2.396372 7.012300 -7.619490
19.027657 11.112392 25.718151 -53.697093 -2.377275 7.016942 -7.620023
19.022214 11.042163 25.655291 -53.732498 -2.358082 7.021665 -7.620491
19.012880 10.973077 25.594713 -53.770554 -2.338739 7.026478 -7.620890
18.999659 10.905219 25.536190 -53.811321 -2.319203 7.031410 -7.621215
18.982545 10.838675 25.479490 -53.854869 -2.299426 7.036491 -7.621462
18.961516 10.773551 25.424419 -53.901275 -2.279360 7.041740 -7.621625
18.936504 10.710021 25.370920 -53.950607 -2.258934 7.047125 -7.621696
18.907211 10.648568 25.319662 -54.002795 -2.238585 7.052592 -7.621765
18.873553 10.589373 25.270598 -54.057927 -2.218244 7.058110 -7.621823
18.835474 10.532547 25.223551 -54.116115 -2.197858 7.063700 -7.621868
18.792913 10.478184 25.178318 -54.177483 -2.177382 7.069395 -7.621897
18.745796 10.426380 25.134710 -54.242159 -2.156764 7.075226 -7.621904
18.694007 10.377264 25.092615 -54.310248 -2.135949 7.081195 -7.621877
18.637239 10.331130 25.052373 -54.381716 -2.115380 7.087300 -7.621823
18.575359 10.288106 25.013885 -54.456689 -2.094998 7.093543 -7.621729
18.508259 10.248284 24.976986 -54.535332 -2.074755 7.099954 -7.621591
18.435832 10.211747 24.941507 -54.617824 -2.054604 7.106570 -7.621407
18.357961 10.178578 24.907280 -54.704357 -2.034501 7.113428 -7.621176
18.274520 10.148855 24.874151 -54.795125 -2.014397 7.120563 -7.620892
18.185356 10.122670 24.841995 -54.890308 -1.994246 7.127999 -7.620544
18.090211 10.100164 24.810855 -54.989993 -1.974373 7.135730 -7.620154
17.988920 10.081427 24.780621 -55.094381 -1.954733 7.143779 -7.619707
17.881326 10.066538 24.751168 -55.203706 -1.935277 7.152179 -7.619199
17.767274 10.055575 24.722375 -55.318220 -1.915962 7.160966 -7.618625
17.646602 10.048615 24.694126 -55.438184 -1.896741 7.170175 -7.617980
17.519141 10.045729 24.666305 -55.563864 -1.877571 7.179841 -7.617258
17.384714 10.046979 24.638788 -55.695525 -1.858412 7.190007 -7.616445
17.243132 10.052390 24.611381 -55.833402 -1.839429 7.200654 -7.615522
17.094207 10.062024 24.583973 -55.977780 -1.820582 7.211824 -7.614472
16.937752 10.075957 24.556476 -56.128967 -1.801828 7.223552 -7.613283
16.773576 10.094267 24.528807 -56.287283 -1.783123 7.235875 -7.611941
16.601483 10.117023 24.500878 -56.453053 -1.764424 7.248831 -7.610427
16.421269 10.144270 24.472565 -56.626584 -1.745696 7.262478 -7.608708
16.232700 10.175942 24.443521 -56.808048 -1.727022 7.276642 -7.606964
16.035565 10.212090 24.413635 -56.997774 -1.708365 7.291378 -7.605159
15.829657 10.252797 24.382842 -57.196130 -1.689683 7.306725 -7.603264
15.614767 10.298163 24.351099 -57.403504 -1.670930 7.322716 -7.601252
15.390684 10.348287 24.318359 -57.620289 -1.652064 7.339386 -7.599091
15.157196 10.403259 24.284562 -57.846882 -1.633042 7.356777 -7.596742
14.914084 10.463127 24.249584 -58.083654 -1.613832 7.374956 -7.594152
14.661103 10.527797 24.213048 -58.330844 -1.594367 7.393876 -7.591365
14.398036 10.597326 24.174842 -58.588846 -1.574612 7.413605 -7.588319
14.124672 10.671823 24.134924 -58.858090 -1.554525 7.434182 -7.584956
13.840801 10.751417 24.093275 -59.139024 -1.534058 7.455644 -7.581219
13.546210 10.836238 24.049874 -59.432086 -1.513164 7.478028 -7.577036
13.240683 10.926395 24.004672 -59.737691 -1.491801 7.501382 -7.572321
12.923982 11.021934 23.957531 -60.056173 -1.469935 7.525785 -7.566952
12.595773 11.122730 23.908082 -60.387534 -1.447525 7.551247 -7.561158
12.255833 11.228836 23.856202 -60.732115 -1.424535 7.577844 -7.554798
11.903965 11.340377 23.801856 -61.090331 -1.400919 7.605629 -7.547751
11.539982 11.457491 23.745031 -61.462606 -1.376627 7.634646 -7.539886
11.163694 11.580297 23.685683 -61.849323 -1.351615 7.664953 -7.531047
10.774888 11.708828 23.623660 -62.250745 -1.325848 7.696645 -7.521036
10.373234 11.842879 23.558521 -62.666606 -1.299182 7.729814 -7.510379
9.958546 11.982495 23.490136 -63.097176 -1.271581 7.764554 -7.498856
9.530678 12.127813 23.418496 -63.542830 -1.242990 7.800920 -7.486267
9.089501 12.279003 23.343631 -64.003963 -1.213351 7.838957 -7.472408
8.634888 12.436230 23.265567 -64.480928 -1.182603 7.878713 -7.457051
8.166702 12.599605 23.184276 -64.973956 -1.150696 7.920256 -7.439918
7.684764 12.769101 23.099576 -65.483040 -1.117596 7.963705 -7.420649
7.188744 12.944342 23.010900 -66.007217 -1.083052 8.009257 -7.400420
6.678513 13.125305 22.918108 -66.546461 -1.047026 8.057026 -7.378839
6.154006 13.312100 22.821220 -67.100925 -1.009454 8.107078 -7.355558
5.615192 13.504881 22.720318 -67.670803 -0.970264 8.159466 -7.330228
5.062043 13.703783 22.615482 -68.256213 -0.929383 8.214244 -7.302464
4.494513 13.908874 22.506736 -68.857079 -0.886749 8.271488 -7.271811
3.912489 14.120048 22.393955 -69.472950 -0.842319 8.331322 -7.237694
3.315562 14.336802 22.276781 -70.101633 -0.796274 8.394276 -7.203027
2.703688 14.559021 22.155136 -70.742616 -0.748564 8.460473 -7.167193
2.076922 14.786723 22.029095 -71.395629 -0.699113 8.529995 -7.129636
1.435350 15.019945 21.898768 -72.060410 -0.647844 8.602922 -7.089793
0.779038 15.258642 21.764208 -72.736502 -0.594683 8.679351 -7.047032
0.107959 15.502564 21.625310 -73.422995 -0.539584 8.759435 -7.000585
-0.578291 15.750931 21.481368 -74.116654 -0.482838 8.842465 -6.954750
-1.279639 16.003489 21.332352 -74.816603 -0.424381 8.928587 -6.908757
-1.995871 16.260168 21.178423 -75.522375 -0.364122 9.017903 -6.861943
-2.726712 16.520951 21.019818 -76.233640 -0.301953 9.110496 -6.813687
-3.471863 16.785801 20.856778 -76.950034 -0.237767 9.206457 -6.763350
-4.231027 17.054580 20.689495 -77.670995 -0.171464 9.305895 -6.710234
-5.003943 17.326949 20.518031 -78.395561 -0.102966 9.408961 -6.653523
-5.790539 17.602052 20.341727 -79.120479 -0.033038 9.514236 -6.598314
-6.590439 17.879530 20.160730 -79.844821 0.038415 9.621869 -6.543801
-7.403180 18.159180 19.975355 -80.568009 0.111516 9.731966 -6.489275
-8.228256 18.440841 19.785984 -81.289588 0.186398 9.844622 -6.434064
-9.065130 18.724324 19.593017 -82.009080 0.263197 9.959928 -6.377491
-9.913237 19.009352 19.396831 -82.725854 0.342045 10.077990 -6.318836
-10.771969 19.295469 19.197724 -83.438980 0.423058 10.198942 -6.257304
-11.640734 19.581783 18.995457 -84.145404 0.505944 10.321841 -6.198328
-12.518798 19.867808 18.790419 -84.844226 0.590840 10.446822 -6.141131
-13.405396 20.153173 18.583117 -85.534793 0.677900 10.573986 -6.085007
-14.299733 20.437525 18.374109 -86.216530 0.767290 10.703429 -6.029281
-15.200960 20.720454 18.163949 -86.888822 0.859177 10.835253 -5.973270
-16.108122 21.001413 17.953137 -87.550911 0.953720 10.969587 -5.916273
-17.020039 21.279477 17.741571 -88.200384 1.049827 11.105262 -5.863658
-17.935664 21.554100 17.529831 -88.836601 1.147683 11.242413 -5.814779
-18.854024 21.824859 17.318601 -89.459109 1.247489 11.381143 -5.769047
-19.774165 22.091374 17.108614 -90.067545 1.349460 11.521540 -5.725917
-20.695117 22.353268 16.900636 -90.661577 1.453816 11.663692 -5.684863
-21.615839 22.610143 16.695465 -91.240861 1.560783 11.807684 -5.645374
-22.535113 22.861543 16.493921 -91.805032 1.670593 11.953607 -5.606951
-23.451265 23.106785 16.296227 -92.352697 1.783033 12.100036 -5.573957
-24.363009 23.345437 16.103260 -92.883592 1.898359 12.247075 -5.545957
-25.269208 23.577127 15.915919 -93.397511 2.016841 12.394817 -5.522545
-26.168776 23.801517 15.735117 -93.894296 2.138757 12.543351 -5.503350
-27.060608 24.018301 15.561802 -94.373837 2.264401 12.692763 -5.488036
-27.943499 24.227223 15.396996 -94.836087 2.394082 12.843124 -5.476304
-28.815968 24.428109 15.241807 -95.281179 2.528127 12.994504 -5.467933
-29.675625 24.620847 15.096530 -95.709653 2.663677 13.143976 -5.464936
-30.520954 24.805331 14.962311 -96.121724 2.801085 13.291618 -5.467151
-31.350691 24.981426 14.840248 -96.517470 2.940702 13.437508 -5.474395
-32.163654 25.149018 14.731418 -96.896946 3.082886 13.581727 -5.486500
-32.958617 25.308071 14.636933 -97.260260 3.228006 13.724346 -5.503334
-33.734112 25.458717 14.557982 -97.607728 3.376452 13.865429 -5.524858
-34.487668 25.601301 14.494601 -97.940829 3.524426 14.000398 -5.551306
-35.217895 25.736031 14.447934 -98.259920 3.672326 14.129331 -5.582682
-35.923732 25.862996 14.418997 -98.565142 3.820537 14.252321 -5.618944
-36.604279 25.982250 14.408704 -98.856560 3.969434 14.369478 -5.660044
-37.258704 26.093862 14.417927 -99.134206 4.119389 14.480914 -5.705945
-37.886169 26.197961 14.447533 -99.398125 4.270780 14.586736 -5.756634
-38.485699 26.294790 14.498421 -99.648458 4.423989 14.687042 -5.812150
-39.055691 26.384693 14.570508 -99.886085 4.576261 14.778007 -5.872733
-39.595283 26.467988 14.664642 -100.111151 4.727980 14.859730 -5.938456
-40.103874 26.544940 14.781585 -100.323681 4.879520 14.932310 -6.009376
-40.581015 26.615816 14.922029 -100.523650 5.031249 14.995851 -6.085548
-41.026356 26.680911 15.086616 -100.710997 5.183530 15.050453 -6.167041
-41.439604 26.740582 15.275962 -100.885641 5.336725 15.096211 -6.253935
-41.820463 26.795274 15.490658 -101.047501 5.491194 15.133210 -6.346334
-42.168410 26.845496 15.730695 -101.196672 5.645857 15.159320 -6.444856
-42.483317 26.891766 15.996589 -101.333055 5.801072 15.174624 -6.549639
-42.765235 26.934576 16.288796 -101.456521 5.957193 15.179201 -6.660827
-43.014352 26.974418 16.607694 -101.566921 6.114571 15.173138 -6.778576
-43.230978 27.011780 16.953562 -101.664070 6.273548 15.156531 -6.903051
-43.415537 27.047127 17.326542 -101.747731 6.434457 15.129498 -7.034415
-43.568577 27.080829 17.726548 -101.817687 6.596962 15.091902 -7.172453
-43.690722 27.113391 18.153636 -101.873697 6.761398 15.043858 -7.317374
-43.782698 27.145372 18.607898 -101.915564 6.928107 14.985458 -7.469419
-43.845353 27.177327 19.089390 -101.943097 7.097434 14.916790 -7.628852
-43.879669 27.209754 19.598047 -101.956065 7.269713 14.837962 -7.795941
-43.886798 27.243003 20.133582 -101.954141 7.445262 14.749130 -7.970933
-43.868150 27.277087 20.695348 -101.936760 7.624352 14.650532 -8.153990
-43.825843 27.311492 21.283410 -101.903458 7.804632 14.545608 -8.341711
-43.761432 27.346266 21.897064 -101.853701 7.986381 14.434610 -8.534317
-43.676400 27.381787 22.535866 -101.787216 8.169923 14.317716 -8.732149
-43.572267 27.418540 23.199460 -101.703851 8.355595 14.195081 -8.935604
-43.450626 27.456948 23.887396 -101.603506 8.543729 14.066890 -9.145097
-43.313160 27.497205 24.598925 -101.486086 8.734632 13.933415 -9.361040
-43.161647 27.538993 25.332712 -101.351437 8.928541 13.795104 -9.583778
-42.998022 27.581132 26.087067 -101.200556 9.122513 13.653199 -9.808241
-42.824088 27.623279 26.860572 -101.033388 9.316792 13.508199 -10.034849
-42.641644 27.665482 27.652245 -100.850039 9.511674 13.360477 -10.264118
-42.452474 27.707808 28.461145 -100.650730 9.707454 13.210404 -10.496600
-42.258252 27.750023 29.285965 -100.435815 9.904389 13.058476 -10.732857
-42.060299 27.791186 30.124443 -100.205906 10.102626 12.905515 -10.973441
-41.858702 27.829136 30.972239 -99.964151 10.299157 12.750665 -11.212589
-41.654197 27.862531 31.826426 -99.711382 10.494067 12.595016 -11.450930
-41.446692 27.889913 32.682583 -99.448798 10.688709 12.435792 -11.690025
-41.237438 27.911147 33.539839 -99.176987 10.883160 12.274080 -11.930463
-41.027943 27.926511 34.398063 -98.896544 11.077631 12.110507 -12.172903
-40.819652 27.936296 35.257192 -98.608261 11.272413 11.945460 -12.418105
-40.613782 27.940577 36.117020 -98.313259 11.467597 11.779883 -12.666775
-40.410200 27.938936 36.976111 -98.015516 11.659787 11.613509 -12.913154
-40.210028 27.931463 37.834262 -97.716132 11.849073 11.447283 -13.157977
-40.014593 27.918376 38.691400 -97.415861 12.035706 11.281616 -13.401992
-39.825236 27.899752 39.547346 -97.115250 12.219772 11.117305 -13.645783
-39.642563 27.874995 40.400430 -96.814970 12.401519 10.954641 -13.890090
-39.465698 27.842482 41.246107 -96.516175 12.582062 10.791626 -14.136369
-39.293815 27.800529 42.080581 -96.219974 12.761222 10.629639 -14.385231
-39.122993 27.746615 42.896296 -95.931078 12.937016 10.465989 -14.630996
-38.952506 27.679671 43.690111 -95.650445 13.109355 10.301831 -14.874337
-38.782576 27.599435 44.460398 -95.378575 13.278330 10.137775 -15.115893
-38.613687 27.505957 45.206094 -95.115845 13.444097 9.974222 -15.356299
-38.446199 27.399272 45.926082 -94.862663 13.606792 9.811573 -15.596178
-38.279830 27.279107 46.618519 -94.619691 13.766434 9.650467 -15.836152
-38.112088 27.144698 47.279087 -94.390121 13.922276 9.489115 -16.071778
-37.942518 26.995891 47.906063 -94.174554 14.074356 9.328093 -16.303696
-37.771256 26.832912 48.498650 -93.973283 14.222837 9.167636 -16.532523
-37.598623 26.656144 49.056444 -93.786490 14.367927 9.007821 -16.758863
-37.424952 26.466001 49.579166 -93.614314 14.509849 8.848663 -16.983310
-37.250453 26.262854 50.066454 -93.456910 14.648811 8.690181 -17.206451
-37.075018 26.046961 50.517616 -93.314556 14.784964 8.532485 -17.428862
-36.897571 25.818621 50.931382 -93.189339 14.917339 8.375109 -17.646101
-36.717871 25.578045 51.307070 -93.081491 15.046093 8.218116 -17.858726
-36.535890 25.325504 51.644357 -92.991079 15.171437 8.061421 -18.067273
-36.351647 25.061284 51.943078 -92.918112 15.293603 7.904857 -18.272260
-36.165143 24.785688 52.203143 -92.862581 15.412835 7.748211 -18.474202
-35.976322 24.499055 52.424492 -92.824513 15.529384 7.591237 -18.673616
-35.785040 24.201811 52.607069 -92.804040 15.643496 7.433672 -18.871045
-35.591108 23.894871 52.752099 -92.802373 15.752673 7.277856 -19.063112
-35.394280 23.578633 52.859559 -92.819611 15.857168 7.123470 -19.250331
-35.194328 23.253405 52.929483 -92.855714 15.957250 6.970138 -19.433170
-34.991045 22.919506 52.962021 -92.910582 16.053201 6.817429 -19.612077
-34.784337 22.577379 52.957564 -92.984069 16.145347 6.664806 -19.787505
-34.574461 22.227749 52.917027 -93.075957 16.234096 6.511540 -19.959906
-34.363016 21.872273 52.844609 -93.186657 16.316288 6.361037 -20.124316
-34.150148 21.511661 52.741162 -93.315907 16.392315 6.212539 -20.281135
-33.935585 21.146338 52.607034 -93.463486 16.462485 6.065436 -20.430721
-33.718904 20.776625 52.442393 -93.629163 16.527075 5.919153 -20.573395
-33.499687 20.402884 52.247462 -93.812696 16.586365 5.773081 -20.709457
-33.277709 20.025691 52.022764 -94.013800 16.640685 5.626492 -20.839210
-33.053289 19.646051 51.769531 -94.232050 16.690487 5.478405 -20.962951
-32.828631 19.266100 51.492824 -94.466792 16.733269 5.333275 -21.077533
-32.603947 18.886912 51.193745 -94.717586 16.769447 5.190124 -21.183200
-32.378854 18.509170 50.872659 -94.984127 16.799308 5.048199 -21.280150
-32.152750 18.133388 50.529643 -95.266151 16.823081 4.906823 -21.368537
-31.925009 17.760094 50.164768 -95.563399 16.840990 4.765311 -21.448485
-31.695178 17.390009 49.778365 -95.875576 16.853296 4.622874 -21.520111
-31.463289 17.024293 49.371414 -96.202249 16.860368 4.478502 -21.583527
-31.231057 16.665144 48.948286 -96.541840 16.861244 4.337996 -21.639019
-30.998415 16.313791 48.509849 -96.893897 16.856256 4.200356 -21.686653
-30.764777 15.971040 48.056307 -97.258098 16.845618 4.064786 -21.726437
-30.529382 15.637492 47.587620 -97.634133 16.829491 3.930560 -21.758330
-30.291499 15.313719 47.103781 -98.021628 16.808036 3.796931 -21.782243
-30.050674 15.000442 46.605114 -98.420022 16.781470 3.663029 -21.798044
-29.807575 14.698860 46.094047 -98.827175 16.750118 3.533727 -21.807982
-29.561644 14.409606 45.570780 -99.242549 16.714157 3.408193 -21.811892
-29.311976 14.133002 45.035085 -99.665812 16.673678 3.285735 -21.809589
-29.057535 13.869168 44.486559 -100.096701 16.628731 3.165724 -21.800868
-28.797282 13.618109 43.924780 -100.534936 16.579357 3.047537 -21.785486
-28.530293 13.379782 43.349455 -100.980102 16.525613 2.930496 -21.763151
-28.255971 13.154177 42.760625 -101.431456 16.467614 2.813798 -21.733484
-27.974943 12.941448 42.160064 -101.886015 16.405469 2.701619 -21.700089
-27.686575 12.741526 41.547812 -102.343069 16.339276 2.593160 -21.662579
-27.389932 12.554189 40.923610 -102.802256 16.269065 2.487742 -21.620619
-27.084000 12.379117 40.287113 -103.263343 16.194834 2.384725 -21.573884
-26.767838 12.215939 39.638038 -103.726092 16.116588 2.283450 -21.522032
-26.440728 12.064298 38.976336 -104.190095 16.034363 2.183175 -21.464676
-26.102479 11.923934 38.302450 -104.654505 15.948284 2.082974 -21.401320
-25.754592 11.794828 37.618743 -105.115827 15.859195 1.986564 -21.335711
-25.396889 11.676706 36.925745 -105.573226 15.767226 1.892995 -21.267367
-25.028778 11.569130 36.223620 -106.026301 15.672414 1.801468 -21.195891
-24.649624 11.471584 35.512485 -106.474773 15.574781 1.711208 -21.120901
-24.259017 11.383566 34.792674 -106.918246 15.474375 1.621368 -21.041983
-23.857190 11.304715 34.065096 -107.355854 15.371349 1.530886 -20.958613
-23.446468 11.235074 33.333133 -107.783803 15.266959 1.444432 -20.874377
-23.027057 11.174258 32.597702 -108.201315 15.161354 1.360954 -20.788793
-22.598585 11.121653 31.859147 -108.608170 15.054561 1.279624 -20.701495
-22.160530 11.076513 31.117583 -109.004361 14.946559 1.199703 -20.612152
-21.712444 11.038058 30.373136 -109.389910 14.837324 1.120456 -20.520437
-21.254173 11.005564 29.626189 -109.764685 14.726869 1.041057 -20.425986
-20.786245 10.978504 28.877745 -110.128065 14.615313 0.960461 -20.328327
-20.311394 10.956935 28.131747 -110.476262 14.504100 0.884861 -20.231527
-19.830155 10.940359 27.389242 -110.808717 14.393357 0.813215 -20.135163
-19.342485 10.928062 26.650672 -111.125402 14.283096 0.744713 -20.038929
-18.848190 10.919239 25.916224 -111.426482 14.173281 0.678647 -19.942558
-18.347146 10.913107 25.186096 -111.712136 14.063874 0.614315 -19.845790
-17.839516 10.909031 24.460748 -111.982396 13.954877 0.550929 -19.748339
-17.326127 10.906685 23.741301 -112.236829 13.846403 0.487477 -19.649828
-16.809871 10.906532 23.031678 -112.472217 13.739305 0.428667 -19.553524
-16.291582 10.908327 22.333077 -112.688150 13.633713 0.373490 -19.459106
-15.771534 10.911550 21.646080 -112.884678 13.529642 0.321168 -19.366352
-15.249871 10.915590 20.971051 -113.061979 13.427071 0.271018 -19.275073
-14.726868 10.919899 20.308445 -113.220169 13.325989 0.222339 -19.185073
-14.203265 10.924173 19.659166 -113.359041 13.226456 0.174283 -19.096091
-13.681284 10.928806 19.026312 -113.476805 13.127968 0.129486 -19.008687
-13.161622 10.933536 18.410727 -113.573256 13.030582 0.087147 -18.922644
-12.644513 10.937861 17.812689 -113.648501 12.934257 0.046677 -18.837808
-12.130046 10.941183 17.232209 -113.702725 12.838912 0.007592 -18.754045
-11.618320 10.942914 16.669228 -113.736074 12.744452 -0.030558 -18.671212
-11.109588 10.942573 16.123797 -113.748553 12.650798 -0.068252 -18.589147
-10.604497 10.939903 15.596328 -113.739838 12.557926 -0.106085 -18.507623
-10.104872 10.935235 15.088927 -113.708161 12.466265 -0.141503 -18.427521
-9.611345 10.928395 14.601999 -113.653140 12.375789 -0.175073 -18.348637
-9.124179 10.919044 14.135554 -113.574649 12.286405 -0.207204 -18.270828
-8.643508 10.906790 13.689420 -113.472627 12.197991 -0.238227 -18.193972
-8.169461 10.891267 13.263379 -113.346988 12.110413 -0.268444 -18.117950
-7.702259 10.872206 12.857291 -113.197553 12.023546 -0.298167 -18.042634
-7.242363 10.849532 12.471241 -113.023939 11.937300 -0.327777 -17.967866
-6.790883 10.823640 12.106396 -112.824938 11.851946 -0.355522 -17.894192
-6.348286 10.794548 11.762847 -112.600102 11.767389 -0.381754 -17.821475
-5.914825 10.762164 11.440451 -112.349120 11.683491 -0.406727 -17.749614
-5.490687 10.726385 11.138966 -112.071709 11.600099 -0.430644 -17.678524
-5.076067 10.687174 10.858152 -111.767574 11.517052 -0.453692 -17.608132
-4.671232 10.644641 10.597851 -111.436383 11.434196 -0.476072 -17.538376
-4.276516 10.599206 10.358305 -111.077747 11.351834 -0.496940 -17.469314
-3.892193 10.551037 10.139339 -110.691285 11.269800 -0.516461 -17.400906
-3.518472 10.500205 9.940668 -110.276607 11.187912 -0.534740 -17.333118
-3.155545 10.446755 9.761948 -109.833326 11.105971 -0.551848 -17.265923
-2.803602 10.390757 9.602822 -109.361069 11.023770 -0.567833 -17.199316
-2.462841 10.332346 9.462954 -108.859514 10.941099 -0.582730 -17.133320
-2.133415 10.271775 9.342042 -108.328491 10.857739 -0.596565 -17.068020
-1.815062 10.209468 9.239760 -107.768591 10.774003 -0.609101 -17.002718
-1.507990 10.145713 9.155828 -107.179663 10.689658 -0.620332 -16.937543
-1.212509 10.080721 9.089952 -106.561439 10.604468 -0.630236 -16.872599
-0.928969 10.014672 9.041831 -105.913653 10.518185 -0.638766 -16.808007
-0.657728 9.947753 9.011184 -105.236149 10.430552 -0.645861 -16.743932
-0.399088 9.880196 8.997770 -104.529011 10.341303 -0.651443 -16.680618
-0.153116 9.812308 9.001390 -103.792836 10.250149 -0.655408 -16.618473
0.081171 9.744409 9.021367 -103.030111 10.157795 -0.658382 -16.556346
0.303814 9.676826 9.057646 -102.241953 10.063933 -0.660242 -16.494827
0.514792 9.609840 9.110280 -101.429603 9.968257 -0.660876 -16.434549
0.714443 9.543734 9.179401 -100.595039 9.870439 -0.660145 -16.376369
0.904232 9.478823 9.265069 -99.741993 9.770075 -0.657795 -16.321633
1.089896 9.415219 9.366068 -98.882514 9.667853 -0.655227 -16.259520
1.273229 9.353066 9.481655 -98.019980 9.565085 -0.652833 -16.193135
1.454106 9.292693 9.612028 -97.154890 9.461294 -0.650245 -16.124548
1.632227 9.234399 9.757277 -96.287358 9.356120 -0.647268 -16.054504
1.807333 9.178466 9.917394 -95.417374 9.249227 -0.643741 -15.983305
1.979223 9.125165 10.092304 -94.544878 9.140282 -0.639500 -15.911088
2.147766 9.074746 10.281860 -93.669809 9.028933 -0.634349 -15.837976
2.312998 9.027378 10.485769 -92.792194 8.914771 -0.627987 -15.764412
2.476013 8.982769 10.702335 -91.913446 8.800166 -0.621718 -15.690579
2.636895 8.941112 10.931286 -91.033581 8.684699 -0.615233 -15.616884
2.795594 8.902701 11.172526 -90.152507 8.568006 -0.608328 -15.543353
2.952026 8.867864 11.426030 -89.270106 8.449733 -0.600819 -15.469924
3.106096 8.836914 11.691779 -88.386260 8.329517 -0.592519 -15.396534
3.257713 8.810093 11.969686 -87.500873 8.206972 -0.583191 -15.323199
3.406904 8.787466 12.259439 -86.613960 8.081643 -0.572467 -15.250321
3.554746 8.768377 12.558849 -85.727112 7.956914 -0.562192 -15.177634
3.701263 8.752887 12.867585 -84.840349 7.832317 -0.551972 -15.105563
3.846325 8.741220 13.185553 -83.953581 7.707440 -0.541534 -15.034150
3.989757 8.733626 13.512714 -83.066697 7.581883 -0.530622 -14.963365
4.131380 8.730267 13.848936 -82.179606 7.455222 -0.518937 -14.893239
4.271135 8.731038 14.193742 -81.292321 7.326955 -0.506011 -14.824179
4.410052 8.734893 14.544289 -80.406474 7.200631 -0.494012 -14.755837
4.548080 8.741744 14.900069 -79.522084 7.075742 -0.482457 -14.688647
4.685006 8.751782 15.260977 -78.639060 6.951864 -0.471030 -14.622658
4.820561 8.765293 15.627065 -77.757288 6.828599 -0.459474 -14.557840
4.954449 8.782547 15.998393 -76.876652 6.705550 -0.447525 -14.494162
5.086370 8.803670 16.374858 -75.997057 6.582292 -0.434856 -14.431654
5.216145 8.828440 16.755868 -75.118494 6.458312 -0.420940 -14.370661
5.344658 8.855492 17.137948 -74.242390 6.337140 -0.408247 -14.310940
5.471727 8.884587 17.520413 -73.368747 6.218256 -0.396222 -14.252878
5.596990 8.915817 17.903102 -72.497480 6.101235 -0.384507 -14.196565
5.720005 8.949376 18.286064 -71.628497 5.985684 -0.372815 -14.142054
5.840276 8.985432 18.669376 -70.761712 5.871216 -0.360860 -14.089439
5.957276 9.023999 19.052964 -69.897073 5.757414 -0.348295 -14.038931
6.070547 9.064750 19.436298 -69.034646 5.643776 -0.334578 -13.991167
6.180504 9.106302 19.816023 -68.175679 5.533236 -0.322195 -13.947191
6.287604 9.148792 20.192026 -67.321940 5.425169 -0.310519 -13.910230
6.397915 9.193263 20.563231 -66.486835 5.319700 -0.299737 -13.870428
6.512913 9.240617 20.930134 -65.674379 5.216397 -0.289555 -13.829479
6.632975 9.291401 21.293070 -64.886562 5.114873 -0.279701 -13.788421
6.758292 9.345727 21.651732 -64.124701 5.014673 -0.269713 -13.748049
6.890062 9.402645 22.002796 -63.391333 4.917996 -0.261510 -13.707453
7.028250 9.462156 22.345728 -62.686922 4.824398 -0.254597 -13.667134
7.172511 9.524488 22.680526 -62.011353 4.733529 -0.248682 -13.627411
7.322397 9.589924 23.007382 -61.364237 4.645084 -0.243553 -13.588504
7.477435 9.658720 23.326534 -60.745042 4.558771 -0.239021 -13.550577
7.637168 9.731035 23.638115 -60.153183 4.474292 -0.234869 -13.513757
7.801243 9.806783 23.941864 -59.588113 4.391296 -0.230745 -13.478158
7.969847 9.885056 24.235291 -59.049761 4.311291 -0.227770 -13.443579
8.142691 9.965746 24.518109 -58.537562 4.233940 -0.225599 -13.410100
8.319417 10.048942 24.790487 -58.050882 4.158982 -0.224056 -13.377774
8.499663 10.134777 25.052747 -57.589061 4.086186 -0.223027 -13.346638
8.683071 10.223358 25.305243 -57.151418 4.015337 -0.222416 -13.316708
8.869275 10.314699 25.548246 -56.737214 3.946213 -0.222108 -13.287962
9.057883 10.408613 25.781747 -56.345589 3.878563 -0.221896 -13.260320
9.248464 10.504318 26.004408 -55.975252 3.813367 -0.222287 -13.234101
9.440667 10.601579 26.216200 -55.625372 3.750386 -0.223080 -13.209206
9.634202 10.700310 26.417379 -55.295268 3.689426 -0.224187 -13.185584
9.828805 10.800447 26.608281 -54.984313 3.630314 -0.225550 -13.163194
10.024198 10.901873 26.789203 -54.691829 3.572880 -0.227111 -13.141963
10.220001 11.004326 26.960282 -54.416928 3.516943 -0.228766 -13.121735
10.415397 11.107211 27.121214 -54.157870 3.463166 -0.230541 -13.102806
10.610047 11.210239 27.272125 -53.913819 3.411380 -0.232341 -13.085018
10.803759 11.313239 27.413295 -53.684215 3.361443 -0.234132 -13.068300
10.996404 11.416082 27.545054 -53.468613 3.313222 -0.235902 -13.052615
11.187872 11.518627 27.667727 -53.266594 3.266593 -0.237645 -13.037926
11.378022 11.620689 27.781583 -53.077671 3.221433 -0.239344 -13.024166
11.566574 11.721974 27.886809 -52.901108 3.177623 -0.240967 -13.011171
11.752554 11.822053 27.983776 -52.735121 3.135618 -0.242401 -12.999195
11.935706 11.920622 28.072645 -52.579012 3.095306 -0.243615 -12.988073
12.115944 12.017473 28.153632 -52.432377 3.056584 -0.244602 -12.977742
12.293242 12.112438 28.226978 -52.294930 3.019354 -0.245366 -12.968172
12.467592 12.205353 28.292914 -52.166408 2.983527 -0.245914 -12.959335
12.638957 12.296029 28.351639 -52.046497 2.949012 -0.246250 -12.951185
12.807164 12.384228 28.403336 -51.934673 2.915737 -0.246385 -12.943594
12.971316 12.469730 28.448721 -51.829489 2.883929 -0.246313 -12.936636
13.131254 12.552298 28.487951 -51.730445 2.853522 -0.246046 -12.930185
13.286974 12.631750 28.521163 -51.637272 2.824443 -0.245587 -12.924193
13.438517 12.707934 28.548496 -51.549783 2.796621 -0.244946 -12.918638
13.585923 12.780704 28.570085 -51.467794 2.769993 -0.244135 -12.913495
13.729148 12.849918 28.586103 -51.391022 2.744511 -0.243191 -12.908705
13.867615 12.915565 28.597371 -51.318635 2.720272 -0.241957 -12.904274
14.001297 12.977516 28.604036 -51.250367 2.697234 -0.240469 -12.900144
14.130270 13.035659 28.606183 -51.186072 2.675348 -0.238741 -12.896296
14.254638 13.089895 28.603887 -51.125641 2.654563 -0.236785 -12.892724
14.374517 13.140139 28.597211 -51.068974 2.634833 -0.234613 -12.889423
14.490015 13.186311 28.586221 -51.015951 2.616117 -0.232243 -12.886380
14.601182 13.228353 28.571034 -50.966385 2.598392 -0.229719 -12.883558
14.707688 13.266350 28.552410 -50.919646 2.581650 -0.226678 -12.881251
14.809588 13.300254 28.530441 -50.875544 2.565872 -0.223163 -12.879420
14.907005 13.330014 28.505146 -50.833955 2.551028 -0.219187 -12.878049
15.000077 13.355584 28.476522 -50.794776 2.537087 -0.214756 -12.877130
15.088948 13.376929 28.444563 -50.757911 2.524021 -0.209881 -12.876657
15.173759 13.394033 28.409278 -50.723261 2.511809 -0.204578 -12.876623
15.254612 13.406934 28.370782 -50.690703 2.500453 -0.198909 -12.877016
15.331313 13.415882 28.329740 -50.659860 2.489634 -0.193330 -12.878027
15.403965 13.420926 28.286247 -50.630607 2.479357 -0.187900 -12.879644
15.472714 13.422074 28.240278 -50.602840 2.469609 -0.182637 -12.881860
15.537712 13.419335 28.191782 -50.576461 2.460375 -0.177549 -12.884676
15.599110 13.412738 28.140726 -50.551383 2.451644 -0.172657 -12.888093
15.657034 13.402387 28.087214 -50.527538 2.443432 -0.168038 -12.892124
15.711367 13.388686 28.032095 -50.504825 2.435358 -0.163932 -12.896610
15.762230 13.371744 27.975452 -50.483173 2.427438 -0.160414 -12.901565
15.809773 13.351605 27.917217 -50.462499 2.419664 -0.157506 -12.906997
15.854146 13.328296 27.857277 -50.442714 2.412023 -0.155213 -12.912913
15.895502 13.301848 27.795517 -50.423741 2.404503 -0.153546 -12.919324
15.933995 13.272328 27.731862 -50.405533 2.397097 -0.152534 -12.926254
15.969771 13.239904 27.666421 -50.388111 2.389833 -0.152279 -12.933754
16.002765 13.205188 27.600487 -50.371700 2.382400 -0.152345 -12.941351
16.033120 13.168350 27.534158 -50.356322 2.374824 -0.152836 -12.949095
16.060983 13.129460 27.467339 -50.341934 2.367098 -0.153785 -12.957015
16.086495 13.088557 27.399880 -50.328467 2.359210 -0.155205 -12.965126
16.109793 13.045681 27.331630 -50.315852 2.351143 -0.157110 -12.973446
16.131010 13.000900 27.262482 -50.304041 2.342891 -0.159534 -12.982000
16.150260 12.954388 27.192532 -50.293038 2.334481 -0.162591 -12.990833
16.167386 12.906790 27.123189 -50.282941 2.326114 -0.165629 -12.999675
16.182496 12.858281 27.054545 -50.273757 2.317816 -0.168762 -13.008571
16.195714 12.808929 26.986492 -50.265444 2.309580 -0.172029 -13.017549
16.207159 12.758776 26.918874 -50.257945 2.301391 -0.175447 -13.026626
16.216938 12.707875 26.851563 -50.251203 2.293238 -0.179048 -13.035824
16.225125 12.656358 26.784592 -50.245178 2.285140 -0.182924 -13.045169
16.231506 12.604737 26.719097 -50.239746 2.277097 -0.186639 -13.054688
16.236147 12.553139 26.655111 -50.234870 2.269127 -0.190286 -13.064409
16.239140 12.501606 26.592503 -50.230498 2.261219 -0.193890 -13.074351
16.240571 12.450158 26.531103 -50.226574 2.253355 -0.197461 -13.084533
16.240525 12.398806 26.470737 -50.223039 2.245514 -0.201006 -13.094972
16.239075 12.347574 26.411258 -50.219844 2.237682 -0.204539 -13.105687
16.236264 12.296542 26.352638 -50.216943 2.229865 -0.208126 -13.116702
16.231904 12.246066 26.295610 -50.214288 2.222149 -0.211624 -13.127719
16.226029 12.196222 26.240152 -50.211837 2.214541 -0.215094 -13.138761
16.218694 12.147025 26.186127 -50.209553 2.207025 -0.218553 -13.149853
16.209952 12.098475 26.133375 -50.207393 2.199581 -0.222004 -13.161016
16.199849 12.050569 26.081735 -50.205315 2.192190 -0.225449 -13.172273
16.188421 12.003305 26.031061 -50.203278 2.184835 -0.228897 -13.183644
16.175678 11.956716 25.981287 -50.201233 2.177512 -0.232385 -13.195150
16.161459 11.911016 25.932829 -50.199115 2.170310 -0.235867 -13.206534
16.145764 11.866235 25.885627 -50.196881 2.163226 -0.239380 -13.217819
16.128608 11.822366 25.839549 -50.194508 2.156245 -0.242932 -13.229030
16.110009 11.779398 25.794456 -50.191980 2.149347 -0.246529 -13.240197
16.089983 11.737322 25.750222 -50.189301 2.142514 -0.250176 -13.251356
16.068549 11.696161 25.706774 -50.186507 2.135739 -0.253903 -13.262553
16.045699 11.656078 25.664352 -50.183814 2.129143 -0.257618 -13.273447
16.021440 11.617093 25.622891 -50.181267 2.122719 -0.261352 -13.284087
15.995763 11.579191 25.582277 -50.178887 2.116449 -0.265111 -13.294511
15.968654 11.542350 25.542385 -50.176688 2.110316 -0.268900 -13.304753
15.940091 11.506546 25.503092 -50.174696 2.104304 -0.272722 -13.314852
15.910054 11.471765 25.464293 -50.172960 2.098396 -0.276587 -13.324852
15.878541 11.438024 25.425924 -50.171591 2.092584 -0.280520 -13.334821
15.845601 11.405462 25.388156 -50.170976 2.086931 -0.284390 -13.344429
15.811217 11.374094 25.350930 -50.171234 2.081430 -0.288223 -13.353744
15.775343 11.343904 25.314147 -50.172434 2.076065 -0.292028 -13.362811
15.737917 11.314866 25.277693 -50.174626 2.070821 -0.295809 -13.371669
15.698865 11.286953 25.241455 -50.177862 2.065684 -0.299569 -13.380355
15.658114 11.260143 25.205328 -50.182211 2.060637 -0.303315 -13.388910
15.615599 11.234437 25.169232 -50.187782 2.055671 -0.307062 -13.397389
15.571292 11.209919 25.133235 -50.194877 2.050830 -0.310722 -13.405595
15.525114 11.186591 25.097259 -50.203618 2.046104 -0.314311 -13.413582
15.476962 11.164436 25.061200 -50.214095 2.041480 -0.317836 -13.421392
15.426721 11.143433 25.024947 -50.226394 2.036943 -0.321299 -13.429063
15.374270 11.123566 24.988394 -50.240612 2.032480 -0.324705 -13.436633
15.319497 11.104837 24.951454 -50.256883 2.028082 -0.328066 -13.444154
15.262333 11.087311 24.914133 -50.275505 2.023731 -0.331324 -13.451504
15.202652 11.070995 24.876342 -50.296623 2.019418 -0.334493 -13.458732
15.140301 11.055881 24.837972 -50.320353 2.015129 -0.337576 -13.465876
15.075119 11.041958 24.798909 -50.346807 2.010853 -0.340576 -13.472968
15.006933 11.029220 24.759034 -50.376101 2.006576 -0.343496 -13.480040
14.935566 11.017665 24.718234 -50.408360 2.002285 -0.346339 -13.487123
14.860841 11.007304 24.676406 -50.443739 1.997971 -0.349114 -13.494259
14.782614 10.998192 24.633505 -50.482517 1.993619 -0.351748 -13.501325
14.700694 10.990347 24.589425 -50.524861 1.989219 -0.354250 -13.508360
14.614876 10.983779 24.544042 -50.570930 1.984759 -0.356624 -13.515397
14.524947 10.978500 24.497229 -50.620882 1.980225 -0.358871 -13.522466
14.430686 10.974524 24.448854 -50.674888 1.975604 -0.360996 -13.529597
14.331874 10.971875 24.398788 -50.733135 1.970886 -0.363002 -13.536824
14.228292 10.970590 24.346914 -50.795844 1.966058 -0.364899 -13.544189
14.119782 10.970748 24.293162 -50.863398 1.961101 -0.366608 -13.551545
14.006115 10.972394 24.237408 -50.936037 1.956005 -0.368138 -13.558935
13.887048 10.975567 24.179511 -51.013985 1.950756 -0.369495 -13.566390
13.762329 10.980301 24.119323 -51.097468 1.945341 -0.370683 -13.573939
13.631703 10.986641 24.056695 -51.186722 1.939748 -0.371706 -13.581612
13.494919 10.994639 23.991483 -51.282007 1.933963 -0.372575 -13.589443
13.351766 11.004381 23.923574 -51.383702 1.927961 -0.373232 -13.597314
13.201985 11.015927 23.852815 -51.492085 1.921731 -0.373686 -13.605259
13.045311 11.029332 23.779043 -51.607432 1.915257 -0.373945 -13.613302
12.881475 11.044653 23.702084 -51.730028 1.908526 -0.374013 -13.621467
12.710209 11.061951 23.621767 -51.860171 1.901521 -0.373900 -13.629778
12.531252 11.081297 23.537924 -51.998186 1.894230 -0.373616 -13.638261
12.344362 11.102783 23.450407 -52.144444 1.886641 -0.373183 -13.646957
12.149380 11.126563 23.359140 -52.299527 1.878721 -0.372545 -13.655701
11.946070 11.152733 23.263968 -52.463829 1.870459 -0.371727 -13.664529
11.734177 11.181373 23.164710 -52.637719 1.861839 -0.370744 -13.673463
11.513449 11.212557 23.061172 -52.821563 1.852846 -0.369612 -13.682516
11.283638 11.246359 22.953158 -53.015733 1.843464 -0.368347 -13.691696
11.044509 11.282862 22.840484 -53.220622 1.833678 -0.366973 -13.701015
10.795844 11.322173 22.723003 -53.436659 1.823481 -0.365531 -13.710488
10.537463 11.364485 22.600769 -53.664380 1.812806 -0.363900 -13.720058
10.269169 11.409905 22.473632 -53.904230 1.801646 -0.362123 -13.729734
9.990761 11.458514 22.341402 -54.156637 1.789985 -0.360236 -13.739509
9.702044 11.510387 22.203881 -54.422022 1.777809 -0.358273 -13.749367
9.402833 11.565605 22.060895 -54.700809 1.765106 -0.356280 -13.759285
9.092952 11.624280 21.912338 -54.993424 1.751875 -0.354330 -13.769234
8.772170 11.686663 21.758525 -55.300199 1.737983 -0.352167 -13.779407
8.440337 11.752867 21.599345 -55.621575 1.723429 -0.349870 -13.789763
8.097325 11.822964 21.434615 -55.957998 1.708201 -0.347496 -13.800255
7.743015 11.897016 21.264135 -56.309914 1.692280 -0.345098 -13.810822
7.377304 11.975079 21.087706 -56.677756 1.675652 -0.342732 -13.821393
7.000088 12.057218 20.905168 -57.061920 1.658306 -0.340474 -13.831874
6.611248 12.143536 20.716477 -57.462727 1.640249 -0.338443 -13.842140
6.210440 12.234334 20.522286 -57.880009 1.621248 -0.336137 -13.852806
5.797588 12.329712 20.322549 -58.314095 1.601309 -0.333684 -13.863732
5.372666 12.429726 20.117114 -58.765384 1.580420 -0.331175 -13.874786
4.935674 12.534410 19.905804 -59.234291 1.558564 -0.328692 -13.885834
4.486625 12.643788 19.688452 -59.721197 1.535723 -0.326325 -13.896718
4.025523 12.757894 19.464950 -60.226399 1.511889 -0.324190 -13.907243
3.552301 12.876816 19.235374 -60.749997 1.487082 -0.322466 -13.917141
3.066422 13.000908 19.000803 -61.290976 1.460994 -0.320614 -13.927765
2.567872 13.130260 18.761318 -61.849417 1.433642 -0.318824 -13.938825
2.056738 13.264897 18.516839 -62.425547 1.405017 -0.317234 -13.950064
1.533125 13.404830 18.267267 -63.019584 1.375102 -0.315974 -13.961214
0.997105 13.550078 18.012568 -63.631617 1.343890 -0.315201 -13.971955
0.448594 13.700744 17.752954 -64.261395 1.311410 -0.315159 -13.981843
-0.113348 13.857290 17.490018 -64.906793 1.277497 -0.315029 -13.992972
-0.688743 14.019835 17.223964 -65.567572 1.242177 -0.315063 -14.004894
-1.277435 14.188421 16.954767 -66.243801 1.205433 -0.315430 -14.017251
-1.879223 14.363065 16.682341 -66.935617 1.167235 -0.316282 -14.029697
-2.493917 14.543781 16.406619 -67.643088 1.127552 -0.317775 -14.041859
-3.121407 14.730616 16.127632 -68.366053 1.086367 -0.320102 -14.053279
-3.761850 14.923739 15.845752 -69.103804 1.043716 -0.323574 -14.063308
-4.416777 15.123822 15.563353 -69.852731 0.999549 -0.326506 -14.075171
-5.086260 15.331062 15.280795 -70.612128 0.953895 -0.329211 -14.088223
-5.770083 15.545539 14.998122 -71.381761 0.906724 -0.331889 -14.101971
-6.467956 15.767284 14.715279 -72.161512 0.857986 -0.334705 -14.115953
-7.179589 15.996290 14.432173 -72.951184 0.807620 -0.337807 -14.129680
-7.904766 16.232514 14.148724 -73.750305 0.755569 -0.341349 -14.142568
-8.643518 16.475876 13.864972 -74.557775 0.701791 -0.345517 -14.153830
-9.397117 16.726332 13.582014 -75.369257 0.646811 -0.349142 -14.167681
-10.165487 16.983807 13.299937 -76.183641 0.590585 -0.352423 -14.183347
-10.948285 17.248236 13.018726 -77.000330 0.533042 -0.355524 -14.200217
-11.745105 17.519538 12.738344 -77.818826 0.474102 -0.358594 -14.217717
-12.555576 17.797575 12.458747 -78.638466 0.413680 -0.361775 -14.235218
-13.379522 18.082105 12.179933 -79.458064 0.351697 -0.365215 -14.251930
-14.217815 18.372693 11.902468 -80.273392 0.288893 -0.368340 -14.272314
-15.070174 18.669087 11.626433 -81.083356 0.225189 -0.371319 -14.295641
-15.936101 18.971115 11.351903 -81.887396 0.160492 -0.374315 -14.321351
-16.815036 19.278616 11.078965 -82.685138 0.094705 -0.377491 -14.348952
-17.706415 19.591394 10.807704 -83.476198 0.027725 -0.381003 -14.377960
-18.609698 19.909163 10.538186 -84.260011 -0.040556 -0.384995 -14.407835
-19.524470 20.231456 10.270468 -85.035562 -0.110252 -0.389594 -14.437907
-20.451092 20.557440 10.005141 -85.799425 -0.179792 -0.393248 -14.471576
-21.389049 20.886631 9.742370 -86.550665 -0.249286 -0.396110 -14.508237
-22.337683 21.218702 9.482392 -87.288799 -0.318841 -0.398355 -14.547436
-23.296295 21.553387 9.225490 -88.013518 -0.388559 -0.400170 -14.588788
-24.264163 21.890421 8.971984 -88.724556 -0.458542 -0.401748 -14.631933
-25.240518 22.229501 8.722214 -89.421594 -0.528893 -0.403277 -14.676503
-26.224515 22.570210 8.476535 -90.104175 -0.599719 -0.404938 -14.722102
-27.215304 22.911947 8.235789 -90.770930 -0.669119 -0.404406 -14.770533
-28.211959 23.254308 8.000406 -91.421475 -0.737194 -0.401870 -14.821463
-29.213608 23.596996 7.770852 -92.055586 -0.804037 -0.397528 -14.874618
-30.219392 23.939751 7.547601 -92.673105 -0.869741 -0.391576 -14.929760
-31.228403 24.282294 7.331112 -93.273917 -0.934396 -0.384195 -14.986676
-32.239558 24.624269 7.121781 -93.857968 -0.998104 -0.375534 -15.045190
-33.251262 24.965152 6.919856 -94.425480 -1.059852 -0.364754 -15.105333
-34.262447 25.304635 6.725743 -94.976484 -1.119736 -0.351993 -15.166987
-35.272266 25.642517 6.539906 -95.510987 -1.177842 -0.337400 -15.230033
-36.279982 25.978635 6.362799 -96.028999 -1.234249 -0.321118 -15.294366
-37.284883 26.312814 6.194833 -96.530550 -1.289041 -0.303266 -15.359894
-38.286177 26.644804 6.036316 -97.015727 -1.342313 -0.283924 -15.426563
-39.282801 26.974185 5.887324 -97.484812 -1.394188 -0.263089 -15.494397
-40.272807 27.300245 5.747191 -97.939121 -1.443789 -0.240378 -15.562412
-41.255162 27.622620 5.615985 -98.378972 -1.491234 -0.215766 -15.630664
-42.229152 27.941140 5.493984 -98.804496 -1.536609 -0.189290 -15.699150
-43.194203 28.255726 5.381528 -99.215755 -1.579989 -0.160999 -15.767853
-44.149773 28.566314 5.278939 -99.612798 -1.621443 -0.130926 -15.836759
-45.095240 28.872769 5.186447 -99.995714 -1.661052 -0.099067 -15.905877
-46.029705 29.174791 5.104032 -100.364775 -1.698926 -0.065331 -15.975293
-46.951430 29.471742 5.030727 -100.721246 -1.734834 -0.030262 -16.043959
-47.859521 29.763356 4.966497 -101.065428 -1.768881 0.006255 -16.111980
-48.753377 30.049558 4.911523 -101.397446 -1.801141 0.044270 -16.179406
-49.632497 30.330343 4.866032 -101.717392 -1.831679 0.083831 -16.246278
-50.496328 30.605680 4.830164 -102.025417 -1.860568 0.125016 -16.312664
-51.344051 30.875403 4.803785 -102.321907 -1.887910 0.167992 -16.378721
-52.173997 31.139022 4.785536 -102.608294 -1.913449 0.211476 -16.443576
-52.985408 31.396424 4.775266 -102.884975 -1.937284 0.255652 -16.507392
-53.777874 31.647675 4.773088 -103.152106 -1.959478 0.300634 -16.570252
-54.551140 31.892920 4.779206 -103.409749 -1.980079 0.346510 -16.632209
-55.305000 32.132311 4.793811 -103.657941 -1.999133 0.393380 -16.693310
-56.039184 32.365923 4.816988 -103.896763 -2.016700 0.441384 -16.753624
-56.753198 32.593650 4.848543 -104.126460 -2.032872 0.490753 -16.813276
-57.445902 32.814928 4.887090 -104.348041 -2.047669 0.540035 -16.871486
-58.116820 33.029660 4.932423 -104.561754 -2.061180 0.589477 -16.928382
-58.765744 33.237939 4.984600 -104.767669 -2.073459 0.639248 -16.984036
-59.392586 33.439934 5.043780 -104.965782 -2.084545 0.689490 -17.038495
-59.997283 33.635812 5.110119 -105.156074 -2.094474 0.740351 -17.091803
-60.579711 33.825660 5.183666 -105.338562 -2.103299 0.792020 -17.144018
-61.139548 34.009364 5.264203 -105.513393 -2.111104 0.844773 -17.195242
-61.675958 34.186287 5.350407 -105.681210 -2.117917 0.897402 -17.245163
-62.188603 34.356293 5.442048 -105.842168 -2.123821 0.950198 -17.293887
-62.677345 34.519428 5.539151 -105.996290 -2.128866 1.003377 -17.341478
-63.142118 34.675781 5.641826 -106.143565 -2.133089 1.057129 -17.387986
-63.582831 34.825394 5.750136 -106.284001 -2.136535 1.111667 -17.433470
-63.999251 34.968135 5.863940 -106.417706 -2.139275 1.167276 -17.478021
-64.390764 35.103396 5.982183 -106.545162 -2.141246 1.223015 -17.521410
-64.757135 35.231035 6.104746 -106.666494 -2.142514 1.279170 -17.563731
-65.098288 35.351078 6.231749 -106.781733 -2.143113 1.335952 -17.605049
-65.414211 35.463616 6.363417 -106.890880 -2.143063 1.393546 -17.645418
-65.704902 35.568734 6.499993 -106.993941 -2.142380 1.452134 -17.684891
-65.970313 35.666453 6.641666 -107.090954 -2.141088 1.511921 -17.723532
-66.210277 35.756647 6.788453 -107.182042 -2.139235 1.573176 -17.761432
-66.424335 35.838790 6.939657 -107.267628 -2.136672 1.635219 -17.798337
-66.612294 35.912733 7.095307 -107.347848 -2.133444 1.698324 -17.834340
-66.774065 35.978454 7.255620 -107.422760 -2.129569 1.762711 -17.869513
-66.909596 36.035982 7.420889 -107.492396 -2.125055 1.828581 -17.903917
-67.018841 36.085347 7.591430 -107.556782 -2.119905 1.896134 -17.937613
-67.101725 36.126541 7.767525 -107.615956 -2.114129 1.965589 -17.970663
-67.158106 36.159462 7.949350 -107.669988 -2.107747 2.037204 -18.003142
-67.187690 36.183735 8.136584 -107.719075 -2.100523 2.110486 -18.035009
-67.190315 36.199240 8.329399 -107.763284 -2.092477 2.185710 -18.066338
-67.165876 36.205934 8.528070 -107.802634 -2.083615 2.263126 -18.097191
-67.114296 36.203798 8.732907 -107.837118 -2.073937 2.342980 -18.127623
-67.035526 36.192813 8.944222 -107.866698 -2.063440 2.425526 -18.157680
-66.929554 36.172918 9.162292 -107.891292 -2.052128 2.511039 -18.187395
-66.796472 36.143898 9.387231 -107.910624 -2.039670 2.599543 -18.217130
-66.636273 36.105691 9.619306 -107.924598 -2.026066 2.691335 -18.246918
-66.448923 36.058278 9.858807 -107.933148 -2.011311 2.786717 -18.276804
-66.234390 36.001661 10.106031 -107.936208 -1.995396 2.885995 -18.306838
-65.992676 35.935862 10.361275 -107.933691 -1.978308 2.989488 -18.337064
-65.723851 35.860926 10.624831 -107.925454 -1.960035 3.097530 -18.367515
-65.428132 35.776937 10.897013 -107.911243 -1.940556 3.210454 -18.398192
-65.106070 35.683968 11.178074 -107.890422 -1.919811 3.327929 -18.429508
-64.757915 35.582111 11.468282 -107.862715 -1.897781 3.450334 -18.461465
-64.383814 35.471438 11.767845 -107.827919 -1.874455 3.578082 -18.494096
-63.983898 35.352013 12.076933 -107.785843 -1.849821 3.711615 -18.527440
-63.558357 35.223918 12.395693 -107.736247 -1.823871 3.851396 -18.561532
-63.107515 35.087278 12.724263 -107.678780 -1.796594 3.997905 -18.596374
-62.631988 34.942280 13.062843 -107.612856 -1.767967 4.151618 -18.631908
-62.133103 34.789155 13.411940 -107.536941 -1.738412 4.312868 -18.669489
-61.611566 34.628128 13.771683 -107.450414 -1.707913 4.482195 -18.709060
-61.067897 34.459394 14.142084 -107.352837 -1.676464 4.660197 -18.750632
-60.502617 34.283152 14.523116 -107.243798 -1.644066 4.847508 -18.794233
-59.916397 34.099639 14.914769 -107.122790 -1.610711 5.044778 -18.839873
-59.310292 33.909166 15.317161 -106.989021 -1.576377 5.252634 -18.887471
-58.686205 33.711810 15.729596 -106.841074 -1.541573 5.466736 -18.936284
-58.045246 33.507905 16.152155 -106.678192 -1.506281 5.687777 -18.986257
-57.388194 33.297726 16.584750 -106.499919 -1.470501 5.916527 -19.037450
-56.715735 33.081519 17.027235 -106.305906 -1.434241 6.153797 -19.089970
-56.028601 32.859537 17.479439 -106.095805 -1.397511 6.400427 -19.143930
-55.327715 32.632077 17.941211 -105.869168 -1.360314 6.657268 -19.199424
-54.614437 32.399514 18.412528 -105.625263 -1.322636 6.925141 -19.256452
-53.891015 32.161932 18.892178 -105.362875 -1.283988 7.198744 -19.313666
-53.158860 31.919730 19.380124 -105.081344 -1.244357 7.478957 -19.371103
-52.419010 31.673237 19.876179 -104.780332 -1.203746 7.766741 -19.428928
-51.672380 31.422732 20.380106 -104.459637 -1.162162 8.063093 -19.487353
-50.919893 31.168483 20.891657 -104.119106 -1.119605 8.369038 -19.546619
-50.162605 30.910791 21.410591 -103.758588 -1.076071 8.685614 -19.606968
-49.401880 30.650037 21.936751 -103.377842 -1.031532 9.013842 -19.668614
-48.639529 30.386339 22.468150 -102.976797 -0.986548 9.346299 -19.730016
-47.876927 30.120102 23.004685 -102.555340 -0.941084 9.684050 -19.791449
-47.115174 29.851642 23.546195 -102.113535 -0.895112 10.028207 -19.853267
-46.355266 29.581248 24.092522 -101.651549 -0.848599 10.379902 -19.915864
-45.598184 29.309245 24.643537 -101.169673 -0.801497 10.740279 -19.979682
-44.844939 29.036106 25.199160 -100.668400 -0.753731 11.110476 -20.045229
-44.096094 28.762317 25.756964 -100.149655 -0.706114 11.482001 -20.110225
-43.352573 28.488334 26.316991 -99.614013 -0.658561 11.856008 -20.175240
-42.615226 28.214417 26.879296 -99.061858 -0.610997 12.233671 -20.240801
-41.884861 27.940726 27.443931 -98.493480 -0.563352 12.616176 -20.307415
-41.162271 27.667382 28.010941 -97.909159 -0.515551 13.004725 -20.375592
-40.448237 27.394517 28.580347 -97.309261 -0.467512 13.400542 -20.445885
-39.743498 27.122362 29.152124 -96.694418 -0.419142 13.804875 -20.518922
-39.047862 26.851105 29.723256 -96.067391 -0.371291 14.207723 -20.591521
-38.361994 26.580980 30.293809 -95.428869 -0.323857 14.610349 -20.664373
-37.686598 26.312082 30.863926 -94.779248 -0.276741 15.013998 -20.738096
-37.022374 26.044444 31.433782 -94.118804 -0.229841 15.419911 -20.813275
-36.370010 25.778081 32.003555 -93.447817 -0.183050 15.829333 -20.890506
-35.730153 25.513054 32.573404 -92.766723 -0.136248 16.243530 -20.970443
-35.103290 25.249567 33.143421 -92.076390 -0.089298 16.663800 -21.053876
-34.488425 24.987951 33.710296 -91.380647 -0.043091 17.078948 -21.137191
-33.885973 24.728432 34.274197 -90.680472 0.002521 17.490273 -21.221251
-33.296492 24.471073 34.835390 -89.976424 0.047680 17.899038 -21.306795
-32.720560 24.215873 35.394155 -89.268941 0.092528 18.306492 -21.394531
-32.158689 23.962842 35.950738 -88.558578 0.137212 18.713897 -21.485210
-31.611143 23.712121 36.505264 -87.846359 0.181896 19.122564 -21.579725
-31.076268 23.464012 37.053969 -87.136784 0.225656 19.520032 -21.674326
-30.554242 23.218668 37.597026 -86.430920 0.268657 19.907590 -21.769953
-30.045470 22.976069 38.134745 -85.729278 0.311054 20.286446 -21.867382
-29.550416 22.736111 38.667463 -85.032143 0.352990 20.657769 -21.967315
-29.069529 22.498658 39.195488 -84.339771 0.394605 21.022715 -22.070448
-28.603151 22.263580 39.719045 -83.652609 0.436041 21.382462 -22.177541
-28.151288 22.030837 40.238108 -82.971679 0.477434 21.738277 -22.289515
-27.711807 21.800754 40.749687 -82.302373 0.517695 22.082284 -22.400350
-27.284640 21.573330 41.253767 -81.645778 0.556962 22.415721 -22.511011
-26.870041 21.348463 41.750580 -81.002364 0.595374 22.739688 -22.622278
-26.468361 21.126003 42.240423 -80.372352 0.633064 23.055226 -22.734844
-26.079945 20.905779 42.723584 -79.755921 0.670158 23.363354 -22.849384
-25.705052 20.687633 43.200265 -79.153407 0.706779 23.665105 -22.966618
-25.343628 20.471468 43.670410 -78.565648 0.743036 23.961602 -23.087391
-24.993774 20.257588 44.131767 -77.997500 0.777936 24.247664 -23.205792
-24.655380 20.045941 44.584265 -77.449859 0.811584 24.524380 -23.322683
-24.328634 19.836417 45.028082 -76.923099 0.844089 24.792705 -23.438770
-24.013793 19.628875 45.463446 -76.417402 0.875553 25.053541 -23.554682
-23.711086 19.423165 45.890540 -75.932957 0.906066 25.307779 -23.671038
-23.420558 19.219149 46.309366 -75.470204 0.935696 25.556355 -23.788497
-23.141131 19.016944 46.718435 -75.032173 0.963823 25.795608 -23.903015
-22.872812 18.816441 47.117748 -74.619280 0.990505 26.026428 -24.015225
-22.615775 18.617515 47.507492 -74.231611 1.015802 26.249605 -24.125657
-22.370241 18.420028 47.887913 -73.869107 1.039771 26.465875 -24.234780
-22.136426 18.223836 48.259256 -73.531652 1.062454 26.675947 -24.343026
-21.914517 18.028792 48.621724 -73.219149 1.083884 26.880522 -24.450815
-21.704605 17.834745 48.975388 -72.931629 1.104069 27.080321 -24.558573
-21.506139 17.641681 49.319284 -72.670606 1.122716 27.272720 -24.663908
-21.319175 17.449475 49.653483 -72.436116 1.139823 27.458399 -24.767216
-21.143841 17.258014 49.978181 -72.228048 1.155393 27.637973 -24.868843
-20.980279 17.067189 50.293617 -72.046224 1.169428 27.812016 -24.969097
-20.828625 16.876888 50.600029 -71.890431 1.181915 27.981080 -25.068257
-20.689002 16.686989 50.897620 -71.760431 1.192829 28.145701 -25.166574
-20.561494 16.497344 51.186497 -71.655973 1.202115 28.306422 -25.264266
-20.445870 16.307806 51.466009 -71.577379 1.209794 28.461442 -25.360267
-20.342183 16.118248 51.736253 -71.524400 1.215796 28.611267 -25.454763
-20.250505 15.928580 51.997410 -71.496782 1.220063 28.756364 -25.547930
-20.170900 15.738726 52.249682 -71.494250 1.222527 28.897171 -25.639918
-20.103431 15.548595 52.493253 -71.516475 1.223109 29.034109 -25.730845
-20.048159 15.358048 52.728247 -71.563009 1.221696 29.167586 -25.820769
-20.005062 15.166839 52.954303 -71.633305 1.218499 29.296681 -25.909466
-19.974168 14.974859 53.171542 -71.726936 1.213394 29.421771 -25.996970
-19.955477 14.782073 53.380149 -71.843606 1.206273 29.543215 -26.083344
-19.948972 14.588484 53.580340 -71.983067 1.197029 29.661349 -26.168652
-19.954627 14.394110 53.772332 -72.145062 1.185548 29.776495 -26.252940
-19.972430 14.198950 53.956334 -72.329238 1.171694 29.888953 -26.336210
-20.002411 14.002950 54.132539 -72.535038 1.155307 29.998991 -26.418385
-20.044742 13.805902 54.300913 -72.761311 1.137037 30.106316 -26.499566
-20.099423 13.607789 54.461639 -73.007514 1.116706 30.211179 -26.579654
-20.166381 13.408676 54.614909 -73.273321 1.094148 30.313839 -26.658604
-20.245516 13.208672 54.760925 -73.558481 1.069197 30.414550 -26.736381
-20.336712 13.007892 54.899886 -73.862724 1.041673 30.513555 -26.812931
-20.439870 12.806422 55.031974 -74.185646 1.011374 30.611078 -26.888143
-20.554949 12.604266 55.157363 -74.526545 0.978065 30.707309 -26.961806
-20.682101 12.401115 55.275744 -74.883504 0.943601 30.801925 -27.034904
-20.821249 12.197005 55.387267 -75.255799 0.907727 30.895110 -27.107202
-20.972233 11.992069 55.492076 -75.642951 0.870194 30.987065 -27.178522
-21.134861 11.786463 55.590307 -76.044530 0.830751 31.077991 -27.248692
-21.308943 11.580300 55.682064 -76.459978 0.789120 31.168078 -27.317485
-21.494340 11.373568 55.767402 -76.888392 0.744980 31.257492 -27.384563
-21.691032 11.165794 55.845533 -77.327320 0.700448 31.345232 -27.451597
-21.898828 10.957011 55.916507 -77.775907 0.655201 31.431463 -27.518255
-22.117453 10.747413 55.980423 -78.233664 0.608948 31.516365 -27.584307
-22.346596 10.537259 56.037410 -78.700257 0.561412 31.600120 -27.649570
-22.585923 10.326818 56.087593 -79.175354 0.512314 31.682905 -27.713850
-22.835088 10.116308 56.131068 -79.658487 0.461348 31.764887 -27.776908
-23.093745 9.905820 56.167862 -80.148870 0.408165 31.846220 -27.838402
-23.361452 9.694996 56.196946 -80.644275 0.355189 31.925628 -27.900078
-23.637804 9.483969 56.218359 -81.143949 0.302074 32.003262 -27.961609
-23.922352 9.273017 56.232211 -81.647467 0.248511 32.079279 -28.022760
-24.214622 9.062481 56.238647 -82.154551 0.194211 32.153829 -28.083343
-24.514112 8.852713 56.237819 -82.664938 0.138886 32.227061 -28.143172
-24.820278 8.644027 56.229860 -83.178275 0.082229 32.299114 -28.202027
-25.132506 8.436641 56.214838 -83.693984 0.023900 32.370129 -28.259625
-25.449875 8.230447 56.191892 -84.210530 -0.034054 32.439057 -28.317056
-25.771709 8.025688 56.161116 -84.727360 -0.091967 32.506030 -28.374051
-26.097355 7.822711 56.122667 -85.244147 -0.150140 32.571172 -28.430406
-26.426152 7.621893 56.076729 -85.760662 -0.208860 32.634600 -28.485945
-26.757399 7.423603 56.023478 -86.276672 -0.268414 32.696428 -28.540489
-27.090292 7.228156 55.963042 -86.791863 -0.329109 32.756776 -28.593839
-27.423629 7.035637 55.894773 -87.305310 -0.389103 32.814923 -28.646881
-27.756586 6.846369 55.818815 -87.816781 -0.448683 32.870981 -28.699447
-28.088433 6.660726 55.735363 -88.326205 -0.508111 32.925048 -28.751409
-28.418477 6.479093 55.644615 -88.833604 -0.567633 32.977209 -28.802665
-28.746022 6.301849 55.546768 -89.339042 -0.627490 33.027547 -28.853122
-29.070326 6.129348 55.442009 -89.842581 -0.687923 33.076143 -28.902683
-29.390531 5.961902 55.330495 -90.344256 -0.749183 33.123082 -28.951252
-29.705420 5.799650 55.211821 -90.843663 -0.809649 33.167897 -28.999572
-30.014131 5.642883 55.086146 -91.340890 -0.869557 33.210662 -29.047567
-30.315928 5.491904 54.953635 -91.836104 -0.929132 33.251439 -29.095167
-30.610132 5.347006 54.814442 -92.329514 -0.988590 33.290292 -29.142316
-30.896077 5.208461 54.668708 -92.821349 -1.048143 33.327275 -29.188960
-31.173068 5.076511 54.516563 -93.311830 -1.108007 33.362440 -29.235037
-31.440319 4.951358 54.358130 -93.801150 -1.168396 33.395835 -29.280489
-31.696796 4.833066 54.193186 -94.289124 -1.227681 33.427514 -29.325724
-31.941718 4.721803 54.021842 -94.775970 -1.286070 33.457513 -29.370691
-32.174409 4.617735 53.844189 -95.261948 -1.343766 33.485857 -29.415336
-32.394245 4.521004 53.660294 -95.747328 -1.400969 33.512561 -29.459603
-32.600623 4.431715 53.470212 -96.232349 -1.457880 33.537633 -29.503423
-32.792942 4.349917 53.273994 -96.717164 -1.514703 33.561062 -29.546707
-32.970608 4.275476 53.071443 -97.201291 -1.569925 33.582993 -29.590162
-33.133049 4.208404 52.862571 -97.684918 -1.623741 33.603410 -29.633706
-33.279734 4.148726 52.647347 -98.168341 -1.676338 33.622296 -29.677276
-33.410173 4.096444 52.425703 -98.651889 -1.727899 33.639633 -29.720815
-33.523918 4.051531 52.197552 -99.135874 -1.778604 33.655394 -29.764253
-33.620568 4.013898 51.962801 -99.620514 -1.828643 33.669532 -29.807492
-33.699825 3.983373 51.721385 -100.105815 -1.878214 33.681965 -29.850367
-33.761749 3.959528 51.473231 -100.590827 -1.926017 33.693488 -29.893553
-33.806052 3.942157 51.218241 -101.075580 -1.972240 33.704010 -29.936894
-33.832375 3.931093 50.956261 -101.560319 -2.017053 33.713460 -29.980289
-33.840352 3.926173 50.687108 -102.045372 -2.060615 33.721767 -30.023663
-33.829649 3.927209 50.410597 -102.531055 -2.103079 33.728850 -30.066933
-33.800011 3.933970 50.126561 -103.017575 -2.144601 33.734603 -30.109981
-33.751355 3.946141 49.834898 -103.504872 -2.185343 33.738868 -30.152613
-33.684163 3.963188 49.535685 -103.991842 -2.224246 33.742679 -30.195384
-33.598376 3.984776 49.228814 -104.478418 -2.261456 33.745861 -30.238100
-33.493808 4.010618 48.914122 -104.964764 -2.297105 33.748264 -30.280629
-33.370281 4.040446 48.591442 -105.451096 -2.331307 33.749732 -30.322858
-33.227735 4.073996 48.260662 -105.937519 -2.364172 33.750074 -30.364639
-33.066402 4.110992 47.921808 -106.423825 -2.395800 33.749021 -30.405740
-32.887460 4.151048 47.575426 -106.908451 -2.425795 33.748078 -30.447422
-32.691140 4.193902 47.221519 -107.391218 -2.454241 33.746972 -30.489467
-32.477409 4.239302 46.859939 -107.872283 -2.481209 33.745486 -30.531747
-32.246150 4.287004 46.490476 -108.351927 -2.506765 33.743423 -30.574172
-31.997292 4.336779 46.112942 -108.830415 -2.530960 33.740569 -30.616646
-31.730936 4.388441 45.727248 -109.307848 -2.553834 33.736656 -30.659034
-31.447583 4.441866 45.333537 -109.783939 -2.575412 33.731310 -30.701097
-31.149009 4.497005 44.933008 -110.257007 -2.595809 33.726993 -30.743848
-30.835706 4.553757 44.525801 -110.726749 -2.615033 33.723326 -30.787060
-30.507794 4.611954 44.111820 -111.193217 -2.633098 33.720017 -30.830599
-30.165268 4.671403 43.690874 -111.656573 -2.650016 33.716806 -30.874366
-29.808167 4.731922 43.262787 -112.116933 -2.665797 33.713419 -30.918248
-29.436739 4.793392 42.827520 -112.574190 -2.680436 33.709519 -30.962079
-29.051738 4.855815 42.385348 -113.027749 -2.693905 33.704631 -31.005568
-28.655518 4.919409 41.938038 -113.475442 -2.706586 33.701996 -31.049521
-28.248843 4.984215 41.485916 -113.916616 -2.718428 33.701131 -31.093657
-27.832038 5.050167 41.029031 -114.351026 -2.729395 33.701660 -31.137805
-27.405329 5.117172 40.567357 -114.778519 -2.739447 33.703238 -31.181820
-26.969100 5.185190 40.100971 -115.198808 -2.748530 33.705474 -31.225527
-26.524233 5.254331 39.630271 -115.611162 -2.756560 33.707842 -31.268640
-26.073201 5.324990 39.157009 -116.013323 -2.764169 33.712366 -31.312194
-25.616837 5.397280 38.681581 -116.404620 -2.771248 33.718539 -31.355947
-25.155456 5.471134 38.204009 -116.784888 -2.777712 33.725998 -31.399784
-24.689173 5.546396 37.724143 -117.154181 -2.783483 33.734449 -31.443648
-24.218097 5.622894 37.241815 -117.512620 -2.788471 33.743599 -31.487503
-23.742494 5.700518 36.756999 -117.860255 -2.792560 33.753111 -31.531306
-23.263017 5.779324 36.270024 -118.196897 -2.795577 33.762517 -31.574966
-22.781412 5.859773 35.782723 -118.521858 -2.798687 33.773449 -31.618203
-22.298320 5.941912 35.295458 -118.834985 -2.801694 33.785447 -31.660966
-21.814014 6.025593 34.808221 -119.136394 -2.804446 33.798181 -31.703261
-21.328631 6.110578 34.320835 -119.426298 -2.806811 33.811374 -31.745118
-20.842318 6.196608 33.833120 -119.704911 -2.808656 33.824751 -31.786568
-20.355368 6.283469 33.345059 -119.972355 -2.809816 33.837982 -31.827633
-19.868417 6.371092 32.857029 -120.228526 -2.810072 33.850609 -31.868292
-19.383063 6.459813 32.371053 -120.473011 -2.810712 33.864320 -31.908125
-18.899943 6.549552 31.887597 -120.705703 -2.811493 33.878649 -31.947140
-18.419382 6.640067 31.406781 -120.926689 -2.812211 33.893245 -31.985391
-17.941611 6.731056 30.928612 -121.136106 -2.812683 33.907793 -32.022937
-17.466928 6.822229 30.453204 -121.334035 -2.812706 33.921948 -32.059835
-16.995877 6.913401 29.981030 -121.520388 -2.812027 33.935256 -32.096114
-16.529777 7.004770 29.514229 -121.694923 -2.811975 33.949457 -32.131315
-16.069115 7.096147 29.053286 -121.857557 -2.812292 33.964112 -32.165488
-15.614088 7.187224 28.598278 -122.008367 -2.812776 33.978911 -32.198714
-15.164768 7.277642 28.149096 -122.147480 -2.813263 33.993602 -32.231071
-14.721215 7.367039 27.705615 -122.275002 -2.813591 34.007942 -32.262639
-14.283567 7.455098 27.267866 -122.390970 -2.813574 34.021646 -32.293490
-13.852168 7.541602 26.836260 -122.495266 -2.812973 34.034315 -32.323683
-13.427969 7.626699 26.412827 -122.587729 -2.813038 34.047610 -32.352783
-13.011275 7.710195 25.998012 -122.668221 -2.813524 34.061141 -32.380862
-12.602166 7.791811 25.591873 -122.736715 -2.814245 34.074639 -32.408004
-12.200620 7.871237 25.194290 -122.793209 -2.815053 34.087892 -32.434287
-11.806598 7.948176 24.805119 -122.837673 -2.815810 34.100700 -32.459787
-11.420119 8.022373 24.424338 -122.870012 -2.816356 34.112829 -32.484571
-11.041347 8.093669 24.052241 -122.890008 -2.816490 34.123962 -32.508700
-10.670837 8.162223 23.690432 -122.897462 -2.817205 34.135422 -32.531838
-10.308728 8.227913 23.339239 -122.892114 -2.818299 34.146897 -32.554055
-9.954996 8.290554 22.998692 -122.873768 -2.819617 34.158166 -32.575418
-9.609551 8.349963 22.668706 -122.842226 -2.821031 34.169046 -32.595991
-9.272309 8.405993 22.349230 -122.797244 -2.822416 34.179349 -32.615833
-8.943259 8.458587 22.040401 -122.738482 -2.823620 34.188840 -32.634992
-8.622579 8.507938 21.743240 -122.665628 -2.825320 34.198425 -32.653258
-8.310214 8.554031 21.457863 -122.578289 -2.827379 34.207888 -32.670679
-8.005995 8.596803 21.184158 -122.476113 -2.829699 34.217087 -32.687303
-7.709689 8.636185 20.921903 -122.358741 -2.832207 34.225916 -32.703174
-7.421043 8.672127 20.670855 -122.225788 -2.834839 34.234281 -32.718333
-7.139816 8.704630 20.430822 -122.076808 -2.837528 34.242079 -32.732814
-6.865806 8.733773 20.201756 -121.911282 -2.840191 34.249172 -32.746649
-6.598854 8.759826 19.984136 -121.728716 -2.843224 34.256086 -32.759730
-6.338740 8.782904 19.777922 -121.528519 -2.846550 34.262694 -32.772088
-6.085185 8.803071 19.582939 -121.310109 -2.850117 34.268912 -32.783752
-5.837879 8.820379 19.398953 -121.072889 -2.853886 34.274683 -32.794754
-5.596502 8.834893 19.225719 -120.816229 -2.857827 34.279953 -32.805122
-5.360742 8.846716 19.063027 -120.539454 -2.861905 34.284668 -32.814885
-5.130297 8.856019 18.910746 -120.241840 -2.866075 34.288756 -32.824072
-4.904776 8.863103 18.768970 -119.922737 -2.870503 34.292428 -32.832661
-4.683893 8.868165 18.637584 -119.581354 -2.875148 34.295616 -32.840686
-4.467368 8.871366 18.516403 -119.216884 -2.879980 34.298277 -32.848183
-4.254928 8.872855 18.405217 -118.828509 -2.884973 34.300378 -32.855191
-4.046312 8.872795 18.303817 -118.415388 -2.890103 34.301889 -32.861756
-3.841258 8.871394 18.212016 -117.976680 -2.895338 34.302784 -32.867943
-3.639275 8.868918 18.129597 -117.511732 -2.900634 34.302998 -32.873812
-3.440193 8.865575 18.056376 -117.019708 -2.905951 34.302508 -32.879451
-3.243938 8.861535 17.992152 -116.499790 -2.911245 34.301292 -32.884954
-3.050506 8.856946 17.936713 -115.951213 -2.916463 34.299335 -32.890441
-2.859956 8.851943 17.889849 -115.373291 -2.921537 34.296620 -32.896066
-2.672403 8.846659 17.851362 -114.765470 -2.926376 34.293138 -32.902029
-2.487947 8.841226 17.821065 -114.127431 -2.930864 34.288889 -32.908604
-2.306247 8.835801 17.798812 -113.459868 -2.935362 34.283695 -32.914961
-2.127558 8.830476 17.784439 -112.762712 -2.939706 34.277560 -32.921472
-1.952297 8.825302 17.777813 -112.035936 -2.943710 34.270475 -32.928529
-1.780949 8.820281 17.778839 -111.279743 -2.947145 34.262425 -32.936603
-1.613970 8.815366 17.787484 -110.494772 -2.949719 34.253403 -32.946292
-1.451627 8.810455 17.803797 -109.682402 -2.951039 34.243424 -32.958420
-1.293603 8.805368 17.827869 -108.845357 -2.950572 34.232586 -32.974189
-1.137505 8.799846 17.859792 -107.990384 -2.948680 34.220662 -32.991864
-0.978040 8.793832 17.900357 -107.130472 -2.950371 34.206419 -33.000599
-0.815304 8.787193 17.949347 -106.266779 -2.953738 34.190451 -33.004820
-0.649874 8.779931 18.006708 -105.399671 -2.957971 34.172921 -33.006305
-0.482297 8.772088 18.072335 -104.529282 -2.962642 34.153901 -33.006018
-0.312995 8.763686 18.146023 -103.655716 -2.967408 34.133481 -33.004792
-0.141777 8.754659 18.227372 -102.780100 -2.972198 34.111249 -33.001889
0.031104 8.745060 18.316174 -101.902467 -2.976789 34.087281 -32.997909
0.205407 8.734994 18.412305 -101.022760 -2.981073 34.061590 -32.993160
0.380924 8.724585 18.515677 -100.140892 -2.984982 34.034167 -32.987843
0.557462 8.713950 18.626207 -99.256770 -2.988462 34.004998 -32.982143
0.734835 8.703174 18.743792 -98.370322 -2.991436 33.974085 -32.976302
0.912898 8.692265 18.868238 -97.481552 -2.993737 33.941495 -32.970823
1.092094 8.681088 18.999146 -96.591797 -2.995780 33.906542 -32.964363
1.272287 8.669660 19.136333 -95.701065 -2.997396 33.869297 -32.957444
1.453292 8.658076 19.279727 -94.809278 -2.998513 33.829751 -32.950302
1.634906 8.646461 19.429293 -93.916334 -2.999092 33.787866 -32.943083
1.816905 8.634935 19.584993 -93.022129 -2.999096 33.743600 -32.935930
1.999040 8.623577 19.746735 -92.126584 -2.998466 33.696935 -32.929064
2.181079 8.612372 19.914283 -91.229710 -2.997049 33.647940 -32.923008
2.363324 8.601222 20.087566 -90.333092 -2.995408 33.597883 -32.915699
2.545513 8.590112 20.266324 -89.436751 -2.993383 33.546849 -32.907695
2.727315 8.579122 20.450430 -88.540614 -2.990912 33.494825 -32.899242
2.908361 8.568346 20.639779 -87.644594 -2.987958 33.441778 -32.890515
3.088257 8.557833 20.834205 -86.748617 -2.984472 33.387703 -32.881747
3.266622 8.547501 21.033342 -85.852706 -2.980320 33.332705 -32.873482
3.443668 8.537073 21.236653 -84.958415 -2.976001 33.277492 -32.864185
3.618997 8.526480 21.443758 -84.065774 -2.971373 33.222189 -32.854433
3.792146 8.515798 21.654488 -83.174713 -2.966388 33.166797 -32.844466
3.962620 8.505151 21.868753 -82.285138 -2.961023 33.111293 -32.834427
4.129894 8.494650 22.086450 -81.396951 -2.955260 33.055657 -32.824446
4.293408 8.484330 22.307379 -80.510077 -2.949074 32.999912 -32.814724
4.452619 8.474040 22.531061 -79.624533 -2.942378 32.944217 -32.805765
4.607586 8.463320 22.756542 -78.741752 -2.935444 32.889091 -32.796353
4.757719 8.452009 22.983302 -77.861760 -2.928173 32.834723 -32.787042
4.902332 8.440109 23.211086 -76.984500 -2.920531 32.781166 -32.778080
5.040681 8.427670 23.439739 -76.109893 -2.912491 32.728436 -32.769650
5.171960 8.414714 23.669098 -75.237868 -2.904020 32.676556 -32.761956
5.295287 8.401157 23.898885 -74.368392 -2.895059 32.625601 -32.755315
5.409752 8.386700 24.128522 -73.501541 -2.885465 32.575816 -32.750441
5.514948 8.370614 24.356576 -72.638599 -2.874863 32.527255 -32.747401
5.610111 8.352783 24.582680 -71.780208 -2.862302 32.480631 -32.749112
5.697397 8.333650 24.806544 -70.932990 -2.848336 32.435856 -32.754500
5.782241 8.314079 25.027598 -70.110431 -2.836028 32.391473 -32.755744
5.865853 8.294619 25.245705 -69.317085 -2.824828 32.348036 -32.754768
5.948657 8.275487 25.460412 -68.555903 -2.814395 32.306005 -32.752943
6.031900 8.256255 25.669740 -67.831088 -2.804775 32.264892 -32.749033
6.115466 8.236971 25.872996 -67.143988 -2.795854 32.225065 -32.743836
6.198887 8.217850 26.069886 -66.495069 -2.787520 32.186705 -32.737881
6.281570 8.199144 26.260246 -65.884353 -2.779686 32.149919 -32.731545
6.362900 8.181090 26.443911 -65.311643 -2.772298 32.114794 -32.725109
6.442294 8.163843 26.620588 -64.776686 -2.765352 32.081444 -32.718802
6.519333 8.147347 26.789573 -64.279386 -2.758938 32.050104 -32.712837
6.594352 8.130938 26.948627 -63.820677 -2.752894 32.020501 -32.706650
6.667022 8.114578 27.097006 -63.400417 -2.747338 31.992873 -32.700398
6.736912 8.098443 27.234391 -63.018216 -2.742314 31.967319 -32.694177
6.803592 8.082780 27.360602 -62.673593 -2.737846 31.943887 -32.688046
6.866659 8.067848 27.475468 -62.366032 -2.733969 31.922618 -32.682031
6.925746 8.053852 27.578702 -62.095015 -2.730749 31.903574 -32.676124
6.980568 8.040840 27.669669 -61.860087 -2.728340 31.886913 -32.670283
7.031196 8.028350 27.746480 -61.661020 -2.726504 31.872734 -32.664654
7.077461 8.016521 27.808464 -61.497507 -2.725389 31.861202 -32.659207
7.119223 8.005778 27.855317 -61.369363 -2.725036 31.852386 -32.653973
7.156402 7.996846 27.886998 -61.276684 -2.725375 31.846294 -32.649103
7.188837 7.991080 27.904072 -61.219992 -2.726082 31.842755 -32.644966
7.215008 7.991979 27.910377 -61.200339 -2.727166 31.841191 -32.640787
7.225436 7.991704 27.911861 -61.195167 -2.727495 31.841008 -32.639930
