-0.000000 -0.000000 0.000000 -0.000000 0.000000 0.000000 -0.000000
0.171411 0.016495 0.483399 -0.179093 -0.450271 0.080742 -0.005909
0.401921 0.038861 0.961491 -0.411103 -0.903837 0.152048 -0.025652
0.651840 0.065908 1.436534 -0.669254 -1.360822 0.214769 -0.049480
0.902322 0.096882 1.910880 -0.943760 -1.820826 0.270951 -0.074471
1.143762 0.131143 2.386124 -1.229849 -2.283792 0.321988 -0.099454
1.371298 0.168111 2.863475 -1.524664 -2.749866 0.368789 -0.123824
1.582525 0.207245 3.343923 -1.826492 -3.219319 0.411953 -0.147283
1.776183 0.248009 3.828307 -2.134971 -3.692501 0.451870 -0.169948
1.953627 0.289858 4.317344 -2.449431 -4.169865 0.488761 -0.191670
2.119130 0.332275 4.811686 -2.767885 -4.651947 0.522796 -0.211666
2.275929 0.374753 5.311939 -3.089298 -5.139297 0.554219 -0.229509
2.425349 0.417043 5.812099 -3.410596 -5.626175 0.583090 -0.245857
2.569501 0.458772 6.312778 -3.731273 -6.113119 0.609640 -0.260487
2.710381 0.499580 6.814583 -4.051273 -6.600657 0.634068 -0.273354
2.849720 0.539127 7.318121 -4.370639 -7.089316 0.656554 -0.284452
2.988910 0.577095 7.824008 -4.689438 -7.579619 0.677266 -0.293783
3.128960 0.613190 8.332810 -5.007850 -8.072076 0.696502 -0.301519
3.271061 0.647088 8.845092 -5.326658 -8.567263 0.714241 -0.307744
3.417047 0.678485 9.361447 -5.646319 -9.065738 0.730553 -0.312452
3.568126 0.707109 9.882454 -5.967173 -9.568062 0.745542 -0.315623
3.724937 0.732736 10.408703 -6.289150 -10.074792 0.759392 -0.317087
3.886767 0.755615 10.934233 -6.609804 -10.580230 0.771897 -0.317558
4.053988 0.775626 11.459647 -6.929097 -11.084934 0.783205 -0.316866
4.227175 0.792618 11.985543 -7.247450 -11.589460 0.793392 -0.315012
4.406965 0.806437 12.512511 -7.565441 -12.094370 0.802516 -0.312045
4.594036 0.816921 13.041135 -7.883720 -12.600226 0.810626 -0.308040
4.789143 0.823912 13.571991 -8.202999 -13.107596 0.817767 -0.303084
4.993159 0.827245 14.105656 -8.524033 -13.617053 0.823973 -0.297265
5.207109 0.826731 14.642876 -8.847607 -14.129187 0.829043 -0.290379
5.431143 0.822417 15.184122 -9.173188 -14.644501 0.833429 -0.282511
5.664995 0.814285 15.730006 -9.500378 -15.163553 0.837276 -0.273454
5.907759 0.802974 16.274705 -9.826605 -15.680682 0.840196 -0.263836
6.159728 0.788532 16.818826 -10.151615 -16.196449 0.842341 -0.253455
6.421477 0.770942 17.362996 -10.475617 -16.711418 0.843757 -0.242256
6.693616 0.750170 17.907835 -10.798963 -17.226153 0.844469 -0.230229
6.976675 0.726175 18.453968 -11.122038 -17.741221 0.844494 -0.217363
7.270999 0.698916 19.002030 -11.445179 -18.257186 0.843853 -0.203631
7.576538 0.668402 19.552567 -11.768459 -18.774604 0.842662 -0.189069
7.893176 0.634605 20.106053 -12.091980 -19.294044 0.841071 -0.173826
8.221741 0.597290 20.663295 -12.416849 -19.816090 0.838926 -0.157697
8.562234 0.556398 21.224803 -12.743221 -20.341326 0.836436 -0.140619
8.913588 0.512720 21.784879 -13.068992 -20.864162 0.833056 -0.123215
9.275471 0.466275 22.344065 -13.394191 -21.385176 0.828979 -0.105361
9.647724 0.416999 22.902961 -13.719310 -21.904939 0.824249 -0.087055
10.030205 0.364794 23.462166 -14.045002 -22.424029 0.818881 -0.068338
10.422749 0.309545 24.022278 -14.372002 -22.943020 0.812877 -0.049268
10.825154 0.251124 24.583896 -14.701098 -23.462490 0.806227 -0.029912
11.237187 0.189388 25.147618 -15.033115 -23.983017 0.798923 -0.010335
11.658575 0.124201 25.714032 -15.368857 -24.505183 0.790972 0.009413
12.088965 0.055485 26.283635 -15.708890 -25.029582 0.782510 0.029344
12.527813 -0.016297 26.853814 -16.052706 -25.556713 0.773798 0.049846
12.973780 -0.090860 27.423844 -16.398076 -26.081129 0.764330 0.070120
13.426506 -0.167977 27.993765 -16.744358 -26.603366 0.754332 0.090319
13.885933 -0.247447 28.562981 -17.091230 -27.123971 0.743926 0.110537
14.351960 -0.329210 29.131828 -17.438494 -27.643512 0.733275 0.130796
14.824370 -0.413243 29.700724 -17.785964 -28.162550 0.722522 0.150990
15.303090 -0.499550 30.270209 -18.134049 -28.681677 0.711684 0.171083
15.788163 -0.588201 30.840174 -18.483334 -29.201456 0.700848 0.191130
16.279399 -0.679201 31.410268 -18.834227 -29.722454 0.690068 0.211110
16.776395 -0.772549 31.980527 -19.186965 -30.245241 0.679455 0.231035
17.278456 -0.868123 32.550993 -19.541316 -30.770351 0.669212 0.251037
17.784171 -0.965386 33.121236 -19.895425 -31.292426 0.658804 0.270523
18.292841 -1.064182 33.691297 -20.249081 -31.811999 0.648410 0.289636
18.804003 -1.164456 34.261214 -20.602521 -32.329645 0.638136 0.308392
19.317370 -1.266057 34.829985 -20.956117 -32.845910 0.627947 0.326842
19.832572 -1.369023 35.397982 -21.310323 -33.361374 0.617910 0.344938
20.349238 -1.473421 35.965711 -21.665612 -33.876605 0.608063 0.362639
20.866989 -1.579318 36.533674 -22.022439 -34.392172 0.598444 0.379913
21.385417 -1.686775 37.102368 -22.381186 -34.908641 0.589112 0.396740
21.904042 -1.795792 37.672209 -22.742055 -35.426585 0.580201 0.413114
22.422326 -1.906061 38.242243 -23.104769 -35.946528 0.571873 0.429194
22.939310 -2.016742 38.810284 -23.467627 -36.463196 0.563405 0.444563
23.454556 -2.127497 39.375430 -23.830367 -36.977115 0.554928 0.459404
23.967706 -2.238297 39.938120 -24.193184 -37.488853 0.546563 0.473724
24.478490 -2.349177 40.498862 -24.556439 -37.998973 0.538352 0.487515
24.986679 -2.460197 41.058160 -24.920554 -38.508039 0.530324 0.500760
25.492062 -2.571429 41.616517 -25.285959 -39.016611 0.522503 0.513436
25.994430 -2.682946 42.174427 -25.653057 -39.525250 0.514921 0.525524
26.493543 -2.794807 42.732372 -26.022172 -40.034515 0.507631 0.537018
26.989096 -2.907019 43.290792 -26.393447 -40.544961 0.500744 0.547931
27.480639 -3.019412 43.849870 -26.766589 -41.057151 0.494591 0.558248
27.967954 -3.130825 44.405357 -27.140044 -41.565855 0.488071 0.567960
28.450692 -3.241075 44.957493 -27.513530 -42.071631 0.481488 0.577078
28.928666 -3.350155 45.506745 -27.887177 -42.575034 0.474941 0.585628
29.401774 -3.458126 46.053602 -28.261285 -43.076616 0.468477 0.593613
29.869951 -3.565074 46.598554 -28.636212 -43.576930 0.462126 0.601023
30.333143 -3.671099 47.142084 -29.012326 -44.076528 0.455918 0.607844
30.791290 -3.776301 47.684664 -29.389966 -44.575960 0.449888 0.614064
31.244299 -3.880759 48.226747 -29.769389 -45.075775 0.444098 0.619677
31.692013 -3.984496 48.768730 -30.150669 -45.576518 0.438670 0.624688
32.134179 -4.087350 49.310726 -30.533492 -46.078744 0.433932 0.629048
32.570937 -4.188240 49.848981 -30.916474 -46.577342 0.428723 0.632917
33.002110 -4.287002 50.383664 -31.299303 -47.072863 0.423352 0.636272
33.427631 -4.383652 50.915201 -31.682034 -47.565849 0.417933 0.639130
33.847495 -4.478274 51.444048 -32.064876 -48.056840 0.412530 0.641497
34.261724 -4.570974 51.970664 -32.448086 -48.546375 0.407192 0.643367
34.670339 -4.661865 52.495498 -32.831907 -49.034993 0.401971 0.644737
35.073343 -4.751040 53.018992 -33.216513 -49.523227 0.396933 0.645606
35.470689 -4.838554 53.541569 -33.601940 -50.011611 0.392179 0.645989
35.862247 -4.924374 54.063609 -33.987974 -50.500670 0.387873 0.645920
36.247762 -5.008271 54.585294 -34.373919 -50.990962 0.384243 0.645325
36.627798 -5.089421 55.103256 -34.758961 -51.477498 0.380182 0.644514
37.002421 -5.167822 55.617567 -35.143095 -51.960823 0.375951 0.643376
37.371711 -5.243628 56.128595 -35.526543 -52.441476 0.371630 0.641879
37.735766 -5.317027 56.636764 -35.909606 -52.919992 0.367257 0.640001
38.094672 -5.388196 57.142512 -36.292562 -53.396889 0.362885 0.637737
38.448521 -5.457316 57.646270 -36.675697 -53.872693 0.358555 0.635072
38.797393 -5.524557 58.148453 -37.059269 -54.347927 0.354316 0.631989
39.141344 -5.590062 58.649448 -37.443457 -54.823112 0.350241 0.628472
39.480393 -5.653904 59.149567 -37.828283 -55.298771 0.346462 0.624496
39.814539 -5.715979 59.648823 -38.213459 -55.775429 0.343270 0.619951
40.144328 -5.775461 60.144449 -38.597897 -56.248258 0.339499 0.615300
40.469801 -5.832254 60.636513 -38.981315 -56.717782 0.335429 0.610456
40.791017 -5.886443 61.125356 -39.363732 -57.184513 0.331185 0.605404
41.108063 -5.938181 61.611367 -39.745312 -57.648966 0.326840 0.600132
41.421037 -5.987652 62.094943 -40.126280 -58.111650 0.322449 0.594621
41.730035 -6.035046 62.576473 -40.506876 -58.573075 0.318062 0.588851
42.035137 -6.080548 63.056333 -40.887312 -59.033748 0.313736 0.582795
42.336399 -6.124310 63.534865 -41.267736 -59.494175 0.309552 0.576428
42.633846 -6.166418 64.012333 -41.648154 -59.954862 0.305641 0.569706
42.927519 -6.206793 64.488713 -42.028311 -60.416318 0.302270 0.562497
43.218013 -6.244741 64.961667 -42.407254 -60.873874 0.298320 0.555376
43.505394 -6.280194 65.431227 -42.784736 -61.328036 0.294049 0.548233
43.789709 -6.313249 65.897677 -43.160770 -61.779303 0.289583 0.541032
44.071019 -6.344067 66.361365 -43.535497 -62.228169 0.284999 0.533750
44.349389 -6.372836 66.822646 -43.909118 -62.675129 0.280357 0.526359
44.624883 -6.399751 67.281867 -44.281847 -63.120673 0.275711 0.518828
44.897548 -6.424995 67.739364 -44.653875 -63.565292 0.271122 0.511126
45.167414 -6.448723 68.195437 -45.025335 -64.009474 0.266672 0.503213
45.434498 -6.471022 68.650303 -45.396234 -64.453708 0.262487 0.495029
45.698855 -6.491832 69.103917 -45.766358 -64.898486 0.258803 0.486431
45.961073 -6.510581 69.554323 -46.134881 -65.339309 0.254570 0.478076
46.221222 -6.527221 70.001524 -46.501592 -65.776665 0.250020 0.469838
46.479329 -6.541849 70.445757 -46.866505 -66.211034 0.245272 0.461666
46.735422 -6.554620 70.887323 -47.229750 -66.642895 0.240408 0.453524
46.989527 -6.565716 71.326535 -47.591505 -67.072721 0.235486 0.445376
47.241667 -6.575321 71.763703 -47.951964 -67.500985 0.230564 0.437183
47.491857 -6.583607 72.199119 -48.311302 -67.928158 0.225704 0.428903
47.740098 -6.590720 72.633043 -48.669638 -68.354711 0.220985 0.420488
47.986387 -6.596741 73.065651 -49.026986 -68.781112 0.216525 0.411865
48.230779 -6.601622 73.496885 -49.383167 -69.207834 0.212531 0.402885
48.473824 -6.604897 73.925118 -49.737465 -69.630563 0.208034 0.394263
48.715583 -6.606530 74.350331 -50.089702 -70.049766 0.203239 0.385864
48.956060 -6.606610 74.772719 -50.439897 -70.465904 0.198258 0.377624
49.195248 -6.605280 75.192538 -50.788166 -70.879436 0.193170 0.369496
49.433139 -6.602702 75.610059 -51.134672 -71.290815 0.188035 0.361435
49.669719 -6.599044 76.025552 -51.479589 -71.700495 0.182909 0.353396
49.904969 -6.594459 76.439269 -51.823076 -72.108925 0.177852 0.345330
50.138861 -6.589075 76.851431 -52.165243 -72.516557 0.172941 0.337178
50.371378 -6.582964 77.262175 -52.506109 -72.923839 0.168284 0.328859
50.602564 -6.576085 77.671440 -52.845524 -73.331222 0.164059 0.320224
50.832911 -6.568060 78.077873 -53.182866 -73.734588 0.159386 0.312022
51.062466 -6.558860 78.481444 -53.517988 -74.134382 0.154443 0.304116
51.291213 -6.548560 78.882307 -53.850910 -74.531046 0.149336 0.296432
51.519116 -6.537285 79.280675 -54.181738 -74.925016 0.144136 0.288912
51.746137 -6.525176 79.676782 -54.510620 -75.316726 0.138904 0.281507
51.972234 -6.512375 80.070856 -54.837713 -75.706606 0.133693 0.274163
52.197359 -6.499014 80.463112 -55.163159 -76.095086 0.128560 0.266827
52.421464 -6.485201 80.853734 -55.487060 -76.482595 0.123576 0.259434
52.644517 -6.470994 81.242828 -55.809438 -76.869561 0.118839 0.251895
52.866550 -6.456355 81.630334 -56.130168 -77.256410 0.114501 0.244066
53.087990 -6.440981 82.015125 -56.448709 -77.639233 0.109774 0.236710
53.308870 -6.424843 82.397163 -56.764938 -78.018453 0.104811 0.229692
53.529157 -6.408002 82.776569 -57.078877 -78.394488 0.099708 0.222930
53.748798 -6.390562 83.153519 -57.390622 -78.767752 0.094531 0.216362
53.967733 -6.372638 83.528208 -57.700305 -79.138658 0.089336 0.209931
54.185897 -6.354349 83.900829 -58.008067 -79.507613 0.084173 0.203581
54.403227 -6.335803 84.271563 -58.314038 -79.875024 0.079097 0.197253
54.619661 -6.317087 84.640559 -58.618309 -80.241297 0.074171 0.190877
54.835157 -6.298244 85.007901 -58.920902 -80.606837 0.069481 0.184364
55.049733 -6.279239 85.373529 -59.221712 -80.972046 0.065159 0.177575
55.263757 -6.259827 85.736505 -59.520272 -81.333236 0.060505 0.171270
55.477250 -6.239979 86.096787 -59.816475 -81.690802 0.055650 0.165319
55.690168 -6.219743 86.454468 -60.110345 -82.045142 0.050679 0.159637
55.902447 -6.199199 86.809691 -60.401967 -82.396646 0.045653 0.154159
56.114015 -6.178441 87.162619 -60.691460 -82.745701 0.040622 0.148822
56.324799 -6.157563 87.513412 -60.978950 -83.092693 0.035633 0.143570
56.534724 -6.136651 87.862221 -61.264550 -83.438004 0.030736 0.138339
56.743723 -6.115772 88.209169 -61.548345 -83.782017 0.025986 0.133059
56.951749 -6.094956 88.554318 -61.830355 -84.125112 0.021460 0.127640
57.158813 -6.074168 88.897615 -62.110493 -84.467666 0.017269 0.121952
57.365226 -6.053212 89.238274 -62.388351 -84.806220 0.012798 0.116739
57.571001 -6.032060 89.576255 -62.663840 -85.141146 0.008161 0.111876
57.776089 -6.010744 89.911628 -62.936981 -85.472815 0.003430 0.107280
57.980425 -5.989327 90.244508 -63.207852 -85.801592 -0.001339 0.102881
58.183934 -5.967881 90.575030 -63.476556 -86.127842 -0.006101 0.098618
58.386537 -5.946480 90.903329 -63.743205 -86.451925 -0.010815 0.094432
58.588161 -5.925189 91.229529 -64.007900 -86.774198 -0.015437 0.090259
58.788738 -5.904057 91.553730 -64.270715 -87.095018 -0.019916 0.086029
58.988220 -5.883106 91.875981 -64.531670 -87.414741 -0.024188 0.081654
59.186615 -5.862301 92.196235 -64.790691 -87.733717 -0.028158 0.077014
59.384186 -5.841486 92.513831 -65.047424 -88.048727 -0.032359 0.072825
59.580938 -5.820632 92.828733 -65.301793 -88.360117 -0.036697 0.068971
59.776827 -5.799762 93.140994 -65.553818 -88.668232 -0.041108 0.065369
59.971789 -5.778921 93.450707 -65.803566 -88.973413 -0.045544 0.061951
60.165750 -5.758164 93.757984 -66.051128 -89.275996 -0.049964 0.058655
60.358638 -5.737548 94.062937 -66.296603 -89.576317 -0.054333 0.055423
60.550381 -5.717121 94.365671 -66.540079 -89.874708 -0.058611 0.052194
60.740917 -5.696921 94.666266 -66.781622 -90.171499 -0.062756 0.048897
60.930202 -5.676958 94.964762 -67.021249 -90.467020 -0.066711 0.045451
61.118241 -5.657203 95.261119 -67.258898 -90.761594 -0.070398 0.041743
61.305256 -5.637529 95.554780 -67.494262 -91.052251 -0.074274 0.038453
61.491251 -5.617910 95.845713 -67.727277 -91.339309 -0.078260 0.035475
61.676185 -5.598361 96.133960 -67.957960 -91.623086 -0.082301 0.032728
61.860000 -5.578915 96.419596 -68.186370 -91.903898 -0.086356 0.030147
62.042630 -5.559612 96.702714 -68.412587 -92.182054 -0.090391 0.027674
62.224009 -5.540495 96.983408 -68.636695 -92.457864 -0.094373 0.025249
62.404074 -5.521601 97.261766 -68.858772 -92.731631 -0.098269 0.022815
62.582768 -5.502955 97.537854 -69.078875 -93.003659 -0.102042 0.020306
62.760055 -5.484564 97.811706 -69.297021 -93.274252 -0.105644 0.017644
62.935937 -5.466399 98.083288 -69.513156 -93.543704 -0.109011 0.014729
63.110603 -5.448364 98.352132 -69.727016 -93.809303 -0.112531 0.012194
63.284056 -5.430433 98.618208 -69.938547 -94.071339 -0.116138 0.009942
63.456260 -5.412615 98.881551 -70.147763 -94.330103 -0.119786 0.007898
63.627166 -5.394933 99.142223 -70.354716 -94.585882 -0.123439 0.006001
63.796717 -5.377419 99.400302 -70.559475 -94.838960 -0.127068 0.004195
63.964855 -5.360103 99.655866 -70.762113 -95.089617 -0.130646 0.002425
64.131526 -5.343013 99.908990 -70.962697 -95.338131 -0.134144 0.000636
64.296683 -5.326167 100.159730 -71.161276 -95.584777 -0.137531 -0.001234
64.460295 -5.309568 100.408114 -71.357867 -95.829829 -0.140767 -0.003255
64.622363 -5.293192 100.654115 -71.552423 -96.073556 -0.143799 -0.005517
64.783049 -5.276963 100.897338 -71.744719 -96.313509 -0.146952 -0.007439
64.942354 -5.260859 101.137762 -71.934710 -96.549952 -0.150173 -0.009109
65.100250 -5.244885 101.375412 -72.122409 -96.783146 -0.153422 -0.010593
65.256696 -5.229059 101.610341 -72.307859 -97.013350 -0.156671 -0.011950
65.411644 -5.213402 101.842615 -72.491120 -97.240820 -0.159894 -0.013232
65.565047 -5.197938 102.072300 -72.672255 -97.465808 -0.163068 -0.014489
65.716858 -5.182687 102.299459 -72.851322 -97.688563 -0.166170 -0.015771
65.867039 -5.167662 102.524141 -73.028364 -97.909333 -0.169173 -0.017134
66.015566 -5.152864 102.746368 -73.203394 -98.128363 -0.172045 -0.018643
66.162441 -5.138272 102.966122 -73.376376 -98.345893 -0.174741 -0.020377
66.307800 -5.123829 103.183072 -73.547120 -98.559747 -0.177533 -0.021812
66.451645 -5.109518 103.397200 -73.715587 -98.770159 -0.180375 -0.023024
66.593954 -5.095339 103.608530 -73.881789 -98.977362 -0.183236 -0.024075
66.734694 -5.081305 103.817105 -74.045764 -99.181587 -0.186091 -0.025017
66.873827 -5.067432 104.022980 -74.207562 -99.383060 -0.188921 -0.025896
67.011315 -5.053738 104.226213 -74.367238 -99.582005 -0.191705 -0.026759
67.147119 -5.040238 104.426857 -74.524842 -99.778643 -0.194424 -0.027650
67.281212 -5.026941 104.624954 -74.680411 -99.973192 -0.197057 -0.028620
67.413573 -5.013847 104.820526 -74.833957 -100.165869 -0.199577 -0.029724
67.544207 -5.000938 105.013558 -74.985452 -100.356884 -0.201949 -0.031033
67.673226 -4.988174 105.203777 -75.134737 -100.544340 -0.204394 -0.032082
67.800633 -4.975537 105.391171 -75.281782 -100.728442 -0.206874 -0.032940
67.926414 -4.963030 105.575760 -75.426598 -100.909395 -0.209366 -0.033659
68.050543 -4.950660 105.757581 -75.569216 -101.087400 -0.211848 -0.034285
68.172990 -4.938439 105.936682 -75.709681 -101.262654 -0.214305 -0.034860
68.293725 -4.926381 106.113111 -75.848038 -101.435353 -0.216720 -0.035424
68.412722 -4.914496 106.286914 -75.984332 -101.605687 -0.219079 -0.036016
68.529957 -4.902791 106.458129 -76.118593 -101.773847 -0.221363 -0.036680
68.645418 -4.891265 106.626775 -76.250835 -101.940019 -0.223552 -0.037463
68.759108 -4.879905 106.792845 -76.381035 -102.104386 -0.225617 -0.038425
68.871121 -4.868681 106.956117 -76.509066 -102.265334 -0.227735 -0.039168
68.981463 -4.857580 107.116583 -76.634904 -102.423040 -0.229878 -0.039748
69.090124 -4.846602 107.274261 -76.758560 -102.577678 -0.232024 -0.040211
69.197084 -4.835753 107.429186 -76.880061 -102.729421 -0.234159 -0.040596
69.302325 -4.825042 107.581396 -76.999445 -102.878438 -0.236269 -0.040940
69.405823 -4.814478 107.730935 -77.116751 -103.024893 -0.238341 -0.041274
69.507561 -4.804069 107.877842 -77.232016 -103.168951 -0.240364 -0.041634
69.607522 -4.793820 108.022152 -77.345269 -103.310770 -0.242324 -0.042054
69.705700 -4.783731 108.163882 -77.456523 -103.450510 -0.244205 -0.042575
69.802099 -4.773791 108.303032 -77.565762 -103.588322 -0.245985 -0.043246
69.896796 -4.763980 108.439428 -77.672886 -103.722884 -0.247800 -0.043735
69.989799 -4.754287 108.573067 -77.777881 -103.854342 -0.249629 -0.044091
70.081102 -4.744713 108.703968 -77.880757 -103.982844 -0.251456 -0.044350
70.170696 -4.735261 108.832160 -77.981537 -104.108532 -0.253270 -0.044545
70.258566 -4.725937 108.957678 -78.080253 -104.231546 -0.255059 -0.044703
70.344701 -4.716750 109.080560 -78.176941 -104.352022 -0.256815 -0.044853
70.429088 -4.707705 109.200841 -78.271630 -104.470095 -0.258529 -0.045022
70.511720 -4.698805 109.318553 -78.364348 -104.585896 -0.260189 -0.045238
70.592594 -4.690051 109.433714 -78.455106 -104.699554 -0.261785 -0.045533
70.671718 -4.681435 109.546329 -78.543899 -104.811192 -0.263299 -0.045943
70.749153 -4.672944 109.656270 -78.630652 -104.919784 -0.264834 -0.046211
70.824908 -4.664571 109.763542 -78.715359 -105.025447 -0.266373 -0.046373
70.898985 -4.656315 109.868162 -78.798030 -105.128299 -0.267904 -0.046456
70.971378 -4.648180 109.970158 -78.878686 -105.228454 -0.269420 -0.046486
71.042084 -4.640171 110.069561 -78.957356 -105.326024 -0.270912 -0.046486
71.111098 -4.632293 110.166406 -79.034068 -105.421118 -0.272374 -0.046475
71.178414 -4.624550 110.260725 -79.108849 -105.513840 -0.273798 -0.046474
71.244033 -4.616946 110.352545 -79.181725 -105.604295 -0.275179 -0.046503
71.307956 -4.609483 110.441890 -79.252708 -105.692583 -0.276507 -0.046587
71.370194 -4.602154 110.528768 -79.321799 -105.778800 -0.277771 -0.046751
71.430795 -4.594953 110.613099 -79.388952 -105.862217 -0.279041 -0.046810
71.489768 -4.587877 110.694891 -79.454167 -105.942925 -0.280306 -0.046789
71.547121 -4.580925 110.774164 -79.517456 -106.021013 -0.281557 -0.046708
71.602855 -4.574099 110.850945 -79.578839 -106.096570 -0.282790 -0.046585
71.656974 -4.567406 110.925262 -79.638339 -106.169678 -0.283998 -0.046435
71.709479 -4.560847 110.997147 -79.695982 -106.240419 -0.285178 -0.046272
71.760374 -4.554429 111.066630 -79.751792 -106.308871 -0.286325 -0.046110
71.809662 -4.548153 111.133738 -79.805791 -106.375112 -0.287435 -0.045961
71.857351 -4.542023 111.198494 -79.857996 -106.439213 -0.288502 -0.045841
71.903453 -4.536036 111.260916 -79.908415 -106.501247 -0.289519 -0.045765
71.948002 -4.530191 111.320965 -79.957027 -106.560785 -0.290528 -0.045623
71.991009 -4.524487 111.378656 -80.003840 -106.617892 -0.291521 -0.045429
72.032485 -4.518925 111.434012 -80.048868 -106.672632 -0.292493 -0.045195
72.072437 -4.513508 111.487058 -80.092130 -106.725066 -0.293442 -0.044932
72.110872 -4.508241 111.537819 -80.133646 -106.775253 -0.294364 -0.044649
72.147800 -4.503127 111.586325 -80.173438 -106.823247 -0.295257 -0.044352
72.183226 -4.498170 111.632601 -80.211528 -106.869102 -0.296119 -0.044049
72.217159 -4.493374 111.676675 -80.247937 -106.912870 -0.296947 -0.043747
72.249608 -4.488744 111.718572 -80.282682 -106.954598 -0.297739 -0.043453
72.280584 -4.484280 111.758312 -80.315780 -106.994333 -0.298492 -0.043172
72.310104 -4.479985 111.795898 -80.347235 -107.031954 -0.299219 -0.042870
72.338180 -4.475862 111.831352 -80.377061 -107.067501 -0.299918 -0.042551
72.364820 -4.471914 111.864693 -80.405274 -107.101014 -0.300585 -0.042223
72.390034 -4.468144 111.895942 -80.431890 -107.132531 -0.301221 -0.041887
72.413829 -4.464556 111.925122 -80.456926 -107.162086 -0.301824 -0.041549
72.436214 -4.461155 111.952253 -80.480398 -107.189712 -0.302392 -0.041211
72.457196 -4.457943 111.977354 -80.502320 -107.215439 -0.302924 -0.040875
72.476782 -4.454925 112.000444 -80.522710 -107.239297 -0.303420 -0.040544
72.494979 -4.452105 112.021539 -80.541579 -107.261312 -0.303879 -0.040219
72.511793 -4.449486 112.040657 -80.558942 -107.281508 -0.304301 -0.039903
72.527230 -4.447073 112.057810 -80.574810 -107.299907 -0.304684 -0.039597
72.541294 -4.444869 112.073013 -80.589195 -107.316530 -0.305028 -0.039302
72.553991 -4.442877 112.086275 -80.602105 -107.331396 -0.305332 -0.039020
72.565322 -4.441101 112.097607 -80.613549 -107.344520 -0.305596 -0.038752
72.575291 -4.439545 112.107016 -80.623536 -107.355918 -0.305819 -0.038499
72.583900 -4.438211 112.114507 -80.632069 -107.365601 -0.306001 -0.038262
72.591148 -4.437104 112.120085 -80.639156 -107.373581 -0.306140 -0.038041
72.597037 -4.436226 112.123751 -80.644798 -107.379867 -0.306238 -0.037839
72.601564 -4.435580 112.125505 -80.648998 -107.384464 -0.306292 -0.037655
72.604726 -4.435170 112.125345 -80.651758 -107.387380 -0.306303 -0.037490
72.606520 -4.434999 112.123266 -80.653077 -107.388616 -0.306270 -0.037346
72.606942 -4.435068 112.119263 -80.652953 -107.388174 -0.306193 -0.037223
72.605984 -4.435382 112.113326 -80.651383 -107.386053 -0.306071 -0.037122
72.603639 -4.435943 112.105446 -80.648362 -107.382252 -0.305903 -0.037043
72.599898 -4.436753 112.095608 -80.643887 -107.376765 -0.305690 -0.036988
72.594751 -4.437815 112.083798 -80.637948 -107.369588 -0.305431 -0.036957
72.588186 -4.439132 112.069998 -80.630537 -107.360711 -0.305124 -0.036952
72.580190 -4.440706 112.054188 -80.621646 -107.350125 -0.304771 -0.036972
72.570747 -4.442539 112.036346 -80.611262 -107.337818 -0.304370 -0.037020
72.559842 -4.444634 112.016447 -80.599373 -107.323777 -0.303921 -0.037096
72.547456 -4.446992 111.994464 -80.585965 -107.307986 -0.303424 -0.037201
72.533571 -4.449616 111.970367 -80.571023 -107.290428 -0.302878 -0.037336
72.518164 -4.452508 111.944123 -80.554529 -107.271082 -0.302282 -0.037502
72.501214 -4.455668 111.915697 -80.536464 -107.249928 -0.301637 -0.037701
72.482695 -4.459100 111.885052 -80.516810 -107.226942 -0.300942 -0.037934
72.462580 -4.462805 111.852147 -80.495545 -107.202098 -0.300197 -0.038201
72.440843 -4.466783 111.816939 -80.472645 -107.175370 -0.299401 -0.038505
72.417453 -4.471037 111.779381 -80.448087 -107.146727 -0.298554 -0.038847
72.392378 -4.475567 111.739426 -80.421844 -107.116138 -0.297655 -0.039228
72.365584 -4.480376 111.697020 -80.393889 -107.083568 -0.296705 -0.039650
72.337037 -4.485462 111.652108 -80.364193 -107.048982 -0.295703 -0.040115
72.306698 -4.490829 111.604634 -80.332725 -107.012341 -0.294649 -0.040624
72.274528 -4.496475 111.554535 -80.299452 -106.973605 -0.293542 -0.041179
72.240485 -4.502401 111.501747 -80.264341 -106.932731 -0.292383 -0.041782
72.204527 -4.508609 111.446203 -80.227356 -106.889674 -0.291171 -0.042434
72.166607 -4.515097 111.387832 -80.188460 -106.844385 -0.289906 -0.043139
72.126678 -4.521866 111.326559 -80.147613 -106.796814 -0.288588 -0.043897
72.084690 -4.528915 111.262306 -80.104776 -106.746910 -0.287217 -0.044712
72.040591 -4.536245 111.194993 -80.059905 -106.694616 -0.285792 -0.045584
71.994328 -4.543854 111.124533 -80.012956 -106.639875 -0.284315 -0.046517
71.945844 -4.551741 111.050840 -79.963883 -106.582625 -0.282785 -0.047514
71.895081 -4.559906 110.973820 -79.912638 -106.522805 -0.281202 -0.048575
71.841979 -4.568346 110.893378 -79.859172 -106.460346 -0.279567 -0.049704
71.786474 -4.577061 110.809413 -79.803433 -106.395181 -0.277879 -0.050903
71.728503 -4.586048 110.721821 -79.745367 -106.327237 -0.276139 -0.052175
71.667997 -4.595305 110.630495 -79.684919 -106.256438 -0.274347 -0.053522
71.604888 -4.604831 110.535323 -79.622031 -106.182706 -0.272505 -0.054946
71.539104 -4.614621 110.436189 -79.556644 -106.105960 -0.270612 -0.056452
71.470571 -4.624674 110.332972 -79.488697 -106.026115 -0.268669 -0.058040
71.399214 -4.634986 110.225548 -79.418125 -105.943082 -0.266676 -0.059713
71.324955 -4.645554 110.113788 -79.344864 -105.856769 -0.264635 -0.061475
71.247714 -4.656373 109.997559 -79.268845 -105.767080 -0.262547 -0.063327
71.167409 -4.667440 109.876723 -79.189998 -105.673917 -0.260412 -0.065272
71.083956 -4.678749 109.751138 -79.108251 -105.577175 -0.258232 -0.067312
70.997269 -4.690297 109.620658 -79.023530 -105.476748 -0.256007 -0.069450
70.907260 -4.702077 109.485131 -78.935758 -105.372525 -0.253740 -0.071688
70.813840 -4.714085 109.344403 -78.844855 -105.264391 -0.251430 -0.074028
70.716918 -4.726315 109.198312 -78.750740 -105.152224 -0.249081 -0.076471
70.616401 -4.738759 109.046694 -78.653328 -105.035901 -0.246694 -0.079019
70.512195 -4.751412 108.889380 -78.552534 -104.915294 -0.244270 -0.081674
70.404206 -4.764267 108.726195 -78.448267 -104.790269 -0.241811 -0.084436
70.292337 -4.777315 108.556962 -78.340435 -104.660686 -0.239320 -0.087306
70.176491 -4.790550 108.381497 -78.228945 -104.526403 -0.236798 -0.090285
70.056569 -4.803962 108.199613 -78.113697 -104.387271 -0.234247 -0.093373
69.932476 -4.817542 108.011118 -77.994592 -104.243135 -0.231671 -0.096569
69.804111 -4.831282 107.815816 -77.871527 -104.093836 -0.229072 -0.099871
69.671377 -4.845171 107.613507 -77.744394 -103.939209 -0.226451 -0.103279
69.534177 -4.859199 107.403986 -77.613084 -103.779081 -0.223813 -0.106790
69.392414 -4.873354 107.187045 -77.477483 -103.613276 -0.221159 -0.110401
69.245992 -4.887625 106.962471 -77.337474 -103.441610 -0.218493 -0.114109
69.094819 -4.901999 106.730049 -77.192939 -103.263892 -0.215817 -0.117907
68.938802 -4.916461 106.489559 -77.043752 -103.079926 -0.213136 -0.121791
68.777852 -4.930999 106.240779 -76.889786 -102.889507 -0.210452 -0.125753
68.611884 -4.945595 105.983483 -76.730910 -102.692424 -0.207769 -0.129786
68.440815 -4.960233 105.717444 -76.566987 -102.488459 -0.205090 -0.133880
68.264569 -4.974896 105.442431 -76.397878 -102.277385 -0.202418 -0.138025
68.083072 -4.989562 105.158212 -76.223439 -102.058968 -0.199759 -0.142206
67.896258 -5.004211 104.864553 -76.043519 -101.832966 -0.197114 -0.146411
67.704067 -5.018819 104.561219 -75.857967 -101.599128 -0.194488 -0.150624
67.506447 -5.033360 104.247975 -75.666622 -101.357194 -0.191886 -0.154824
67.303352 -5.047807 103.924585 -75.469324 -101.106897 -0.189311 -0.158993
67.094748 -5.062127 103.590813 -75.265902 -100.847957 -0.186768 -0.163107
66.880610 -5.076287 103.246427 -75.056184 -100.580088 -0.184261 -0.167139
66.660925 -5.090248 102.891194 -74.839992 -100.302992 -0.181795 -0.171061
66.435691 -5.103967 102.524885 -74.617142 -100.016361 -0.179375 -0.174841
66.204922 -5.117398 102.147275 -74.387448 -99.719877 -0.177007 -0.178442
65.968644 -5.130487 101.758143 -74.150716 -99.413210 -0.174696 -0.181824
65.726901 -5.143176 101.357274 -73.906751 -99.096020 -0.172449 -0.184943
65.479753 -5.155400 100.944463 -73.655353 -98.767953 -0.170274 -0.187748
65.227280 -5.167085 100.519511 -73.396321 -98.428645 -0.168180 -0.190185
64.969580 -5.178151 100.082233 -73.129452 -98.077719 -0.166176 -0.192192
64.706771 -5.188506 99.632459 -72.854544 -97.714784 -0.164275 -0.193699
64.438992 -5.198052 99.170039 -72.571401 -97.339437 -0.162491 -0.194626
64.166401 -5.206680 98.694847 -72.279834 -96.951258 -0.160843 -0.194885
63.889171 -5.214274 98.206797 -71.979670 -96.549814 -0.159355 -0.194368
63.607487 -5.220709 97.705851 -71.670765 -96.134657 -0.158060 -0.192951
63.321528 -5.225865 97.192053 -71.353015 -95.705321 -0.156999 -0.190477
63.031438 -5.229630 96.665571 -71.026392 -95.261320 -0.156238 -0.186744
62.737277 -5.231930 96.126781 -70.690991 -94.802146 -0.155871 -0.181474
62.438907 -5.232779 95.576419 -70.347122 -94.327283 -0.156051 -0.174257
62.135432 -5.232414 95.016863 -69.995756 -93.845631 -0.155579 -0.166888
61.826092 -5.230865 94.449786 -69.637249 -93.356603 -0.154609 -0.158638
61.509147 -5.228180 93.878816 -69.271942 -92.859921 -0.153488 -0.151938
61.183556 -5.224362 93.306304 -68.899940 -92.355122 -0.152379 -0.147584
60.849453 -5.219343 92.732542 -68.521126 -91.841516 -0.151280 -0.144279
60.507182 -5.213077 92.157619 -68.135393 -91.318494 -0.150230 -0.141515
60.157131 -5.205551 91.581563 -67.742687 -90.785467 -0.149304 -0.139033
59.799690 -5.196798 91.004376 -67.343042 -90.241846 -0.148604 -0.136663
59.435261 -5.186918 90.426051 -66.936634 -89.687038 -0.148282 -0.134275
59.064279 -5.176136 89.846567 -66.523874 -89.120469 -0.148555 -0.131786
58.687044 -5.164918 89.266383 -66.105792 -88.550782 -0.148091 -0.129904
58.303964 -5.153489 88.685478 -65.682817 -87.977388 -0.147109 -0.128540
57.915379 -5.141943 88.103838 -65.255146 -87.399662 -0.145769 -0.127584
57.521582 -5.130291 87.521450 -64.822831 -86.816974 -0.144197 -0.126927
57.122834 -5.118498 86.938300 -64.385842 -86.228683 -0.142499 -0.126460
56.719375 -5.106503 86.354373 -63.944111 -85.634143 -0.140779 -0.126080
56.311436 -5.094249 85.769653 -63.497582 -85.032702 -0.139142 -0.125687
55.899253 -5.081707 85.184123 -63.046262 -84.423702 -0.137719 -0.125193
55.483083 -5.068917 84.597762 -62.590299 -83.806481 -0.136680 -0.124523
55.063238 -5.056047 84.010537 -62.130093 -83.180401 -0.136261 -0.123644
54.639929 -5.043549 83.422914 -61.666710 -82.553913 -0.135091 -0.123121
54.213463 -5.031596 82.834866 -61.200565 -81.926368 -0.133405 -0.122903
53.784073 -5.020219 82.246371 -60.731807 -81.297083 -0.131375 -0.122915
53.351944 -5.009364 81.657408 -60.260426 -80.665371 -0.129134 -0.123074
52.917230 -4.998930 81.067959 -59.786318 -80.030539 -0.126791 -0.123298
52.480067 -4.988792 80.478000 -59.309338 -79.391889 -0.124448 -0.123509
52.040585 -4.978834 79.887510 -58.829354 -78.748721 -0.122216 -0.123634
51.598925 -4.968973 79.296465 -58.346308 -78.100331 -0.120223 -0.123608
51.155262 -4.959201 78.704838 -57.860296 -77.446016 -0.118645 -0.123388
50.709844 -4.949658 78.112593 -57.371706 -76.785097 -0.117728 -0.122979
50.262858 -4.940805 77.520205 -56.881655 -76.125806 -0.116080 -0.122765
49.814560 -4.932789 76.927642 -56.390551 -75.467459 -0.113948 -0.122731
49.365117 -4.925604 76.334878 -55.898505 -74.809341 -0.111510 -0.122828
48.914642 -4.919158 75.741888 -55.405448 -74.150732 -0.108898 -0.122997
48.463212 -4.913309 75.148648 -54.911208 -73.490911 -0.106218 -0.123178
48.010889 -4.907896 74.555129 -54.415572 -72.829152 -0.103570 -0.123311
47.557727 -4.902766 73.961305 -53.918338 -72.164729 -0.101058 -0.123345
47.103798 -4.897805 73.367146 -53.419385 -71.496916 -0.098808 -0.123239
46.649219 -4.892981 72.772622 -52.918770 -70.824986 -0.096991 -0.122976
46.194202 -4.888419 72.177693 -52.416876 -70.148245 -0.095861 -0.122593
45.738953 -4.884609 71.582843 -51.914896 -69.474671 -0.094037 -0.122289
45.283701 -4.881684 70.988038 -51.413243 -68.803566 -0.091775 -0.122080
44.828569 -4.879620 70.393248 -50.911995 -68.134202 -0.089253 -0.121943
44.373613 -4.878302 69.798444 -50.411028 -67.465847 -0.086597 -0.121839
43.918851 -4.877565 69.203596 -49.910110 -66.797767 -0.083907 -0.121727
43.464280 -4.877226 68.608673 -49.408962 -66.129228 -0.081275 -0.121565
43.009896 -4.877112 68.013641 -48.907322 -65.459496 -0.078792 -0.121319
42.555714 -4.877091 67.418469 -48.405011 -64.787837 -0.076578 -0.120969
42.101806 -4.877120 66.823120 -47.902047 -64.113524 -0.074797 -0.120522
41.648365 -4.877320 66.227554 -47.398814 -63.435857 -0.073700 -0.120046
41.195652 -4.878208 65.632262 -46.896606 -62.762529 -0.071957 -0.119558
40.743885 -4.879917 65.037205 -46.395845 -62.092842 -0.069828 -0.119104
40.293151 -4.882409 64.442352 -45.896576 -61.426071 -0.067485 -0.118685
39.843463 -4.885557 63.847670 -45.398627 -60.761486 -0.065047 -0.118281
39.394788 -4.889185 63.253123 -44.901711 -60.098357 -0.062602 -0.117867
38.947069 -4.893100 62.658677 -44.405492 -59.435954 -0.060227 -0.117415
38.500250 -4.897122 62.064295 -43.909653 -58.773549 -0.058003 -0.116907
38.054300 -4.901110 61.469939 -43.413964 -58.110416 -0.056033 -0.116338
37.609255 -4.905015 60.875574 -42.918403 -57.445837 -0.054473 -0.115737
37.165299 -4.908959 60.281154 -42.423360 -56.779123 -0.053567 -0.115202
36.722778 -4.913484 59.687172 -41.930243 -56.117643 -0.052069 -0.114580
36.281909 -4.918719 59.093589 -41.439484 -55.460713 -0.050238 -0.113949
35.842752 -4.924621 58.500371 -40.951096 -54.807622 -0.048237 -0.113330
35.405280 -4.931056 57.907479 -40.464863 -54.157654 -0.046172 -0.112721
34.969419 -4.937845 57.314877 -39.980450 -53.510095 -0.044117 -0.112107
34.535066 -4.944798 56.722524 -39.497476 -52.864230 -0.042136 -0.111475
34.102124 -4.951736 56.130382 -39.015579 -52.219350 -0.040292 -0.110814
33.670521 -4.958518 55.538410 -38.534484 -51.574748 -0.038673 -0.110133
33.240265 -4.965092 54.946567 -38.054133 -50.929722 -0.037418 -0.109479
32.811538 -4.971579 54.354809 -37.574915 -50.283609 -0.036764 -0.108976
32.384789 -4.978536 53.763624 -37.098361 -49.643414 -0.035575 -0.108327
31.960241 -4.986084 53.172972 -36.624905 -49.008479 -0.034107 -0.107638
31.537930 -4.994177 52.582815 -36.154529 -48.378114 -0.032509 -0.106950
31.117797 -5.002680 51.993112 -35.686975 -47.751629 -0.030871 -0.106270
30.699731 -5.011422 51.403824 -35.221874 -47.128334 -0.029252 -0.105595
30.283598 -5.020220 50.814907 -34.758814 -46.507542 -0.027699 -0.104918
29.869263 -5.028905 50.226320 -34.297400 -45.888568 -0.026262 -0.104237
29.456625 -5.037344 49.638019 -33.837324 -45.270734 -0.025010 -0.103569
29.045667 -5.045484 49.049961 -33.378491 -44.653368 -0.024063 -0.102972
28.636571 -5.053440 48.462102 -32.921281 -44.035833 -0.023645 -0.102594
28.229902 -5.061767 47.874919 -32.467344 -43.424740 -0.022757 -0.102024
27.825884 -5.070575 47.288370 -32.017104 -42.819460 -0.021641 -0.101395
27.424532 -5.079814 46.702415 -31.570504 -42.219336 -0.020429 -0.100758
27.025759 -5.089352 46.117012 -31.127259 -41.623711 -0.019193 -0.100133
26.629429 -5.099032 45.532116 -30.686978 -41.031927 -0.017978 -0.099520
26.235383 -5.108687 44.947685 -30.249232 -40.443331 -0.016818 -0.098917
25.843464 -5.118166 44.363673 -29.813612 -39.857274 -0.015749 -0.098327
25.453546 -5.127346 43.780036 -29.379788 -39.273112 -0.014823 -0.097771
25.065591 -5.136178 43.196729 -28.947634 -38.690209 -0.014139 -0.097315
24.679780 -5.144761 42.613706 -28.517504 -38.107966 -0.013901 -0.097125
24.296789 -5.153630 42.031427 -28.091148 -37.532558 -0.013261 -0.096708
23.916839 -5.162878 41.449850 -27.668964 -36.963395 -0.012442 -0.096219
23.539924 -5.172451 40.868931 -27.250860 -36.399860 -0.011556 -0.095720
23.165935 -5.182226 40.288626 -26.836528 -35.841333 -0.010656 -0.095233
22.794721 -5.192064 39.708891 -26.425572 -35.287197 -0.009775 -0.094762
22.426107 -5.201820 39.129680 -26.017567 -34.736842 -0.008937 -0.094308
22.059925 -5.211361 38.550946 -25.612104 -34.189658 -0.008166 -0.093875
21.696035 -5.220583 37.972645 -25.208843 -33.645043 -0.007501 -0.093485
21.334381 -5.229436 37.394731 -24.807634 -33.102405 -0.007018 -0.093208
20.975136 -5.238003 36.817156 -24.408792 -32.561186 -0.006897 -0.093219
20.619071 -5.246776 36.240355 -24.014130 -32.027093 -0.006444 -0.092982
20.266397 -5.255825 35.664286 -23.624002 -31.499580 -0.005859 -0.092664
19.917087 -5.265092 35.088903 -23.238285 -30.978072 -0.005228 -0.092332
19.571021 -5.274468 34.514160 -22.856663 -30.461996 -0.004592 -0.092008
19.228038 -5.283832 33.940013 -22.478747 -29.950783 -0.003972 -0.091698
18.887963 -5.293063 33.366414 -22.104127 -29.443865 -0.003384 -0.091400
18.550626 -5.302048 32.793318 -21.732407 -28.940685 -0.002847 -0.091121
18.215880 -5.310696 32.220677 -21.363250 -28.440686 -0.002386 -0.090879
17.883658 -5.318961 31.648447 -20.996479 -27.943323 -0.002060 -0.090739
17.554122 -5.326903 31.076578 -20.632362 -27.448087 -0.002019 -0.090880
17.228112 -5.334943 30.505477 -20.272711 -26.960181 -0.001727 -0.090745
16.905828 -5.343134 29.935105 -19.917835 -26.479084 -0.001423 -0.090470
16.587032 -5.351766 29.368034 -19.567649 -26.004277 -0.001108 -0.090175
16.271266 -5.361335 28.808916 -19.221930 -25.535298 -0.000557 -0.090046
15.958455 -5.371666 28.257388 -18.880296 -25.071586 0.000070 -0.090004
15.648513 -5.382554 27.712898 -18.542333 -24.612626 0.000741 -0.090027
15.341345 -5.393807 27.174878 -18.207644 -24.157910 0.001431 -0.090104
15.036870 -5.405258 26.642761 -17.875885 -23.706937 0.002112 -0.090241
14.735072 -5.416778 26.115990 -17.546856 -23.259213 0.002727 -0.090483
14.436141 -5.428350 25.594118 -17.220775 -22.814245 0.003061 -0.090960
14.140716 -5.440783 25.081682 -16.899491 -22.376776 0.003769 -0.091280
13.849026 -5.454028 24.578279 -16.583241 -21.946326 0.004612 -0.091563
13.561076 -5.467942 24.083387 -16.271850 -21.522423 0.005529 -0.091856
13.276790 -5.482365 23.596482 -15.965010 -21.104601 0.006493 -0.092169
12.996060 -5.497136 23.117045 -15.662372 -20.692398 0.007484 -0.092500
12.718767 -5.512107 22.644560 -15.363580 -20.285358 0.008490 -0.092844
12.444789 -5.527141 22.178519 -15.068294 -19.883031 0.009497 -0.093201
12.174021 -5.542115 21.718415 -14.776214 -19.484974 0.010486 -0.093581
11.906412 -5.556938 21.263747 -14.487156 -19.090750 0.011420 -0.094032
11.642101 -5.571593 20.814088 -14.201295 -18.699928 0.012141 -0.094692
11.381791 -5.586710 20.373594 -13.920370 -18.316679 0.013117 -0.095161
11.125647 -5.602244 19.941869 -13.644570 -17.940582 0.014172 -0.095569
10.873640 -5.618088 19.518448 -13.373730 -17.571227 0.015266 -0.095965
10.625673 -5.634121 19.102872 -13.107580 -17.208205 0.016381 -0.096360
10.381629 -5.650231 18.694687 -12.845819 -16.851116 0.017505 -0.096755
10.141381 -5.666309 18.293449 -12.588141 -16.499566 0.018628 -0.097149
9.904807 -5.682258 17.898719 -12.334255 -16.153165 0.019740 -0.097544
9.671796 -5.697992 17.510061 -12.083899 -15.811531 0.020831 -0.097951
9.442284 -5.713445 17.127046 -11.836910 -15.474290 0.021875 -0.098412
9.216373 -5.728602 16.749285 -11.593421 -15.141073 0.022762 -0.099059
8.994757 -5.743924 16.380442 -11.354992 -14.815456 0.023811 -0.099516
8.777558 -5.759374 16.020154 -11.121770 -14.497082 0.024902 -0.099910
8.564727 -5.774872 15.668024 -10.893609 -14.185602 0.026007 -0.100285
8.356168 -5.790337 15.323664 -10.670281 -13.880674 0.027115 -0.100652
8.151768 -5.805688 14.986695 -10.451533 -13.581960 0.028218 -0.101013
7.951410 -5.820852 14.656745 -10.237112 -13.289131 0.029308 -0.101370
7.754980 -5.835761 14.333449 -10.026776 -13.001861 0.030381 -0.101723
7.562375 -5.850357 14.016450 -9.820309 -12.719835 0.031427 -0.102085
7.373532 -5.864594 13.705390 -9.617570 -12.442743 0.032431 -0.102490
7.188526 -5.878459 13.399942 -9.418662 -12.170282 0.033321 -0.103054
7.007984 -5.892272 13.103191 -9.224916 -11.905411 0.034305 -0.103450
6.831993 -5.906002 12.814826 -9.036445 -11.647842 0.035303 -0.103791
6.660505 -5.919598 12.534527 -8.853131 -11.397293 0.036297 -0.104113
6.493432 -5.933003 12.261981 -8.674791 -11.153486 0.037281 -0.104427
6.330676 -5.946164 11.996886 -8.501224 -10.916152 0.038249 -0.104735
6.172137 -5.959032 11.738948 -8.332231 -10.685030 0.039197 -0.105040
6.017720 -5.971564 11.487880 -8.167621 -10.459863 0.040121 -0.105344
5.867339 -5.983720 11.243402 -8.007225 -10.240403 0.041015 -0.105654
5.720938 -5.995470 11.005237 -7.850932 -10.026410 0.041870 -0.106001
5.578570 -6.006803 10.773126 -7.698822 -9.817648 0.042639 -0.106477
5.440758 -6.017927 10.549522 -7.551961 -9.616446 0.043453 -0.106818
5.307565 -6.028821 10.334182 -7.410439 -9.422583 0.044262 -0.107117
5.178947 -6.039451 10.126864 -7.274169 -9.235848 0.045056 -0.107402
5.054836 -6.049782 9.927336 -7.143014 -9.056034 0.045829 -0.107682
4.935156 -6.059780 9.735375 -7.016829 -8.882943 0.046579 -0.107961
4.819830 -6.069414 9.550768 -6.895469 -8.716382 0.047302 -0.108239
4.708786 -6.078657 9.373308 -6.778796 -8.556169 0.047996 -0.108518
4.601960 -6.087482 9.202797 -6.666690 -8.402126 0.048657 -0.108806
4.499311 -6.095871 9.039042 -6.559074 -8.254084 0.049281 -0.109121
4.400875 -6.103816 8.881861 -6.456006 -8.111881 0.049838 -0.109533
4.307044 -6.111438 8.733036 -6.358266 -7.977199 0.050407 -0.109848
4.217863 -6.118728 8.592405 -6.265925 -7.849890 0.050956 -0.110133
4.133303 -6.125663 8.459806 -6.178926 -7.729816 0.051481 -0.110409
4.053320 -6.132224 8.335093 -6.097182 -7.616844 0.051979 -0.110682
3.977863 -6.138388 8.218125 -6.020599 -7.510849 0.052447 -0.110952
3.906885 -6.144138 8.108773 -5.949083 -7.411713 0.052883 -0.111220
3.840342 -6.149457 8.006914 -5.882549 -7.319327 0.053287 -0.111484
3.778197 -6.154328 7.912434 -5.820918 -7.233589 0.053655 -0.111747
3.720427 -6.158739 7.825227 -5.764143 -7.154404 0.053985 -0.112018
3.667060 -6.162681 7.745197 -5.712252 -7.081685 0.054262 -0.112335
3.618340 -6.166219 7.673438 -5.665715 -7.016460 0.054525 -0.112575
3.574301 -6.169342 7.609872 -5.624566 -6.958657 0.054758 -0.112774
3.534933 -6.172038 7.554428 -5.588760 -6.908212 0.054959 -0.112935
3.500216 -6.174292 7.507047 -5.558228 -6.865068 0.055125 -0.113051
3.470123 -6.176091 7.467680 -5.532886 -6.829176 0.055255 -0.113107
3.444628 -6.177417 7.436289 -5.512637 -6.800494 0.055346 -0.113084
3.423697 -6.178256 7.412849 -5.497367 -6.778986 0.055396 -0.112954
3.407316 -6.178592 7.397346 -5.486976 -6.764625 0.055394 -0.112699
3.395629 -6.178423 7.389777 -5.481576 -6.757392 0.055302 -0.112399
3.389902 -6.177793 7.389803 -5.482923 -6.757388 0.055338 -0.112495
3.386326 -6.176084 7.389855 -5.484423 -6.757405 0.055186 -0.112768
