0.000000 -0.000000 0.000000 0.000000 0.000000 -0.000000 0.000000
-0.058945 -0.020158 -0.007693 -0.012832 -0.008081 0.075189 0.031955
-0.157598 -0.050093 -0.010478 -0.005858 -0.013186 0.140017 0.064856
-0.270026 -0.088228 -0.010200 0.015678 -0.016259 0.195405 0.098542
-0.379247 -0.133394 -0.008220 0.046489 -0.018087 0.243423 0.131956
-0.475411 -0.184576 -0.005372 0.082998 -0.019170 0.285514 0.164390
-0.553061 -0.240864 -0.002188 0.122767 -0.019834 0.322679 0.195430
-0.609171 -0.301425 0.000964 0.164193 -0.020308 0.355642 0.224902
-0.641943 -0.365495 0.003826 0.206873 -0.020756 0.384965 0.253048
-0.652316 -0.432338 0.006302 0.250110 -0.021243 0.411000 0.279860
-0.644301 -0.501224 0.008458 0.292028 -0.021735 0.433923 0.304717
-0.621212 -0.571490 0.010356 0.332015 -0.022202 0.453941 0.327524
-0.586031 -0.642529 0.012068 0.370068 -0.022616 0.471286 0.348415
-0.540960 -0.713791 0.013609 0.405956 -0.022974 0.486183 0.367454
-0.487854 -0.784779 0.014987 0.439493 -0.023280 0.498847 0.384705
-0.428275 -0.855043 0.016203 0.470525 -0.023538 0.509484 0.400239
-0.363454 -0.924184 0.017245 0.498918 -0.023764 0.518286 0.414122
-0.294113 -0.991848 0.018098 0.524544 -0.023967 0.525394 0.426401
-0.220995 -1.057742 0.018714 0.547043 -0.024198 0.531326 0.437178
-0.145562 -1.121565 0.019140 0.566361 -0.024420 0.535899 0.446369
-0.068927 -1.183065 0.019424 0.582634 -0.024615 0.539175 0.454041
0.008094 -1.242014 0.019588 0.595943 -0.024775 0.541226 0.460264
0.084612 -1.298194 0.019677 0.606593 -0.024882 0.542129 0.465169
0.160145 -1.351423 0.019697 0.614583 -0.024940 0.541954 0.468795
0.234275 -1.401540 0.019655 0.619935 -0.024948 0.540763 0.471176
0.306595 -1.448406 0.019563 0.622691 -0.024907 0.538615 0.472351
0.376683 -1.491901 0.019431 0.622892 -0.024813 0.535560 0.472357
0.444077 -1.531923 0.019276 0.620560 -0.024665 0.531639 0.471225
0.508218 -1.568383 0.019115 0.615685 -0.024455 0.526886 0.468968
0.568360 -1.601214 0.018959 0.608202 -0.024189 0.521431 0.465602
0.624020 -1.630274 0.018851 0.598366 -0.023824 0.514820 0.461112
0.675122 -1.655546 0.018742 0.585982 -0.023411 0.507538 0.455633
0.721204 -1.676980 0.018627 0.570977 -0.022963 0.499690 0.449202
0.761933 -1.694566 0.018482 0.553057 -0.022496 0.491332 0.441774
0.796935 -1.708311 0.018296 0.532026 -0.022019 0.482505 0.433320
0.825840 -1.718237 0.018069 0.507753 -0.021538 0.473245 0.423828
0.848354 -1.724374 0.017795 0.480138 -0.021057 0.463581 0.413295
0.864330 -1.726765 0.017464 0.449080 -0.020588 0.453542 0.401715
0.873812 -1.725464 0.017057 0.414536 -0.020148 0.443269 0.389146
0.876859 -1.720564 0.016565 0.376556 -0.019757 0.433037 0.375704
0.873207 -1.712058 0.016016 0.335159 -0.019387 0.422502 0.361264
0.862760 -1.699973 0.015429 0.290489 -0.019032 0.411677 0.345876
0.845386 -1.684313 0.014844 0.242934 -0.018674 0.400596 0.329658
0.821285 -1.665119 0.014260 0.192613 -0.018317 0.389279 0.312655
0.790749 -1.642441 0.013680 0.139660 -0.017961 0.377743 0.294903
0.754118 -1.616338 0.013107 0.084235 -0.017609 0.365998 0.276444
0.711777 -1.586875 0.012543 0.026516 -0.017259 0.354051 0.257321
0.664154 -1.554121 0.011993 -0.033310 -0.016912 0.341901 0.237578
0.611715 -1.518152 0.011462 -0.095054 -0.016565 0.329538 0.217254
0.554939 -1.479045 0.010956 -0.158535 -0.016215 0.316941 0.196380
0.494255 -1.436878 0.010488 -0.223604 -0.015856 0.304076 0.174966
0.429900 -1.391700 0.010071 -0.290196 -0.015480 0.290915 0.153005
0.361733 -1.343726 0.009729 -0.357873 -0.015082 0.277491 0.130661
0.289768 -1.292936 0.009425 -0.426664 -0.014685 0.263960 0.108002
0.213935 -1.239364 0.009141 -0.496551 -0.014304 0.250460 0.085078
0.134143 -1.183087 0.008867 -0.567435 -0.013948 0.237104 0.061962
0.050370 -1.124210 0.008601 -0.639138 -0.013621 0.223964 0.038743
-0.037268 -1.062777 0.008305 -0.711535 -0.013347 0.211407 0.015546
-0.128657 -0.998922 0.008013 -0.784456 -0.013107 0.199224 -0.007647
-0.223571 -0.932789 0.007743 -0.857682 -0.012891 0.187391 -0.030788
-0.321689 -0.864518 0.007498 -0.931033 -0.012695 0.175903 -0.053835
-0.422638 -0.794232 0.007273 -1.004370 -0.012522 0.164764 -0.076746
-0.526232 -0.722023 0.007090 -1.077319 -0.012359 0.153988 -0.099421
-0.632058 -0.648010 0.006939 -1.149762 -0.012210 0.143579 -0.121827
-0.739699 -0.572318 0.006817 -1.221558 -0.012074 0.133538 -0.143933
-0.848727 -0.495073 0.006721 -1.292560 -0.011951 0.123864 -0.165711
-0.958760 -0.416399 0.006648 -1.362608 -0.011841 0.114556 -0.187124
-1.069417 -0.336421 0.006597 -1.431564 -0.011742 0.105609 -0.208140
-1.180327 -0.255261 0.006563 -1.499306 -0.011653 0.097021 -0.228735
-1.291122 -0.173044 0.006543 -1.565736 -0.011576 0.088784 -0.248890
-1.401450 -0.089890 0.006531 -1.630767 -0.011511 0.080892 -0.268589
-1.510962 -0.005912 0.006519 -1.694318 -0.011459 0.073338 -0.287811
-1.619482 0.078808 0.006525 -1.756083 -0.011410 0.066127 -0.306482
-1.726685 0.164161 0.006542 -1.815993 -0.011366 0.059250 -0.324586
-1.832281 0.250032 0.006566 -1.873985 -0.011326 0.052697 -0.342113
-1.935996 0.336308 0.006592 -1.930006 -0.011291 0.046459 -0.359055
-2.037579 0.422880 0.006619 -1.984006 -0.011260 0.040523 -0.375406
-2.136795 0.509640 0.006643 -2.035943 -0.011234 0.034879 -0.391164
-2.233427 0.596482 0.006663 -2.085792 -0.011211 0.029514 -0.406328
-2.327272 0.683305 0.006674 -2.133542 -0.011194 0.024417 -0.420903
-2.418150 0.770010 0.006673 -2.179194 -0.011182 0.019576 -0.434892
-2.505936 0.856508 0.006657 -2.222692 -0.011175 0.014981 -0.448272
-2.590506 0.942737 0.006642 -2.263850 -0.011166 0.010631 -0.461015
-2.671759 1.028614 0.006626 -2.302622 -0.011153 0.006517 -0.473100
-2.749575 1.114054 0.006606 -2.339025 -0.011137 0.002627 -0.484534
-2.823847 1.198975 0.006579 -2.373082 -0.011120 -0.001050 -0.495329
-2.894482 1.283298 0.006545 -2.404823 -0.011101 -0.004526 -0.505498
-2.961402 1.366946 0.006501 -2.434279 -0.011080 -0.007811 -0.515054
-3.024541 1.449849 0.006446 -2.461494 -0.011059 -0.010917 -0.524015
-3.083848 1.531939 0.006377 -2.486521 -0.011038 -0.013855 -0.532397
-3.139289 1.613152 0.006293 -2.509407 -0.011017 -0.016635 -0.540213
-3.190882 1.693438 0.006194 -2.530129 -0.010997 -0.019262 -0.547445
-3.238593 1.772761 0.006093 -2.548562 -0.010970 -0.021739 -0.554083
-3.282454 1.851076 0.005993 -2.564688 -0.010935 -0.024070 -0.560109
-3.322470 1.928337 0.005891 -2.578560 -0.010893 -0.026264 -0.565538
-3.358649 2.004497 0.005786 -2.590250 -0.010845 -0.028329 -0.570391
-3.391010 2.079517 0.005676 -2.599829 -0.010793 -0.030273 -0.574690
-3.419583 2.153359 0.005560 -2.607377 -0.010735 -0.032104 -0.578458
-3.444409 2.225990 0.005435 -2.612977 -0.010675 -0.033826 -0.581720
-3.465547 2.297380 0.005300 -2.616711 -0.010612 -0.035447 -0.584498
-3.483082 2.367502 0.005154 -2.618636 -0.010547 -0.036971 -0.586799
-3.497159 2.436334 0.005009 -2.618688 -0.010475 -0.038415 -0.588584
-3.507754 2.503830 0.004865 -2.616831 -0.010394 -0.039761 -0.589873
-3.514949 2.569937 0.004724 -2.613073 -0.010305 -0.041004 -0.590661
-3.518807 2.634594 0.004564 -2.607495 -0.010216 -0.042084 -0.590955
-3.519387 2.697754 0.004365 -2.600194 -0.010133 -0.042941 -0.590772
-3.516753 2.759408 0.004167 -2.591249 -0.010044 -0.043733 -0.590161
-3.510971 2.819541 0.003973 -2.580751 -0.009950 -0.044475 -0.589149
-3.502112 2.878148 0.003780 -2.568800 -0.009851 -0.045177 -0.587766
-3.490257 2.935226 0.003586 -2.555494 -0.009750 -0.045844 -0.586037
-3.475503 2.990778 0.003390 -2.540906 -0.009646 -0.046481 -0.583979
-3.457982 3.044814 0.003196 -2.525024 -0.009539 -0.047089 -0.581576
-3.437722 3.097350 0.003013 -2.507781 -0.009424 -0.047670 -0.578829
-3.414852 3.148400 0.002845 -2.489164 -0.009299 -0.048223 -0.575724
-3.389478 3.197973 0.002690 -2.469239 -0.009165 -0.048753 -0.572274
-3.361689 3.246079 0.002547 -2.448098 -0.009024 -0.049262 -0.568505
-3.331575 3.292729 0.002412 -2.425840 -0.008876 -0.049754 -0.564442
-3.299224 3.337935 0.002284 -2.402564 -0.008725 -0.050231 -0.560114
-3.264724 3.381710 0.002158 -2.378369 -0.008570 -0.050697 -0.555549
-3.228169 3.424070 0.002033 -2.353344 -0.008414 -0.051153 -0.550770
-3.189662 3.465034 0.001907 -2.327549 -0.008258 -0.051601 -0.545789
-3.149331 3.504625 0.001785 -2.300964 -0.008100 -0.052042 -0.540589
-3.107190 3.542866 0.001673 -2.273527 -0.007935 -0.052475 -0.535171
-3.063357 3.579783 0.001576 -2.245216 -0.007762 -0.052899 -0.529521
-3.017930 3.615395 0.001493 -2.216085 -0.007582 -0.053317 -0.523647
-2.970990 3.649725 0.001421 -2.186216 -0.007397 -0.053729 -0.517573
-2.922615 3.682792 0.001356 -2.155700 -0.007207 -0.054138 -0.511322
-2.872881 3.714618 0.001297 -2.124629 -0.007015 -0.054545 -0.504921
-2.821862 3.745226 0.001238 -2.093090 -0.006821 -0.054952 -0.498396
-2.769636 3.774639 0.001179 -2.061163 -0.006629 -0.055361 -0.491765
-2.716293 3.802883 0.001118 -2.028891 -0.006437 -0.055771 -0.485037
-2.661935 3.829985 0.001058 -1.996245 -0.006245 -0.056183 -0.478195
-2.606557 3.855971 0.001006 -1.963165 -0.006049 -0.056595 -0.471240
-2.550255 3.880867 0.000966 -1.929619 -0.005847 -0.057006 -0.464153
-2.493108 3.904700 0.000936 -1.895648 -0.005640 -0.057418 -0.456943
-2.435182 3.927494 0.000914 -1.861319 -0.005430 -0.057830 -0.449627
-2.376536 3.949273 0.000897 -1.826713 -0.005217 -0.058244 -0.442228
-2.317229 3.970062 0.000882 -1.791908 -0.005004 -0.058662 -0.434767
-2.257318 3.989886 0.000865 -1.756981 -0.004792 -0.059083 -0.427268
-2.196864 4.008771 0.000843 -1.721995 -0.004582 -0.059508 -0.419745
-2.135934 4.026742 0.000817 -1.686982 -0.004375 -0.059938 -0.412205
-2.074608 4.043827 0.000790 -1.651905 -0.004168 -0.060372 -0.404629
-2.012865 4.060046 0.000767 -1.616703 -0.003960 -0.060809 -0.397016
-1.950776 4.075426 0.000751 -1.581338 -0.003749 -0.061247 -0.389349
-1.888403 4.089991 0.000742 -1.545836 -0.003534 -0.061687 -0.381631
-1.825794 4.103765 0.000737 -1.510255 -0.003317 -0.062129 -0.373878
-1.762993 4.116772 0.000734 -1.474660 -0.003100 -0.062574 -0.366108
-1.700040 4.129034 0.000729 -1.439118 -0.002884 -0.063023 -0.358340
-1.636978 4.140575 0.000720 -1.403694 -0.002671 -0.063475 -0.350592
-1.573848 4.151419 0.000704 -1.368438 -0.002461 -0.063932 -0.342879
-1.510702 4.161589 0.000681 -1.333369 -0.002254 -0.064394 -0.335201
-1.447597 4.171108 0.000654 -1.298447 -0.002050 -0.064858 -0.327542
-1.384500 4.179990 0.000628 -1.263612 -0.001846 -0.065325 -0.319899
-1.321465 4.188258 0.000606 -1.228820 -0.001640 -0.065793 -0.312254
-1.258534 4.195931 0.000588 -1.194089 -0.001432 -0.066263 -0.304608
-1.195743 4.203032 0.000572 -1.159464 -0.001224 -0.066735 -0.296975
-1.133120 4.209579 0.000555 -1.124999 -0.001017 -0.067209 -0.289368
-1.070693 4.215592 0.000534 -1.090750 -0.000812 -0.067685 -0.281805
-1.008489 4.221093 0.000506 -1.056770 -0.000610 -0.068164 -0.274301
-0.946539 4.226099 0.000471 -1.023098 -0.000412 -0.068647 -0.266865
-0.884877 4.230631 0.000428 -0.989746 -0.000218 -0.069133 -0.259499
-0.823542 4.234704 0.000379 -0.956673 -0.000028 -0.069621 -0.252186
-0.762497 4.238329 0.000330 -0.923815 0.000162 -0.070110 -0.244920
-0.701780 4.241521 0.000282 -0.891133 0.000352 -0.070601 -0.237687
-0.641419 4.244297 0.000237 -0.858634 0.000543 -0.071092 -0.230485
-0.581437 4.246672 0.000191 -0.826353 0.000734 -0.071585 -0.223324
-0.521853 4.248664 0.000144 -0.794336 0.000923 -0.072078 -0.216216
-0.462685 4.250288 0.000092 -0.762630 0.001109 -0.072574 -0.209176
-0.403948 4.251560 0.000034 -0.731275 0.001292 -0.073071 -0.202216
-0.345663 4.252495 -0.000033 -0.700304 0.001471 -0.073571 -0.195343
-0.287852 4.253108 -0.000108 -0.669722 0.001645 -0.074073 -0.188557
-0.230541 4.253410 -0.000188 -0.639490 0.001816 -0.074576 -0.181844
-0.173692 4.253406 -0.000269 -0.609544 0.001985 -0.075081 -0.175196
-0.117329 4.253106 -0.000350 -0.579846 0.002155 -0.075586 -0.168598
-0.061472 4.252523 -0.000429 -0.550399 0.002325 -0.076091 -0.162050
-0.006134 4.251668 -0.000508 -0.521231 0.002494 -0.076598 -0.155559
0.048674 4.250556 -0.000590 -0.492377 0.002661 -0.077105 -0.149134
0.102943 4.249197 -0.000675 -0.463877 0.002826 -0.077613 -0.142788
0.156662 4.247604 -0.000767 -0.435765 0.002987 -0.078123 -0.136531
0.209821 4.245790 -0.000866 -0.408065 0.003144 -0.078634 -0.130369
0.262405 4.243764 -0.000972 -0.380780 0.003296 -0.079147 -0.124301
0.314401 4.241533 -0.001083 -0.353871 0.003446 -0.079662 -0.118313
0.365841 4.239099 -0.001196 -0.327279 0.003594 -0.080177 -0.112398
0.416713 4.236468 -0.001307 -0.300966 0.003742 -0.080692 -0.106541
0.467005 4.233649 -0.001417 -0.274932 0.003890 -0.081208 -0.100742
0.516709 4.230651 -0.001526 -0.249200 0.004037 -0.081725 -0.095006
0.565821 4.227484 -0.001638 -0.223798 0.004183 -0.082242 -0.089341
0.614336 4.224158 -0.001752 -0.198760 0.004326 -0.082761 -0.083758
0.662249 4.220682 -0.001872 -0.174112 0.004466 -0.083280 -0.078264
0.709556 4.217065 -0.001998 -0.149874 0.004602 -0.083801 -0.072866
0.756250 4.213314 -0.002129 -0.126047 0.004734 -0.084323 -0.067560
0.802321 4.209435 -0.002265 -0.102595 0.004863 -0.084847 -0.062336
0.847803 4.205424 -0.002401 -0.079461 0.004991 -0.085371 -0.057185
0.892687 4.201286 -0.002535 -0.056611 0.005119 -0.085895 -0.052094
0.936968 4.197028 -0.002668 -0.034043 0.005247 -0.086419 -0.047061
0.980643 4.192656 -0.002800 -0.011774 0.005374 -0.086945 -0.042093
1.023710 4.188178 -0.002933 0.010170 0.005500 -0.087470 -0.037195
1.066171 4.183603 -0.003068 0.031764 0.005624 -0.087997 -0.032375
1.108024 4.178936 -0.003206 0.052985 0.005745 -0.088524 -0.027641
1.149267 4.174186 -0.003350 0.073818 0.005862 -0.089053 -0.022997
1.189899 4.169358 -0.003498 0.094263 0.005976 -0.089582 -0.018441
1.229917 4.164454 -0.003648 0.114351 0.006088 -0.090112 -0.013962
1.269348 4.159471 -0.003799 0.134138 0.006199 -0.090643 -0.009553
1.308190 4.154412 -0.003947 0.153653 0.006310 -0.091173 -0.005201
1.346441 4.149280 -0.004093 0.172899 0.006420 -0.091704 -0.000906
1.384102 4.144083 -0.004238 0.191863 0.006530 -0.092234 0.003329
1.421175 4.138825 -0.004383 0.210523 0.006639 -0.092765 0.007498
1.457662 4.133514 -0.004529 0.228859 0.006746 -0.093297 0.011594
1.493564 4.128155 -0.004677 0.246852 0.006851 -0.093828 0.015612
1.528885 4.122755 -0.004829 0.264488 0.006953 -0.094360 0.019548
1.563624 4.117316 -0.004984 0.281771 0.007052 -0.094892 0.023403
1.597783 4.111843 -0.005141 0.298725 0.007148 -0.095425 0.027186
1.631385 4.106328 -0.005297 0.315404 0.007244 -0.095957 0.030906
1.664430 4.100775 -0.005450 0.331835 0.007341 -0.096488 0.034574
1.696921 4.095187 -0.005601 0.348018 0.007437 -0.097019 0.038190
1.728861 4.089568 -0.005749 0.363944 0.007532 -0.097549 0.041751
1.760253 4.083925 -0.005898 0.379596 0.007627 -0.098079 0.045252
1.791100 4.078262 -0.006046 0.394956 0.007720 -0.098608 0.048688
1.821407 4.072584 -0.006196 0.410008 0.007811 -0.099137 0.052053
1.851179 4.066897 -0.006348 0.424743 0.007900 -0.099665 0.055346
1.880417 4.061203 -0.006503 0.439162 0.007986 -0.100192 0.058566
1.909125 4.055505 -0.006658 0.453288 0.008070 -0.100719 0.061722
1.937322 4.049796 -0.006812 0.467169 0.008154 -0.101244 0.064823
1.965012 4.044079 -0.006963 0.480828 0.008238 -0.101767 0.067876
1.992199 4.038357 -0.007111 0.494268 0.008322 -0.102289 0.070884
2.018886 4.032633 -0.007257 0.507479 0.008405 -0.102810 0.073843
2.045079 4.026911 -0.007402 0.520448 0.008488 -0.103329 0.076749
2.070782 4.021198 -0.007546 0.533161 0.008569 -0.103846 0.079597
2.096001 4.015497 -0.007692 0.545605 0.008648 -0.104361 0.082385
2.120739 4.009812 -0.007838 0.557771 0.008726 -0.104874 0.085108
2.145003 4.004146 -0.007986 0.569661 0.008801 -0.105386 0.087768
2.168796 3.998500 -0.008134 0.581295 0.008874 -0.105895 0.090372
2.192135 3.992870 -0.008281 0.592715 0.008947 -0.106402 0.092927
2.215024 3.987256 -0.008424 0.603943 0.009020 -0.106906 0.095442
2.237467 3.981661 -0.008564 0.614980 0.009093 -0.107407 0.097917
2.259470 3.976089 -0.008702 0.625818 0.009166 -0.107905 0.100349
2.281038 3.970543 -0.008838 0.636447 0.009238 -0.108400 0.102736
2.302177 3.965027 -0.008974 0.646855 0.009308 -0.108893 0.105073
2.322892 3.959546 -0.009110 0.657032 0.009377 -0.109381 0.107357
2.343188 3.954103 -0.009246 0.666970 0.009445 -0.109867 0.109586
2.363070 3.948700 -0.009383 0.676672 0.009510 -0.110350 0.111761
2.382544 3.943339 -0.009520 0.686152 0.009574 -0.110829 0.113888
2.401623 3.938014 -0.009655 0.695451 0.009637 -0.111304 0.115973
2.420312 3.932727 -0.009787 0.704585 0.009700 -0.111774 0.118023
2.438615 3.927480 -0.009916 0.713555 0.009763 -0.112241 0.120039
2.456538 3.922276 -0.010042 0.722355 0.009826 -0.112703 0.122019
2.474086 3.917118 -0.010167 0.730978 0.009888 -0.113161 0.123959
2.491266 3.912009 -0.010291 0.739413 0.009949 -0.113614 0.125858
2.508081 3.906954 -0.010414 0.747652 0.010008 -0.114063 0.127711
2.524538 3.901956 -0.010537 0.755690 0.010066 -0.114507 0.129519
2.540642 3.897015 -0.010661 0.763527 0.010122 -0.114946 0.131280
2.556397 3.892133 -0.010784 0.771176 0.010176 -0.115380 0.132999
2.571814 3.887307 -0.010905 0.778672 0.010230 -0.115809 0.134684
2.586898 3.882537 -0.011023 0.786028 0.010284 -0.116232 0.136339
2.601654 3.877824 -0.011138 0.793245 0.010338 -0.116650 0.137965
2.616087 3.873172 -0.011251 0.800320 0.010391 -0.117062 0.139560
2.630202 3.868583 -0.011362 0.807244 0.010443 -0.117468 0.141122
2.644003 3.864060 -0.011472 0.814010 0.010494 -0.117868 0.142648
2.657496 3.859606 -0.011581 0.820613 0.010544 -0.118262 0.144137
2.670685 3.855224 -0.011689 0.827046 0.010592 -0.118650 0.145587
2.683576 3.850915 -0.011798 0.833312 0.010639 -0.119032 0.146998
2.696172 3.846680 -0.011906 0.839419 0.010685 -0.119408 0.148374
2.708482 3.842515 -0.012011 0.845398 0.010730 -0.119777 0.149721
2.720509 3.838423 -0.012114 0.851258 0.010774 -0.120139 0.151042
2.732259 3.834403 -0.012214 0.857000 0.010818 -0.120494 0.152338
2.743735 3.830459 -0.012312 0.862621 0.010862 -0.120842 0.153608
2.754942 3.826592 -0.012409 0.868116 0.010904 -0.121183 0.154850
2.765885 3.822805 -0.012503 0.873480 0.010946 -0.121517 0.156063
2.776566 3.819100 -0.012597 0.878705 0.010986 -0.121843 0.157244
2.786990 3.815479 -0.012690 0.883791 0.011025 -0.122163 0.158392
2.797161 3.811945 -0.012783 0.888735 0.011063 -0.122474 0.159508
2.807082 3.808496 -0.012874 0.893548 0.011099 -0.122779 0.160594
2.816760 3.805132 -0.012964 0.898250 0.011135 -0.123075 0.161656
2.826197 3.801853 -0.013051 0.902851 0.011170 -0.123363 0.162695
2.835397 3.798659 -0.013136 0.907350 0.011205 -0.123644 0.163713
2.844363 3.795553 -0.013218 0.911746 0.011239 -0.123916 0.164708
2.853099 3.792536 -0.013299 0.916034 0.011271 -0.124180 0.165679
2.861608 3.789610 -0.013378 0.920211 0.011303 -0.124435 0.166625
2.869893 3.786777 -0.013456 0.924272 0.011334 -0.124683 0.167544
2.877956 3.784039 -0.013532 0.928216 0.011364 -0.124922 0.168437
2.885800 3.781397 -0.013608 0.932042 0.011392 -0.125152 0.169302
2.893428 3.778851 -0.013683 0.935755 0.011419 -0.125374 0.170141
2.900844 3.776400 -0.013756 0.939372 0.011445 -0.125587 0.170959
2.908049 3.774044 -0.013827 0.942899 0.011471 -0.125791 0.171758
2.915046 3.771784 -0.013895 0.946335 0.011496 -0.125986 0.172536
2.921838 3.769622 -0.013962 0.949681 0.011520 -0.126172 0.173295
2.928426 3.767558 -0.014026 0.952932 0.011543 -0.126349 0.174033
2.934812 3.765595 -0.014089 0.956087 0.011565 -0.126517 0.174749
2.940998 3.763733 -0.014150 0.959142 0.011586 -0.126676 0.175442
2.946985 3.761973 -0.014210 0.962097 0.011606 -0.126825 0.176113
2.952775 3.760317 -0.014269 0.964951 0.011625 -0.126966 0.176760
2.958369 3.758765 -0.014327 0.967707 0.011643 -0.127097 0.177385
2.963768 3.757315 -0.014382 0.970375 0.011660 -0.127218 0.177991
2.968975 3.755970 -0.014436 0.972958 0.011676 -0.127330 0.178578
2.973989 3.754728 -0.014487 0.975457 0.011691 -0.127432 0.179146
2.978812 3.753591 -0.014536 0.977872 0.011705 -0.127525 0.179696
2.983445 3.752560 -0.014584 0.980200 0.011719 -0.127608 0.180226
2.987887 3.751636 -0.014630 0.982440 0.011731 -0.127681 0.180738
2.992140 3.750819 -0.014674 0.984591 0.011743 -0.127745 0.181229
2.996203 3.750110 -0.014716 0.986652 0.011754 -0.127799 0.181700
3.000076 3.749510 -0.014757 0.988623 0.011763 -0.127843 0.182150
3.003760 3.749019 -0.014796 0.990504 0.011772 -0.127877 0.182581
3.007254 3.748637 -0.014833 0.992299 0.011779 -0.127902 0.182992
3.010559 3.748366 -0.014868 0.994008 0.011786 -0.127916 0.183384
3.013673 3.748204 -0.014902 0.995631 0.011792 -0.127921 0.183757
3.016597 3.748152 -0.014933 0.997168 0.011797 -0.127916 0.184111
3.019329 3.748212 -0.014963 0.998618 0.011801 -0.127900 0.184446
3.021870 3.748383 -0.014990 0.999982 0.011804 -0.127875 0.184762
3.024218 3.748665 -0.015016 1.001257 0.011806 -0.127840 0.185058
3.026372 3.749060 -0.015040 1.002445 0.011807 -0.127796 0.185335
3.028331 3.749567 -0.015063 1.003544 0.011808 -0.127741 0.185592
3.030095 3.750187 -0.015083 1.004553 0.011807 -0.127676 0.185829
3.031661 3.750920 -0.015101 1.005473 0.011805 -0.127601 0.186047
3.033030 3.751766 -0.015118 1.006304 0.011803 -0.127517 0.186244
3.034199 3.752725 -0.015133 1.007044 0.011800 -0.127422 0.186422
3.035166 3.753797 -0.015146 1.007693 0.011795 -0.127318 0.186580
3.035931 3.754983 -0.015157 1.008251 0.011790 -0.127203 0.186717
3.036493 3.756282 -0.015166 1.008718 0.011784 -0.127079 0.186835
3.036848 3.757695 -0.015173 1.009093 0.011777 -0.126945 0.186932
3.036996 3.759221 -0.015178 1.009376 0.011769 -0.126802 0.187009
3.036935 3.760860 -0.015181 1.009566 0.011760 -0.126648 0.187066
3.036663 3.762612 -0.015182 1.009664 0.011751 -0.126485 0.187103
3.036179 3.764477 -0.015181 1.009667 0.011740 -0.126312 0.187119
3.035480 3.766455 -0.015179 1.009577 0.011729 -0.126130 0.187114
3.034565 3.768545 -0.015174 1.009392 0.011717 -0.125938 0.187089
3.033431 3.770748 -0.015167 1.009112 0.011704 -0.125736 0.187044
3.032078 3.773062 -0.015158 1.008737 0.011690 -0.125525 0.186978
3.030501 3.775487 -0.015147 1.008265 0.011676 -0.125305 0.186891
3.028701 3.778024 -0.015134 1.007697 0.011661 -0.125075 0.186783
3.026674 3.780670 -0.015119 1.007032 0.011645 -0.124836 0.186654
3.024419 3.783427 -0.015102 1.006269 0.011628 -0.124588 0.186504
3.021934 3.786292 -0.015082 1.005408 0.011610 -0.124331 0.186334
3.019216 3.789266 -0.015061 1.004448 0.011592 -0.124066 0.186142
3.016263 3.792348 -0.015038 1.003389 0.011573 -0.123791 0.185928
3.013074 3.795537 -0.015012 1.002230 0.011553 -0.123507 0.185694
3.009646 3.798832 -0.014984 1.000970 0.011533 -0.123215 0.185438
3.005977 3.802233 -0.014954 0.999610 0.011512 -0.122915 0.185160
3.002066 3.805737 -0.014922 0.998148 0.011490 -0.122606 0.184861
2.997910 3.809345 -0.014888 0.996584 0.011468 -0.122288 0.184540
2.993508 3.813055 -0.014852 0.994918 0.011445 -0.121963 0.184198
2.988857 3.816867 -0.014813 0.993149 0.011422 -0.121630 0.183834
2.983957 3.820777 -0.014772 0.991276 0.011398 -0.121289 0.183448
2.978804 3.824787 -0.014729 0.989300 0.011373 -0.120940 0.183040
2.973397 3.828893 -0.014684 0.987219 0.011348 -0.120584 0.182610
2.967736 3.833095 -0.014637 0.985035 0.011322 -0.120221 0.182159
2.961818 3.837392 -0.014588 0.982746 0.011296 -0.119850 0.181686
2.955642 3.841780 -0.014536 0.980351 0.011270 -0.119473 0.181190
2.949207 3.846260 -0.014482 0.977852 0.011243 -0.119089 0.180673
2.942512 3.850829 -0.014426 0.975248 0.011216 -0.118699 0.180134
2.935555 3.855485 -0.014368 0.972539 0.011188 -0.118302 0.179573
2.928336 3.860227 -0.014307 0.969724 0.011160 -0.117899 0.178991
2.920855 3.865052 -0.014245 0.966805 0.011132 -0.117491 0.178386
2.913110 3.869959 -0.014180 0.963781 0.011103 -0.117077 0.177761
2.905102 3.874946 -0.014113 0.960653 0.011074 -0.116658 0.177113
2.896831 3.880009 -0.014043 0.957420 0.011045 -0.116233 0.176445
2.888296 3.885148 -0.013972 0.954084 0.011016 -0.115804 0.175755
2.879499 3.890360 -0.013898 0.950644 0.010987 -0.115371 0.175044
2.870439 3.895642 -0.013823 0.947103 0.010957 -0.114933 0.174313
2.861117 3.900993 -0.013745 0.943459 0.010928 -0.114492 0.173561
2.851536 3.906409 -0.013664 0.939715 0.010898 -0.114047 0.172788
2.841696 3.911888 -0.013582 0.935872 0.010869 -0.113598 0.171996
2.831599 3.917429 -0.013498 0.931930 0.010839 -0.113147 0.171184
2.821247 3.923027 -0.013411 0.927890 0.010810 -0.112693 0.170352
2.810643 3.928682 -0.013322 0.923755 0.010780 -0.112237 0.169502
2.799789 3.934389 -0.013232 0.919525 0.010751 -0.111778 0.168632
2.788689 3.940147 -0.013139 0.915203 0.010722 -0.111318 0.167745
2.777347 3.945953 -0.013044 0.910789 0.010693 -0.110857 0.166840
2.765765 3.951804 -0.012947 0.906287 0.010665 -0.110394 0.165917
2.753950 3.957698 -0.012848 0.901698 0.010637 -0.109931 0.164978
2.741905 3.963631 -0.012747 0.897024 0.010609 -0.109467 0.164022
2.729636 3.969602 -0.012644 0.892267 0.010581 -0.109004 0.163050
2.717149 3.975608 -0.012540 0.887431 0.010554 -0.108541 0.162063
2.704450 3.981646 -0.012433 0.882517 0.010527 -0.108078 0.161061
2.691545 3.987713 -0.012325 0.877529 0.010501 -0.107617 0.160045
2.678441 3.993808 -0.012216 0.872469 0.010475 -0.107156 0.159016
2.665147 3.999927 -0.012104 0.867339 0.010449 -0.106698 0.157974
2.651671 4.006068 -0.011992 0.862144 0.010424 -0.106241 0.156919
2.638021 4.012229 -0.011878 0.856886 0.010399 -0.105787 0.155853
2.624206 4.018408 -0.011762 0.851567 0.010375 -0.105335 0.154775
2.610236 4.024601 -0.011646 0.846193 0.010351 -0.104886 0.153688
2.596122 4.030807 -0.011529 0.840765 0.010327 -0.104440 0.152590
2.581873 4.037024 -0.011411 0.835286 0.010304 -0.103998 0.151483
2.567500 4.043249 -0.011292 0.829761 0.010282 -0.103560 0.150367
2.553016 4.049479 -0.011173 0.824192 0.010259 -0.103126 0.149243
2.538433 4.055713 -0.011054 0.818583 0.010237 -0.102696 0.148112
2.523761 4.061948 -0.010934 0.812937 0.010215 -0.102270 0.146973
2.509015 4.068182 -0.010815 0.807257 0.010193 -0.101850 0.145828
2.494207 4.074412 -0.010697 0.801547 0.010171 -0.101434 0.144677
2.479351 4.080635 -0.010579 0.795809 0.010149 -0.101024 0.143519
2.464460 4.086849 -0.010463 0.790047 0.010127 -0.100619 0.142357
2.449547 4.093050 -0.010348 0.784264 0.010104 -0.100220 0.141189
2.434627 4.099236 -0.010234 0.778463 0.010081 -0.099827 0.140017
2.419713 4.105402 -0.010123 0.772648 0.010058 -0.099441 0.138840
2.404821 4.111543 -0.010014 0.766824 0.010035 -0.099061 0.137660
2.389962 4.117657 -0.009907 0.760993 0.010010 -0.098688 0.136477
2.375152 4.123736 -0.009803 0.755162 0.009985 -0.098321 0.135293
2.360403 4.129776 -0.009702 0.749335 0.009959 -0.097962 0.134107
2.345729 4.135769 -0.009605 0.743521 0.009932 -0.097611 0.132922
2.331144 4.141709 -0.009510 0.737726 0.009905 -0.097267 0.131739
2.316659 4.147587 -0.009419 0.731964 0.009877 -0.096932 0.130562
2.302286 4.153393 -0.009330 0.726246 0.009848 -0.096606 0.129395
2.288036 4.159118 -0.009244 0.720590 0.009820 -0.096288 0.128240
2.273921 4.164750 -0.009159 0.715017 0.009791 -0.095980 0.127106
2.259950 4.170276 -0.009074 0.709555 0.009764 -0.095682 0.125999
2.246131 4.175684 -0.008988 0.704237 0.009737 -0.095394 0.124930
2.232472 4.180959 -0.008899 0.699103 0.009714 -0.095117 0.123910
2.218978 4.186087 -0.008804 0.694203 0.009695 -0.094851 0.122956
2.205655 4.191054 -0.008699 0.689591 0.009681 -0.094597 0.122082
2.192508 4.195847 -0.008582 0.685321 0.009674 -0.094354 0.121304
2.179545 4.200458 -0.008450 0.681436 0.009676 -0.094124 0.120635
2.166781 4.204882 -0.008301 0.677936 0.009687 -0.093906 0.120070
2.154244 4.209131 -0.008141 0.674724 0.009705 -0.093701 0.119574
2.141915 4.213245 -0.007985 0.671579 0.009724 -0.093517 0.119096
2.129836 4.217269 -0.007846 0.668310 0.009735 -0.093359 0.118578
2.117872 4.221286 -0.007718 0.664953 0.009742 -0.093202 0.118031
2.105975 4.225345 -0.007600 0.661515 0.009744 -0.093038 0.117459
2.094229 4.229448 -0.007500 0.657941 0.009739 -0.092878 0.116847
2.082674 4.233578 -0.007413 0.654279 0.009727 -0.092724 0.116203
2.071327 4.237720 -0.007335 0.650610 0.009712 -0.092578 0.115550
2.060190 4.241855 -0.007261 0.647011 0.009696 -0.092439 0.114911
2.049264 4.245967 -0.007187 0.643534 0.009681 -0.092306 0.114298
2.038550 4.250037 -0.007113 0.640162 0.009666 -0.092178 0.113700
2.028058 4.254051 -0.007053 0.636717 0.009647 -0.092069 0.113083
2.017793 4.257994 -0.007007 0.633171 0.009622 -0.091979 0.112431
2.007753 4.261857 -0.006973 0.629556 0.009593 -0.091905 0.111752
1.997940 4.265634 -0.006949 0.625923 0.009561 -0.091847 0.111061
1.988354 4.269322 -0.006929 0.622333 0.009527 -0.091804 0.110374
1.978998 4.272922 -0.006912 0.618850 0.009494 -0.091774 0.109712
1.969871 4.276433 -0.006893 0.615530 0.009462 -0.091756 0.109091
1.960969 4.279859 -0.006870 0.612423 0.009434 -0.091749 0.108525
1.952287 4.283198 -0.006840 0.609552 0.009409 -0.091751 0.108019
1.943821 4.286447 -0.006804 0.606880 0.009389 -0.091759 0.107555
1.935579 4.289602 -0.006778 0.604209 0.009364 -0.091787 0.107093
1.927557 4.292659 -0.006762 0.601498 0.009336 -0.091833 0.106614
1.919749 4.295621 -0.006756 0.598767 0.009306 -0.091894 0.106122
1.912147 4.298495 -0.006755 0.596059 0.009273 -0.091968 0.105630
1.904748 4.301291 -0.006756 0.593427 0.009240 -0.092053 0.105153
1.897542 4.304018 -0.006757 0.590924 0.009207 -0.092147 0.104707
1.890523 4.306688 -0.006755 0.588601 0.009177 -0.092248 0.104307
1.883680 4.309310 -0.006745 0.586500 0.009151 -0.092353 0.103967
1.877001 4.311892 -0.006727 0.584640 0.009129 -0.092460 0.103689
1.870477 4.314435 -0.006700 0.582982 0.009111 -0.092565 0.103456
1.864117 4.316932 -0.006682 0.581320 0.009089 -0.092684 0.103225
1.857915 4.319383 -0.006673 0.579612 0.009064 -0.092813 0.102977
1.851859 4.321796 -0.006672 0.577877 0.009036 -0.092949 0.102716
1.845937 4.324181 -0.006674 0.576153 0.009006 -0.093090 0.102453
1.840139 4.326553 -0.006678 0.574489 0.008976 -0.093234 0.102201
1.834453 4.328924 -0.006680 0.572931 0.008946 -0.093377 0.101977
1.828867 4.331310 -0.006677 0.571525 0.008918 -0.093518 0.101795
1.823364 4.333723 -0.006666 0.570310 0.008894 -0.093654 0.101665
1.817929 4.336170 -0.006646 0.569306 0.008873 -0.093782 0.101592
1.812549 4.338652 -0.006615 0.568477 0.008857 -0.093899 0.101558
1.807245 4.341156 -0.006593 0.567608 0.008837 -0.094022 0.101520
1.802009 4.343682 -0.006579 0.566664 0.008813 -0.094145 0.101459
1.796827 4.346234 -0.006571 0.565664 0.008786 -0.094268 0.101379
1.791685 4.348825 -0.006566 0.564646 0.008757 -0.094387 0.101291
1.786567 4.351469 -0.006562 0.563651 0.008727 -0.094500 0.101207
1.781462 4.354179 -0.006555 0.562723 0.008697 -0.094605 0.101143
1.776352 4.356971 -0.006543 0.561902 0.008669 -0.094699 0.101110
1.771220 4.359856 -0.006523 0.561222 0.008644 -0.094780 0.101119
1.766046 4.362840 -0.006493 0.560706 0.008622 -0.094845 0.101176
1.760818 4.365919 -0.006451 0.560328 0.008606 -0.094892 0.101264
1.755573 4.369074 -0.006418 0.559866 0.008584 -0.094936 0.101339
1.750307 4.372299 -0.006392 0.559293 0.008558 -0.094976 0.101383
1.745001 4.375598 -0.006372 0.558634 0.008529 -0.095009 0.101402
1.739642 4.378981 -0.006354 0.557923 0.008498 -0.095032 0.101406
1.734213 4.382461 -0.006335 0.557198 0.008466 -0.095044 0.101407
1.728700 4.386051 -0.006314 0.556494 0.008434 -0.095041 0.101417
1.723087 4.389763 -0.006288 0.555847 0.008404 -0.095023 0.101448
1.717354 4.393607 -0.006255 0.555288 0.008375 -0.094986 0.101509
1.711478 4.397588 -0.006211 0.554842 0.008350 -0.094930 0.101607
1.705450 4.401696 -0.006154 0.554495 0.008330 -0.094850 0.101729
1.699331 4.405904 -0.006106 0.554023 0.008305 -0.094765 0.101828
1.693116 4.410203 -0.006066 0.553411 0.008276 -0.094673 0.101889
1.686789 4.414595 -0.006030 0.552687 0.008243 -0.094570 0.101920
1.680334 4.419087 -0.005995 0.551886 0.008209 -0.094454 0.101932
1.673735 4.423690 -0.005960 0.551038 0.008174 -0.094325 0.101934
1.666979 4.428415 -0.005922 0.550172 0.008139 -0.094180 0.101936
1.660050 4.433272 -0.005879 0.549315 0.008105 -0.094017 0.101947
1.652928 4.438269 -0.005830 0.548495 0.008073 -0.093836 0.101977
1.645591 4.443408 -0.005771 0.547741 0.008044 -0.093633 0.102034
1.638026 4.448676 -0.005699 0.547054 0.008020 -0.093406 0.102109
1.630326 4.454040 -0.005636 0.546208 0.007990 -0.093175 0.102152
1.622488 4.459486 -0.005580 0.545204 0.007956 -0.092935 0.102153
1.614493 4.465015 -0.005528 0.544077 0.007920 -0.092685 0.102122
1.606325 4.470634 -0.005476 0.542858 0.007883 -0.092423 0.102069
1.597971 4.476350 -0.005423 0.541570 0.007845 -0.092148 0.102001
1.589419 4.482172 -0.005368 0.540234 0.007808 -0.091859 0.101927
1.580655 4.488108 -0.005309 0.538868 0.007770 -0.091554 0.101851
1.571660 4.494163 -0.005245 0.537496 0.007734 -0.091232 0.101784
1.562410 4.500338 -0.005172 0.536152 0.007701 -0.090891 0.101735
1.552893 4.506618 -0.005086 0.534850 0.007674 -0.090529 0.101700
1.543231 4.512965 -0.005010 0.533370 0.007640 -0.090164 0.101626
1.533422 4.519366 -0.004940 0.531729 0.007603 -0.089793 0.101510
1.523444 4.525819 -0.004873 0.529967 0.007565 -0.089415 0.101362
1.513283 4.532328 -0.004806 0.528110 0.007525 -0.089028 0.101192
1.502927 4.538901 -0.004737 0.526176 0.007486 -0.088632 0.101006
1.492366 4.545544 -0.004667 0.524176 0.007446 -0.088224 0.100807
1.481591 4.552263 -0.004595 0.522119 0.007407 -0.087805 0.100601
1.470583 4.559061 -0.004519 0.520027 0.007369 -0.087373 0.100394
1.459317 4.565937 -0.004435 0.517933 0.007333 -0.086927 0.100198
1.447778 4.572877 -0.004338 0.515869 0.007303 -0.086464 0.100014
1.436119 4.579842 -0.004253 0.513622 0.007267 -0.086002 0.099788
1.424333 4.586818 -0.004172 0.511226 0.007228 -0.085538 0.099521
1.412399 4.593804 -0.004093 0.508724 0.007188 -0.085071 0.099227
1.400299 4.600803 -0.004014 0.506139 0.007149 -0.084599 0.098914
1.388028 4.607821 -0.003934 0.503480 0.007109 -0.084123 0.098584
1.375578 4.614863 -0.003853 0.500751 0.007070 -0.083640 0.098241
1.362941 4.621932 -0.003770 0.497956 0.007031 -0.083151 0.097886
1.350102 4.629031 -0.003685 0.495109 0.006992 -0.082654 0.097525
1.337033 4.636159 -0.003594 0.492246 0.006955 -0.082148 0.097171
1.323718 4.643304 -0.003491 0.489416 0.006925 -0.081633 0.096830
1.310334 4.650427 -0.003399 0.486415 0.006889 -0.081121 0.096448
1.296868 4.657517 -0.003311 0.483296 0.006851 -0.080612 0.096032
1.283296 4.664575 -0.003223 0.480103 0.006813 -0.080105 0.095596
1.269606 4.671603 -0.003134 0.476855 0.006776 -0.079597 0.095148
1.255791 4.678606 -0.003043 0.473559 0.006740 -0.079089 0.094691
1.241849 4.685588 -0.002951 0.470214 0.006704 -0.078579 0.094225
1.227775 4.692552 -0.002858 0.466823 0.006669 -0.078068 0.093752
1.213556 4.699502 -0.002763 0.463402 0.006635 -0.077555 0.093278
1.199167 4.706438 -0.002662 0.459993 0.006603 -0.077038 0.092817
1.184588 4.713351 -0.002546 0.456661 0.006579 -0.076516 0.092383
1.170019 4.720208 -0.002439 0.453224 0.006551 -0.076002 0.091922
1.155473 4.727002 -0.002334 0.449717 0.006522 -0.075494 0.091435
1.140910 4.733737 -0.002231 0.446145 0.006493 -0.074991 0.090925
1.126254 4.740420 -0.002130 0.442505 0.006463 -0.074490 0.090403
1.111544 4.747054 -0.002034 0.438765 0.006432 -0.073992 0.089855
1.096791 4.753642 -0.001940 0.434936 0.006399 -0.073496 0.089282
1.081993 4.760187 -0.001850 0.431035 0.006366 -0.073002 0.088689
1.067140 4.766690 -0.001760 0.427089 0.006332 -0.072510 0.088085
1.052210 4.773150 -0.001667 0.423143 0.006300 -0.072018 0.087487
1.037204 4.779561 -0.001564 0.419237 0.006273 -0.071527 0.086897
1.022250 4.785894 -0.001473 0.415208 0.006241 -0.071044 0.086275
1.007353 4.792143 -0.001388 0.411099 0.006207 -0.070569 0.085626
0.992493 4.798309 -0.001304 0.406953 0.006173 -0.070101 0.084963
0.977657 4.804392 -0.001220 0.402789 0.006140 -0.069640 0.084292
0.962842 4.810394 -0.001137 0.398611 0.006107 -0.069184 0.083618
0.948046 4.816316 -0.001053 0.394418 0.006075 -0.068734 0.082938
0.933266 4.822159 -0.000970 0.390208 0.006044 -0.068290 0.082253
0.918490 4.827924 -0.000887 0.385989 0.006013 -0.067851 0.081567
0.903698 4.833610 -0.000801 0.381791 0.005984 -0.067417 0.080891
0.888879 4.839210 -0.000705 0.377657 0.005960 -0.066986 0.080231
0.874177 4.844703 -0.000620 0.373438 0.005932 -0.066566 0.079546
0.859583 4.850083 -0.000539 0.369182 0.005903 -0.066157 0.078844
0.845076 4.855352 -0.000458 0.364922 0.005875 -0.065757 0.078136
0.830647 4.860511 -0.000378 0.360669 0.005848 -0.065365 0.077427
0.816292 4.865560 -0.000297 0.356419 0.005821 -0.064983 0.076717
0.802012 4.870500 -0.000217 0.352167 0.005796 -0.064609 0.076003
0.787802 4.875332 -0.000138 0.347909 0.005770 -0.064243 0.075285
0.773657 4.880057 -0.000060 0.343646 0.005745 -0.063885 0.074565
0.759554 4.884673 0.000019 0.339404 0.005721 -0.063535 0.073851
0.745478 4.889178 0.000106 0.335227 0.005702 -0.063192 0.073154
0.731571 4.893555 0.000183 0.330992 0.005679 -0.062862 0.072435
0.717818 4.897801 0.000257 0.326744 0.005656 -0.062542 0.071705
0.704200 4.901916 0.000331 0.322512 0.005634 -0.062234 0.070974
0.690706 4.905902 0.000405 0.318302 0.005613 -0.061936 0.070244
0.677335 4.909759 0.000478 0.314109 0.005592 -0.061649 0.069515
0.664087 4.913489 0.000550 0.309926 0.005573 -0.061372 0.068783
0.650960 4.917092 0.000621 0.305746 0.005553 -0.061106 0.068049
0.637945 4.920567 0.000690 0.301571 0.005533 -0.060849 0.067312
0.625027 4.923916 0.000759 0.297421 0.005515 -0.060602 0.066581
0.612186 4.927135 0.000834 0.293337 0.005501 -0.060364 0.065866
0.599550 4.930214 0.000901 0.289218 0.005483 -0.060139 0.065133
0.587101 4.933151 0.000966 0.285108 0.005466 -0.059926 0.064394
0.574823 4.935946 0.001030 0.281027 0.005450 -0.059726 0.063657
0.562706 4.938600 0.001094 0.276979 0.005434 -0.059536 0.062923
0.550747 4.941114 0.001157 0.272960 0.005420 -0.059359 0.062191
0.538948 4.943487 0.001219 0.268961 0.005406 -0.059192 0.061459
0.527305 4.945721 0.001279 0.264977 0.005392 -0.059038 0.060726
0.515812 4.947815 0.001337 0.261007 0.005379 -0.058894 0.059991
0.504455 4.949769 0.001395 0.257068 0.005366 -0.058761 0.059262
0.493216 4.951582 0.001458 0.253193 0.005357 -0.058639 0.058547
0.482200 4.953246 0.001514 0.249304 0.005345 -0.058530 0.057820
0.471391 4.954759 0.001567 0.245438 0.005334 -0.058434 0.057090
0.460774 4.956123 0.001621 0.241611 0.005324 -0.058350 0.056363
0.450341 4.957337 0.001674 0.237824 0.005315 -0.058279 0.055642
0.440090 4.958402 0.001727 0.234074 0.005307 -0.058220 0.054924
0.430020 4.959316 0.001778 0.230354 0.005300 -0.058173 0.054208
0.420130 4.960080 0.001828 0.226660 0.005293 -0.058139 0.053493
0.410415 4.960694 0.001877 0.222993 0.005287 -0.058117 0.052779
0.400864 4.961156 0.001925 0.219364 0.005281 -0.058107 0.052072
0.391465 4.961466 0.001977 0.215800 0.005279 -0.058108 0.051378
0.382294 4.961618 0.002024 0.212248 0.005275 -0.058124 0.050679
0.373340 4.961613 0.002070 0.208735 0.005272 -0.058152 0.049982
0.364591 4.961448 0.002116 0.205277 0.005271 -0.058194 0.049294
0.356044 4.961125 0.002162 0.201877 0.005271 -0.058248 0.048615
0.347698 4.960642 0.002210 0.198536 0.005273 -0.058316 0.047947
0.339554 4.959998 0.002257 0.195257 0.005276 -0.058397 0.047289
0.331613 4.959194 0.002306 0.192042 0.005281 -0.058491 0.046644
0.323876 4.958229 0.002355 0.188900 0.005288 -0.058598 0.046013
0.316339 4.957102 0.002407 0.185848 0.005297 -0.058718 0.045403
0.308999 4.955813 0.002463 0.182916 0.005310 -0.058851 0.044823
0.301909 4.954359 0.002521 0.180088 0.005324 -0.058998 0.044265
0.295068 4.952740 0.002584 0.177404 0.005343 -0.059158 0.043742
0.288479 4.950957 0.002653 0.174899 0.005366 -0.059332 0.043266
0.282151 4.949009 0.002732 0.172613 0.005395 -0.059519 0.042848
0.276099 4.946899 0.002821 0.170594 0.005430 -0.059720 0.042504
0.270344 4.944626 0.002925 0.168908 0.005474 -0.059935 0.042254
0.264920 4.942192 0.003048 0.167640 0.005528 -0.060164 0.042124
0.259897 4.939599 0.003196 0.166883 0.005596 -0.060408 0.042134
0.255532 4.936845 0.003372 0.166562 0.005682 -0.060670 0.042210
0.253220 4.933917 0.003371 0.165176 0.005687 -0.060946 0.041892
0.251354 4.930829 0.003395 0.164328 0.005708 -0.061233 0.041711
