-0.000000 -0.000000 0.000000 -0.000000 0.000000 0.000000 -0.000000
0.002754 -0.084526 0.025603 0.158339 -0.023437 -0.093154 -0.095252
-0.002424 -0.245954 0.040176 0.306209 -0.049072 -0.194424 -0.178879
-0.041497 -0.481711 0.047090 0.432254 -0.075566 -0.297917 -0.259251
-0.124078 -0.788761 0.049299 0.542436 -0.102069 -0.401177 -0.337051
-0.249170 -1.163926 0.048917 0.644918 -0.128125 -0.503244 -0.411483
-0.411147 -1.604010 0.047458 0.747378 -0.153490 -0.603900 -0.481563
-0.603577 -2.105811 0.046073 0.855964 -0.178003 -0.703211 -0.546670
-0.820318 -2.665820 0.045433 0.970506 -0.201031 -0.797797 -0.606026
-1.053945 -3.280980 0.045936 1.093689 -0.222585 -0.887980 -0.659796
-1.289585 -3.948366 0.047115 1.231100 -0.242936 -0.974567 -0.706533
-1.518014 -4.665052 0.048697 1.384273 -0.262273 -1.058010 -0.746328
-1.733236 -5.428100 0.050572 1.554129 -0.280706 -1.138631 -0.779479
-1.931180 -6.234579 0.052723 1.741440 -0.298300 -1.216699 -0.806301
-2.109193 -7.081581 0.055208 1.946542 -0.315092 -1.292429 -0.827234
-2.265069 -7.966055 0.058275 2.167016 -0.330785 -1.363730 -0.842190
-2.396171 -8.885294 0.061749 2.402876 -0.345522 -1.431466 -0.851419
-2.501358 -9.836872 0.065528 2.653993 -0.359428 -1.496275 -0.855201
-2.580392 -10.818733 0.069529 2.920612 -0.372606 -1.558979 -0.853635
-2.633198 -11.828082 0.073718 3.202795 -0.385145 -1.620097 -0.846958
-2.659337 -12.861784 0.077969 3.500763 -0.397151 -1.680437 -0.835337
-2.659259 -13.916557 0.082207 3.813924 -0.408704 -1.740722 -0.819246
-2.632971 -14.987984 0.088756 4.140295 -0.419180 -1.794307 -0.798554
-2.581504 -16.071514 0.101175 4.480291 -0.428023 -1.833321 -0.773538
-2.506337 -17.164578 0.118920 4.834086 -0.435391 -1.860566 -0.744377
-2.409002 -18.265008 0.141493 5.201726 -0.441441 -1.878316 -0.711259
-2.290318 -19.371690 0.168245 5.582982 -0.446403 -1.888832 -0.674309
-2.151535 -20.483645 0.198853 5.976881 -0.450434 -1.893365 -0.633975
-1.993269 -21.599956 0.233104 6.380415 -0.453496 -1.892010 -0.590217
-1.817474 -22.719922 0.270812 6.792697 -0.455694 -1.885639 -0.543443
-1.626474 -23.842932 0.311820 7.213139 -0.457113 -1.875023 -0.493935
-1.422809 -24.968441 0.355966 7.641209 -0.457831 -1.860874 -0.441940
-1.209203 -26.095938 0.403051 8.076366 -0.457923 -1.843891 -0.387695
-0.988481 -27.224927 0.452792 8.517981 -0.457470 -1.824803 -0.331454
-0.763276 -28.354940 0.504775 8.965087 -0.456577 -1.804390 -0.273591
-0.534259 -29.485123 0.558114 9.414459 -0.455269 -1.783270 -0.214189
-0.302626 -30.615949 0.614024 9.865318 -0.453468 -1.760016 -0.153644
-0.069374 -31.747526 0.673228 10.316653 -0.451148 -1.733832 -0.092388
0.164308 -32.879749 0.736079 10.767381 -0.448331 -1.704397 -0.030849
0.396934 -34.012346 0.802639 11.216421 -0.445071 -1.671746 0.030563
0.626659 -35.145007 0.873029 11.662680 -0.441411 -1.635814 0.091460
0.851520 -36.277306 0.946859 12.105018 -0.437438 -1.597119 0.151419
1.070469 -37.408724 1.023571 12.540606 -0.433160 -1.555879 0.210462
1.281467 -38.538856 1.102745 12.968525 -0.428656 -1.512612 0.268236
1.482402 -39.667328 1.183990 13.388155 -0.423996 -1.467792 0.324500
1.671228 -40.793785 1.266911 13.798966 -0.419244 -1.421877 0.379043
1.846028 -41.917872 1.351077 14.200453 -0.414462 -1.375324 0.431654
2.005121 -43.039231 1.436019 14.591952 -0.409714 -1.328582 0.482049
2.147970 -44.157425 1.521132 14.971106 -0.404999 -1.281802 0.530329
2.273196 -45.272058 1.605831 15.337379 -0.400385 -1.235486 0.576237
2.379450 -46.382718 1.689485 15.690509 -0.395935 -1.190153 0.619615
2.465533 -47.488962 1.771512 16.030317 -0.391710 -1.146234 0.660340
2.530357 -48.590322 1.851036 16.356803 -0.387788 -1.104395 0.698325
2.572949 -49.686274 1.926851 16.670113 -0.384267 -1.065540 0.733513
2.592516 -50.776144 1.997589 16.970239 -0.381251 -1.030604 0.765775
2.589400 -51.859033 2.061304 17.255655 -0.378818 -1.000541 0.795378
2.563082 -52.933858 2.115808 17.526726 -0.377089 -0.976760 0.822274
2.513536 -53.998525 2.161132 17.783756 -0.375975 -0.959197 0.846390
2.442269 -55.047463 2.209937 18.025686 -0.374925 -0.940000 0.867348
2.349770 -56.078318 2.262241 18.252982 -0.373842 -0.919225 0.885109
2.236540 -57.089220 2.317755 18.466208 -0.372745 -0.897139 0.899682
2.103339 -58.078720 2.376292 18.665560 -0.371664 -0.873911 0.910958
1.951150 -59.046217 2.437194 18.850246 -0.370599 -0.849755 0.919379
1.779624 -59.991625 2.499975 19.021380 -0.369575 -0.825110 0.925121
1.589465 -60.914454 2.564449 19.179509 -0.368626 -0.800144 0.928195
1.381556 -61.814165 2.630449 19.325356 -0.367771 -0.775009 0.928645
1.156872 -62.690219 2.697812 19.459750 -0.367025 -0.749855 0.926541
0.916559 -63.542092 2.766405 19.583427 -0.366395 -0.724801 0.921900
0.662957 -64.369220 2.835746 19.695546 -0.365868 -0.699848 0.915104
0.397329 -65.171155 2.905709 19.796979 -0.365449 -0.675108 0.906202
0.120845 -65.947525 2.976159 19.888835 -0.365145 -0.650702 0.895333
-0.165342 -66.698021 3.046969 19.972282 -0.364961 -0.626741 0.882658
-0.460098 -67.422400 3.118026 20.048508 -0.364903 -0.603328 0.868341
-0.762316 -68.120487 3.189237 20.118669 -0.364973 -0.580549 0.852536
-1.070838 -68.792151 3.260553 20.183746 -0.365166 -0.558465 0.835323
-1.383333 -69.437260 3.331464 20.243094 -0.365469 -0.537055 0.817105
-1.698728 -70.055800 3.401948 20.297677 -0.365876 -0.516368 0.797960
-2.016128 -70.647840 3.471974 20.348609 -0.366387 -0.496456 0.778034
-2.334735 -71.213506 3.541527 20.397004 -0.367001 -0.477368 0.757482
-2.653839 -71.752975 3.610605 20.443938 -0.367717 -0.459144 0.736449
-2.972817 -72.266470 3.679231 20.490411 -0.368532 -0.441813 0.715062
-3.291042 -72.754233 3.747470 20.537221 -0.369435 -0.425377 0.693370
-3.606612 -73.216484 3.814780 20.583490 -0.370424 -0.409823 0.671698
-3.919050 -73.653524 3.881247 20.629927 -0.371489 -0.395146 0.650075
-4.228064 -74.065701 3.946937 20.677336 -0.372630 -0.381356 0.628584
-4.533458 -74.453383 4.011927 20.726494 -0.373844 -0.368463 0.607307
-4.835108 -74.816955 4.076305 20.778106 -0.375131 -0.356469 0.586308
-5.132870 -75.156788 4.140204 20.832692 -0.376480 -0.345350 0.565578
-5.425202 -75.473214 4.203012 20.889107 -0.377900 -0.335116 0.545366
-5.712060 -75.766608 4.264871 20.947795 -0.379381 -0.325742 0.525645
-5.993559 -76.037370 4.325895 21.009297 -0.380923 -0.317224 0.506444
-6.269867 -76.285894 4.386202 21.074139 -0.382529 -0.309553 0.487790
-6.541201 -76.512572 4.445915 21.142815 -0.384198 -0.302722 0.469705
-6.807809 -76.717782 4.505167 21.215764 -0.385932 -0.296719 0.452193
-7.069880 -76.901871 4.564127 21.293278 -0.387724 -0.291509 0.435197
-7.326097 -77.065139 4.622111 21.374017 -0.389587 -0.287123 0.418907
-7.576684 -77.207903 4.679290 21.458243 -0.391516 -0.283527 0.403256
-7.821983 -77.330490 4.735811 21.546320 -0.393512 -0.280706 0.388231
-8.062354 -77.433212 4.791820 21.638624 -0.395578 -0.278647 0.373824
-8.298174 -77.516366 4.847465 21.735517 -0.397718 -0.277337 0.360024
-8.529821 -77.580231 4.902904 21.837339 -0.399934 -0.276758 0.346809
-8.757588 -77.625042 4.958332 21.944308 -0.402221 -0.276872 0.334103
-8.980205 -77.651006 5.012981 22.055048 -0.404597 -0.277730 0.322068
-9.197970 -77.658328 5.067050 22.169777 -0.407056 -0.279295 0.310627
-9.411273 -77.647217 5.120709 22.288827 -0.409603 -0.281547 0.299752
-9.620510 -77.617870 5.174130 22.412546 -0.412241 -0.284470 0.289422
-9.826068 -77.570465 5.227496 22.541274 -0.414973 -0.288042 0.279611
-10.028234 -77.505140 5.281023 22.675252 -0.417796 -0.292223 0.270244
-10.225692 -77.422031 5.333849 22.813122 -0.420732 -0.297109 0.261472
-10.418728 -77.321250 5.386199 22.955133 -0.423777 -0.302658 0.253220
-10.607716 -77.202918 5.438275 23.101647 -0.426935 -0.308846 0.245463
-10.793032 -77.067144 5.490277 23.253050 -0.430211 -0.315650 0.238180
-10.975048 -76.914025 5.542416 23.409734 -0.433609 -0.323046 0.231356
-11.154122 -76.743643 5.594913 23.572087 -0.437132 -0.331006 0.224965
-11.330500 -76.556045 5.648025 23.740403 -0.440779 -0.339484 0.218934
-11.502799 -76.351327 5.700784 23.913321 -0.444579 -0.348664 0.213430
-11.671275 -76.129522 5.753460 24.091139 -0.448531 -0.358498 0.208378
-11.836279 -75.890675 5.806303 24.274267 -0.452638 -0.368951 0.203751
-11.998169 -75.634827 5.859570 24.463134 -0.456907 -0.379990 0.199529
-12.157300 -75.362008 5.913524 24.658180 -0.461344 -0.391582 0.195692
-12.314010 -75.072239 5.968451 24.859840 -0.465952 -0.403685 0.192212
-12.468518 -74.765517 6.024659 25.068444 -0.470733 -0.416247 0.189008
-12.619425 -74.441959 6.081054 25.282554 -0.475726 -0.429591 0.186302
-12.766977 -74.101564 6.137967 25.502498 -0.480932 -0.443662 0.184008
-12.911532 -73.744341 6.195725 25.728723 -0.486358 -0.458409 0.182091
-13.053458 -73.370297 6.254660 25.961694 -0.492010 -0.473787 0.180523
-13.193110 -72.979433 6.315130 26.201873 -0.497896 -0.489741 0.179265
-13.330706 -72.571732 6.377504 26.449594 -0.504023 -0.506216 0.178215
-13.464842 -72.147399 6.440488 26.703233 -0.510438 -0.523723 0.177696
-13.595777 -71.706430 6.504476 26.963120 -0.517150 -0.542201 0.177601
-13.723902 -71.248824 6.569879 27.229727 -0.524168 -0.561589 0.177883
-13.849625 -70.774580 6.637114 27.503551 -0.531501 -0.581828 0.178504
-13.973355 -70.283691 6.706621 27.785098 -0.539162 -0.602859 0.179423
-14.095483 -69.776146 6.778867 28.074862 -0.547160 -0.624612 0.180587
-14.216226 -69.251923 6.854324 28.373152 -0.555511 -0.647026 0.181853
-14.334135 -68.711340 6.931584 28.678040 -0.564230 -0.670862 0.183472
-14.449497 -68.154400 7.011153 28.989832 -0.573335 -0.696052 0.185295
-14.562775 -67.581106 7.093573 29.309030 -0.582838 -0.722520 0.187259
-14.674458 -66.991462 7.179401 29.636177 -0.592755 -0.750197 0.189309
-14.785041 -66.385465 7.269220 29.971833 -0.603102 -0.779010 0.191389
-14.894986 -65.763104 7.363657 30.316531 -0.613893 -0.808877 0.193428
-15.004520 -65.124363 7.463329 30.670550 -0.625154 -0.839734 0.195231
-15.112282 -64.469660 7.566705 31.031596 -0.636660 -0.871982 0.197322
-15.218594 -63.799017 7.674453 31.399952 -0.648435 -0.905547 0.199505
-15.324008 -63.112449 7.787301 31.776181 -0.660499 -0.940340 0.201696
-15.429107 -62.409966 7.906003 32.160900 -0.672868 -0.976278 0.203823
-15.534422 -61.691562 8.031353 32.554685 -0.685564 -1.013270 0.205790
-15.640170 -60.957241 8.164057 32.957734 -0.698631 -1.051282 0.207337
-15.744946 -60.207736 8.301888 33.367166 -0.711773 -1.090806 0.209028
-15.849068 -59.443092 8.445622 33.783203 -0.725035 -1.131793 0.210605
-15.953154 -58.663317 8.596172 34.206485 -0.738435 -1.174149 0.211968
-16.057862 -57.868392 8.754477 34.637748 -0.751995 -1.217788 0.213044
-16.163836 -57.058278 8.921515 35.077756 -0.765736 -1.262621 0.213759
-16.271605 -56.232907 9.098309 35.527179 -0.779681 -1.308558 0.213993
-16.381251 -55.392271 9.285660 35.986079 -0.793903 -1.355630 0.213381
-16.491208 -54.537511 9.480518 36.450627 -0.808272 -1.404430 0.212821
-16.601682 -53.668678 9.683793 36.920936 -0.822855 -1.454961 0.211957
-16.713281 -52.785722 9.896666 37.397773 -0.837674 -1.507128 0.210671
-16.826681 -51.888552 10.120356 37.882064 -0.852752 -1.560841 0.208892
-16.942510 -50.977036 10.356127 38.374754 -0.868110 -1.616014 0.206542
-17.061208 -50.051015 10.605262 38.876602 -0.883779 -1.672571 0.203465
-17.182578 -49.110491 10.868584 39.387400 -0.899877 -1.730657 0.199147
-17.304676 -48.157234 11.141849 39.901945 -0.916605 -1.790875 0.194909
-17.427440 -47.191329 11.426061 40.420122 -0.934068 -1.853320 0.190257
-17.551332 -46.212637 11.722718 40.942805 -0.952298 -1.917907 0.185039
-17.676836 -45.220942 12.033375 41.471054 -0.971323 -1.984550 0.179158
-17.804147 -44.216027 12.359512 42.005633 -0.991194 -2.053218 0.172402
-17.932590 -43.198081 12.701631 42.545827 -1.012116 -2.124312 0.164051
-18.060088 -42.170230 13.052831 43.084559 -1.034424 -2.198418 0.156339
-18.186068 -41.132789 13.413889 43.621117 -1.058310 -2.275855 0.148531
-18.310620 -40.085575 13.786529 44.155927 -1.083845 -2.356578 0.140336
-18.434118 -39.028406 14.172429 44.689575 -1.111119 -2.440610 0.131578
-18.557016 -37.961977 14.571724 45.223020 -1.140381 -2.528653 0.122065
-18.679112 -36.891007 14.975078 45.755165 -1.171576 -2.623182 0.111378
-18.799734 -35.816309 15.383000 46.284708 -1.205099 -2.724904 0.098594
-18.916612 -34.740246 15.792441 46.804076 -1.240966 -2.832397 0.086714
-19.028930 -33.662984 16.205222 47.312081 -1.279381 -2.945768 0.074885
-19.136662 -32.584445 16.623048 47.809134 -1.320440 -3.065085 0.062803
-19.240025 -31.504489 17.047329 48.296118 -1.364242 -3.190529 0.050322
-19.339235 -30.422935 17.479250 48.773946 -1.410901 -3.322368 0.037319
-19.434347 -29.339596 17.919810 49.243250 -1.460558 -3.460954 0.023586
-19.525062 -28.254505 18.369559 49.703834 -1.513498 -3.606944 0.008632
-19.610737 -27.170375 18.821503 50.151679 -1.568293 -3.754983 -0.004664
-19.691148 -26.087235 19.276354 50.586605 -1.625232 -3.905712 -0.016786
-19.766358 -25.004868 19.735073 51.009204 -1.684487 -4.059565 -0.027923
-19.836528 -23.923024 20.198541 51.420318 -1.746219 -4.217002 -0.038170
-19.901821 -22.841462 20.667499 51.820823 -1.810611 -4.378553 -0.047604
-19.962411 -21.760158 21.142157 52.211449 -1.877968 -4.545075 -0.056381
-20.019179 -20.681652 21.614609 52.591274 -1.945973 -4.709758 -0.062199
-20.072586 -19.605889 22.085324 52.960524 -2.014931 -4.873377 -0.065237
-20.122773 -18.532676 22.555361 53.319637 -2.085050 -5.036399 -0.065629
-20.169778 -17.461872 23.025988 53.669302 -2.156528 -5.199237 -0.063468
-20.213682 -16.393546 23.498410 54.010205 -2.229639 -5.362448 -0.058878
-20.254587 -15.329492 23.970621 54.341960 -2.304648 -5.527243 -0.052066
-20.292739 -14.272950 24.437936 54.663209 -2.381967 -5.695636 -0.043425
-20.329570 -13.229899 24.887203 54.971369 -2.458259 -5.861619 -0.032736
-20.365419 -12.201587 25.317867 55.266185 -2.533976 -6.026369 -0.020336
-20.400473 -11.188184 25.731297 55.548154 -2.609365 -6.190308 -0.006319
-20.434879 -10.189555 26.129239 55.818058 -2.684623 -6.353696 0.009318
-20.468742 -9.205513 26.513405 56.076714 -2.759938 -6.516784 0.026600
-20.502119 -8.236021 26.885163 56.324759 -2.835530 -6.679934 0.045517
-20.535118 -7.281685 27.244616 56.562311 -2.911740 -6.843969 0.065923
-20.568794 -6.345872 27.584209 56.788183 -2.986365 -7.004651 0.087356
-20.603286 -5.429166 27.903970 57.002408 -3.059747 -7.162787 0.109662
-20.638624 -4.531499 28.205036 57.205498 -3.132102 -7.318743 0.132833
-20.674821 -3.652648 28.488711 57.398117 -3.203616 -7.472792 0.156918
-20.711872 -2.792454 28.756115 57.580852 -3.274484 -7.625255 0.181958
-20.749827 -1.951154 29.007574 57.753965 -3.344973 -7.776726 0.207911
-20.789455 -1.130698 29.238501 57.917024 -3.413227 -7.924381 0.234105
-20.830824 -0.331307 29.449112 58.070247 -3.479510 -8.068804 0.260500
-20.873929 0.447215 29.640287 58.214176 -3.543997 -8.210299 0.287157
-20.918763 1.205175 29.813003 58.349471 -3.606842 -8.349108 0.314179
-20.965312 1.942895 29.968187 58.476790 -3.668189 -8.485461 0.341678
-21.013548 2.660626 30.106624 58.596692 -3.728189 -8.619617 0.369746
-21.063457 3.358381 30.228669 58.709484 -3.787034 -8.751970 0.398411
-21.115430 4.035260 30.331974 58.815176 -3.843897 -8.880693 0.426765
-21.169467 4.691263 30.416785 58.914030 -3.898962 -9.006172 0.454835
-21.225546 5.326611 30.483647 59.006516 -3.952366 -9.128653 0.482710
-21.283662 5.941583 30.533128 59.093172 -4.004230 -9.248346 0.510506
-21.343809 6.536457 30.565752 59.174523 -4.054667 -9.365453 0.538340
-21.405966 7.111470 30.581976 59.251007 -4.103795 -9.480174 0.566308
-21.470065 7.666754 30.582150 59.322871 -4.151742 -9.592725 0.594458
-21.536050 8.202152 30.565836 59.390131 -4.198005 -9.702103 0.622039
-21.603864 8.717766 30.533285 59.452994 -4.242709 -9.808513 0.649091
-21.673503 9.213777 30.484745 59.511813 -4.285956 -9.912141 0.675703
-21.744984 9.690382 30.420431 59.566972 -4.327841 -10.013159 0.701974
-21.818309 10.147774 30.340557 59.618812 -4.368454 -10.111717 0.727994
-21.893378 10.586171 30.245505 59.667527 -4.407872 -10.207873 0.753809
-21.969703 11.006035 30.136546 59.713091 -4.445794 -10.301264 0.778874
-22.047198 11.407565 30.013968 59.755677 -4.482292 -10.391941 0.803234
-22.125900 11.790921 29.877793 59.795577 -4.517441 -10.480039 0.826973
-22.205884 12.156261 29.727952 59.833114 -4.551316 -10.565707 0.850187
-22.287234 12.503736 29.564340 59.868597 -4.583986 -10.649087 0.872969
-22.370003 12.833511 29.386900 59.902281 -4.615514 -10.730280 0.895397
-22.454084 13.145857 29.195959 59.934292 -4.645932 -10.809217 0.917507
-22.538636 13.441710 28.994071 59.964479 -4.675198 -10.885952 0.938929
-22.623568 13.721323 28.781486 59.992942 -4.703340 -10.960408 0.959693
-22.708961 13.984820 28.557984 60.019881 -4.730410 -11.032673 0.979867
-22.794941 14.232298 28.323220 60.045521 -4.756464 -11.102871 0.999527
-22.881638 14.463847 28.076821 60.070081 -4.781554 -11.171115 1.018746
-22.969142 14.679586 27.818505 60.093741 -4.805721 -11.237467 1.037589
-23.057342 14.879822 27.548557 60.116577 -4.828960 -11.301748 1.056079
-23.145129 15.065881 27.270568 60.138353 -4.851320 -11.364330 1.073976
-23.232407 15.238058 26.984756 60.159119 -4.872791 -11.425030 1.091299
-23.319287 15.396434 26.690718 60.179009 -4.893407 -11.483895 1.108099
-23.405916 15.541056 26.387924 60.198175 -4.913206 -11.541007 1.124433
-23.492404 15.672006 26.075952 60.216752 -4.932214 -11.596393 1.140354
-23.578637 15.789622 25.755070 60.234804 -4.950397 -11.649795 1.155880
-23.663375 15.895531 25.429590 60.252101 -4.967963 -11.701843 1.170816
-23.746523 15.990064 25.099724 60.268681 -4.984877 -11.752278 1.185176
-23.828212 16.073278 24.764945 60.284646 -5.001160 -11.801120 1.199001
-23.908613 16.145164 24.424556 60.300114 -5.016840 -11.848447 1.212341
-23.987896 16.205708 24.077847 60.315206 -5.031947 -11.894334 1.225245
-24.066177 16.254952 23.724266 60.330036 -5.046492 -11.938780 1.237757
-24.143344 16.293248 23.364057 60.344669 -5.060419 -11.981464 1.249894
-24.218119 16.322449 23.002004 60.358909 -5.073976 -12.023292 1.261498
-24.290414 16.342903 22.638307 60.372792 -5.087108 -12.063946 1.272579
-24.360354 16.354629 22.272350 60.386404 -5.099823 -12.103418 1.283171
-24.428103 16.357568 21.903331 60.399839 -5.112142 -12.141770 1.293314
-24.493821 16.351652 21.530440 60.413202 -5.124085 -12.179058 1.303049
-24.557620 16.336886 21.153043 60.426617 -5.135651 -12.215264 1.312422
-24.619417 16.313608 20.771317 60.440208 -5.146773 -12.250048 1.321458
-24.678129 16.283736 20.389916 60.453960 -5.157549 -12.284324 1.330036
-24.733697 16.247610 20.008988 60.467976 -5.167912 -12.317754 1.338177
-24.786241 16.205224 19.627874 60.482371 -5.177858 -12.350311 1.345919
-24.835904 16.156498 19.245760 60.497268 -5.187394 -12.382025 1.353305
-24.882800 16.101412 18.861977 60.512822 -5.196512 -12.412867 1.360382
-24.926898 16.040288 18.476617 60.529236 -5.205138 -12.442512 1.367196
-24.967403 15.974973 18.093863 60.546741 -5.213402 -12.471769 1.373618
-25.004304 15.905786 17.713788 60.565518 -5.221232 -12.500316 1.379687
-25.037716 15.832691 17.335702 60.585706 -5.228618 -12.528127 1.385441
-25.067763 15.755558 16.958742 60.607426 -5.235566 -12.555239 1.390915
-25.094558 15.674250 16.582042 60.630814 -5.242079 -12.581692 1.396145
-25.118191 15.588705 16.204905 60.656046 -5.248144 -12.607458 1.401177
-25.138651 15.499185 15.827324 60.683371 -5.253685 -12.632245 1.406060
-25.155391 15.407342 15.452841 60.713170 -5.258841 -12.656796 1.410614
-25.168418 15.313437 15.081441 60.745680 -5.263535 -12.680824 1.414884
-25.177820 15.217402 14.712430 60.781080 -5.267753 -12.704299 1.418907
-25.183686 15.119080 14.344958 60.819531 -5.271490 -12.727250 1.422714
-25.186097 15.018305 13.978175 60.861206 -5.274744 -12.749710 1.426339
-25.185117 14.914986 13.611383 60.906323 -5.277493 -12.771649 1.429822
-25.180745 14.809322 13.244485 60.955179 -5.279663 -12.792813 1.433213
-25.172630 14.702730 12.880365 61.008265 -5.281404 -12.813817 1.436278
-25.160791 14.595416 12.518923 61.065877 -5.282641 -12.834409 1.439061
-25.145293 14.487287 12.159480 61.128261 -5.283348 -12.854553 1.441599
-25.126204 14.378190 11.801245 61.195651 -5.283510 -12.874260 1.443922
-25.103573 14.268013 11.443530 61.268306 -5.283102 -12.893501 1.446063
-25.077400 14.156895 11.086157 61.346539 -5.282054 -12.912054 1.448055
-25.047436 14.045999 10.731386 61.430830 -5.280457 -12.930374 1.449615
-25.013692 13.935462 10.379030 61.521489 -5.278242 -12.948245 1.450768
-24.976219 13.825162 10.028403 61.618790 -5.275383 -12.965641 1.451532
-24.935066 13.714907 9.678693 61.722994 -5.271862 -12.982578 1.451918
-24.890271 13.604493 9.329089 61.834370 -5.267663 -12.999077 1.451934
-24.841861 13.493766 8.978886 61.953203 -5.262760 -13.015117 1.451583
-24.789811 13.382765 8.627784 62.079796 -5.257092 -13.030523 1.450865
-24.733880 13.272309 8.277394 62.214398 -5.250769 -13.045862 1.449903
-24.674062 13.162437 7.927405 62.357325 -5.243729 -13.060965 1.448686
-24.610393 13.052988 7.577109 62.508905 -5.235942 -13.075807 1.447209
-24.542916 12.943741 7.225703 62.669477 -5.227383 -13.090403 1.445463
-24.471675 12.834471 6.872381 62.839395 -5.218027 -13.104764 1.443434
-24.396699 12.724993 6.516434 63.019027 -5.207839 -13.118865 1.441109
-24.317980 12.615292 6.157512 63.208741 -5.196757 -13.132547 1.438458
-24.235325 12.506024 5.796880 63.408764 -5.184928 -13.146309 1.435810
-24.148747 12.397167 5.434169 63.619485 -5.172288 -13.159996 1.433129
-24.058300 12.288521 5.068662 63.841325 -5.158798 -13.173576 1.430387
-23.964047 12.179841 4.699576 64.074719 -5.144420 -13.187043 1.427552
-23.866037 12.070904 4.326199 64.320101 -5.129113 -13.200361 1.424583
-23.764262 11.961644 3.948162 64.577861 -5.112811 -13.213362 1.421414
-23.658504 11.852607 3.566606 64.848108 -5.095594 -13.226545 1.418511
-23.548785 11.743708 3.181126 65.131260 -5.077395 -13.239751 1.415800
-23.435188 11.634680 2.790973 65.427806 -5.058169 -13.252945 1.413224
-23.317816 11.525195 2.395308 65.738270 -5.037872 -13.266124 1.410728
-23.196765 11.414909 1.993300 66.063173 -5.016462 -13.279276 1.408247
-23.072091 11.303518 1.584250 66.402992 -4.993886 -13.292337 1.405692
-22.943739 11.190907 1.167889 66.758066 -4.970074 -13.305083 1.402925
-22.811311 11.077674 0.745744 67.128133 -4.945016 -13.318222 1.400681
-22.674791 10.963672 0.317488 67.513558 -4.918638 -13.331543 1.398809
-22.534271 10.848534 -0.117626 67.914859 -4.890884 -13.344982 1.397197
-22.389875 10.731813 -0.560455 68.332604 -4.861702 -13.358510 1.395737
-22.241695 10.613050 -1.011819 68.767325 -4.831038 -13.372079 1.394300
-22.089717 10.491858 -1.472302 69.219396 -4.798832 -13.385552 1.392705
-21.933692 10.368154 -1.941799 69.688828 -4.765005 -13.398540 1.390655
-21.772738 10.242925 -2.417546 70.174350 -4.729429 -13.412291 1.389487
-21.606621 10.116059 -2.899509 70.675918 -4.692025 -13.426431 1.388874
-21.435283 9.987127 -3.388254 71.193747 -4.652734 -13.440796 1.388554
-21.258637 9.855652 -3.884371 71.728007 -4.611500 -13.455225 1.388244
-21.076372 9.721332 -4.388005 72.278504 -4.568264 -13.469397 1.387552
-20.887665 9.584498 -4.898006 72.844181 -4.522944 -13.482537 1.385844
-20.690431 9.447442 -5.408565 73.421156 -4.475248 -13.497182 1.385955
-20.483964 9.310489 -5.918750 74.008366 -4.425091 -13.512632 1.387240
-20.268056 9.173344 -6.428850 74.605553 -4.372410 -13.528608 1.389273
-20.042667 9.035517 -6.939509 75.212753 -4.317138 -13.544961 1.391702
-19.807715 8.896538 -7.451283 75.829929 -4.259201 -13.561514 1.394153
-19.562876 8.756182 -7.964195 76.456603 -4.198527 -13.577908 1.396131
-19.307300 8.614928 -8.476962 77.091312 -4.135024 -13.593343 1.396881
-19.038941 8.475146 -8.984197 77.729593 -4.068492 -13.609783 1.399348
-18.757100 8.337314 -9.484831 78.369988 -3.998831 -13.626508 1.402781
-18.461619 8.201251 -9.979011 79.011977 -3.925948 -13.643216 1.406676
-18.152565 8.066551 -10.467277 79.655446 -3.849735 -13.659745 1.410634
-17.830043 7.932809 -10.950147 80.300327 -3.770076 -13.675931 1.414271
-17.494054 7.799841 -11.427748 80.946292 -3.686841 -13.691486 1.417136
-17.144330 7.668023 -11.899276 81.592359 -3.599888 -13.705818 1.418613
-16.780003 7.539143 -12.361177 82.235550 -3.510941 -13.720133 1.421338
-16.400925 7.413583 -12.812755 82.874856 -3.419844 -13.733892 1.424698
-16.007249 7.291214 -13.254138 83.509859 -3.326446 -13.746829 1.428234
-15.599246 7.171749 -13.685687 84.140364 -3.230587 -13.758763 1.431547
-15.177198 7.054982 -14.107629 84.766107 -3.132101 -13.769475 1.434223
-14.741310 6.941046 -14.519685 85.386485 -3.030809 -13.778584 1.435774
-14.291582 6.830928 -14.920081 85.999632 -2.929179 -13.786354 1.438649
-13.828311 6.724732 -15.308622 86.604981 -2.827023 -13.792449 1.442381
-13.351921 6.622196 -15.685623 87.202349 -2.724158 -13.796705 1.446600
-12.862890 6.522920 -16.051579 87.791726 -2.620395 -13.799017 1.450983
-12.361715 6.426495 -16.406982 88.373115 -2.515544 -13.799285 1.455216
-11.848886 6.332621 -16.752174 88.946397 -2.409411 -13.797357 1.458962
-11.324873 6.241266 -17.087156 89.511168 -2.301800 -13.792976 1.461823
-10.790037 6.153077 -17.410584 90.066072 -2.195370 -13.787950 1.465772
-10.244889 6.068025 -17.722486 90.610683 -2.089925 -13.782047 1.470423
-9.689977 5.985829 -18.023189 91.144842 -1.985269 -13.775134 1.475455
-9.125865 5.906107 -18.313128 91.668504 -1.881204 -13.767118 1.480582
-8.553140 5.828480 -18.592736 92.181653 -1.777534 -13.757907 1.485529
-7.972434 5.752669 -18.862345 92.684219 -1.674059 -13.747381 1.490017
-7.384446 5.678614 -19.122090 93.175982 -1.570578 -13.735356 1.493741
-6.789889 5.606747 -19.371302 93.656118 -1.469039 -13.723128 1.497948
-6.189508 5.537034 -19.610121 94.124398 -1.369243 -13.710532 1.502345
-5.584011 5.469257 -19.838856 94.580745 -1.270995 -13.697463 1.506679
-4.974106 5.403132 -20.057879 95.025156 -1.174102 -13.683838 1.510721
-4.360557 5.338403 -20.267556 95.457673 -1.078368 -13.669578 1.514257
-3.744243 5.274934 -20.468208 95.878339 -0.983599 -13.654591 1.517085
-3.126073 5.212863 -20.659842 96.286790 -0.891375 -13.639733 1.520438
-2.506894 5.152056 -20.842780 96.683086 -0.801510 -13.624930 1.524131
-1.887404 5.092252 -21.017378 97.067319 -0.713818 -13.610123 1.527988
-1.268207 5.033127 -21.183999 97.439587 -0.628120 -13.595266 1.531840
-0.649902 4.974365 -21.342988 97.800021 -0.544238 -13.580308 1.535534
-0.033172 4.915719 -21.494651 98.148816 -0.461989 -13.565192 1.538939
0.581101 4.857093 -21.639238 98.486266 -0.381184 -13.549842 1.541958
1.191777 4.798681 -21.776766 98.812662 -0.302867 -13.534782 1.545188
1.798010 4.740414 -21.907473 99.128305 -0.226854 -13.519945 1.548543
2.399191 4.682096 -22.031622 99.433405 -0.152979 -13.505281 1.551921
2.994835 4.623479 -22.149483 99.728128 -0.081079 -13.490746 1.555210
3.584475 4.564324 -22.261314 100.012649 -0.010997 -13.476294 1.558308
4.167556 4.504470 -22.367345 100.287205 0.057429 -13.461875 1.561136
4.743314 4.443910 -22.467767 100.552159 0.124366 -13.447426 1.563649
5.310672 4.382913 -22.562668 100.808014 0.188875 -13.433053 1.566169
5.868885 4.321514 -22.652219 101.055148 0.251116 -13.418697 1.568664
6.417431 4.259630 -22.736601 101.293833 0.311239 -13.404305 1.571080
6.955891 4.197140 -22.815980 101.524301 0.369385 -13.389824 1.573357
7.483831 4.133965 -22.890490 101.746810 0.425696 -13.375194 1.575445
8.000683 4.070147 -22.960208 101.961704 0.480317 -13.360339 1.577321
8.505666 4.005995 -23.025022 102.169428 0.532947 -13.345642 1.579076
8.998294 3.941545 -23.084984 102.370317 0.583721 -13.331029 1.580689
9.478303 3.876695 -23.140176 102.564603 0.632762 -13.316438 1.582117
9.945555 3.811274 -23.190680 102.752462 0.680186 -13.301816 1.583304
10.399951 3.745096 -23.236566 102.934062 0.726102 -13.287110 1.584197
10.841357 3.678019 -23.277874 103.109606 0.770622 -13.272258 1.584753
11.269516 3.610000 -23.314600 103.279370 0.813860 -13.257188 1.584952
11.683982 3.541208 -23.346592 103.443704 0.855701 -13.242148 1.584898
12.084531 3.471601 -23.373822 103.602887 0.896255 -13.227065 1.584573
12.471099 3.401033 -23.396282 103.757126 0.935620 -13.211878 1.583944
12.843706 3.329304 -23.413967 103.906586 0.973890 -13.196531 1.582967
13.202395 3.256203 -23.426866 104.051427 1.011156 -13.180969 1.581600
13.547178 3.181544 -23.434942 104.191829 1.047508 -13.165134 1.579806
13.877978 3.105210 -23.438128 104.328026 1.083038 -13.148955 1.577565
14.194576 3.027233 -23.436236 104.460294 1.117632 -13.132644 1.574970
14.496897 2.947501 -23.429177 104.588872 1.151378 -13.116130 1.572002
14.784962 2.865838 -23.416875 104.713955 1.184362 -13.099354 1.568634
15.058834 2.782039 -23.399248 104.835716 1.216662 -13.082259 1.564831
15.318573 2.695905 -23.376207 104.954334 1.248359 -13.064786 1.560561
15.564199 2.607275 -23.347642 105.070004 1.279531 -13.046873 1.555797
15.795664 2.516078 -23.313371 105.182943 1.310066 -13.028613 1.550549
16.013003 2.422152 -23.273267 105.293345 1.340040 -13.009943 1.544788
16.216316 2.325288 -23.227207 105.401373 1.369525 -12.990806 1.538480
16.405737 2.225258 -23.175061 105.507172 1.398592 -12.971148 1.531584
16.581412 2.121837 -23.116691 105.610878 1.427309 -12.950914 1.524057
16.743482 2.014817 -23.051943 105.712621 1.455743 -12.930046 1.515855
16.892061 1.904035 -22.980635 105.812531 1.483962 -12.908479 1.506932
17.027248 1.789414 -22.902494 105.910702 1.511806 -12.886346 1.497301
17.149151 1.670802 -22.817326 106.007263 1.539339 -12.863583 1.486915
17.257898 1.548021 -22.724949 106.102342 1.566626 -12.840132 1.475725
17.353628 1.420884 -22.625183 106.196060 1.593732 -12.815939 1.463678
17.436476 1.289217 -22.517844 106.288535 1.620718 -12.790950 1.450721
17.506572 1.152874 -22.402734 106.379870 1.647647 -12.765107 1.436793
17.564036 1.011759 -22.279631 106.470149 1.674578 -12.738346 1.421831
17.608970 0.865901 -22.148118 106.559469 1.700479 -12.711017 1.405804
17.641486 0.715232 -22.007965 106.647905 1.725406 -12.683058 1.388641
17.661703 0.559658 -21.858955 106.735542 1.749415 -12.654413 1.370270
17.669750 0.399085 -21.700878 106.822457 1.772557 -12.625035 1.350614
17.665764 0.233443 -21.533512 106.908702 1.794881 -12.594873 1.329587
17.649905 0.062703 -21.356616 106.994287 1.816431 -12.563872 1.307094
17.622365 -0.113091 -21.169901 107.078984 1.836388 -12.531933 1.283930
17.583300 -0.293943 -20.973128 107.162798 1.854786 -12.499006 1.259994
17.532843 -0.479881 -20.766079 107.245772 1.871662 -12.465054 1.235186
17.471122 -0.670934 -20.548550 107.327958 1.887044 -12.430045 1.209410
17.398267 -0.867118 -20.320352 107.409400 1.900957 -12.393956 1.182564
17.314429 -1.068421 -20.081307 107.490104 1.913421 -12.356765 1.154534
17.219796 -1.274793 -19.831252 107.570011 1.924447 -12.318458 1.125190
17.114639 -1.486171 -19.570186 107.648666 1.933682 -12.278537 1.095704
16.999147 -1.702465 -19.297962 107.726006 1.941129 -12.236995 1.065942
16.873475 -1.923593 -19.014433 107.802020 1.946787 -12.193827 1.035781
16.737768 -2.149464 -18.719459 107.876722 1.950650 -12.149035 1.005101
16.592184 -2.379974 -18.412923 107.950111 1.952709 -12.102626 0.973779
16.436916 -2.615006 -18.094752 108.022145 1.952943 -12.054623 0.941683
16.272231 -2.854428 -17.764948 108.092697 1.951322 -12.005067 0.908655
16.098547 -3.098167 -17.423847 108.161263 1.947722 -11.953344 0.875492
15.916148 -3.346052 -17.071488 108.227709 1.942100 -11.899508 0.842033
15.725270 -3.597883 -16.707878 108.291967 1.934413 -11.843607 0.808136
15.526145 -3.853451 -16.333029 108.353991 1.924612 -11.785689 0.773661
15.319044 -4.112550 -15.947017 108.413713 1.912642 -11.725823 0.738464
15.104310 -4.375007 -15.550038 108.470996 1.898433 -11.664111 0.702380
14.882452 -4.640796 -15.142724 108.525427 1.882199 -11.600026 0.665786
14.653815 -4.909713 -14.725291 108.576893 1.863860 -11.533680 0.628522
14.418678 -5.181488 -14.297846 108.625356 1.843338 -11.465149 0.590448
14.177301 -5.455817 -13.860458 108.670815 1.820554 -11.394504 0.551432
13.929958 -5.732395 -13.413233 108.713264 1.795422 -11.321821 0.511341
13.676973 -6.010941 -12.956388 108.752660 1.767846 -11.247211 0.470028
13.418784 -6.291261 -12.490370 108.788868 1.737710 -11.170846 0.427322
13.156135 -6.573399 -12.016196 108.821242 1.706268 -11.092826 0.383780
12.889465 -6.857113 -11.534353 108.849670 1.673396 -11.013338 0.339232
12.619115 -7.142029 -11.045125 108.874143 1.638975 -10.932511 0.293536
12.345402 -7.427702 -10.548725 108.894693 1.602894 -10.850453 0.246564
12.068651 -7.713655 -10.045387 108.911366 1.565036 -10.767275 0.198186
11.789223 -7.999422 -9.535467 108.924199 1.525276 -10.683124 0.148270
11.507527 -8.284617 -9.019562 108.933211 1.483481 -10.598217 0.096676
11.223984 -8.569154 -8.499054 108.938033 1.441058 -10.511676 0.044756
10.939002 -8.852604 -7.974593 108.938736 1.397868 -10.423736 -0.007618
10.652962 -9.134428 -7.446650 108.935438 1.353774 -10.334574 -0.060565
10.366237 -9.414052 -6.915655 108.928301 1.308646 -10.244354 -0.114186
10.079201 -9.690937 -6.382126 108.917528 1.262346 -10.153268 -0.168579
9.792235 -9.964668 -5.846825 108.903378 1.214735 -10.061577 -0.223827
9.505648 -10.235158 -5.311185 108.886045 1.167178 -9.968965 -0.279419
9.219797 -10.501984 -4.775935 108.865847 1.119535 -9.875688 -0.335426
8.935040 -10.764598 -4.241533 108.843079 1.071671 -9.781919 -0.391918
8.651739 -11.022409 -3.708311 108.818029 1.023456 -9.687793 -0.448965
8.370269 -11.274838 -3.176601 108.790988 0.974762 -9.593444 -0.506637
8.091018 -11.521377 -2.646861 108.762257 0.925455 -9.499040 -0.565003
7.814364 -11.761679 -2.119822 108.732185 0.875394 -9.404834 -0.624123
7.540496 -11.995748 -1.596726 108.700917 0.826518 -9.311152 -0.682713
7.269768 -12.223253 -1.078284 108.668830 0.778689 -9.218246 -0.740827
7.002549 -12.443732 -0.564924 108.636256 0.731779 -9.126281 -0.798522
6.739214 -12.656683 -0.056947 108.603507 0.685663 -9.035383 -0.855862
6.480142 -12.861643 0.445346 108.570872 0.640219 -8.945680 -0.912910
6.225722 -13.058260 0.941504 108.538625 0.595322 -8.857347 -0.969737
5.976333 -13.246412 1.430752 108.507024 0.550838 -8.770656 -1.026421
5.732261 -13.426485 1.911425 108.476069 0.508082 -8.685126 -1.082129
5.493850 -13.598393 2.382740 108.446022 0.466924 -8.601039 -1.136937
5.261449 -13.761869 2.844231 108.417136 0.427248 -8.518578 -1.190915
5.035404 -13.916603 3.295548 108.389650 0.388943 -8.437889 -1.244134
4.816062 -14.062350 3.736296 108.363772 0.351901 -8.359133 -1.296671
4.603758 -14.199065 4.165844 108.339667 0.316008 -8.282542 -1.348616
4.398733 -14.327167 4.582751 108.317236 0.281822 -8.207333 -1.399224
4.201277 -14.446632 4.986451 108.296633 0.249235 -8.133721 -1.448583
4.011667 -14.557261 5.376687 108.278034 0.218156 -8.061825 -1.496770
3.830171 -14.658792 5.753354 108.261611 0.188500 -7.991716 -1.543859
3.657051 -14.750974 6.116386 108.247510 0.160188 -7.923449 -1.589926
3.492567 -14.833631 6.465653 108.235836 0.133140 -7.857100 -1.635059
3.336977 -14.906754 6.800835 108.226618 0.107270 -7.792800 -1.679363
3.190473 -14.970682 7.121075 108.219590 0.082686 -7.730190 -1.722130
3.053268 -15.025436 7.426072 108.214767 0.059307 -7.669393 -1.763466
2.925555 -15.070910 7.715742 108.212209 0.037066 -7.610464 -1.803461
2.807499 -15.106950 7.990104 108.211995 0.015898 -7.553421 -1.842196
2.699247 -15.133426 8.249190 108.214195 -0.004253 -7.498277 -1.879756
2.600931 -15.150284 8.492967 108.218842 -0.023450 -7.445065 -1.916230
2.512657 -15.157634 8.721226 108.225908 -0.041756 -7.393867 -1.951723
2.434448 -15.155925 8.933260 108.235098 -0.059145 -7.344272 -1.985631
2.366368 -15.145303 9.128856 108.246363 -0.075679 -7.296358 -2.018060
2.308472 -15.125790 9.307974 108.259692 -0.091412 -7.250147 -2.049104
2.260793 -15.097378 9.470637 108.275087 -0.106391 -7.205637 -2.078850
2.223341 -15.060101 9.616846 108.292533 -0.120666 -7.162827 -2.107389
2.196092 -15.014118 9.746488 108.311974 -0.134287 -7.121754 -2.134819
2.178943 -14.959862 9.859069 108.333176 -0.147409 -7.082070 -2.160778
2.171836 -14.897506 9.954488 108.356068 -0.160079 -7.043793 -2.185364
2.174712 -14.827103 10.032791 108.380611 -0.172340 -7.006895 -2.208662
2.187508 -14.748661 10.094086 108.406778 -0.184229 -6.971317 -2.230756
2.210144 -14.662190 10.138503 108.434533 -0.195785 -6.936989 -2.251725
2.242524 -14.567740 10.166150 108.463821 -0.207044 -6.903844 -2.271654
2.284526 -14.465457 10.177065 108.494547 -0.218047 -6.871832 -2.290635
2.336005 -14.355660 10.171115 108.526433 -0.229220 -6.840907 -2.308282
2.396816 -14.238517 10.148336 108.559361 -0.240604 -6.811006 -2.324689
2.466819 -14.114120 10.108838 108.593238 -0.252238 -6.782036 -2.339941
2.545870 -13.982539 10.052769 108.627968 -0.264157 -6.753885 -2.354121
2.633819 -13.843847 9.980291 108.663438 -0.276401 -6.726429 -2.367313
2.730506 -13.698154 9.891567 108.699507 -0.289010 -6.699537 -2.379608
2.835770 -13.545642 9.786739 108.735966 -0.302026 -6.673081 -2.391107
2.949537 -13.386591 9.665971 108.772380 -0.315651 -6.647385 -2.401622
3.071629 -13.221217 9.529410 108.808519 -0.329932 -6.622303 -2.411255
3.201853 -13.049702 9.377231 108.844191 -0.344914 -6.597675 -2.420102
3.340012 -12.872227 9.209624 108.879208 -0.360644 -6.573327 -2.428251
3.485903 -12.688999 9.026794 108.913361 -0.377172 -6.549075 -2.435796
3.639325 -12.500274 8.828965 108.946396 -0.394549 -6.524722 -2.442837
3.800175 -12.306325 8.616695 108.977851 -0.412837 -6.501343 -2.449150
3.968246 -12.107427 8.390204 109.007470 -0.432090 -6.478729 -2.454833
4.143326 -11.903825 8.149694 109.035041 -0.452367 -6.456667 -2.459969
4.325200 -11.695752 7.895360 109.060371 -0.473724 -6.434938 -2.464638
4.513652 -11.483445 7.627415 109.083271 -0.496221 -6.413310 -2.468915
4.708464 -11.267145 7.346122 109.103550 -0.519919 -6.391530 -2.472871
4.909427 -11.047096 7.051841 109.121002 -0.544880 -6.369308 -2.476580
5.116481 -10.823437 6.745488 109.135280 -0.571081 -6.347976 -2.479984
5.329414 -10.596438 6.427424 109.146186 -0.598591 -6.327233 -2.483149
5.548006 -10.366398 6.097916 109.153537 -0.627481 -6.306799 -2.486138
5.772043 -10.133630 5.757194 109.157154 -0.657825 -6.286397 -2.489010
6.001316 -9.898462 5.405498 109.156861 -0.689702 -6.265742 -2.491822
6.235614 -9.661218 5.043141 109.152486 -0.723190 -6.244520 -2.494626
6.474734 -9.422199 4.670576 109.143861 -0.758369 -6.222371 -2.497470
6.718583 -9.181511 4.289075 109.130630 -0.794732 -6.201085 -2.499813
6.966951 -8.939472 3.899117 109.112649 -0.832364 -6.180283 -2.501691
7.219620 -8.696436 3.501078 109.089787 -0.871355 -6.159613 -2.503137
7.476376 -8.452753 3.095318 109.061927 -0.911795 -6.138718 -2.504174
7.737001 -8.208716 2.682288 109.028987 -0.953776 -6.117210 -2.504818
8.001265 -7.964488 2.262651 108.990945 -0.997384 -6.094630 -2.505061
8.269017 -7.719821 1.838204 108.947709 -1.041201 -6.073236 -2.504496
8.540021 -7.474873 1.409581 108.899282 -1.085316 -6.052571 -2.503100
8.814067 -7.229931 0.977178 108.845620 -1.129827 -6.032247 -2.500861
9.090961 -6.985337 0.541279 108.786661 -1.174835 -6.011907 -2.497767
9.370510 -6.741429 0.102162 108.722357 -1.220440 -5.991192 -2.493796
9.652506 -6.498487 -0.339804 108.652711 -1.266742 -5.969713 -2.488911
9.936702 -6.256650 -0.784032 108.577828 -1.313827 -5.947008 -2.483045
10.222850 -6.015642 -1.228847 108.498008 -1.359834 -5.925214 -2.476569
10.510687 -5.775598 -1.673683 108.413380 -1.404850 -5.903873 -2.469400
10.799991 -5.536794 -2.118205 108.323988 -1.448968 -5.882601 -2.461471
11.090562 -5.299566 -2.562183 108.229839 -1.492283 -5.861042 -2.452721
11.382194 -5.064247 -3.005393 108.130957 -1.534887 -5.838840 -2.443079
11.674635 -4.831111 -3.447522 108.027447 -1.576863 -5.815614 -2.432454
11.967531 -4.600291 -3.888052 107.919581 -1.618284 -5.790913 -2.420707
12.260361 -4.371481 -4.325387 107.808191 -1.658248 -5.766788 -2.408808
12.552736 -4.144798 -4.759016 107.693593 -1.696822 -5.742794 -2.396602
12.844353 -3.920488 -5.188629 107.575974 -1.734076 -5.718547 -2.383961
13.134935 -3.698835 -5.613996 107.455486 -1.770079 -5.693688 -2.370764
13.424170 -3.480089 -6.034864 107.332340 -1.804896 -5.667853 -2.356874
13.711658 -3.264383 -6.450872 107.206899 -1.838577 -5.640638 -2.342117
13.996913 -3.051446 -6.860742 107.080078 -1.870689 -5.614284 -2.327770
14.279538 -2.841401 -7.264161 106.952232 -1.901281 -5.588409 -2.313657
14.559253 -2.634489 -7.660969 106.823547 -1.930403 -5.562681 -2.299641
14.835843 -2.431000 -8.051086 106.694120 -1.958110 -5.536797 -2.285603
15.109104 -2.231234 -8.434447 106.564040 -1.984450 -5.510462 -2.271424
15.378794 -2.035454 -8.810954 106.433475 -2.009467 -5.483373 -2.256968
15.644582 -1.843840 -9.180432 106.302748 -2.033193 -5.455201 -2.242066
15.906085 -1.656247 -9.541959 106.172758 -2.055599 -5.428050 -2.228266
16.162976 -1.472839 -9.895379 106.043832 -2.076712 -5.401606 -2.215401
16.415040 -1.293859 -10.240627 105.916132 -2.096564 -5.375591 -2.203337
16.662132 -1.119580 -10.577691 105.789729 -2.115187 -5.349746 -2.191966
16.904132 -0.950277 -10.906565 105.664671 -2.132612 -5.323821 -2.181188
17.140891 -0.786199 -11.227220 105.541053 -2.148862 -5.297562 -2.170891
17.372178 -0.627534 -11.539566 105.419097 -2.163955 -5.270697 -2.160941
17.597623 -0.474226 -11.842887 105.299456 -2.178133 -5.244882 -2.152096
17.816995 -0.326442 -12.137096 105.182362 -2.191410 -5.219859 -2.144223
18.030155 -0.184388 -12.422165 105.067927 -2.203800 -5.195393 -2.137221
18.237007 -0.048275 -12.698087 104.956212 -2.215319 -5.171260 -2.131000
18.437451 0.081716 -12.964836 104.847283 -2.225978 -5.147240 -2.125476
18.631332 0.205473 -13.222333 104.741278 -2.235787 -5.123095 -2.120549
18.818382 0.323109 -13.469967 104.638602 -2.245003 -5.100141 -2.116604
18.998460 0.434532 -13.707670 104.539378 -2.253632 -5.078158 -2.113552
19.171502 0.539597 -13.935445 104.443636 -2.261683 -5.056958 -2.111329
19.337488 0.638143 -14.153327 104.351355 -2.269166 -5.036366 -2.109886
19.496405 0.730017 -14.361351 104.262508 -2.276088 -5.016218 -2.109179
19.648224 0.815100 -14.559529 104.177091 -2.282456 -4.996345 -2.109163
19.792864 0.893336 -14.747810 104.095164 -2.288272 -4.976568 -2.109782
19.930150 0.964859 -14.925730 104.016967 -2.293717 -4.957833 -2.111241
20.059999 1.029631 -15.093238 103.942566 -2.298792 -4.939974 -2.113490
20.182382 1.087563 -15.250339 103.871960 -2.303499 -4.922849 -2.116496
20.297300 1.138548 -15.397065 103.805121 -2.307842 -4.906332 -2.120238
20.404756 1.182490 -15.533445 103.742010 -2.311826 -4.890303 -2.124699
20.504743 1.219318 -15.659481 103.682607 -2.315452 -4.874642 -2.129862
20.597211 1.249025 -15.775120 103.626937 -2.318719 -4.859215 -2.135705
20.682026 1.271751 -15.880018 103.575128 -2.321722 -4.844528 -2.142266
20.759133 1.287506 -15.974112 103.527211 -2.324460 -4.830461 -2.149526
20.828515 1.296255 -16.057385 103.483177 -2.326931 -4.816914 -2.157482
20.890168 1.297955 -16.129837 103.442999 -2.329136 -4.803800 -2.166136
20.944091 1.292579 -16.191459 103.406649 -2.331076 -4.791038 -2.175493
20.990263 1.280145 -16.242200 103.374110 -2.332750 -4.778539 -2.185563
21.028621 1.260778 -16.281840 103.345399 -2.334194 -4.766534 -2.196317
21.059147 1.234508 -16.310328 103.320502 -2.335406 -4.754949 -2.207772
21.081846 1.201335 -16.327658 103.299386 -2.336387 -4.743731 -2.219947
21.096733 1.161245 -16.333841 103.282010 -2.337137 -4.732838 -2.232870
21.103830 1.114234 -16.328891 103.268332 -2.337655 -4.722239 -2.246573
21.103160 1.060321 -16.312813 103.258305 -2.337943 -4.711902 -2.261091
21.094737 0.999565 -16.285583 103.251886 -2.337999 -4.701796 -2.276460
21.078545 0.932082 -16.247142 103.248885 -2.337746 -4.691747 -2.291943
21.054599 0.857952 -16.197467 103.249263 -2.337184 -4.681733 -2.307581
21.022928 0.777239 -16.136562 103.252981 -2.336310 -4.671752 -2.323420
20.983565 0.690004 -16.064448 103.259996 -2.335123 -4.661809 -2.339506
20.936554 0.596314 -15.981157 103.270260 -2.333622 -4.651921 -2.355891
20.881950 0.496256 -15.886726 103.283709 -2.331806 -4.642110 -2.372633
20.819827 0.389939 -15.781190 103.300258 -2.329672 -4.632406 -2.389794
20.750248 0.277482 -15.664646 103.319650 -2.327310 -4.622507 -2.406672
20.673296 0.159025 -15.537136 103.341796 -2.324716 -4.612455 -2.423333
20.589048 0.034707 -15.398716 103.366618 -2.321889 -4.602301 -2.439842
20.497587 -0.095324 -15.249450 103.394038 -2.318827 -4.592104 -2.456268
20.399012 -0.230916 -15.089416 103.423958 -2.315528 -4.581933 -2.472681
20.293456 -0.371912 -14.918714 103.456249 -2.311989 -4.571869 -2.489159
20.181046 -0.518209 -14.737625 103.490661 -2.308145 -4.561332 -2.505272
20.061915 -0.669630 -14.546253 103.527071 -2.303993 -4.550416 -2.521097
19.936173 -0.825975 -14.344685 103.565395 -2.299529 -4.539211 -2.536706
19.803919 -0.987038 -14.133006 103.605565 -2.294750 -4.527816 -2.552166
19.665264 -1.152605 -13.911316 103.647510 -2.289649 -4.516334 -2.567546
19.520346 -1.322473 -13.679753 103.691127 -2.284223 -4.504890 -2.582922
19.369350 -1.496467 -13.438527 103.736265 -2.278469 -4.493631 -2.598381
19.212478 -1.674545 -13.188181 103.782699 -2.272295 -4.481808 -2.613800
19.049920 -1.856505 -12.928931 103.830285 -2.265696 -4.469579 -2.629266
18.881838 -2.042088 -12.660929 103.878932 -2.258665 -4.457089 -2.644854
18.708382 -2.231006 -12.384297 103.928577 -2.251192 -4.444476 -2.660635
18.529717 -2.422956 -12.099163 103.979154 -2.243268 -4.431884 -2.676679
18.346049 -2.617636 -11.805692 104.030561 -2.234882 -4.419474 -2.693067
18.157650 -2.814774 -11.504135 104.082631 -2.226027 -4.407433 -2.709894
17.964854 -3.014295 -11.195394 104.135018 -2.216784 -4.393980 -2.726805
17.767942 -3.215898 -10.879747 104.187557 -2.207146 -4.379316 -2.743895
17.567154 -3.419230 -10.557416 104.240150 -2.197098 -4.363627 -2.761248
17.362715 -3.623921 -10.228625 104.292718 -2.186627 -4.347101 -2.778941
17.154872 -3.829620 -9.893656 104.345172 -2.175717 -4.329941 -2.797055
16.943922 -4.036048 -9.552928 104.397370 -2.164357 -4.312395 -2.815686
16.730224 -4.243161 -9.207453 104.448902 -2.152908 -4.293404 -2.834059
16.514060 -4.450662 -8.857650 104.499660 -2.141358 -4.273216 -2.852260
16.295654 -4.658170 -8.503806 104.549612 -2.129688 -4.252041 -2.870358
16.075207 -4.865273 -8.146150 104.598768 -2.117876 -4.230070 -2.888412
15.852921 -5.071564 -7.784924 104.647149 -2.105902 -4.207498 -2.906476
15.629023 -5.276685 -7.420460 104.694759 -2.093744 -4.184548 -2.924609
15.403786 -5.480396 -7.053283 104.741561 -2.081389 -4.161501 -2.942880
15.177542 -5.682773 -6.684630 104.787246 -2.069236 -4.137352 -2.960460
14.950550 -5.883575 -6.315024 104.831800 -2.057270 -4.112383 -2.977411
14.723029 -6.082444 -5.944797 104.875259 -2.045471 -4.086817 -2.993778
14.495180 -6.278979 -5.574189 104.917684 -2.033816 -4.060849 -3.009600
14.267213 -6.472784 -5.203437 104.959134 -2.022282 -4.034672 -3.024916
14.039365 -6.663525 -4.832861 104.999633 -2.010850 -4.008506 -3.039771
13.811914 -6.851001 -4.462973 105.039152 -1.999506 -3.982629 -3.054220
13.585161 -7.035354 -4.095007 105.077553 -1.988396 -3.956025 -3.068157
13.359371 -7.216402 -3.729479 105.114809 -1.977508 -3.928975 -3.081632
13.134773 -7.393853 -3.366716 105.150946 -1.966824 -3.901697 -3.094685
12.911581 -7.567393 -3.006976 105.186004 -1.956325 -3.874389 -3.107349
12.690015 -7.736761 -2.650548 105.220001 -1.945995 -3.847260 -3.119660
12.470326 -7.901828 -2.297875 105.252899 -1.935822 -3.820561 -3.131671
12.252811 -8.062797 -1.950051 105.284508 -1.926160 -3.793447 -3.143288
12.037682 -8.219566 -1.607472 105.314799 -1.916999 -3.766158 -3.154557
11.825096 -8.371921 -1.270324 105.343807 -1.908323 -3.738866 -3.165508
11.615178 -8.519610 -0.938687 105.371591 -1.900116 -3.711713 -3.176161
11.408045 -8.662398 -0.612608 105.398204 -1.892361 -3.684825 -3.186540
11.203815 -8.800106 -0.292176 105.423661 -1.885047 -3.658346 -3.196674
11.002631 -8.932675 0.022394 105.447911 -1.878164 -3.632453 -3.206608
10.804669 -9.060325 0.330372 105.470769 -1.871820 -3.606454 -3.216383
10.610036 -9.183028 0.631570 105.492174 -1.866010 -3.580518 -3.226046
10.418791 -9.300665 0.925964 105.512118 -1.860725 -3.554762 -3.235627
10.230965 -9.413087 1.213614 105.530615 -1.855957 -3.529274 -3.245154
10.046575 -9.520153 1.494608 105.547664 -1.851698 -3.504132 -3.254654
9.865640 -9.621759 1.769014 105.563231 -1.847942 -3.479420 -3.264165
9.688195 -9.717886 2.036823 105.577209 -1.844687 -3.455242 -3.273737
9.514286 -9.808712 2.297660 105.589332 -1.841846 -3.430992 -3.283249
9.343917 -9.894241 2.551530 105.599477 -1.839421 -3.406766 -3.292755
9.177052 -9.974421 2.798530 105.607573 -1.837409 -3.382632 -3.302297
9.013626 -10.049190 3.038795 105.613566 -1.835812 -3.358640 -3.311911
8.853560 -10.118507 3.272460 105.617394 -1.834630 -3.334841 -3.321636
8.696765 -10.182396 3.499604 105.618964 -1.833866 -3.311300 -3.331516
8.543120 -10.241014 3.720135 105.618099 -1.833499 -3.287876 -3.341410
8.392503 -10.294397 3.934154 105.614704 -1.833533 -3.264622 -3.351362
8.244766 -10.342526 4.141836 105.608712 -1.833973 -3.241567 -3.361408
8.099739 -10.385368 4.343389 105.600069 -1.834822 -3.218727 -3.371579
7.957239 -10.422893 4.539028 105.588723 -1.836086 -3.196113 -3.381905
7.817068 -10.455103 4.728944 105.574608 -1.837770 -3.173742 -3.392419
7.679017 -10.482068 4.913259 105.557635 -1.839883 -3.151652 -3.403159
7.542857 -10.503979 5.091963 105.537585 -1.842435 -3.129930 -3.413789
7.408357 -10.520911 5.265182 105.514360 -1.845436 -3.108611 -3.424347
7.275277 -10.532875 5.433109 105.487872 -1.848896 -3.087701 -3.434864
7.143366 -10.539857 5.595971 105.458044 -1.852828 -3.067198 -3.445368
7.012366 -10.541840 5.753994 105.424794 -1.857241 -3.047097 -3.455886
6.882006 -10.538833 5.907378 105.388041 -1.862150 -3.027399 -3.466445
6.752002 -10.530895 6.056254 105.347687 -1.867571 -3.008127 -3.477072
6.622075 -10.518200 6.200618 105.303525 -1.873454 -2.989408 -3.487502
6.491934 -10.500808 6.340592 105.255449 -1.879818 -2.971265 -3.497760
6.361292 -10.478731 6.476357 105.203351 -1.886680 -2.953701 -3.507869
6.229862 -10.451961 6.608107 105.147120 -1.894060 -2.936713 -3.517851
6.097359 -10.420507 6.736015 105.086635 -1.901978 -2.920305 -3.527727
5.963492 -10.384435 6.860184 105.021762 -1.910459 -2.904499 -3.537517
5.827978 -10.343931 6.980565 104.952267 -1.919337 -2.889371 -3.547026
5.690533 -10.299052 7.097258 104.878006 -1.928637 -2.874944 -3.556272
5.550883 -10.249789 7.210435 104.798835 -1.938385 -2.861219 -3.565269
5.408771 -10.196105 7.320293 104.714609 -1.948606 -2.848186 -3.574028
5.263946 -10.137960 7.427032 104.625177 -1.959325 -2.835837 -3.582559
5.116167 -10.075333 7.530830 104.530373 -1.970572 -2.824168 -3.590870
4.965204 -10.008253 7.631804 104.430017 -1.982376 -2.813197 -3.598971
4.810836 -9.936860 7.729946 104.323861 -1.994509 -2.802953 -3.606779
4.652851 -9.861182 7.825370 104.211714 -2.007002 -2.793455 -3.614299
4.491055 -9.781195 7.918242 104.093391 -2.019888 -2.784703 -3.621527
4.325267 -9.696853 8.008753 103.968708 -2.033199 -2.776690 -3.628459
4.155326 -9.608113 8.097093 103.837472 -2.046967 -2.769408 -3.635086
3.981093 -9.514956 8.183433 103.699478 -2.061227 -2.762858 -3.641398
3.802452 -9.417419 8.267896 103.554501 -2.076016 -2.757056 -3.647385
3.619312 -9.315648 8.350483 103.402322 -2.091233 -2.751939 -3.653248
3.431589 -9.209685 8.431312 103.242711 -2.106918 -2.747526 -3.658969
3.239214 -9.099521 8.510548 103.075459 -2.123109 -2.743820 -3.664522
3.042131 -8.985132 8.588374 102.900366 -2.139844 -2.740822 -3.669873
2.840303 -8.866498 8.664970 102.717247 -2.157162 -2.738530 -3.674978
2.633708 -8.743631 8.740503 102.525935 -2.175104 -2.736950 -3.679787
2.422290 -8.616626 8.814996 102.326410 -2.193262 -2.735639 -3.684620
2.206057 -8.485492 8.888615 102.118509 -2.211678 -2.734603 -3.689416
1.985035 -8.350205 8.961545 101.902051 -2.230393 -2.733842 -3.694111
1.759261 -8.210728 9.033979 101.676856 -2.249450 -2.733353 -3.698638
1.528789 -8.067032 9.106104 101.442751 -2.268890 -2.733137 -3.702921
1.293686 -7.919111 9.178089 101.199583 -2.288758 -2.733197 -3.706876
1.054028 -7.767011 9.250061 100.947243 -2.309097 -2.733555 -3.710401
0.809875 -7.610879 9.322006 100.685942 -2.329437 -2.734063 -3.714392
0.561335 -7.450765 9.394048 100.415574 -2.349824 -2.734744 -3.718738
0.308541 -7.286679 9.466352 100.135992 -2.370301 -2.735607 -3.723331
0.051646 -7.118615 9.539101 99.847035 -2.390911 -2.736654 -3.728065
-0.209183 -6.946581 9.612473 99.548555 -2.411700 -2.737892 -3.732823
-0.473772 -6.770619 9.686614 99.240443 -2.432710 -2.739337 -3.737476
-0.741967 -6.590849 9.761599 98.922687 -2.453986 -2.741029 -3.741868
-1.013719 -6.407530 9.837306 98.595748 -2.475356 -2.742820 -3.746952
-1.288851 -6.220789 9.913802 98.259635 -2.496864 -2.744753 -3.752559
-1.567142 -6.030697 9.991223 97.914283 -2.518554 -2.746852 -3.758529
-1.848355 -5.837302 10.069730 97.559627 -2.540468 -2.749134 -3.764700
-2.132261 -5.640676 10.149459 97.195660 -2.562651 -2.751624 -3.770892
-2.418688 -5.440955 10.230464 96.822520 -2.585144 -2.754374 -3.776886
-2.707661 -5.238421 10.312490 96.440844 -2.607859 -2.756948 -3.783127
-2.999002 -5.033200 10.395592 96.050770 -2.630840 -2.759400 -3.789387
-3.292460 -4.825350 10.479924 95.652281 -2.654129 -2.761753 -3.795470
-3.587754 -4.614900 10.565689 95.245293 -2.677773 -2.764016 -3.801186
-3.884600 -4.401874 10.653099 94.829732 -2.701816 -2.766195 -3.806340
-4.182743 -4.186320 10.742332 94.405610 -2.726302 -2.768306 -3.810710
-4.482013 -3.968343 10.833464 93.973140 -2.751278 -2.770398 -3.814025
-4.782476 -3.748177 10.926238 93.533245 -2.776608 -2.772153 -3.817244
-5.083966 -3.525924 11.020722 93.086139 -2.802340 -2.773623 -3.820083
-5.386217 -3.301629 11.117099 92.631825 -2.828521 -2.774829 -3.822299
-5.688923 -3.075318 11.215604 92.170217 -2.855202 -2.775773 -3.823664
-5.991774 -2.847020 11.316473 91.701233 -2.882431 -2.776460 -3.823942
-6.294505 -2.616799 11.419886 91.224897 -2.910261 -2.776911 -3.822865
-6.596979 -2.384798 11.525864 90.741494 -2.938745 -2.777197 -3.820101
-6.899402 -2.151330 11.633960 90.252250 -2.968834 -2.777029 -3.816888
-7.201658 -1.916535 11.744173 89.757475 -3.000586 -2.776489 -3.812873
-7.503505 -1.680475 11.856667 89.257242 -3.034064 -2.775605 -3.807753
-7.804669 -1.443190 11.971655 88.751556 -3.069331 -2.774393 -3.801233
-8.104920 -1.204738 12.089309 88.240504 -3.106456 -2.772881 -3.792993
-8.404177 -0.965258 12.209607 87.724439 -3.145514 -2.771156 -3.782646
-8.702735 -0.725103 12.331917 87.204824 -3.186346 -2.769091 -3.772070
-9.000533 -0.484402 12.456205 86.681991 -3.229035 -2.766782 -3.760871
-9.297347 -0.243191 12.582661 86.155966 -3.273669 -2.764255 -3.748722
-9.592885 -0.001478 12.711572 85.626635 -3.320341 -2.761507 -3.735324
-9.886854 0.240736 12.843241 85.093881 -3.369149 -2.758534 -3.720371
-10.179035 0.483424 12.977904 84.557730 -3.420195 -2.755351 -3.703522
-10.469386 0.726483 13.115558 84.018540 -3.473586 -2.752044 -3.684348
-10.758241 0.969583 13.255579 83.477989 -3.528151 -2.749172 -3.665474
-11.045590 1.212631 13.397939 82.936452 -3.584006 -2.746838 -3.646460
-11.331236 1.455622 13.542871 82.393971 -3.641270 -2.745065 -3.626942
-11.614906 1.698576 13.690709 81.850448 -3.700067 -2.743850 -3.606589
-11.896331 1.941520 13.841798 81.305808 -3.760521 -2.743190 -3.585059
-12.175347 2.184468 13.996390 80.760185 -3.822763 -2.743110 -3.561956
-12.452047 2.427364 14.154425 80.214183 -3.886924 -2.743732 -3.536768
-12.727155 2.669846 14.314728 79.670092 -3.951170 -2.744922 -3.512305
-13.000815 2.911878 14.477193 79.128577 -4.015637 -2.746825 -3.488035
-13.272922 3.153509 14.642038 78.589875 -4.080464 -2.749490 -3.463532
-13.543287 3.394803 14.809580 78.054074 -4.145789 -2.752940 -3.438404
-13.811777 3.635803 14.980061 77.521365 -4.211753 -2.757223 -3.412237
-14.078486 3.876452 15.153367 76.992313 -4.278501 -2.762502 -3.384518
-14.344102 4.116239 15.327842 76.468985 -4.344351 -2.768227 -3.357969
-14.608744 4.355119 15.503330 75.951930 -4.409449 -2.774582 -3.332087
-14.872272 4.593155 15.680069 75.441257 -4.473938 -2.781633 -3.306483
-15.134428 4.830421 15.858437 74.936863 -4.537961 -2.789402 -3.280827
-15.394938 5.066988 16.038826 74.438610 -4.601659 -2.797912 -3.254799
-15.653595 5.302891 16.221518 73.946489 -4.665176 -2.807225 -3.228048
-15.910396 5.538039 16.406384 73.460808 -4.728661 -2.817534 -3.200145
-16.165858 5.771737 16.591365 72.983073 -4.790748 -2.827905 -3.173530
-16.420013 6.003910 16.776279 72.513613 -4.851584 -2.838558 -3.147776
-16.672672 6.234617 16.961379 72.052421 -4.911308 -2.849569 -3.122547
-16.923555 6.463936 17.147048 71.599335 -4.970053 -2.860978 -3.097558
-17.172360 6.691938 17.333683 71.154163 -5.027953 -2.872821 -3.072534
-17.418835 6.918654 17.521563 70.716809 -5.085140 -2.885173 -3.047179
-17.662893 7.143965 17.710536 70.287415 -5.141759 -2.898252 -3.021137
-17.904927 7.367079 17.898380 69.867035 -5.196866 -2.911116 -2.996325
-18.144880 7.587891 18.084889 69.455836 -5.250603 -2.924005 -2.972393
-18.382530 7.806447 18.270299 69.053755 -5.303095 -2.937012 -2.949058
-18.617603 8.022816 18.454949 68.660634 -5.354462 -2.950194 -2.926072
-18.849844 8.237028 18.639105 68.276333 -5.404827 -2.963635 -2.903185
-19.079129 8.448956 18.822640 67.900835 -5.454323 -2.977552 -2.880116
-19.305800 8.657799 19.003407 67.534759 -5.502276 -2.991077 -2.858273
-19.529757 8.863441 19.181237 67.178080 -5.548816 -3.004440 -2.837389
-19.750762 9.065920 19.356371 66.830623 -5.594057 -3.017730 -2.817251
-19.968538 9.265305 19.529167 66.492145 -5.638102 -3.030994 -2.797671
-20.182805 9.461661 19.699988 66.162391 -5.681056 -3.044276 -2.778472
-20.393319 9.655016 19.869113 65.841138 -5.723023 -3.057646 -2.759471
-20.599951 9.845267 20.036477 65.528262 -5.764119 -3.071297 -2.740464
-20.803021 10.031716 20.200191 65.224089 -5.803770 -3.084437 -2.722403
-21.002426 10.214264 20.360155 64.928502 -5.842091 -3.097268 -2.705093
-21.197958 10.392946 20.516609 64.641300 -5.879174 -3.109865 -2.688371
-21.389386 10.567820 20.669881 64.362249 -5.915108 -3.122269 -2.672091
-21.576484 10.738948 20.820305 64.091119 -5.949977 -3.134518 -2.656112
-21.759063 10.906366 20.968144 63.827724 -5.983865 -3.146670 -2.640288
-21.937046 11.070018 21.113390 63.571975 -6.016867 -3.158881 -2.624443
-22.110784 11.229396 21.254521 63.324218 -6.048622 -3.170573 -2.609327
-22.280223 11.384447 21.391495 63.084376 -6.079221 -3.181906 -2.594774
-22.445214 11.535209 21.524540 62.852292 -6.108739 -3.192940 -2.580650
-22.605591 11.681730 21.653932 62.627786 -6.137246 -3.203713 -2.566834
-22.761205 11.824047 21.779916 62.410689 -6.164811 -3.214271 -2.553207
-22.911992 11.962136 21.902542 62.200900 -6.191511 -3.224727 -2.539635
-23.058219 12.095652 22.020745 61.998635 -6.217093 -3.234703 -2.526669
-23.199839 12.224570 22.134551 61.803799 -6.241630 -3.244314 -2.514183
-23.336733 12.348923 22.244165 61.616234 -6.265183 -3.253605 -2.502075
-23.468772 12.468751 22.349833 61.435764 -6.287806 -3.262602 -2.490253
-23.595826 12.584094 22.451794 61.262213 -6.309554 -3.271331 -2.478631
-23.717792 12.694980 22.550253 61.095425 -6.330479 -3.279823 -2.467121
-23.834624 12.801396 22.645276 60.935289 -6.350640 -3.288161 -2.455625
-23.946530 12.903115 22.736149 60.781941 -6.369847 -3.296143 -2.444587
-24.053485 13.000125 22.822918 60.635283 -6.388153 -3.303851 -2.433916
-24.155421 13.092455 22.905750 60.495179 -6.405603 -3.311316 -2.423535
-24.252265 13.180141 22.984833 60.361487 -6.422240 -3.318560 -2.413374
-24.343954 13.263220 23.060349 60.234076 -6.438102 -3.325601 -2.403366
-24.430455 13.341734 23.132455 60.112843 -6.453226 -3.332463 -2.393438
-24.511793 13.415709 23.201216 59.997751 -6.467654 -3.339202 -2.383502
-24.588234 13.485061 23.266109 59.889079 -6.481249 -3.345586 -2.374034
-24.659830 13.549825 23.327176 59.786802 -6.494050 -3.351673 -2.364949
-24.726596 13.610056 23.384540 59.690839 -6.506086 -3.357483 -2.356185
-24.788543 13.665815 23.438327 59.601097 -6.517386 -3.363035 -2.347689
-24.845704 13.717170 23.488650 59.517489 -6.527975 -3.368347 -2.339407
-24.898159 13.764191 23.535565 59.439973 -6.537882 -3.373453 -2.331277
-24.946162 13.806901 23.578773 59.368744 -6.547005 -3.378190 -2.323652
-24.989826 13.845395 23.618307 59.303765 -6.555369 -3.382593 -2.316476
-25.029246 13.879786 23.654236 59.244962 -6.562992 -3.386681 -2.309709
-25.064527 13.910206 23.686629 59.192249 -6.569893 -3.390468 -2.303316
-25.095788 13.936804 23.715539 59.145541 -6.576086 -3.393970 -2.297268
-25.123176 13.959754 23.741005 59.104764 -6.581586 -3.397203 -2.291535
-25.146876 13.979255 23.763034 59.069872 -6.586404 -3.400192 -2.286084
-25.167193 13.995526 23.781457 59.040991 -6.590458 -3.402838 -2.281177
-25.184342 14.008826 23.796245 59.018068 -6.593756 -3.405168 -2.276790
-25.198519 14.019446 23.807371 59.000992 -6.596306 -3.407204 -2.272919
-25.209875 14.027701 23.814801 58.989553 -6.598117 -3.408966 -2.269590
-25.218430 14.033919 23.818561 58.983287 -6.599196 -3.410450 -2.266910
-25.223886 14.038469 23.818956 58.981079 -6.599551 -3.411546 -2.265180
-25.225589 14.042043 23.817357 58.980474 -6.599521 -3.411976 -2.265292
-25.223463 14.045133 23.815628 58.980168 -6.599527 -3.412387 -2.265257
