0.000000 -0.000000 0.000000 0.000000 0.000000 -0.000000 0.000000
-0.067665 0.113017 -0.120648 -0.075183 0.019616 -0.145904 0.097606
-0.142120 0.321666 -0.229345 -0.134339 0.041152 -0.297044 0.187230
-0.191076 0.620711 -0.329518 -0.172689 0.063486 -0.447492 0.273987
-0.202854 1.005214 -0.424392 -0.196273 0.085834 -0.595196 0.358066
-0.177133 1.470357 -0.516343 -0.212382 0.107792 -0.739555 0.438608
-0.118509 2.011395 -0.607116 -0.227714 0.129154 -0.880697 0.514663
-0.032376 2.623592 -0.698053 -0.247828 0.149784 -1.019030 0.585541
0.077603 3.301853 -0.788231 -0.274734 0.169098 -1.151052 0.650237
0.204422 4.041595 -0.878128 -0.310672 0.187110 -1.277431 0.708917
0.332823 4.838379 -0.967335 -0.359886 0.204117 -1.399219 0.760368
0.453315 5.687761 -1.055643 -0.423162 0.220309 -1.517129 0.804839
0.559818 6.585287 -1.143009 -0.501088 0.235788 -1.631747 0.842663
0.648301 7.526479 -1.229501 -0.594405 0.250606 -1.743610 0.874086
0.716295 8.506822 -1.315276 -0.703794 0.264775 -1.853133 0.899363
0.762704 9.521543 -1.399337 -0.828711 0.278046 -1.958269 0.918331
0.784624 10.566026 -1.481587 -0.968857 0.290577 -2.060449 0.931218
0.780846 11.635121 -1.562392 -1.124360 0.302314 -2.157913 0.938231
0.751405 12.721950 -1.644188 -1.296243 0.312403 -2.233491 0.939627
0.695866 13.823129 -1.726766 -1.484078 0.321134 -2.292001 0.935613
0.613456 14.936090 -1.809858 -1.687263 0.328814 -2.337986 0.926377
0.505029 16.058684 -1.893706 -1.906093 0.335517 -2.373488 0.912115
0.371588 17.189378 -1.977589 -2.139822 0.341134 -2.398811 0.892627
0.213826 18.327072 -2.061755 -2.388344 0.345739 -2.415574 0.868085
0.033017 19.470399 -2.146510 -2.651527 0.349365 -2.424929 0.838732
-0.169790 20.618478 -2.232103 -2.928606 0.352085 -2.427732 0.804943
-0.394243 21.770627 -2.318506 -3.218729 0.354045 -2.425581 0.766990
-0.639222 22.926234 -2.405823 -3.520738 0.355351 -2.419299 0.725303
-0.903243 24.084696 -2.493367 -3.832963 0.355944 -2.408399 0.679961
-1.184465 25.245564 -2.581306 -4.154319 0.355896 -2.393464 0.631352
-1.480774 26.408437 -2.669812 -4.483891 0.355261 -2.375037 0.579791
-1.789863 27.572926 -2.759029 -4.820800 0.354091 -2.353673 0.525563
-2.109288 28.738612 -2.849028 -5.164128 0.352443 -2.330021 0.468951
-2.436581 29.904985 -2.939728 -5.512798 0.350394 -2.304954 0.410280
-2.769520 31.071332 -3.030738 -5.865301 0.348073 -2.279746 0.349999
-3.105990 32.237428 -3.121514 -6.219867 0.345421 -2.253541 0.288231
-3.444878 33.403482 -3.212812 -6.575722 0.342389 -2.225258 0.225346
-3.785206 34.569548 -3.305209 -6.931957 0.338963 -2.194144 0.161697
-4.125805 35.735566 -3.399149 -7.287557 0.335153 -2.159729 0.097638
-4.465204 36.901426 -3.495134 -7.641513 0.330962 -2.121467 0.033502
-4.801867 38.066808 -3.593059 -7.992685 0.326468 -2.079932 -0.030363
-5.134087 39.231364 -3.692794 -8.339851 0.321751 -2.035660 -0.093590
-5.460041 40.394728 -3.793728 -8.681354 0.316787 -1.988357 -0.156033
-5.777799 41.556525 -3.895758 -9.016112 0.311637 -1.938491 -0.217379
-6.085419 42.716384 -3.998768 -9.343214 0.306354 -1.886543 -0.277381
-6.381026 43.873942 -4.102621 -9.661823 0.300990 -1.832990 -0.335814
-6.662864 45.028842 -4.207154 -9.971143 0.295593 -1.778312 -0.392462
-6.929360 46.180728 -4.312166 -10.270321 0.290218 -1.722993 -0.447079
-7.179173 47.329263 -4.416928 -10.558042 0.284853 -1.666958 -0.499563
-7.411011 48.474086 -4.521198 -10.833559 0.279550 -1.610701 -0.549694
-7.623666 49.614835 -4.624709 -11.096286 0.274360 -1.554724 -0.597307
-7.816044 50.751122 -4.727148 -11.345704 0.269336 -1.499550 -0.642258
-7.987146 51.882522 -4.828151 -11.581336 0.264526 -1.445727 -0.684416
-8.136069 53.008568 -4.927468 -11.802762 0.259967 -1.393606 -0.723671
-8.262197 54.128821 -5.024415 -12.009516 0.255735 -1.344071 -0.759864
-8.365236 55.242897 -5.117929 -12.200650 0.251847 -1.297370 -0.792926
-8.444924 56.350423 -5.207603 -12.375764 0.248352 -1.254015 -0.822707
-8.500927 57.451222 -5.293251 -12.534607 0.245285 -1.214301 -0.849117
-8.532367 58.545628 -5.374861 -12.677553 0.242675 -1.178504 -0.872267
-8.539132 59.633313 -5.451970 -12.804502 0.240580 -1.147157 -0.892112
-8.521252 60.713602 -5.523560 -12.915622 0.239089 -1.121317 -0.908680
-8.478961 61.785389 -5.588080 -13.011317 0.238277 -1.102518 -0.922064
-8.413793 62.845437 -5.649403 -13.091329 0.237817 -1.086556 -0.932199
-8.327575 63.889685 -5.713744 -13.156011 0.237311 -1.068049 -0.938983
-8.221249 64.915901 -5.780972 -13.206226 0.236724 -1.047302 -0.942612
-8.095733 65.922181 -5.850822 -13.242842 0.236077 -1.024719 -0.943290
-7.952033 66.906851 -5.923048 -13.266711 0.235391 -1.000664 -0.941209
-7.791301 67.868432 -5.997430 -13.278656 0.234685 -0.975469 -0.936531
-7.615119 68.805713 -6.073069 -13.278971 0.233970 -0.949211 -0.929287
-7.424780 69.717573 -6.149785 -13.268542 0.233261 -0.922167 -0.919646
-7.221522 70.603062 -6.227420 -13.248329 0.232569 -0.894583 -0.907815
-7.006577 71.461382 -6.305835 -13.219310 0.231905 -0.866686 -0.894002
-6.781163 72.291880 -6.384912 -13.182480 0.231277 -0.838679 -0.878421
-6.546493 73.094025 -6.464556 -13.138858 0.230690 -0.810743 -0.861291
-6.303815 73.867403 -6.544694 -13.089449 0.230147 -0.783039 -0.842813
-6.054827 74.611789 -6.624527 -13.034689 0.229652 -0.755550 -0.822981
-5.800705 75.326980 -6.704022 -12.975578 0.229203 -0.728402 -0.801991
-5.542471 76.012870 -6.783164 -12.913114 0.228800 -0.701707 -0.780058
-5.281046 76.669444 -6.861953 -12.848252 0.228441 -0.675561 -0.757386
-5.017266 77.296760 -6.940407 -12.781910 0.228126 -0.650050 -0.734169
-4.751885 77.894938 -7.018560 -12.714977 0.227852 -0.625245 -0.710596
-4.485646 78.464151 -7.096472 -12.648292 0.227612 -0.601204 -0.686828
-4.219873 79.004706 -7.173424 -12.581974 0.227412 -0.577885 -0.662814
-3.955163 79.516868 -7.249502 -12.516783 0.227245 -0.555327 -0.638694
-3.691945 80.000939 -7.324794 -12.453441 0.227108 -0.533562 -0.614617
-3.430550 80.457255 -7.399400 -12.392612 0.226996 -0.512617 -0.590716
-3.171236 80.886173 -7.473430 -12.334913 0.226906 -0.492512 -0.567112
-2.914257 81.288064 -7.547012 -12.280899 0.226829 -0.473253 -0.543897
-2.660631 81.663402 -7.619467 -12.230308 0.226778 -0.454821 -0.520990
-2.410506 82.012578 -7.690935 -12.183617 0.226744 -0.437215 -0.498461
-2.163893 82.335991 -7.761558 -12.141280 0.226723 -0.420431 -0.476389
-1.920742 82.634042 -7.831477 -12.103696 0.226714 -0.404462 -0.454836
-1.680953 82.907129 -7.900842 -12.071232 0.226713 -0.389298 -0.433857
-1.444392 83.155644 -7.969806 -12.044238 0.226717 -0.374925 -0.413501
-1.210958 83.379967 -8.038539 -12.023031 0.226719 -0.361319 -0.393794
-0.981494 83.580567 -8.106373 -12.007056 0.226734 -0.348489 -0.374633
-0.755855 83.757803 -8.173483 -11.996606 0.226754 -0.336404 -0.356033
-0.533808 83.912025 -8.240038 -11.991970 0.226775 -0.325040 -0.338022
-0.315088 84.043569 -8.306207 -11.993414 0.226796 -0.314367 -0.320621
-0.099412 84.152757 -8.372163 -12.001198 0.226813 -0.304358 -0.303846
0.113507 84.239895 -8.438083 -12.015584 0.226823 -0.294978 -0.287712
0.323903 84.305274 -8.504159 -12.036826 0.226818 -0.286185 -0.272214
0.530942 84.349274 -8.569715 -12.064247 0.226816 -0.278024 -0.257260
0.734868 84.372155 -8.634948 -12.098108 0.226807 -0.270449 -0.242843
0.935995 84.374164 -8.700049 -12.138690 0.226789 -0.263417 -0.228973
1.134648 84.355529 -8.765209 -12.186271 0.226757 -0.256887 -0.215655
1.331152 84.316468 -8.830625 -12.241136 0.226707 -0.250810 -0.202896
1.525770 84.257181 -8.896508 -12.303554 0.226630 -0.245132 -0.190675
1.717611 84.177983 -8.962153 -12.372751 0.226546 -0.239966 -0.178954
1.906947 84.079050 -9.027777 -12.449012 0.226446 -0.235252 -0.167710
2.094109 83.960543 -9.093594 -12.532656 0.226324 -0.230933 -0.156945
2.279440 83.822610 -9.159819 -12.624009 0.226176 -0.226953 -0.146656
2.463280 83.665384 -9.226671 -12.723407 0.225998 -0.223253 -0.136843
2.645967 83.488992 -9.294378 -12.831197 0.225783 -0.219769 -0.127500
2.827772 83.293554 -9.363186 -12.947694 0.225523 -0.216428 -0.118589
3.007712 83.079338 -9.432329 -13.071987 0.225240 -0.213454 -0.110163
3.186073 82.846450 -9.502062 -13.204409 0.224924 -0.210768 -0.102181
3.363203 82.594980 -9.572640 -13.345357 0.224568 -0.208294 -0.094636
3.539459 82.325009 -9.644322 -13.495241 0.224166 -0.205954 -0.087518
3.715198 82.036610 -9.717377 -13.654487 0.223713 -0.203665 -0.080820
3.890776 81.729853 -9.792083 -13.823528 0.223200 -0.201342 -0.074526
4.066472 81.404810 -9.868744 -14.002734 0.222616 -0.198887 -0.068574
4.241075 81.061761 -9.946505 -14.190927 0.221986 -0.196755 -0.063067
4.414898 80.700776 -10.025686 -14.388491 0.221298 -0.194842 -0.057936
4.588328 80.321913 -10.106605 -14.595904 0.220542 -0.193044 -0.053158
4.761763 79.925223 -10.189593 -14.813670 0.219712 -0.191256 -0.048714
4.935599 79.510754 -10.274996 -15.042296 0.218799 -0.189366 -0.044576
5.110134 79.078560 -10.363182 -15.282199 0.217788 -0.187257 -0.040653
5.283903 78.628966 -10.453117 -15.531848 0.216741 -0.185569 -0.037135
5.457253 78.162028 -10.545190 -15.791672 0.215644 -0.184175 -0.033925
5.630629 77.677787 -10.639796 -16.062230 0.214487 -0.182948 -0.030987
5.804485 77.176270 -10.737345 -16.344122 0.213259 -0.181759 -0.028289
5.979285 76.657503 -10.838265 -16.637968 0.211951 -0.180476 -0.025798
6.155485 76.121510 -10.943010 -16.944386 0.210551 -0.178959 -0.023472
6.333409 75.568325 -11.052061 -17.263842 0.209044 -0.177060 -0.021172
6.511305 74.998343 -11.164211 -17.594258 0.207544 -0.175501 -0.019331
6.689576 74.411613 -11.279968 -17.936108 0.206035 -0.174123 -0.017805
6.868769 73.808166 -11.399857 -18.290060 0.204506 -0.172767 -0.016534
7.049452 73.188019 -11.524420 -18.656836 0.202943 -0.171275 -0.015470
7.232203 72.551183 -11.654230 -19.037177 0.201336 -0.169483 -0.014564
7.417592 71.897668 -11.789892 -19.431812 0.199670 -0.167219 -0.013744
7.605992 71.227501 -11.932036 -19.841215 0.197933 -0.164311 -0.012802
7.795301 70.541264 -12.078921 -20.262538 0.196162 -0.161619 -0.012397
7.986007 69.839012 -12.231216 -20.696266 0.194343 -0.158958 -0.012317
8.178796 69.120767 -12.389624 -21.143188 0.192461 -0.156134 -0.012473
8.374379 68.386532 -12.554876 -21.604160 0.190503 -0.152953 -0.012795
8.573429 67.636297 -12.727748 -22.080017 0.188452 -0.149211 -0.013185
8.776309 66.870070 -12.909015 -22.571200 0.186300 -0.144728 -0.013347
8.980296 66.088697 -13.096166 -23.073704 0.183963 -0.140641 -0.014117
9.185890 65.292223 -13.290024 -23.588000 0.181429 -0.136746 -0.015201
9.393885 64.480630 -13.491481 -24.115018 0.178680 -0.132823 -0.016495
9.605105 63.653867 -13.701453 -24.655810 0.175698 -0.128655 -0.017929
9.820360 62.811851 -13.920901 -25.211462 0.172466 -0.124023 -0.019434
10.040374 61.954475 -14.150841 -25.782974 0.168962 -0.118698 -0.020884
10.265377 61.081684 -14.392215 -26.370663 0.165188 -0.112518 -0.021840
10.491764 60.194838 -14.641015 -26.968719 0.161111 -0.106654 -0.023483
10.719953 59.293956 -14.898268 -27.577502 0.156724 -0.100908 -0.025379
10.950800 58.378946 -15.165139 -28.198119 0.152003 -0.095027 -0.027400
11.185214 57.449660 -15.442824 -28.831860 0.146924 -0.088767 -0.029476
11.424061 56.505900 -15.732566 -29.480049 0.141461 -0.081884 -0.031529
11.668038 55.547446 -16.035657 -30.143813 0.135590 -0.074130 -0.033390
11.917145 54.574236 -16.353078 -30.823191 0.129345 -0.065457 -0.034428
12.167147 53.588672 -16.678205 -31.510313 0.123150 -0.056742 -0.036292
12.418277 52.590851 -17.012181 -32.205254 0.117026 -0.047859 -0.038359
12.671360 51.580651 -17.356499 -32.909177 0.110946 -0.038526 -0.040432
12.927249 50.557884 -17.712691 -33.623394 0.104882 -0.028460 -0.042364
13.186514 49.522379 -18.082272 -34.348810 0.098817 -0.017414 -0.043838
13.448640 48.474414 -18.465931 -35.084362 0.092860 -0.005593 -0.043774
13.707336 47.418852 -18.851830 -35.816825 0.086291 0.006163 -0.044977
13.962514 46.356470 -19.240594 -36.545131 0.079241 0.017601 -0.046364
14.215017 45.288622 -19.630744 -37.269632 0.071765 0.027862 -0.047519
14.465694 44.217579 -20.017857 -37.990473 0.063844 0.035282 -0.048124
14.715229 43.143393 -20.402854 -38.708574 0.055543 0.039793 -0.047828
14.964276 42.065774 -20.786724 -39.423718 0.046844 0.041511 -0.046153
15.211783 40.984758 -21.170216 -40.134200 0.037813 0.040329 -0.041817
15.451902 39.903724 -21.546715 -40.826940 0.027588 0.037374 -0.039982
15.684083 38.822764 -21.917566 -41.500648 0.016209 0.032713 -0.039536
15.908817 37.741735 -22.284008 -42.155992 0.003643 0.026456 -0.040131
16.126817 36.660458 -22.647093 -42.794162 -0.010145 0.018645 -0.041621
16.338752 35.578735 -23.007781 -43.416396 -0.025189 0.009282 -0.043896
16.545082 34.496387 -23.367019 -44.023652 -0.041521 -0.001640 -0.046767
16.745718 33.413442 -23.725588 -44.615913 -0.059094 -0.014311 -0.049677
16.939216 32.332386 -24.078328 -45.188535 -0.077497 -0.026231 -0.053485
17.125555 31.253298 -24.426400 -45.741548 -0.096699 -0.037477 -0.057668
17.305156 30.176061 -24.771135 -46.275884 -0.116751 -0.047952 -0.062078
17.478532 29.100553 -25.113874 -46.792706 -0.137713 -0.057552 -0.066663
17.646141 28.026691 -25.456011 -47.293149 -0.159638 -0.066169 -0.071366
17.808247 26.954615 -25.798780 -47.777969 -0.182501 -0.073887 -0.075961
17.964843 25.886553 -26.138576 -48.245601 -0.205536 -0.079405 -0.080767
18.116205 24.826468 -26.468857 -48.694145 -0.228821 -0.084532 -0.085295
18.262832 23.776548 -26.787028 -49.123138 -0.252347 -0.090253 -0.089215
18.405179 22.737228 -27.094011 -49.533360 -0.276111 -0.096671 -0.092392
18.543532 21.708555 -27.391226 -49.925748 -0.300167 -0.103653 -0.094752
18.678203 20.690531 -27.680013 -50.301037 -0.324558 -0.111099 -0.096209
18.809439 19.683648 -27.960703 -50.659346 -0.349242 -0.119324 -0.096488
18.937636 18.690829 -28.227921 -50.998717 -0.373848 -0.127913 -0.095798
19.062888 17.712588 -28.481884 -51.319436 -0.398338 -0.137191 -0.093887
19.185381 16.748857 -28.723730 -51.622467 -0.422766 -0.147083 -0.090742
19.305344 15.799405 -28.954740 -51.908969 -0.447201 -0.157442 -0.086427
19.422988 14.863988 -29.176149 -52.180081 -0.471713 -0.168129 -0.081010
19.538455 13.942463 -29.388986 -52.436752 -0.496359 -0.179081 -0.074511
19.651842 13.035122 -29.593497 -52.679441 -0.521129 -0.190546 -0.066797
19.763623 12.143995 -29.785834 -52.907238 -0.545899 -0.202062 -0.058041
19.873883 11.269380 -29.966197 -53.120536 -0.570661 -0.213873 -0.048100
19.982702 10.411154 -30.135457 -53.320132 -0.595470 -0.225929 -0.036977
20.090169 9.569091 -30.294572 -53.506919 -0.620394 -0.238134 -0.024716
20.196359 8.743016 -30.444362 -53.681715 -0.645492 -0.250434 -0.011344
20.301360 7.933045 -30.585078 -53.845063 -0.670779 -0.263000 0.003191
20.405638 7.140504 -30.713988 -53.996675 -0.695931 -0.275440 0.018571
20.509280 6.365503 -30.831271 -54.137042 -0.720962 -0.287927 0.034856
20.612339 5.607849 -30.937587 -54.266884 -0.745933 -0.300418 0.052023
20.714873 4.867265 -31.033667 -54.386984 -0.770912 -0.312833 0.070019
20.816936 4.143468 -31.120206 -54.498111 -0.795971 -0.325089 0.088792
20.918562 3.436225 -31.197799 -54.600945 -0.821173 -0.337135 0.108307
21.019791 2.745493 -31.266695 -54.695978 -0.846557 -0.349046 0.128588
21.120882 2.071942 -31.325467 -54.783109 -0.871571 -0.360707 0.149110
21.221870 1.415534 -31.374291 -54.862780 -0.896252 -0.372200 0.169903
21.322776 0.776054 -31.413612 -54.935566 -0.920662 -0.383483 0.190945
21.423626 0.153237 -31.443897 -55.002079 -0.944869 -0.394495 0.212199
21.524446 -0.453180 -31.465585 -55.062909 -0.968940 -0.405171 0.233625
21.625243 -1.043423 -31.479054 -55.118577 -0.992939 -0.415462 0.255203
21.726007 -1.617602 -31.484513 -55.169450 -1.016918 -0.425376 0.276955
21.826761 -2.175465 -31.481507 -55.215469 -1.040386 -0.435057 0.298600
21.927495 -2.717107 -31.470185 -55.256960 -1.063392 -0.444514 0.320166
22.028212 -3.242727 -31.450793 -55.294353 -1.085998 -0.453709 0.341642
22.128926 -3.752542 -31.423576 -55.328092 -1.108264 -0.462589 0.363009
22.229643 -4.246760 -31.388753 -55.358584 -1.130253 -0.471105 0.384252
22.330323 -4.725545 -31.346522 -55.386118 -1.152023 -0.479203 0.405392
22.430789 -5.188990 -31.297282 -55.410654 -1.173183 -0.487175 0.426271
22.531008 -5.637254 -31.241176 -55.432453 -1.193792 -0.494970 0.446910
22.630999 -6.070534 -31.178310 -55.451861 -1.213904 -0.502545 0.467302
22.730801 -6.489041 -31.108757 -55.469244 -1.233577 -0.509860 0.487428
22.830454 -6.892986 -31.032569 -55.484954 -1.252863 -0.516875 0.507271
22.929987 -7.282572 -30.949797 -55.499300 -1.271818 -0.523540 0.526822
23.029357 -7.658003 -30.860583 -55.512495 -1.290502 -0.529760 0.546099
23.128230 -8.019646 -30.765965 -55.524478 -1.308610 -0.535903 0.565012
23.226570 -8.367695 -30.666042 -55.535439 -1.326201 -0.541875 0.583580
23.324413 -8.702337 -30.560769 -55.545632 -1.343324 -0.547634 0.601801
23.421820 -9.023756 -30.450053 -55.555331 -1.360027 -0.553148 0.619667
23.518852 -9.332139 -30.333783 -55.564797 -1.376355 -0.558388 0.637169
23.615559 -9.627671 -30.211866 -55.574262 -1.392356 -0.563309 0.654306
23.711903 -9.910574 -30.084386 -55.583881 -1.408091 -0.567782 0.671095
23.807429 -10.181406 -29.952836 -55.593569 -1.423314 -0.572214 0.687474
23.902106 -10.440380 -29.817265 -55.603463 -1.438085 -0.576480 0.703461
23.995987 -10.687661 -29.677504 -55.613756 -1.452446 -0.580538 0.719060
24.089148 -10.923408 -29.533335 -55.624648 -1.466437 -0.584360 0.734271
24.181650 -11.147787 -29.384567 -55.636326 -1.480101 -0.587902 0.749098
24.273465 -11.361033 -29.231243 -55.648920 -1.493496 -0.591016 0.763554
24.364057 -11.563833 -29.075159 -55.662334 -1.506426 -0.594134 0.777592
24.453403 -11.756416 -28.916327 -55.676687 -1.518949 -0.597109 0.791225
24.541572 -11.938936 -28.754490 -55.692145 -1.531102 -0.599902 0.804461
24.628655 -12.111531 -28.589332 -55.708881 -1.542918 -0.602496 0.817302
24.714744 -12.274340 -28.420525 -55.727067 -1.554430 -0.604871 0.829749
24.799914 -12.427511 -28.247779 -55.746863 -1.565673 -0.606989 0.841808
24.884141 -12.571275 -28.071079 -55.768386 -1.576701 -0.608688 0.853492
24.966827 -12.706393 -27.892373 -55.791528 -1.587352 -0.610410 0.864774
25.047948 -12.833087 -27.711618 -55.816398 -1.597678 -0.611995 0.875667
25.127581 -12.951488 -27.528478 -55.843150 -1.607713 -0.613406 0.886177
25.205821 -13.061707 -27.342553 -55.871941 -1.617482 -0.614629 0.896311
25.282766 -13.163846 -27.153431 -55.902935 -1.627013 -0.615650 0.906072
25.358493 -13.258027 -26.960750 -55.936292 -1.636336 -0.616430 0.915465
25.432971 -13.344462 -26.764441 -55.972136 -1.645503 -0.616804 0.924501
25.505540 -13.423930 -26.566495 -56.010349 -1.654373 -0.617209 0.933179
25.576173 -13.496637 -26.366822 -56.051058 -1.662996 -0.617480 0.941510
25.644949 -13.562683 -26.165022 -56.094429 -1.671400 -0.617579 0.949499
25.711964 -13.622147 -25.960644 -56.140637 -1.679610 -0.617488 0.957151
25.777298 -13.675121 -25.753275 -56.189859 -1.687652 -0.617166 0.964468
25.840916 -13.721798 -25.542808 -56.242238 -1.695576 -0.616443 0.971460
25.902117 -13.762946 -25.331208 -56.297641 -1.703259 -0.615758 0.978140
25.960868 -13.798748 -25.118348 -56.356213 -1.710750 -0.614942 0.984517
26.017247 -13.829276 -24.903783 -56.418141 -1.718075 -0.613957 0.990597
26.071350 -13.854574 -24.687006 -56.483614 -1.725251 -0.612790 0.996389
26.123270 -13.874677 -24.467501 -56.552826 -1.732300 -0.611426 1.001898
26.173086 -13.889638 -24.244812 -56.625972 -1.739243 -0.609824 1.007133
26.220759 -13.899611 -24.018781 -56.703216 -1.746128 -0.607815 1.012109
26.265602 -13.905313 -23.791248 -56.784414 -1.752849 -0.605843 1.016807
26.307582 -13.906891 -23.562036 -56.869734 -1.759451 -0.603742 1.021244
26.346777 -13.904380 -23.330658 -56.959391 -1.765956 -0.601468 1.025431
26.383284 -13.897780 -23.096562 -57.053606 -1.772381 -0.599006 1.029378
26.417201 -13.887086 -22.859191 -57.152603 -1.778743 -0.596338 1.033100
26.448605 -13.872309 -22.618043 -57.256609 -1.785064 -0.593418 1.036609
26.477467 -13.853562 -22.372917 -57.365811 -1.791387 -0.590075 1.039931
26.503138 -13.831501 -22.125504 -57.480063 -1.797620 -0.586762 1.042992
26.525595 -13.806235 -21.875579 -57.599563 -1.803807 -0.583309 1.045818
26.544928 -13.777755 -21.622616 -57.724561 -1.809968 -0.579667 1.048427
26.561240 -13.746028 -21.366030 -57.855319 -1.816119 -0.575806 1.050841
26.574619 -13.711030 -21.105288 -57.992097 -1.822283 -0.571674 1.053080
26.585042 -13.672840 -20.840152 -58.135105 -1.828500 -0.567093 1.055180
26.591903 -13.632076 -20.572204 -58.284202 -1.834693 -0.562516 1.057003
26.595189 -13.588811 -20.301179 -58.439616 -1.840903 -0.557766 1.058585
26.594996 -13.543000 -20.026505 -58.601637 -1.847151 -0.552791 1.059955
26.591439 -13.494569 -19.747536 -58.770577 -1.853453 -0.547562 1.061139
26.584635 -13.443428 -19.463621 -58.946758 -1.859825 -0.542048 1.062166
26.574678 -13.389507 -19.174171 -59.130492 -1.866287 -0.536189 1.063069
26.561561 -13.332838 -18.878892 -59.322040 -1.872882 -0.529801 1.063896
26.544768 -13.273990 -18.579247 -59.521350 -1.879552 -0.523461 1.064525
26.524308 -13.212986 -18.274909 -59.728703 -1.886339 -0.516988 1.065008
26.500299 -13.149732 -17.965243 -59.944458 -1.893264 -0.510317 1.065385
26.472882 -13.084095 -17.649538 -60.169002 -1.900345 -0.503410 1.065693
26.442202 -13.015932 -17.327077 -60.402732 -1.907599 -0.496225 1.065976
26.408380 -12.945113 -16.997213 -60.646032 -1.915052 -0.488686 1.066281
26.371423 -12.871620 -16.659619 -60.899212 -1.922747 -0.480583 1.066682
26.330830 -12.795996 -16.315745 -61.162206 -1.930640 -0.472541 1.066992
26.286634 -12.718210 -15.965221 -61.435345 -1.938775 -0.464351 1.067291
26.238987 -12.638100 -15.607348 -61.719059 -1.947178 -0.455932 1.067641
26.188065 -12.555463 -15.241362 -62.013800 -1.955873 -0.447217 1.068107
26.134011 -12.470113 -14.866579 -62.320002 -1.964887 -0.438105 1.068764
26.076823 -12.382000 -14.482702 -62.637987 -1.974273 -0.428333 1.069720
26.015920 -12.291741 -14.091471 -62.967564 -1.983982 -0.418641 1.070624
25.951333 -12.199271 -13.692527 -63.309089 -1.994067 -0.408775 1.071591
25.883253 -12.104362 -13.285107 -63.663061 -2.004559 -0.398629 1.072710
25.811910 -12.006727 -12.868345 -64.030035 -2.015485 -0.388133 1.074064
25.737528 -11.906065 -12.441380 -64.410563 -2.026876 -0.377202 1.075746
25.660262 -11.802103 -12.003499 -64.805129 -2.038768 -0.365688 1.077876
25.580038 -11.694771 -11.554552 -65.214009 -2.051232 -0.353224 1.080629
25.496026 -11.584906 -11.097008 -65.636656 -2.064199 -0.340804 1.083330
25.408202 -11.472422 -10.630625 -66.073373 -2.077739 -0.328074 1.086167
25.316771 -11.356997 -10.154600 -66.524688 -2.091895 -0.314881 1.089288
25.221991 -11.238228 -9.667990 -66.991199 -2.106703 -0.301117 1.092830
25.124090 -11.115692 -9.169887 -67.473467 -2.122206 -0.286652 1.096951
25.023146 -10.989033 -8.659655 -67.971876 -2.138459 -0.271246 1.101863
24.918838 -10.858233 -8.137554 -68.486376 -2.155558 -0.254324 1.107890
24.809702 -10.724635 -7.607576 -69.015416 -2.173385 -0.237458 1.113760
24.695456 -10.588213 -7.069853 -69.558895 -2.192039 -0.220097 1.119834
24.576153 -10.448575 -6.523703 -70.117058 -2.211582 -0.201976 1.126402
24.451859 -10.305253 -5.968345 -70.690147 -2.232072 -0.182863 1.133767
24.322393 -10.157902 -5.403422 -71.278089 -2.253588 -0.162364 1.142319
24.186919 -10.006749 -4.829966 -71.880015 -2.276264 -0.139594 1.152638
24.042936 -9.854077 -4.254327 -72.492462 -2.299923 -0.117049 1.162272
23.889732 -9.700148 -3.677297 -73.114554 -2.324704 -0.093905 1.171826
23.727221 -9.544669 -3.098350 -73.746175 -2.350688 -0.069797 1.181733
23.555508 -9.387181 -2.516607 -74.387469 -2.377948 -0.044484 1.192369
23.374641 -9.227244 -1.931292 -75.038508 -2.406564 -0.017687 1.204133
23.184355 -9.064642 -1.342206 -75.698931 -2.436636 0.011075 1.217532
22.983674 -8.899873 -0.750676 -76.367414 -2.468322 0.042806 1.233295
22.770028 -8.735694 -0.163586 -77.039602 -2.500833 0.073621 1.248234
22.542612 -8.572650 0.417995 -77.714154 -2.534328 0.104449 1.263096
22.301318 -8.410618 0.994410 -78.390637 -2.568919 0.135735 1.278425
22.046301 -8.249261 1.566438 -79.068998 -2.604700 0.167771 1.294678
21.777743 -8.088235 2.134826 -79.749220 -2.641773 0.200854 1.312302
21.495648 -7.927390 2.699904 -80.431008 -2.680252 0.235417 1.331808
21.199584 -7.767119 3.260959 -81.113390 -2.720288 0.272236 1.353856
20.888166 -7.609413 3.813464 -81.793063 -2.760407 0.307587 1.375523
20.561087 -7.454679 4.356831 -82.469009 -2.800762 0.342202 1.397485
20.218475 -7.302814 4.891381 -83.140818 -2.841476 0.376502 1.420286
19.860601 -7.153557 5.417678 -83.808286 -2.882665 0.410822 1.444424
19.487703 -7.006708 5.936129 -84.471121 -2.924447 0.445534 1.470411
19.099808 -6.862379 6.446577 -85.128637 -2.966959 0.481190 1.498842
18.696453 -6.721623 6.946555 -85.778330 -3.008619 0.514823 1.526598
18.277769 -6.584519 7.435981 -86.419555 -3.049559 0.546942 1.554259
17.844130 -6.450801 7.915305 -87.052103 -3.089898 0.577872 1.582310
17.396000 -6.320066 8.385154 -87.675951 -3.129743 0.607868 1.611194
16.933851 -6.191894 8.846126 -88.291090 -3.169203 0.637185 1.641342
16.458112 -6.065963 9.298626 -88.897385 -3.208389 0.666130 1.673212
15.969110 -5.942211 9.742632 -89.494406 -3.247420 0.695139 1.707313
15.467017 -5.821257 10.176623 -90.080184 -3.284818 0.722296 1.740096
14.952217 -5.703024 10.600593 -90.654282 -3.320698 0.748012 1.772060
14.425196 -5.587168 11.014904 -91.216541 -3.355162 0.772572 1.803647
13.886488 -5.473236 11.420046 -91.766931 -3.388304 0.796206 1.835262
13.336653 -5.360768 11.816509 -92.305461 -3.420217 0.819140 1.867296
12.776290 -5.249390 12.204670 -92.832114 -3.450990 0.841626 1.900134
12.206071 -5.138938 12.584655 -93.346788 -3.480718 0.863993 1.934163
11.626911 -5.029780 12.955528 -93.848491 -3.508624 0.884518 1.966437
11.039540 -4.921781 13.317405 -94.337127 -3.534796 0.903514 1.997328
10.444634 -4.814637 13.670595 -94.812678 -3.559311 0.921226 2.027184
9.842876 -4.708014 14.015450 -95.275184 -3.582242 0.937875 2.056337
9.235019 -4.601669 14.352252 -95.724736 -3.603659 0.953699 2.085089
8.622000 -4.495595 14.681076 -96.161509 -3.623638 0.969001 2.113707
8.005299 -4.390367 15.001040 -96.585457 -3.641756 0.982305 2.140360
7.385847 -4.285989 15.312230 -96.996765 -3.658078 0.993891 2.165293
6.764358 -4.182240 15.614917 -97.395547 -3.672658 1.003966 2.188767
6.141448 -4.078814 15.909430 -97.781897 -3.685543 1.012707 2.211039
5.517718 -3.975431 16.196069 -98.155926 -3.696776 1.020289 2.232352
4.893844 -3.871935 16.475030 -98.517795 -3.706399 1.026919 2.252922
4.270706 -3.768445 16.746298 -98.867779 -3.714457 1.032867 2.272920
3.649677 -3.665639 17.009170 -99.206197 -3.721388 1.037430 2.291523
3.031611 -3.563652 17.263625 -99.533325 -3.727230 1.040864 2.308888
2.417118 -3.462365 17.509820 -99.849324 -3.732012 1.043352 2.325193
1.806686 -3.361548 17.747985 -100.154317 -3.735754 1.045045 2.340624
1.200784 -3.260969 17.978340 -100.448433 -3.738478 1.046086 2.355357
0.599954 -3.160495 18.201035 -100.731871 -3.740203 1.046637 2.369537
0.004954 -3.060220 18.416066 -101.004976 -3.740951 1.046909 2.383260
-0.582975 -2.960701 18.622917 -101.268295 -3.741172 1.046388 2.396084
-1.163091 -2.862058 18.821569 -101.522192 -3.740885 1.045275 2.408087
-1.734888 -2.764204 19.012127 -101.766909 -3.740101 1.043719 2.419376
-2.297954 -2.666978 19.194735 -102.002654 -3.738828 1.041843 2.430064
-2.851858 -2.570248 19.369517 -102.229677 -3.737074 1.039772 2.440243
-3.396010 -2.474016 19.536510 -102.448367 -3.734849 1.037659 2.449962
-3.929406 -2.378598 19.695424 -102.659370 -3.732472 1.035179 2.458981
-4.451529 -2.283981 19.846287 -102.863068 -3.729950 1.032472 2.467342
-4.962107 -2.189987 19.989208 -103.059696 -3.727285 1.029635 2.475120
-5.460996 -2.096358 20.124319 -103.249421 -3.724477 1.026749 2.482405
-5.948093 -2.002822 20.251746 -103.432399 -3.721525 1.023889 2.489283
-6.423257 -1.909151 20.371582 -103.608831 -3.718429 1.021135 2.495825
-6.886220 -1.815225 20.483851 -103.779022 -3.715190 1.018589 2.502065
-7.336402 -1.721145 20.588343 -103.943444 -3.711940 1.015986 2.507747
-7.773569 -1.626798 20.685058 -104.102407 -3.708679 1.013420 2.512899
-8.197657 -1.531957 20.774038 -104.256115 -3.705406 1.010963 2.517572
-8.608693 -1.436344 20.855338 -104.404722 -3.702117 1.008673 2.521828
-9.006725 -1.339676 20.929003 -104.548375 -3.698807 1.006606 2.525726
-9.391774 -1.241702 20.995048 -104.687248 -3.695474 1.004821 2.529314
-9.763760 -1.142257 21.053435 -104.821585 -3.692114 1.003391 2.532618
-10.122378 -1.041352 21.103876 -104.951757 -3.688692 1.001854 2.535536
-10.467553 -0.938833 21.146309 -105.078016 -3.685205 1.000278 2.538086
-10.799321 -0.834477 21.180697 -105.200551 -3.681650 0.998719 2.540300
-11.117759 -0.728037 21.207004 -105.319524 -3.678019 0.997221 2.542214
-11.422940 -0.619281 21.225178 -105.435101 -3.674310 0.995828 2.543858
-11.714878 -0.508036 21.235124 -105.547491 -3.670515 0.994597 2.545251
-11.993429 -0.394263 21.236542 -105.656977 -3.666565 0.993140 2.546298
-12.258625 -0.277788 21.229320 -105.763762 -3.662451 0.991504 2.547014
-12.510577 -0.158374 21.213375 -105.867999 -3.658169 0.989718 2.547424
-12.749440 -0.035760 21.188634 -105.969820 -3.653708 0.987799 2.547559
-12.975375 0.090323 21.155018 -106.069345 -3.649059 0.985758 2.547449
-13.188533 0.220124 21.112440 -106.166702 -3.644213 0.983604 2.547122
-13.389022 0.353854 21.060790 -106.262038 -3.639160 0.981347 2.546595
-13.576844 0.491643 20.999842 -106.355518 -3.633865 0.978750 2.545698
-13.752102 0.633688 20.929472 -106.447289 -3.628317 0.975817 2.544446
-13.914942 0.780215 20.849563 -106.537472 -3.622504 0.972536 2.542862
-14.065526 0.931455 20.759999 -106.626174 -3.616412 0.968890 2.540969
-14.204019 1.087628 20.660658 -106.713494 -3.610028 0.964857 2.538791
-14.330578 1.248928 20.551406 -106.799523 -3.603336 0.960411 2.536353
-14.445339 1.415502 20.432090 -106.884342 -3.596323 0.955526 2.533677
-14.548412 1.587441 20.302617 -106.968021 -3.589245 0.950523 2.530729
-14.639926 1.764865 20.162831 -107.050633 -3.582087 0.945364 2.527530
-14.720021 1.947909 20.012590 -107.132247 -3.574833 0.939999 2.524106
-14.788845 2.136711 19.851761 -107.212921 -3.567465 0.934369 2.520484
-14.846548 2.331382 19.680215 -107.292695 -3.559965 0.928407 2.516694
-14.893288 2.531997 19.497821 -107.371575 -3.552316 0.922041 2.512771
-14.929246 2.738615 19.304666 -107.449449 -3.544378 0.915999 2.508428
-14.954573 2.951287 19.100624 -107.526319 -3.536132 0.910194 2.503701
-14.969408 3.170081 18.885574 -107.602211 -3.527557 0.904531 2.498618
-14.973890 3.395066 18.659400 -107.677154 -3.518633 0.898908 2.493208
-14.968157 3.626298 18.421993 -107.751171 -3.509336 0.893211 2.487498
-14.952360 3.863805 18.173265 -107.824252 -3.499643 0.887318 2.481524
-14.926674 4.107572 17.913148 -107.896338 -3.489531 0.881094 2.475330
-14.891320 4.357590 17.641850 -107.967191 -3.479339 0.875234 2.468494
-14.846470 4.613808 17.359319 -108.036747 -3.469044 0.869586 2.461060
-14.792269 4.876180 17.065494 -108.104986 -3.458617 0.863995 2.453060
-14.728853 5.144646 16.760314 -108.171903 -3.448032 0.858299 2.444519
-14.656364 5.419128 16.443734 -108.237484 -3.437262 0.852323 2.435464
-14.574967 5.699508 16.115744 -108.301684 -3.426279 0.845878 2.425927
-14.484860 5.985626 15.776383 -108.364399 -3.415054 0.838758 2.415951
-14.386287 6.277346 15.426125 -108.425293 -3.403405 0.832031 2.404802
-14.279456 6.574460 15.065042 -108.484256 -3.391300 0.825468 2.392520
-14.164556 6.876752 14.693186 -108.541222 -3.378709 0.818838 2.379133
-14.041774 7.184001 14.310612 -108.596130 -3.365597 0.811902 2.364663
-13.911323 7.495960 13.917407 -108.648898 -3.351928 0.804405 2.349133
-13.773463 7.812362 13.513723 -108.699387 -3.337667 0.796069 2.332579
-13.628532 8.133033 13.100418 -108.747399 -3.322127 0.788812 2.314972
-13.476791 8.457673 12.677656 -108.792812 -3.305268 0.782342 2.296338
-13.318458 8.785979 12.245543 -108.835575 -3.287044 0.776377 2.276678
-13.153736 9.117637 11.804164 -108.875664 -3.267406 0.770636 2.255982
-12.982834 9.452317 11.353622 -108.913063 -3.246302 0.764828 2.234236
-12.805991 9.789666 10.894076 -108.947729 -3.223676 0.758642 2.211428
-12.623473 10.129312 10.425786 -108.979593 -3.199467 0.751735 2.187549
-12.435488 10.471050 9.949952 -109.008729 -3.174081 0.746782 2.162762
-12.242305 10.814463 9.466864 -109.035085 -3.147451 0.743429 2.137048
-12.044178 11.159114 8.976738 -109.058649 -3.119504 0.741335 2.110374
-11.841352 11.504550 8.479770 -109.079430 -3.090168 0.740167 2.082696
-11.634082 11.850298 7.976183 -109.097441 -3.059362 0.739581 2.053966
-11.422661 12.195871 7.466294 -109.112670 -3.027005 0.739206 2.024138
-11.207451 12.540780 6.950599 -109.125051 -2.993005 0.738617 1.993181
-10.988996 12.884691 6.430485 -109.134475 -2.957682 0.739354 1.961408
-10.767668 13.227073 5.906494 -109.140911 -2.920939 0.740975 1.928772
-10.543792 13.567364 5.379036 -109.144411 -2.882674 0.743076 1.895200
-10.317675 13.904987 4.848485 -109.145062 -2.842785 0.745265 1.860603
-10.089640 14.239369 4.315257 -109.142975 -2.801164 0.747133 1.824885
-9.860048 14.569958 3.779911 -109.138268 -2.757697 0.748228 1.787949
-9.629385 14.896412 3.243991 -109.131343 -2.713489 0.750475 1.751047
-9.398006 15.218188 2.708029 -109.122359 -2.668421 0.753428 1.714067
-9.166230 15.534738 2.172384 -109.111494 -2.622371 0.756688 1.676885
-8.934369 15.845528 1.637340 -109.098929 -2.575216 0.759878 1.639373
-8.702747 16.150056 1.103188 -109.084835 -2.526828 0.762618 1.601402
-8.471708 16.447874 0.570322 -109.069365 -2.477075 0.764494 1.562848
-8.241656 16.738635 0.039358 -109.052628 -2.425816 0.765025 1.523605
-8.013210 17.022393 -0.487604 -109.035010 -2.374030 0.767140 1.485436
-7.786758 17.298818 -1.009946 -109.016646 -2.321571 0.770356 1.448228
-7.562632 17.567507 -1.527283 -108.997716 -2.268296 0.774267 1.411851
-7.341153 17.828045 -2.039324 -108.978413 -2.214060 0.778494 1.376171
-7.122640 18.080045 -2.545768 -108.958924 -2.158714 0.782664 1.341056
-6.907419 18.323200 -3.046194 -108.939423 -2.102104 0.786365 1.306384
-6.695835 18.557355 -3.539915 -108.920045 -2.044069 0.789104 1.272046
-6.488263 18.782842 -4.024874 -108.901089 -1.985647 0.793262 1.238983
-6.285022 18.999527 -4.500374 -108.882703 -1.926671 0.798350 1.207091
-6.086411 19.207153 -4.965972 -108.865062 -1.866978 0.803968 1.176254
-5.892726 19.405430 -5.421323 -108.848336 -1.806403 0.809751 1.146357
-5.704269 19.594113 -5.866052 -108.832668 -1.744779 0.815332 1.117295
-5.521358 19.773080 -6.299612 -108.818137 -1.681934 0.820296 1.088986
-5.344342 19.942609 -6.720439 -108.804788 -1.619647 0.826235 1.061811
-5.173502 20.102598 -7.128041 -108.792698 -1.557745 0.832763 1.035693
-5.009084 20.252845 -7.522163 -108.781988 -1.496061 0.839573 1.010543
-4.851312 20.393120 -7.902670 -108.772785 -1.434428 0.846404 0.986268
-4.700403 20.523211 -8.269449 -108.765201 -1.372681 0.853009 0.962784
-4.556568 20.642977 -8.622329 -108.759301 -1.310653 0.859127 0.940020
-4.420032 20.752415 -8.960962 -108.755064 -1.248173 0.864450 0.917932
-4.291041 20.851896 -9.284140 -108.752320 -1.186632 0.870222 0.896608
-4.169779 20.941443 -9.591534 -108.751037 -1.125860 0.876153 0.876010
-4.056396 21.020969 -9.883010 -108.751246 -1.065695 0.882025 0.856088
-3.951014 21.090349 -10.158530 -108.753001 -1.005975 0.887658 0.836783
-3.853742 21.149467 -10.418074 -108.756348 -0.946544 0.892885 0.818043
-3.764676 21.198263 -10.661574 -108.761298 -0.887243 0.897532 0.799824
-3.683910 21.236790 -10.888820 -108.767796 -0.827910 0.901387 0.782105
-3.611536 21.265399 -11.098992 -108.775621 -0.769599 0.905225 0.764841
-3.547611 21.284168 -11.291879 -108.784701 -0.712153 0.908850 0.748017
-3.492169 21.293091 -11.467412 -108.795013 -0.655419 0.912119 0.731608
-3.445223 21.292141 -11.625574 -108.806552 -0.599247 0.914917 0.715584
-3.406767 21.281327 -11.766335 -108.819296 -0.543489 0.917130 0.699921
-3.376771 21.260750 -11.889578 -108.833183 -0.487995 0.918624 0.684609
-3.355174 21.230736 -11.994823 -108.848071 -0.433722 0.919724 0.669715
-3.341919 21.191403 -12.081970 -108.863886 -0.380524 0.920317 0.655236
-3.336944 21.142787 -12.151034 -108.880585 -0.328264 0.920340 0.641157
-3.340179 21.084901 -12.202084 -108.898136 -0.276807 0.919754 0.627464
-3.351540 21.017767 -12.235205 -108.916500 -0.226021 0.918536 0.614145
-3.370927 20.941455 -12.250470 -108.935617 -0.175775 0.916663 0.601195
-3.398212 20.856128 -12.247893 -108.955397 -0.125941 0.914100 0.588619
-3.433204 20.762116 -12.227393 -108.975715 -0.077475 0.910665 0.576497
-3.475759 20.659609 -12.188990 -108.996462 -0.030254 0.906341 0.564841
-3.525749 20.548727 -12.132770 -109.017541 0.015842 0.901143 0.553662
-3.583049 20.429570 -12.058852 -109.038856 0.060929 0.895107 0.542968
-3.647529 20.302248 -11.967374 -109.060301 0.105119 0.888281 0.532774
-3.719054 20.166912 -11.858482 -109.081744 0.148520 0.880724 0.523102
-3.797460 20.023789 -11.732328 -109.103022 0.191241 0.872499 0.513981
-3.882466 19.873221 -11.589139 -109.123948 0.232293 0.863438 0.505295
-3.973910 19.715465 -11.429081 -109.144340 0.271775 0.853626 0.497081
-4.071649 19.550725 -11.252335 -109.164028 0.309783 0.843163 0.489375
-4.175554 19.379189 -11.059111 -109.182840 0.346407 0.832169 0.482213
-4.285501 19.201040 -10.849659 -109.200589 0.381733 0.820782 0.475637
-4.401371 19.016469 -10.624306 -109.217058 0.415839 0.809174 0.469693
-4.523005 18.825613 -10.383827 -109.231973 0.448253 0.796514 0.464168
-4.650286 18.628675 -10.128548 -109.245119 0.479045 0.782988 0.459110
-4.783096 18.425863 -9.858724 -109.256311 0.508284 0.768770 0.454562
-4.921313 18.217393 -9.574587 -109.265379 0.536035 0.754035 0.450563
-5.064815 18.003486 -9.276382 -109.272159 0.562358 0.738968 0.447152
-5.213478 17.784366 -8.964418 -109.276494 0.587306 0.723783 0.444365
-5.367165 17.560243 -8.639137 -109.278240 0.610928 0.708738 0.442234
-5.525638 17.331210 -8.301591 -109.277135 0.633434 0.693073 0.439821
-5.688761 17.097502 -7.952220 -109.273041 0.654865 0.677062 0.437152
-5.856417 16.859399 -7.591338 -109.265802 0.675262 0.660946 0.434262
-6.028490 16.617204 -7.219206 -109.255254 0.694663 0.644958 0.431181
-6.204874 16.371231 -6.836096 -109.241229 0.713106 0.629341 0.427942
-6.385460 16.121793 -6.442359 -109.223557 0.730620 0.614369 0.424574
-6.570137 15.869172 -6.038510 -109.202080 0.747231 0.600374 0.421099
-6.758749 15.613398 -5.626225 -109.176625 0.762080 0.584803 0.417030
-6.951173 15.354768 -5.206032 -109.147061 0.775184 0.567998 0.412376
-7.147292 15.093630 -4.778315 -109.113267 0.786559 0.550264 0.407144
-7.346978 14.830345 -4.343408 -109.075144 0.796217 0.531893 0.401328
-7.550083 14.565250 -3.901686 -109.032649 0.804164 0.513193 0.394908
-7.756417 14.298620 -3.453662 -108.985828 0.810395 0.494520 0.387834
-7.965677 14.030490 -3.000682 -108.935079 0.813653 0.474362 0.380576
-8.177672 13.761133 -2.543232 -108.880461 0.813921 0.453070 0.373074
-8.392266 13.490890 -2.081633 -108.821946 0.811182 0.430947 0.365290
-8.609352 13.220126 -1.616151 -108.759459 0.805413 0.408276 0.357194
-8.828836 12.949191 -1.147079 -108.692910 0.796581 0.385354 0.348755
-9.050614 12.678385 -0.674835 -108.622233 0.784642 0.362516 0.339935
-9.274551 12.407875 -0.200089 -108.547433 0.769536 0.340180 0.330672
-9.500412 12.137432 0.275412 -108.468745 0.752003 0.316792 0.321009
-9.728050 11.867224 0.751001 -108.386189 0.731969 0.292770 0.310873
-9.957355 11.597547 1.226259 -108.299714 0.709361 0.268453 0.300207
-10.188235 11.328749 1.700874 -108.209245 0.684105 0.244145 0.288957
-10.420591 11.061172 2.174542 -108.114723 0.656115 0.220149 0.277059
-10.654292 10.795101 2.646865 -108.016151 0.625297 0.196799 0.264431
-10.889139 10.530676 3.117227 -107.913656 0.591547 0.174499 0.250957
-11.124847 10.267597 3.583991 -107.807783 0.557067 0.151657 0.237316
-11.361180 10.005994 4.046549 -107.698704 0.521745 0.128673 0.223372
-11.597946 9.746129 4.504505 -107.586505 0.485466 0.105879 0.209009
-11.834955 9.488316 4.957552 -107.471263 0.448118 0.083573 0.194108
-12.071975 9.232849 5.405376 -107.353121 0.409584 0.062056 0.178531
-12.308649 8.979944 5.847549 -107.232403 0.369741 0.041666 0.162093
-12.544317 8.729487 6.282789 -107.110136 0.330072 0.020884 0.145767
-12.778620 8.481673 6.710728 -106.986650 0.290453 0.000024 0.129365
-13.011329 8.236764 7.131162 -106.862088 0.250766 -0.020655 0.112738
-13.242278 7.995043 7.543964 -106.736515 0.210892 -0.040922 0.095758
-13.471302 7.756776 7.949016 -106.609994 0.170715 -0.060551 0.078295
-13.698180 7.522172 8.346146 -106.482674 0.130112 -0.079300 0.060193
-13.922543 7.291336 8.735050 -106.354906 0.088957 -0.096887 0.041247
-14.143623 7.064024 9.114505 -106.227867 0.048430 -0.115020 0.022562
-14.361048 6.840316 9.484229 -106.101910 0.008407 -0.133431 0.003929
-14.574606 6.620382 9.844085 -105.977179 -0.031232 -0.151908 -0.014808
-14.784160 6.404431 10.194004 -105.853712 -0.070601 -0.170263 -0.033777
-14.989594 6.192682 10.533932 -105.731522 -0.109814 -0.188324 -0.053103
-15.190768 5.985341 10.863788 -105.610661 -0.148984 -0.205913 -0.072918
-15.387453 5.782571 11.183419 -105.491297 -0.188228 -0.222835 -0.093387
-15.579218 5.584335 11.492086 -105.374184 -0.226821 -0.240384 -0.113333
-15.765837 5.390789 11.789637 -105.259497 -0.264875 -0.258381 -0.132918
-15.947174 5.202133 12.075991 -105.147300 -0.302501 -0.276674 -0.152276
-16.123138 5.018582 12.351096 -105.037606 -0.339804 -0.295131 -0.171524
-16.293630 4.840363 12.614910 -104.930448 -0.376889 -0.313629 -0.190784
-16.458501 4.667700 12.867373 -104.825928 -0.413861 -0.332049 -0.210192
-16.617471 4.500754 13.108199 -104.724609 -0.450046 -0.350878 -0.228711
-16.770408 4.339735 13.337339 -104.626589 -0.485543 -0.370015 -0.246470
-16.917255 4.184843 13.554772 -104.531874 -0.520451 -0.389373 -0.263573
-17.057996 4.036270 13.760485 -104.440429 -0.554864 -0.408877 -0.280110
-17.192623 3.894200 13.954473 -104.352213 -0.588877 -0.428458 -0.296168
-17.321112 3.758820 14.136721 -104.267217 -0.622583 -0.448055 -0.311837
-17.443392 3.630320 14.307209 -104.185504 -0.656073 -0.467613 -0.327223
-17.559288 3.508885 14.465867 -104.107436 -0.688816 -0.487162 -0.341813
-17.668732 3.394690 14.612666 -104.033085 -0.720901 -0.506657 -0.355709
-17.771708 3.287891 14.747582 -103.962459 -0.752413 -0.526061 -0.368991
-17.868229 3.188629 14.870588 -103.895530 -0.783438 -0.545342 -0.381727
-17.958311 3.097037 14.981656 -103.832268 -0.814057 -0.564476 -0.393984
-18.041963 3.013249 15.080751 -103.772663 -0.844352 -0.583442 -0.405826
-18.119166 2.937402 15.167835 -103.716747 -0.874403 -0.602227 -0.417327
-18.189853 2.869640 15.242859 -103.664684 -0.903812 -0.620850 -0.428351
-18.254002 2.810084 15.305774 -103.616518 -0.932655 -0.639308 -0.438968
-18.311617 2.758833 15.356527 -103.572258 -0.961008 -0.657601 -0.449235
-18.362714 2.715966 15.395058 -103.531895 -0.988945 -0.675733 -0.459202
-18.407308 2.681547 15.421303 -103.495423 -1.016539 -0.693714 -0.468918
-18.445405 2.655625 15.435191 -103.462851 -1.043861 -0.711559 -0.478432
-18.476996 2.638237 15.436680 -103.434282 -1.070658 -0.729135 -0.487525
-18.502086 2.629406 15.425697 -103.409724 -1.096998 -0.746470 -0.496239
-18.520696 2.629144 15.402170 -103.389168 -1.122949 -0.763594 -0.504610
-18.532851 2.637449 15.366027 -103.372589 -1.148575 -0.780547 -0.512665
-18.538582 2.654304 15.317199 -103.359957 -1.173942 -0.797376 -0.520427
-18.537923 2.679670 15.255615 -103.351239 -1.199112 -0.814131 -0.527915
-18.530917 2.713488 15.181206 -103.346387 -1.224146 -0.830870 -0.535143
-18.517649 2.755687 15.094020 -103.345296 -1.248707 -0.847229 -0.542227
-18.498159 2.806181 14.993989 -103.347921 -1.272853 -0.863278 -0.549177
-18.472481 2.864877 14.881048 -103.354227 -1.296643 -0.879097 -0.555999
-18.440648 2.931674 14.755137 -103.364177 -1.320133 -0.894773 -0.562698
-18.402699 3.006458 14.616209 -103.377725 -1.343378 -0.910405 -0.569273
-18.358689 3.089100 14.464233 -103.394806 -1.366429 -0.926101 -0.575716
-18.308704 3.179456 14.299212 -103.415319 -1.389336 -0.941987 -0.582007
-18.252929 3.277412 14.121415 -103.439089 -1.411732 -0.957433 -0.588039
-18.191454 3.382791 13.930858 -103.466009 -1.433661 -0.972579 -0.593787
-18.124348 3.495396 13.727539 -103.496000 -1.455172 -0.987571 -0.599227
-18.051676 3.615016 13.511464 -103.528985 -1.476308 -1.002561 -0.604335
-17.973527 3.741428 13.282660 -103.564862 -1.497113 -1.017717 -0.609078
-17.890042 3.874404 13.041204 -103.603476 -1.517624 -1.033224 -0.613402
-17.801525 4.013809 12.787661 -103.644460 -1.538006 -1.047984 -0.617463
-17.708116 4.159385 12.522117 -103.687664 -1.558295 -1.062199 -0.621204
-17.609904 4.310848 12.244612 -103.733001 -1.578530 -1.076065 -0.624584
-17.506962 4.467899 11.955177 -103.780404 -1.598748 -1.089780 -0.627566
-17.399371 4.630226 11.653863 -103.829801 -1.618987 -1.103555 -0.630108
-17.287240 4.797522 11.340771 -103.881091 -1.639279 -1.117621 -0.632158
-17.170747 4.969502 11.016109 -103.934098 -1.659655 -1.132250 -0.633638
-17.050255 5.146051 10.680767 -103.988393 -1.679970 -1.146076 -0.634761
-16.925939 5.326852 10.334971 -104.043812 -1.700252 -1.159387 -0.635449
-16.797916 5.511532 9.978860 -104.100264 -1.720533 -1.172451 -0.635642
-16.666280 5.699693 9.612544 -104.157691 -1.740844 -1.185529 -0.635287
-16.531135 5.890927 9.236154 -104.216036 -1.761218 -1.198897 -0.634329
-16.392613 6.084846 8.849906 -104.275210 -1.781684 -1.212861 -0.632700
-16.250907 6.281129 8.454175 -104.335062 -1.802262 -1.227783 -0.630312
-16.106366 6.479738 8.050286 -104.395202 -1.823063 -1.241847 -0.627447
-15.959184 6.680330 7.638658 -104.455487 -1.844107 -1.255438 -0.624013
-15.809509 6.882486 7.219588 -104.515840 -1.865419 -1.268909 -0.619938
-15.657480 7.085767 6.793353 -104.576205 -1.887029 -1.282608 -0.615150
-15.503253 7.289779 6.360311 -104.636518 -1.908959 -1.296917 -0.609573
-15.347024 7.494256 5.921015 -104.696671 -1.931228 -1.312282 -0.603112
-15.189080 7.699368 5.477268 -104.756282 -1.953256 -1.326208 -0.596477
-15.029599 7.904842 5.029617 -104.815273 -1.975062 -1.339148 -0.589579
-14.868720 8.110272 4.578392 -104.873628 -1.996669 -1.351486 -0.582349
-14.706566 8.315204 4.123827 -104.931357 -2.018107 -1.363579 -0.574725
-14.543265 8.519194 3.666164 -104.988479 -2.039403 -1.375789 -0.566646
-14.378960 8.721872 3.205754 -105.044996 -2.060579 -1.388513 -0.558041
-14.213816 8.923034 2.743199 -105.100878 -2.081649 -1.402232 -0.548826
-14.048024 9.122991 2.280425 -105.155881 -2.102211 -1.414513 -0.539610
-13.881727 9.321546 1.818035 -105.209990 -2.122277 -1.425837 -0.530314
-13.715052 9.518348 1.356375 -105.263228 -2.141864 -1.436606 -0.520870
-13.548119 9.712986 0.895679 -105.315627 -2.160997 -1.447184 -0.511219
-13.381056 9.905068 0.436182 -105.367211 -2.179696 -1.457933 -0.501295
-13.214007 10.094288 -0.021766 -105.417972 -2.197975 -1.469256 -0.491021
-13.047136 10.280542 -0.477537 -105.467835 -2.215841 -1.481642 -0.480299
-12.880642 10.464292 -0.929121 -105.516494 -2.233579 -1.492769 -0.469487
-12.714666 10.645457 -1.375877 -105.563881 -2.251193 -1.503131 -0.458489
-12.549328 10.823791 -1.817423 -105.609985 -2.268692 -1.513131 -0.447227
-12.384742 10.999000 -2.253476 -105.654811 -2.286094 -1.523141 -0.435630
-12.221021 11.170844 -2.683713 -105.698349 -2.303411 -1.533543 -0.423621
-12.058281 11.339246 -3.107620 -105.740549 -2.320650 -1.544774 -0.411108
-11.896594 11.504628 -3.523490 -105.781111 -2.337766 -1.554611 -0.398794
-11.736042 11.666934 -3.930859 -105.820001 -2.354767 -1.563470 -0.386595
-11.576693 11.825957 -4.329521 -105.857237 -2.371670 -1.571681 -0.374447
-11.418607 11.981437 -4.719401 -105.892858 -2.388498 -1.579526 -0.362294
-11.261843 12.133116 -5.100464 -105.926904 -2.405273 -1.587268 -0.350082
-11.106465 12.280782 -5.472640 -105.959385 -2.422020 -1.595178 -0.337750
-10.952547 12.424338 -5.835731 -105.990263 -2.438755 -1.603561 -0.325223
-10.800137 12.564008 -6.188720 -106.019270 -2.455276 -1.610826 -0.313083
-10.649281 12.699723 -6.531432 -106.046368 -2.471602 -1.617258 -0.301259
-10.500002 12.831332 -6.863850 -106.071568 -2.487756 -1.623090 -0.289698
-10.352304 12.958656 -7.186041 -106.094898 -2.503767 -1.628518 -0.278353
-10.206189 13.081519 -7.498098 -106.116384 -2.519661 -1.633727 -0.267181
-10.061659 13.199776 -7.800093 -106.136024 -2.535468 -1.638897 -0.256132
-9.918732 13.313342 -8.092025 -106.153763 -2.551211 -1.644230 -0.245144
-9.777443 13.422312 -8.373415 -106.169348 -2.566789 -1.648854 -0.234582
-9.637789 13.526624 -8.644269 -106.182717 -2.582227 -1.652955 -0.224386
-9.499731 13.626176 -8.904682 -106.193847 -2.597554 -1.656681 -0.214510
-9.363216 13.720856 -9.154796 -106.202732 -2.612800 -1.660163 -0.204916
-9.228182 13.810553 -9.394764 -106.209352 -2.627995 -1.663519 -0.195565
-9.094585 13.895175 -9.624726 -106.213650 -2.643170 -1.666863 -0.186410
-8.962423 13.974686 -9.844615 -106.215407 -2.658242 -1.669802 -0.177720
-8.831622 14.049012 -10.054585 -106.214562 -2.673244 -1.672434 -0.169454
-8.702067 14.118077 -10.254828 -106.211088 -2.688207 -1.674841 -0.161582
-8.573621 14.181813 -10.445554 -106.204968 -2.703166 -1.677096 -0.154078
-8.446129 14.240156 -10.626981 -106.196183 -2.718153 -1.679263 -0.146920
-8.319435 14.293050 -10.799326 -106.184698 -2.733205 -1.681399 -0.140087
-8.193388 14.340438 -10.962803 -106.170454 -2.748355 -1.683558 -0.133549
-8.067852 14.382280 -11.117529 -106.153380 -2.763585 -1.685483 -0.127159
-7.942654 14.418532 -11.263711 -106.133405 -2.778932 -1.687219 -0.120891
-7.817599 14.449160 -11.401560 -106.110477 -2.794431 -1.688804 -0.114728
-7.692471 14.474138 -11.531286 -106.084551 -2.810120 -1.690274 -0.108655
-7.567043 14.493447 -11.653093 -106.055584 -2.826036 -1.691661 -0.102661
-7.441080 14.507077 -11.767175 -106.023528 -2.842218 -1.692994 -0.096736
-7.314335 14.515029 -11.873711 -105.988331 -2.858705 -1.694304 -0.090868
-7.186524 14.517324 -11.972854 -105.950011 -2.875677 -1.695549 -0.084831
-7.057394 14.513969 -12.064772 -105.908505 -2.893177 -1.696755 -0.078615
-6.926693 14.504971 -12.149640 -105.863741 -2.911245 -1.697938 -0.072211
-6.794170 14.490337 -12.227631 -105.815638 -2.929928 -1.699115 -0.065609
-6.659580 14.470083 -12.298914 -105.764103 -2.949271 -1.700295 -0.058798
-6.522675 14.444238 -12.363650 -105.709026 -2.969321 -1.701490 -0.051764
-6.383196 14.412848 -12.422033 -105.650249 -2.989962 -1.702836 -0.044652
-6.240900 14.375947 -12.474216 -105.587652 -3.011243 -1.704338 -0.037451
-6.095550 14.333558 -12.520350 -105.521118 -3.033218 -1.705998 -0.030151
-5.946911 14.285703 -12.560586 -105.450533 -3.055942 -1.707815 -0.022746
-5.794755 14.232408 -12.595071 -105.375774 -3.079473 -1.709787 -0.015228
-5.638869 14.173712 -12.623950 -105.296706 -3.103869 -1.711907 -0.007592
-5.479058 14.109673 -12.647356 -105.213165 -3.129193 -1.714172 0.000176
-5.315149 14.040373 -12.665445 -105.124964 -3.155089 -1.716625 0.008110
-5.146966 13.965872 -12.678342 -105.031933 -3.181623 -1.719258 0.016218
-4.974334 13.886219 -12.686172 -104.933924 -3.208863 -1.722060 0.024501
-4.797084 13.801451 -12.689055 -104.830792 -3.236878 -1.725017 0.032957
-4.615066 13.711609 -12.687116 -104.722390 -3.265741 -1.728115 0.041580
-4.428158 13.616737 -12.680485 -104.608552 -3.295526 -1.731330 0.050366
-4.236283 13.516890 -12.669308 -104.489082 -3.326310 -1.734634 0.059316
-4.039440 13.412104 -12.653838 -104.363917 -3.357777 -1.738151 0.069207
-3.837583 13.302440 -12.634220 -104.232858 -3.390009 -1.741847 0.080037
-3.630655 13.187957 -12.610583 -104.095735 -3.423089 -1.745692 0.091794
-3.418609 13.068713 -12.583059 -103.952389 -3.457106 -1.749653 0.104463
-3.201426 12.944756 -12.551797 -103.802660 -3.492150 -1.753689 0.118026
-2.979144 12.816125 -12.516990 -103.646371 -3.528313 -1.757743 0.132469
-2.751951 12.682786 -12.478978 -103.483492 -3.564964 -1.761872 0.148649
-2.519910 12.544780 -12.437947 -103.313855 -3.602199 -1.766015 0.166548
-2.283049 12.402161 -12.394034 -103.137319 -3.640118 -1.770130 0.186140
-2.041393 12.254994 -12.347348 -102.953765 -3.678823 -1.774178 0.207398
-1.794977 12.103343 -12.297997 -102.763081 -3.718418 -1.778123 0.230288
-1.543863 11.947271 -12.246108 -102.565177 -3.759008 -1.781920 0.254775
-1.288159 11.786823 -12.191855 -102.359979 -3.800704 -1.785506 0.280814
-1.028066 11.621983 -12.135520 -102.147331 -3.842576 -1.788771 0.307875
-0.763717 11.452805 -12.077275 -101.927166 -3.884738 -1.791651 0.335910
-0.495232 11.279372 -12.017241 -101.699397 -3.927303 -1.794095 0.364877
-0.222730 11.101781 -11.955521 -101.463928 -3.970387 -1.796060 0.394734
0.053652 10.920137 -11.892220 -101.220660 -4.014105 -1.797497 0.425437
0.333750 10.734549 -11.827471 -100.969504 -4.058575 -1.798350 0.456937
0.617342 10.545113 -11.761463 -100.710387 -4.103919 -1.798543 0.489177
0.904065 10.351867 -11.694493 -100.443130 -4.149067 -1.797976 0.521633
1.193677 10.154925 -11.626751 -100.167666 -4.194141 -1.796570 0.554241
1.485965 9.954433 -11.558379 -99.883917 -4.239265 -1.794259 0.586936
1.780730 9.750556 -11.489491 -99.591807 -4.284559 -1.790985 0.619647
2.077766 9.543471 -11.420198 -99.291289 -4.330148 -1.786690 0.652294
2.376855 9.333365 -11.350622 -98.982371 -4.376154 -1.781312 0.684779
2.677681 9.120387 -11.281013 -98.665274 -4.422059 -1.775161 0.717633
2.980022 8.904725 -11.211480 -98.340007 -4.467988 -1.768175 0.750749
3.283667 8.686564 -11.142107 -98.006521 -4.514065 -1.760298 0.784029
3.588407 8.466087 -11.072966 -97.664748 -4.560413 -1.751474 0.817374
3.894042 8.243489 -11.004112 -97.314634 -4.607158 -1.741653 0.850681
4.200391 8.018983 -10.935574 -96.956195 -4.654423 -1.730793 0.883822
4.507313 7.792826 -10.867327 -96.589580 -4.702335 -1.718873 0.916638
4.814688 7.565282 -10.799491 -96.215393 -4.750306 -1.706713 0.950013
5.122374 7.336604 -10.732027 -95.833782 -4.798463 -1.694292 0.983778
5.430181 7.107004 -10.664951 -95.444755 -4.846935 -1.681568 1.017792
5.737891 6.876667 -10.598306 -95.048251 -4.895852 -1.668491 1.051925
6.045278 6.645773 -10.532148 -94.644205 -4.945346 -1.655003 1.086044
6.352129 6.414500 -10.466537 -94.232616 -4.995550 -1.641051 1.119996
6.658268 6.183032 -10.401508 -93.813625 -5.046601 -1.626587 1.153593
6.963542 5.951518 -10.337192 -93.387822 -5.097817 -1.612037 1.187546
7.267783 5.720141 -10.273618 -92.955363 -5.149337 -1.597356 1.221655
7.570787 5.489077 -10.210840 -92.516271 -5.201301 -1.582492 1.255743
7.872342 5.258494 -10.148920 -92.070533 -5.253849 -1.567389 1.289639
8.172263 5.028556 -10.087911 -91.618202 -5.307124 -1.551998 1.323153
8.470446 4.799418 -10.027833 -91.159516 -5.361269 -1.536282 1.356045
8.766927 4.571136 -9.968937 -90.695403 -5.414529 -1.521050 1.389364
9.061609 4.343853 -9.911232 -90.226089 -5.467049 -1.506271 1.422867
9.354315 4.117705 -9.854762 -89.751582 -5.518970 -1.491900 1.456356
9.644827 3.892819 -9.799593 -89.271801 -5.570433 -1.477886 1.489654
9.932935 3.669310 -9.745799 -88.786674 -5.621580 -1.464177 1.522572
10.218486 3.447266 -9.693451 -88.296258 -5.672551 -1.450726 1.554890
10.501467 3.226735 -9.642606 -87.800911 -5.723488 -1.437500 1.586310
10.782196 3.007605 -9.593427 -87.302016 -5.773047 -1.424595 1.618044
11.060680 2.789913 -9.545960 -86.799935 -5.821368 -1.411985 1.649787
11.336789 2.573732 -9.500271 -86.294727 -5.868585 -1.399632 1.681302
11.610334 2.359148 -9.456445 -85.786314 -5.914828 -1.387493 1.712384
11.881130 2.146245 -9.414573 -85.274622 -5.960225 -1.375525 1.742822
12.149066 1.935079 -9.374744 -84.759726 -6.004904 -1.363691 1.772367
12.414204 1.725646 -9.337022 -84.242055 -6.048992 -1.351970 1.800680
12.676990 1.517796 -9.301435 -83.723204 -6.091504 -1.340153 1.829109
12.937520 1.311513 -9.268033 -83.203638 -6.132564 -1.328229 1.857301
13.195727 1.106832 -9.236891 -82.683498 -6.172288 -1.316171 1.884980
13.451500 0.903802 -9.208086 -82.162820 -6.210789 -1.303953 1.911893
13.704781 0.702464 -9.181672 -81.641742 -6.248176 -1.291561 1.937760
13.955722 0.502821 -9.157625 -81.120763 -6.284556 -1.279013 1.962213
14.205020 0.304748 -9.135894 -80.601732 -6.319494 -1.266519 1.986728
14.452835 0.108238 -9.116438 -80.085127 -6.353089 -1.254107 2.010940
14.699097 -0.086686 -9.099294 -79.571013 -6.385439 -1.241770 2.034583
14.943639 -0.279988 -9.084537 -79.059262 -6.416633 -1.229486 2.057437
15.186280 -0.471628 -9.072242 -78.549726 -6.446762 -1.217233 2.079287
15.426917 -0.661575 -9.062452 -78.042400 -6.475909 -1.205009 2.099882
15.665681 -0.849816 -9.055106 -77.537675 -6.504159 -1.192852 2.118875
15.903357 -1.036443 -9.050072 -77.037438 -6.530996 -1.181002 2.137899
16.140092 -1.221451 -9.047270 -76.542093 -6.556496 -1.169510 2.156606
16.375787 -1.404825 -9.046729 -76.051633 -6.580732 -1.158382 2.174747
16.610244 -1.586533 -9.048523 -75.565871 -6.603775 -1.147609 2.192117
16.843242 -1.766538 -9.052728 -75.084593 -6.625688 -1.137182 2.208520
17.074619 -1.944786 -9.059365 -74.607703 -6.646534 -1.127116 2.223733
17.304408 -2.121192 -9.068297 -74.135439 -6.666368 -1.117489 2.237457
17.533213 -2.295610 -9.078976 -73.669327 -6.685203 -1.108165 2.251036
17.761081 -2.467966 -9.091239 -73.209638 -6.703089 -1.099236 2.264167
17.987859 -2.638222 -9.105085 -72.756318 -6.720075 -1.090732 2.276622
18.213325 -2.806353 -9.120564 -72.309199 -6.736212 -1.082667 2.288202
18.437275 -2.972325 -9.137705 -71.868155 -6.751545 -1.075061 2.298700
18.659630 -3.136073 -9.156401 -71.433282 -6.766114 -1.067991 2.307861
18.880715 -3.297440 -9.176135 -71.005691 -6.779861 -1.061329 2.316991
19.100461 -3.456369 -9.196785 -70.585480 -6.792823 -1.055159 2.325838
19.318656 -3.612850 -9.218376 -70.172496 -6.805036 -1.049508 2.334213
19.535040 -3.766885 -9.240990 -69.766489 -6.816536 -1.044384 2.341950
19.749341 -3.918478 -9.264713 -69.367197 -6.827359 -1.039793 2.348889
19.961323 -4.067626 -9.289597 -68.974430 -6.837535 -1.035757 2.354853
20.170848 -4.214287 -9.315557 -68.588192 -6.847092 -1.032353 2.359626
20.378090 -4.358286 -9.342017 -68.209345 -6.855941 -1.029321 2.364441
20.582929 -4.499591 -9.368877 -67.837923 -6.864105 -1.026745 2.369080
20.785148 -4.638215 -9.396174 -67.473773 -6.871610 -1.024658 2.373368
20.984500 -4.774186 -9.423994 -67.116680 -6.878479 -1.023074 2.377151
21.180734 -4.907537 -9.452428 -66.766431 -6.884736 -1.022006 2.380273
21.373634 -5.038303 -9.481545 -66.422896 -6.890402 -1.021479 2.382562
21.563077 -5.166502 -9.511309 -66.086139 -6.895494 -1.021562 2.383800
21.749212 -5.292048 -9.541205 -65.757062 -6.900209 -1.021839 2.385228
21.931936 -5.414967 -9.571187 -65.435769 -6.904563 -1.022384 2.386625
22.111063 -5.535306 -9.601306 -65.122194 -6.908571 -1.023231 2.387816
22.286384 -5.653116 -9.631642 -64.816221 -6.912250 -1.024406 2.388639
22.457711 -5.768443 -9.662253 -64.517775 -6.915615 -1.025940 2.388928
22.624931 -5.881308 -9.693093 -64.226930 -6.918676 -1.027908 2.388486
22.788168 -5.991606 -9.723614 -63.944480 -6.921588 -1.029964 2.388437
22.947328 -6.099359 -9.753758 -63.670509 -6.924360 -1.032187 2.388591
23.102245 -6.204620 -9.783577 -63.404946 -6.927004 -1.034612 2.388798
23.252728 -6.307440 -9.813150 -63.147654 -6.929530 -1.037260 2.388930
23.398591 -6.407870 -9.842560 -62.898492 -6.931951 -1.040153 2.388865
23.539667 -6.505957 -9.871865 -62.657365 -6.934276 -1.043321 2.388476
23.675849 -6.601716 -9.901026 -62.424297 -6.936512 -1.046836 2.387609
23.807211 -6.695025 -9.929507 -62.199847 -6.938639 -1.050358 2.387063
23.933668 -6.785900 -9.957262 -61.984057 -6.940663 -1.053962 2.386690
24.055087 -6.874381 -9.984340 -61.776858 -6.942593 -1.057679 2.386376
24.171324 -6.960511 -10.010819 -61.578138 -6.944437 -1.061530 2.386019
24.282243 -7.044331 -10.036775 -61.387788 -6.946204 -1.065536 2.385525
24.387735 -7.125870 -10.062261 -61.205741 -6.947900 -1.069726 2.384792
24.487752 -7.205123 -10.087225 -61.032038 -6.949529 -1.074172 2.383698
24.582411 -7.281914 -10.111048 -60.867144 -6.951064 -1.078510 2.382824
24.671688 -7.356226 -10.133672 -60.711114 -6.952508 -1.082813 2.382055
24.755520 -7.428069 -10.155148 -60.563905 -6.953865 -1.087109 2.381302
24.833840 -7.497444 -10.175549 -60.425440 -6.955143 -1.091415 2.380492
24.906597 -7.564334 -10.194932 -60.295643 -6.956345 -1.095755 2.379556
24.973783 -7.628675 -10.213260 -60.174485 -6.957472 -1.100187 2.378421
25.035504 -7.690204 -10.229952 -60.062173 -6.958511 -1.104403 2.377474
25.091784 -7.748827 -10.244973 -59.958665 -6.959461 -1.108456 2.376656
25.142636 -7.804468 -10.258394 -59.863861 -6.960324 -1.112360 2.375926
25.188077 -7.857039 -10.270314 -59.777625 -6.961104 -1.116116 2.375254
25.228144 -7.906427 -10.280839 -59.699801 -6.961802 -1.119717 2.374621
25.262896 -7.952484 -10.290064 -59.630222 -6.962420 -1.123164 2.374018
25.292429 -7.994993 -10.298005 -59.568711 -6.962953 -1.126485 2.373447
25.316899 -8.033521 -10.304201 -59.515136 -6.963403 -1.129403 2.373152
25.336465 -8.067782 -10.308690 -59.469285 -6.963764 -1.131937 2.373153
25.351320 -8.097495 -10.311615 -59.430922 -6.964034 -1.134065 2.373475
25.361723 -8.122351 -10.313173 -59.399818 -6.964216 -1.135744 2.374137
25.368079 -8.142029 -10.313633 -59.375845 -6.964313 -1.136917 2.375117
25.371217 -8.156194 -10.313307 -59.359325 -6.964344 -1.137558 2.376189
25.373475 -8.164095 -10.311557 -59.352481 -6.964293 -1.137704 2.377698
25.373308 -8.166060 -10.310586 -59.352113 -6.964299 -1.137954 2.377750
