0.000000
0.000001
0.000001
0.000002
0.000002
0.000002
0.000002
0.000002
0.000001
0.000001
-0.000000
-0.000001
-0.000002
-0.000003
-0.000005
-0.000006
-0.000007
-0.000009
-0.000011
-0.000013
-0.000014
-0.000016
-0.000018
-0.000021
-0.000023
-0.000025
-0.000027
-0.000030
-0.000032
-0.000034
-0.000037
-0.000039
-0.000042
-0.000044
-0.000047
-0.000049
-0.000051
-0.000053
-0.000055
-0.000057
-0.000059
-0.000060
-0.000062
-0.000063
-0.000063
-0.000064
-0.000064
-0.000064
-0.000064
-0.000063
-0.000061
-0.000060
-0.000058
-0.000055
-0.000053
-0.000049
-0.000046
-0.000041
-0.000037
-0.000031
-0.000026
-0.000019
-0.000012
-0.000005
0.000003
0.000011
0.000020
0.000030
0.000040
0.000050
0.000062
0.000073
0.000085
0.000098
0.000111
0.000125
0.000139
0.000154
0.000170
0.000185
0.000202
0.000218
0.000235
0.000253
0.000270
0.000288
0.000307
0.000325
0.000344
0.000364
0.000383
0.000403
0.000422
0.000442
0.000462
0.000482
0.000503
0.000523
0.000544
0.000564
0.000584
0.000605
0.000625
0.000646
0.000666
0.000686
0.000706
0.000727
0.000746
0.000766
0.000786
0.000805
0.000825
0.000844
0.000863
0.000882
0.000901
0.000920
0.000938
0.000956
0.000974
0.000992
0.001010
0.001027
0.001045
0.001062
0.001079
0.001096
0.001113
0.001129
0.001146
0.001162
0.001179
0.001195
0.001211
0.001227
0.001243
0.001259
0.001276
0.001292
0.001308
0.001324
0.001340
0.001356
0.001373
0.001389
0.001405
0.001422
0.001439
0.001456
0.001473
0.001490
0.001507
0.001525
0.001542
0.001560
0.001578
0.001596
0.001615
0.001633
0.001652
0.001671
0.001690
0.001709
0.001729
0.001748
0.001768
0.001788
0.001808
0.001829
0.001849
0.001870
0.001890
0.001911
0.001932
0.001953
0.001974
0.001995
0.002016
0.002036
0.002057
0.002078
0.002099
0.002120
0.002141
0.002162
0.002182
0.002203
0.002223
0.002243
0.002263
0.002282
0.002302
0.002321
0.002339
0.002358
0.002376
0.002394
0.002411
0.002428
0.002445
0.002461
0.002477
0.002492
0.002507
0.002521
0.002535
0.002549
0.002562
0.002574
0.002586
0.002597
0.002608
0.002618
0.002627
0.002636
0.002645
0.002653
0.002660
0.002667
0.002673
0.002679
0.002684
0.002688
0.002692
0.002696
0.002699
0.002701
0.002703
0.002704
0.002705
0.002706
0.002706
0.002706
0.002705
0.002704
0.002702
0.002700
0.002698
0.002695
0.002692
0.002689
0.002686
0.002682
0.002678
0.002674
0.002669
0.002665
0.002660
0.002655
0.002650
0.002644
0.002639
0.002633
0.002627
0.002622
0.002616
0.002610
0.002604
0.002598
0.002591
0.002585
0.002579
0.002572
0.002565
0.002559
0.002552
0.002545
0.002538
0.002531
0.002523
0.002516
0.002508
0.002501
0.002493
0.002485
0.002476
0.002468
0.002459
0.002450
0.002441
0.002431
0.002421
0.002410
0.002399
0.002388
0.002376
0.002364
0.002351
0.002338
0.002324
0.002309
0.002294
0.002279
0.002263
0.002246
0.002228
0.002210
0.002191
0.002171
0.002151
0.002130
0.002108
0.002085
0.002061
0.002037
0.002012
0.001986
0.001959
0.001931
0.001903
0.001874
0.001844
0.001813
0.001781
0.001749
0.001716
0.001682
0.001647
0.001612
0.001575
0.001539
0.001501
0.001463
0.001424
0.001385
0.001345
0.001305
0.001265
0.001223
0.001182
0.001140
0.001098
0.001055
0.001013
0.000970
0.000926
0.000883
0.000840
0.000796
0.000753
0.000709
0.000666
0.000622
0.000579
0.000536
0.000493
0.000450
0.000408
0.000365
0.000323
0.000282
0.000241
0.000200
0.000159
0.000119
0.000080
0.000040
0.000002
-0.000036
-0.000074
-0.000111
-0.000147
-0.000183
-0.000218
-0.000253
-0.000287
-0.000321
-0.000354
-0.000386
-0.000418
-0.000449
-0.000480
-0.000510
-0.000540
-0.000569
-0.000598
-0.000626
-0.000654
-0.000681
-0.000707
-0.000734
-0.000759
-0.000785
-0.000810
-0.000834
-0.000858
-0.000882
-0.000905
-0.000928
-0.000951
-0.000973
-0.000995
-0.001017
-0.001039
-0.001060
-0.001081
-0.001101
-0.001122
-0.001142
-0.001162
-0.001182
-0.001201
-0.001221
-0.001240
-0.001259
-0.001278
-0.001296
-0.001315
-0.001333
-0.001351
-0.001369
-0.001387
-0.001404
-0.001421
-0.001438
-0.001455
-0.001472
-0.001488
-0.001504
-0.001520
-0.001535
-0.001550
-0.001565
-0.001580
-0.001594
-0.001609
-0.001622
-0.001636
-0.001649
-0.001661
-0.001673
-0.001685
-0.001697
-0.001708
-0.001718
-0.001728
-0.001738
-0.001747
-0.001756
-0.001764
-0.001772
-0.001779
-0.001786
-0.001793
-0.001798
-0.001804
-0.001809
-0.001813
-0.001817
-0.001820
-0.001823
-0.001825
-0.001826
-0.001827
-0.001828
-0.001828
-0.001828
-0.001827
-0.001825
-0.001823
-0.001821
-0.001818
-0.001815
-0.001811
-0.001807
-0.001802
-0.001797
-0.001791
-0.001785
-0.001779
-0.001772
-0.001765
-0.001757
-0.001749
-0.001741
-0.001732
-0.001723
-0.001714
-0.001704
-0.001694
-0.001683
-0.001672
-0.001661
-0.001650
-0.001638
-0.001626
-0.001614
-0.001601
-0.001588
-0.001575
-0.001562
-0.001548
-0.001534
-0.001519
-0.001505
-0.001490
-0.001475
-0.001459
-0.001443
-0.001427
-0.001411
-0.001394
-0.001377
-0.001360
-0.001342
-0.001324
-0.001306
-0.001288
-0.001269
-0.001250
-0.001231
-0.001211
-0.001191
-0.001171
-0.001150
-0.001129
-0.001108
-0.001087
-0.001065
-0.001043
-0.001021
-0.000998
-0.000975
-0.000952
-0.000929
-0.000905
-0.000881
-0.000857
-0.000832
-0.000807
-0.000782
-0.000757
-0.000732
-0.000706
-0.000681
-0.000655
-0.000629
-0.000603
-0.000577
-0.000551
-0.000524
-0.000498
-0.000471
-0.000445
-0.000419
-0.000392
-0.000366
-0.000339
-0.000313
-0.000287
-0.000260
-0.000234
-0.000208
-0.000182
-0.000157
-0.000131
-0.000106
-0.000080
-0.000055
-0.000031
-0.000006
0.000018
0.000043
0.000066
0.000090
0.000113
0.000136
0.000159
0.000181
0.000204
0.000225
0.000247
0.000268
0.000288
0.000309
0.000329
0.000348
0.000368
0.000387
0.000405
0.000423
0.000441
0.000459
0.000476
0.000493
0.000510
0.000526
0.000542
0.000558
0.000573
0.000588
0.000603
0.000618
0.000632
0.000647
0.000661
0.000675
0.000688
0.000702
0.000716
0.000729
0.000743
0.000756
0.000770
0.000783
0.000797
0.000810
0.000824
0.000838
0.000851
0.000865
0.000879
0.000893
0.000907
0.000922
0.000936
0.000951
0.000966
0.000981
0.000996
0.001012
0.001027
0.001043
0.001059
0.001075
0.001092
0.001108
0.001125
0.001142
0.001159
0.001176
0.001194
0.001212
0.001229
0.001247
0.001265
0.001283
0.001301
0.001319
0.001338
0.001356
0.001374
0.001392
0.001410
0.001427
0.001445
0.001462
0.001480
0.001497
0.001514
0.001530
0.001546
0.001562
0.001577
0.001592
0.001607
0.001620
0.001634
0.001646
0.001658
0.001669
0.001680
0.001690
0.001699
0.001707
0.001714
0.001721
0.001726
0.001731
0.001734
0.001737
0.001739
0.001739
0.001739
0.001737
0.001735
0.001731
0.001726
0.001720
0.001713
0.001704
0.001695
0.001684
0.001672
0.001659
0.001645
0.001629
0.001612
0.001595
0.001575
0.001555
0.001534
0.001511
0.001487
0.001462
0.001436
0.001409
0.001380
0.001351
0.001321
0.001289
0.001257
0.001224
0.001190
0.001156
0.001120
0.001084
0.001046
0.001009
0.000970
0.000931
0.000891
0.000851
0.000810
0.000768
0.000726
0.000683
0.000640
0.000597
0.000553
0.000509
0.000464
0.000420
0.000375
0.000329
0.000284
0.000238
0.000193
0.000147
0.000102
0.000056
0.000011
-0.000034
-0.000079
-0.000124
-0.000168
-0.000212
-0.000255
-0.000298
-0.000341
-0.000383
-0.000425
-0.000466
-0.000507
-0.000547
-0.000587
-0.000626
-0.000664
-0.000702
-0.000739
-0.000776
-0.000812
-0.000848
-0.000883
-0.000917
-0.000951
-0.000984
-0.001017
-0.001049
-0.001081
-0.001112
-0.001143
-0.001173
-0.001203
-0.001233
-0.001263
-0.001292
-0.001320
-0.001349
-0.001378
-0.001406
-0.001434
-0.001463
-0.001491
-0.001520
-0.001549
-0.001578
-0.001607
-0.001637
-0.001667
-0.001698
-0.001729
-0.001761
-0.001794
-0.001827
-0.001862
-0.001897
-0.001933
-0.001970
-0.002008
-0.002047
-0.002088
-0.002130
-0.002173
-0.002218
-0.002264
-0.002312
-0.002361
-0.002413
-0.002465
-0.002520
-0.002576
-0.002635
-0.002695
-0.002757
-0.002821
-0.002887
-0.002955
-0.003025
-0.003097
-0.003171
-0.003248
-0.003327
-0.003408
-0.003491
-0.003576
-0.003664
-0.003753
-0.003845
-0.003939
-0.004035
-0.004133
-0.004233
-0.004335
-0.004440
-0.004546
-0.004654
-0.004764
-0.004876
-0.004991
-0.005106
-0.005224
-0.005344
-0.005465
-0.005588
-0.005713
-0.005839
-0.005967
-0.006096
-0.006227
-0.006359
-0.006493
-0.006628
-0.006765
-0.006903
-0.007042
-0.007183
-0.007324
-0.007467
-0.007611
-0.007756
-0.007903
-0.008050
-0.008199
-0.008348
-0.008498
-0.008650
-0.008802
-0.008955
-0.009109
-0.009264
-0.009421
-0.009578
-0.009736
-0.009895
-0.010055
-0.010216
-0.010378
-0.010541
-0.010706
-0.010871
-0.011037
-0.011205
-0.011373
-0.011543
-0.011714
-0.011886
-0.012059
-0.012234
-0.012410
-0.012587
-0.012765
-0.012945
-0.013126
-0.013308
-0.013492
-0.013677
-0.013863
-0.014051
-0.014241
-0.014432
-0.014625
-0.014820
-0.015016
-0.015215
-0.015415
-0.015617
-0.015821
-0.016027
-0.016236
-0.016446
-0.016659
-0.016874
-0.017092
-0.017312
-0.017534
-0.017758
-0.017985
-0.018214
-0.018446
-0.018680
-0.018917
-0.019156
-0.019398
-0.019642
-0.019889
-0.020138
-0.020390
-0.020644
-0.020902
-0.021161
-0.021424
-0.021689
-0.021956
-0.022227
-0.022500
-0.022775
-0.023053
-0.023334
-0.023617
-0.023903
-0.024192
-0.024483
-0.024777
-0.025073
-0.025373
-0.025674
-0.025979
-0.026286
-0.026595
-0.026908
-0.027223
-0.027540
-0.027860
-0.028183
-0.028509
-0.028837
-0.029167
-0.029501
-0.029837
-0.030175
-0.030517
-0.030861
-0.031209
-0.031559
-0.031912
-0.032268
-0.032627
-0.032989
-0.033355
-0.033723
-0.034095
-0.034470
-0.034848
-0.035229
-0.035614
-0.036003
-0.036395
-0.036791
-0.037191
-0.037594
-0.038002
-0.038413
-0.038829
-0.039249
-0.039673
-0.040101
-0.040534
-0.040971
-0.041413
-0.041859
-0.042310
-0.042766
-0.043226
-0.043692
-0.044162
-0.044638
-0.045119
-0.045604
-0.046096
-0.046592
-0.047094
-0.047601
-0.048114
-0.048632
-0.049156
-0.049685
-0.050219
-0.050759
-0.051304
-0.051855
-0.052410
-0.052971
-0.053538
-0.054110
-0.054687
-0.055269
-0.055856
-0.056449
-0.057046
-0.057648
-0.058255
-0.058866
-0.059481
-0.060101
-0.060724
-0.061352
-0.061983
-0.062617
-0.063255
-0.063896
-0.064540
-0.065187
-0.065836
-0.066488
-0.067142
-0.067797
-0.068455
-0.069114
-0.069774
-0.070435
-0.071096
-0.071758
-0.072420
-0.073082
-0.073744
-0.074405
-0.075066
-0.075725
-0.076384
-0.077040
-0.077695
-0.078349
-0.079000
-0.079648
-0.080294
-0.080938
-0.081578
-0.082215
-0.082848
-0.083478
-0.084103
-0.084725
-0.085342
-0.085955
-0.086563
-0.087166
-0.087765
-0.088359
-0.088947
-0.089530
-0.090108
-0.090680
-0.091246
-0.091807
-0.092362
-0.092910
-0.093452
-0.093988
-0.094518
-0.095042
-0.095559
-0.096070
-0.096575
-0.097074
-0.097566
-0.098052
-0.098532
-0.099005
-0.099472
-0.099933
-0.100388
-0.100836
-0.101278
-0.101714
-0.102144
-0.102567
-0.102985
-0.103397
-0.103803
-0.104203
-0.104597
-0.104986
-0.105369
-0.105746
-0.106118
-0.106485
-0.106846
-0.107202
-0.107552
-0.107897
-0.108237
-0.108572
-0.108902
-0.109227
-0.109547
-0.109862
-0.110172
-0.110478
-0.110778
-0.111074
-0.111366
-0.111652
-0.111934
-0.112212
-0.112485
-0.112753
-0.113017
-0.113276
-0.113531
-0.113781
-0.114026
-0.114267
-0.114503
-0.114735
-0.114962
-0.115184
-0.115402
-0.115615
-0.115824
-0.116028
-0.116227
-0.116421
-0.116610
-0.116794
-0.116973
-0.117147
-0.117316
-0.117479
-0.117638
-0.117791
-0.117939
-0.118081
-0.118218
-0.118349
-0.118475
-0.118595
-0.118709
-0.118818
-0.118920
-0.119016
-0.119107
-0.119191
-0.119269
-0.119341
-0.119407
-0.119466
-0.119519
-0.119565
-0.119604
-0.119637
-0.119664
-0.119683
-0.119696
-0.119702
-0.119701
-0.119693
-0.119678
-0.119655
-0.119626
-0.119590
-0.119546
-0.119495
-0.119437
-0.119372
-0.119299
-0.119218
-0.119131
-0.119036
-0.118934
-0.118824
-0.118707
-0.118582
-0.118451
-0.118311
-0.118164
-0.118010
-0.117849
-0.117679
-0.117503
-0.117319
-0.117127
-0.116928
-0.116722
-0.116508
-0.116287
-0.116059
-0.115823
-0.115580
-0.115330
-0.115072
-0.114807
-0.114535
-0.114255
-0.113968
-0.113674
-0.113373
-0.113065
-0.112750
-0.112428
-0.112099
-0.111763
-0.111420
-0.111070
-0.110713
-0.110350
-0.109980
-0.109603
-0.109220
-0.108830
-0.108433
-0.108030
-0.107621
-0.107205
-0.106783
-0.106354
-0.105920
-0.105479
-0.105033
-0.104580
-0.104121
-0.103657
-0.103186
-0.102710
-0.102228
-0.101741
-0.101248
-0.100749
-0.100245
-0.099735
-0.099220
-0.098700
-0.098175
-0.097645
-0.097109
-0.096569
-0.096023
-0.095473
-0.094918
-0.094358
-0.093794
-0.093225
-0.092652
-0.092074
-0.091492
-0.090906
-0.090315
-0.089721
-0.089123
-0.088520
-0.087914
-0.087304
-0.086691
-0.086074
-0.085453
-0.084829
-0.084202
-0.083572
-0.082938
-0.082301
-0.081662
-0.081019
-0.080374
-0.079726
-0.079075
-0.078422
-0.077767
-0.077109
-0.076448
-0.075786
-0.075121
-0.074454
-0.073786
-0.073115
-0.072443
-0.071769
-0.071093
-0.070416
-0.069738
-0.069058
-0.068376
-0.067694
-0.067010
-0.066325
-0.065640
-0.064953
-0.064266
-0.063578
-0.062889
-0.062199
-0.061509
-0.060819
-0.060128
-0.059437
-0.058745
-0.058053
-0.057362
-0.056670
-0.055978
-0.055286
-0.054595
-0.053904
-0.053212
-0.052522
-0.051831
-0.051141
-0.050452
-0.049763
-0.049074
-0.048386
-0.047699
-0.047013
-0.046327
-0.045643
-0.044959
-0.044276
-0.043594
-0.042913
-0.042233
-0.041554
-0.040876
-0.040199
-0.039523
-0.038849
-0.038175
-0.037503
-0.036832
-0.036162
-0.035494
-0.034827
-0.034161
-0.033496
-0.032833
-0.032171
-0.031511
-0.030852
-0.030194
-0.029538
-0.028883
-0.028229
-0.027577
-0.026926
-0.026277
-0.025629
-0.024983
-0.024338
-0.023694
-0.023052
-0.022411
-0.021771
-0.021133
-0.020496
-0.019861
-0.019227
-0.018594
-0.017962
-0.017332
-0.016703
-0.016075
-0.015449
-0.014823
-0.014199
-0.013576
-0.012955
-0.012334
-0.011715
-0.011097
-0.010480
-0.009864
-0.009249
-0.008636
-0.008023
-0.007412
-0.006802
-0.006192
-0.005584
-0.004977
-0.004371
-0.003766
-0.003162
-0.002559
-0.001957
-0.001356
-0.000756
-0.000158
0.000440
0.001037
0.001633
0.002228
0.002822
0.003415
0.004007
0.004597
0.005187
0.005775
0.006362
0.006949
0.007533
0.008117
0.008699
0.009281
0.009860
0.010439
0.011016
0.011592
0.012166
0.012739
0.013310
0.013880
0.014448
0.015015
0.015579
0.016143
0.016704
0.017263
0.017821
0.018377
0.018931
0.019483
0.020032
0.020580
0.021126
0.021669
0.022210
0.022748
0.023285
0.023818
0.024349
0.024878
0.025404
0.025927
0.026447
0.026965
0.027479
0.027991
0.028499
0.029004
0.029506
0.030005
0.030501
0.030993
0.031481
0.031966
0.032447
0.032925
0.033399
0.033868
0.034334
0.034796
0.035254
0.035708
0.036158
0.036603
0.037044
0.037481
0.037913
0.038340
0.038763
0.039181
0.039595
0.040003
0.040407
0.040806
0.041199
0.041588
0.041971
0.042350
0.042723
0.043090
0.043452
0.043809
0.044161
0.044506
0.044847
0.045181
0.045510
0.045833
0.046150
0.046462
0.046767
0.047067
0.047360
0.047648
0.047929
0.048205
0.048474
0.048737
0.048995
0.049246
0.049490
0.049729
0.049961
0.050187
0.050407
0.050620
0.050827
0.051028
0.051223
0.051411
0.051593
0.051768
0.051937
0.052100
0.052257
0.052407
0.052551
0.052688
0.052820
0.052945
0.053063
0.053176
0.053282
0.053381
0.053475
0.053563
0.053644
0.053719
0.053788
0.053851
0.053908
0.053958
0.054003
0.054042
0.054075
0.054101
0.054122
0.054137
0.054146
0.054149
0.054147
0.054138
0.054124
0.054105
0.054079
0.054048
0.054011
0.053969
0.053921
0.053867
0.053808
0.053744
0.053674
0.053599
0.053518
0.053432
0.053340
0.053243
0.053141
0.053033
0.052920
0.052802
0.052679
0.052550
0.052416
0.052277
0.052132
0.051983
0.051828
0.051668
0.051503
0.051332
0.051157
0.050976
0.050790
0.050599
0.050403
0.050202
0.049995
0.049784
0.049567
0.049345
0.049118
0.048886
0.048648
0.048405
0.048157
0.047904
0.047646
0.047382
0.047113
0.046839
0.046559
0.046274
0.045984
0.045688
0.045387
0.045081
0.044769
0.044452
0.044129
0.043801
0.043468
0.043129
0.042785
0.042435
0.042080
0.041719
0.041353
0.040981
0.040604
0.040221
0.039833
0.039439
0.039040
0.038636
0.038225
0.037810
0.037389
0.036963
0.036531
0.036094
0.035651
0.035203
0.034750
0.034291
0.033827
0.033358
0.032884
0.032404
0.031919
0.031429
0.030935
0.030435
0.029930
0.029421
0.028906
0.028387
0.027863
0.027335
0.026801
0.026264
0.025722
0.025175
0.024625
0.024070
0.023511
0.022948
0.022381
0.021810
0.021236
0.020658
0.020076
0.019491
0.018903
0.018311
0.017716
0.017118
0.016517
0.015913
0.015307
0.014697
0.014086
0.013471
0.012855
0.012236
0.011615
0.010993
0.010368
0.009741
0.009113
0.008483
0.007852
0.007220
0.006586
0.005950
0.005314
0.004677
0.004039
0.003400
0.002761
0.002120
0.001480
0.000839
0.000197
-0.000444
-0.001086
-0.001728
-0.002370
-0.003012
-0.003654
-0.004296
-0.004937
-0.005579
-0.006220
-0.006861
-0.007502
-0.008142
-0.008782
-0.009421
-0.010059
-0.010697
-0.011335
-0.011972
-0.012608
-0.013244
-0.013879
-0.014514
-0.015147
-0.015781
-0.016413
-0.017045
-0.017677
-0.018308
-0.018938
-0.019567
-0.020196
-0.020824
-0.021451
-0.022078
-0.022705
-0.023331
-0.023956
-0.024581
-0.025205
-0.025829
-0.026452
-0.027075
-0.027698
-0.028320
-0.028942
-0.029564
-0.030185
-0.030805
-0.031426
-0.032046
-0.032665
-0.033285
-0.033904
-0.034522
-0.035140
-0.035758
-0.036376
-0.036993
-0.037610
-0.038226
-0.038842
-0.039458
-0.040073
-0.040688
-0.041302
-0.041916
-0.042529
-0.043141
-0.043753
-0.044364
-0.044974
-0.045584
-0.046192
-0.046800
-0.047407
-0.048013
-0.048618
-0.049221
-0.049824
-0.050425
-0.051025
-0.051623
-0.052220
-0.052816
-0.053409
-0.054001
-0.054592
-0.055180
-0.055766
-0.056351
-0.056933
-0.057513
-0.058091
-0.058667
-0.059240
-0.059811
-0.060379
-0.060944
-0.061507
-0.062067
-0.062625
-0.063179
-0.063730
-0.064278
-0.064823
-0.065365
-0.065904
-0.066439
-0.066971
-0.067500
-0.068025
-0.068547
-0.069066
-0.069581
-0.070093
-0.070601
-0.071105
-0.071606
-0.072103
-0.072596
-0.073086
-0.073572
-0.074054
-0.074533
-0.075008
-0.075480
-0.075948
-0.076412
-0.076873
-0.077330
-0.077784
-0.078234
-0.078680
-0.079124
-0.079563
-0.079999
-0.080432
-0.080861
-0.081287
-0.081710
-0.082129
-0.082545
-0.082958
-0.083368
-0.083775
-0.084178
-0.084579
-0.084976
-0.085371
-0.085762
-0.086151
-0.086536
-0.086919
-0.087298
-0.087675
-0.088049
-0.088420
-0.088789
-0.089154
-0.089517
-0.089877
-0.090234
-0.090588
-0.090940
-0.091289
-0.091635
-0.091978
-0.092319
-0.092656
-0.092991
-0.093322
-0.093650
-0.093976
-0.094298
-0.094617
-0.094933
-0.095245
-0.095554
-0.095860
-0.096162
-0.096461
-0.096756
-0.097048
-0.097335
-0.097619
-0.097898
-0.098174
-0.098445
-0.098712
-0.098974
-0.099232
-0.099485
-0.099733
-0.099977
-0.100216
-0.100449
-0.100677
-0.100900
-0.101118
-0.101330
-0.101536
-0.101736
-0.101931
-0.102119
-0.102301
-0.102477
-0.102647
-0.102810
-0.102966
-0.103115
-0.103258
-0.103394
-0.103522
-0.103644
-0.103758
-0.103865
-0.103964
-0.104056
-0.104141
-0.104217
-0.104286
-0.104347
-0.104401
-0.104446
-0.104483
-0.104512
-0.104533
-0.104546
-0.104550
-0.104547
-0.104535
-0.104515
-0.104487
-0.104450
-0.104405
-0.104352
-0.104290
-0.104221
-0.104142
-0.104056
-0.103960
-0.103857
-0.103746
-0.103626
-0.103498
-0.103362
-0.103218
-0.103066
-0.102906
-0.102738
-0.102563
-0.102379
-0.102188
-0.101989
-0.101782
-0.101568
-0.101347
-0.101118
-0.100881
-0.100638
-0.100388
-0.100131
-0.099866
-0.099595
-0.099318
-0.099034
-0.098743
-0.098446
-0.098143
-0.097834
-0.097519
-0.097197
-0.096870
-0.096538
-0.096199
-0.095856
-0.095506
-0.095152
-0.094793
-0.094428
-0.094059
-0.093685
-0.093306
-0.092922
-0.092535
-0.092142
-0.091746
-0.091345
-0.090941
-0.090532
-0.090120
-0.089703
-0.089283
-0.088860
-0.088433
-0.088002
-0.087568
-0.087131
-0.086691
-0.086248
-0.085802
-0.085353
-0.084901
-0.084446
-0.083988
-0.083528
-0.083065
-0.082599
-0.082131
-0.081661
-0.081188
-0.080712
-0.080235
-0.079755
-0.079273
-0.078789
-0.078302
-0.077814
-0.077323
-0.076831
-0.076336
-0.075839
-0.075340
-0.074840
-0.074337
-0.073832
-0.073326
-0.072817
-0.072307
-0.071794
-0.071280
-0.070764
-0.070247
-0.069727
-0.069206
-0.068683
-0.068158
-0.067632
-0.067103
-0.066574
-0.066042
-0.065509
-0.064974
-0.064437
-0.063899
-0.063359
-0.062817
-0.062274
-0.061730
-0.061184
-0.060636
-0.060087
-0.059537
-0.058985
-0.058432
-0.057877
-0.057321
-0.056764
-0.056206
-0.055646
-0.055085
-0.054523
-0.053960
-0.053396
-0.052831
-0.052265
-0.051698
-0.051130
-0.050562
-0.049992
-0.049423
-0.048852
-0.048281
-0.047710
-0.047138
-0.046565
-0.045993
-0.045420
-0.044847
-0.044274
-0.043700
-0.043127
-0.042554
-0.041981
-0.041408
-0.040836
-0.040264
-0.039692
-0.039121
-0.038550
-0.037980
-0.037410
-0.036842
-0.036274
-0.035706
-0.035140
-0.034574
-0.034010
-0.033446
-0.032884
-0.032322
-0.031762
-0.031203
-0.030645
-0.030088
-0.029533
-0.028979
-0.028426
-0.027875
-0.027325
-0.026776
-0.026229
-0.025683
-0.025139
-0.024596
-0.024054
-0.023514
-0.022976
-0.022439
-0.021903
-0.021370
-0.020837
-0.020306
-0.019776
-0.019248
-0.018721
-0.018196
-0.017672
-0.017149
-0.016627
-0.016107
-0.015588
-0.015069
-0.014553
-0.014037
-0.013522
-0.013008
-0.012496
-0.011984
-0.011473
-0.010963
-0.010453
-0.009945
-0.009437
-0.008929
-0.008422
-0.007916
-0.007410
-0.006904
-0.006399
-0.005894
-0.005390
-0.004885
-0.004381
-0.003876
-0.003372
-0.002868
-0.002363
-0.001859
-0.001354
-0.000849
-0.000344
0.000162
0.000668
0.001174
0.001681
0.002188
0.002696
0.003204
0.003713
0.004222
0.004731
0.005242
0.005752
0.006264
0.006775
0.007288
0.007801
0.008314
0.008829
0.009343
0.009859
0.010374
0.010890
0.011407
0.011924
0.012441
0.012958
0.013475
0.013993
0.014511
0.015029
0.015546
0.016064
0.016582
0.017099
0.017616
0.018133
0.018649
0.019165
0.019679
0.020193
0.020706
0.021219
0.021729
0.022239
0.022748
0.023254
0.023760
0.024264
0.024766
0.025266
0.025764
0.026259
0.026753
0.027244
0.027732
0.028218
0.028701
0.029180
0.029657
0.030130
0.030600
0.031067
0.031529
0.031988
0.032443
0.032893
0.033340
0.033782
0.034220
0.034653
0.035081
0.035505
0.035923
0.036337
0.036745
0.037148
0.037546
0.037937
0.038324
0.038704
0.039079
0.039447
0.039810
0.040167
0.040517
0.040862
0.041200
0.041532
0.041857
0.042176
0.042489
0.042794
0.043093
0.043386
0.043671
0.043950
0.044222
0.044488
0.044747
0.044999
0.045244
0.045482
0.045714
0.045938
0.046156
0.046368
0.046572
0.046769
0.046960
0.047144
0.047322
0.047492
0.047656
0.047814
0.047965
0.048110
0.048249
0.048381
0.048507
0.048627
0.048741
0.048848
0.048950
0.049046
0.049135
0.049220
0.049298
0.049371
0.049438
0.049500
0.049557
0.049608
0.049654
0.049696
0.049732
0.049763
0.049789
0.049811
0.049828
0.049840
0.049848
0.049851
0.049850
0.049845
0.049835
0.049821
0.049804
0.049782
0.049756
0.049726
0.049692
0.049655
0.049614
0.049569
0.049521
0.049469
0.049413
0.049354
0.049292
0.049226
0.049156
0.049083
0.049006
0.048926
0.048843
0.048756
0.048666
0.048573
0.048476
0.048375
0.048272
0.048165
0.048054
0.047940
0.047822
0.047701
0.047576
0.047448
0.047316
0.047180
0.047040
0.046897
0.046750
0.046599
0.046444
0.046285
0.046122
0.045955
0.045783
0.045608
0.045428
0.045243
0.045054
0.044861
0.044663
0.044460
0.044253
0.044041
0.043824
0.043601
0.043374
0.043142
0.042905
0.042662
0.042414
0.042160
0.041901
0.041637
0.041367
0.041091
0.040809
0.040522
0.040228
0.039929
0.039623
0.039312
0.038994
0.038670
0.038340
0.038003
0.037661
0.037312
0.036956
0.036595
0.036226
0.035851
0.035470
0.035082
0.034687
0.034286
0.033878
0.033464
0.033043
0.032615
0.032181
0.031740
0.031293
0.030839
0.030378
0.029911
0.029437
0.028957
0.028470
0.027977
0.027477
0.026971
0.026458
0.025939
0.025414
0.024883
0.024346
0.023804
0.023255
0.022700
0.022140
0.021574
0.021003
0.020426
0.019843
0.019256
0.018663
0.018065
0.017462
0.016855
0.016243
0.015626
0.015005
0.014380
0.013751
0.013118
0.012481
0.011840
0.011195
0.010548
0.009896
0.009242
0.008585
0.007925
0.007262
0.006596
0.005929
0.005259
0.004587
0.003912
0.003237
0.002559
0.001880
0.001200
0.000519
-0.000164
-0.000847
-0.001532
-0.002217
-0.002902
-0.003588
-0.004274
-0.004960
-0.005647
-0.006333
-0.007019
-0.007705
-0.008390
-0.009074
-0.009758
-0.010441
-0.011124
-0.011805
-0.012485
-0.013165
-0.013843
-0.014520
-0.015196
-0.015871
-0.016545
-0.017217
-0.017887
-0.018556
-0.019224
-0.019890
-0.020554
-0.021217
-0.021879
-0.022538
-0.023197
-0.023853
-0.024508
-0.025162
-0.025814
-0.026465
-0.027114
-0.027762
-0.028408
-0.029052
-0.029696
-0.030337
-0.030978
-0.031617
-0.032255
-0.032892
-0.033527
-0.034162
-0.034795
-0.035427
-0.036058
-0.036688
-0.037318
-0.037946
-0.038574
-0.039201
-0.039827
-0.040452
-0.041076
-0.041700
-0.042323
-0.042945
-0.043567
-0.044188
-0.044808
-0.045428
-0.046047
-0.046665
-0.047283
-0.047900
-0.048516
-0.049132
-0.049747
-0.050361
-0.050975
-0.051587
-0.052199
-0.052810
-0.053420
-0.054029
-0.054637
-0.055243
-0.055849
-0.056454
-0.057057
-0.057659
-0.058259
-0.058858
-0.059456
-0.060052
-0.060646
-0.061239
-0.061829
-0.062418
-0.063005
-0.063590
-0.064173
-0.064753
-0.065331
-0.065907
-0.066481
-0.067052
-0.067620
-0.068186
-0.068749
-0.069310
-0.069868
-0.070423
-0.070975
-0.071524
-0.072070
-0.072613
-0.073153
-0.073690
-0.074223
-0.074754
-0.075281
-0.075805
-0.076326
-0.076844
-0.077358
-0.077870
-0.078379
-0.078885
-0.079387
-0.079887
-0.080384
-0.080879
-0.081370
-0.081859
-0.082344
-0.082828
-0.083309
-0.083787
-0.084263
-0.084737
-0.085208
-0.085678
-0.086145
-0.086610
-0.087074
-0.087536
-0.087996
-0.088455
-0.088912
-0.089368
-0.089823
-0.090276
-0.090728
-0.091179
-0.091629
-0.092077
-0.092525
-0.092973
-0.093419
-0.093865
-0.094310
-0.094754
-0.095198
-0.095642
-0.096085
-0.096528
-0.096970
-0.097412
-0.097853
-0.098294
-0.098734
-0.099174
-0.099613
-0.100052
-0.100490
-0.100928
-0.101364
-0.101801
-0.102236
-0.102671
-0.103105
-0.103538
-0.103970
-0.104400
-0.104830
-0.105258
-0.105684
-0.106109
-0.106532
-0.106953
-0.107372
-0.107790
-0.108205
-0.108617
-0.109028
-0.109435
-0.109840
-0.110242
-0.110642
-0.111038
-0.111430
-0.111820
-0.112205
-0.112587
-0.112966
-0.113340
-0.113710
-0.114076
-0.114437
-0.114794
-0.115147
-0.115494
-0.115837
-0.116175
-0.116508
-0.116836
-0.117159
-0.117477
-0.117789
-0.118097
-0.118398
-0.118694
-0.118985
-0.119270
-0.119549
-0.119823
-0.120091
-0.120353
-0.120609
-0.120860
-0.121105
-0.121344
-0.121578
-0.121806
-0.122029
-0.122246
-0.122457
-0.122663
-0.122863
-0.123057
-0.123246
-0.123430
-0.123608
-0.123781
-0.123948
-0.124111
-0.124268
-0.124421
-0.124568
-0.124711
-0.124849
-0.124982
-0.125110
-0.125234
-0.125353
-0.125468
-0.125578
-0.125685
-0.125786
-0.125884
-0.125977
-0.126067
-0.126152
-0.126233
-0.126311
-0.126384
-0.126454
-0.126520
-0.126583
-0.126642
-0.126697
-0.126749
-0.126797
-0.126841
-0.126882
-0.126920
-0.126954
-0.126984
-0.127011
-0.127034
-0.127054
-0.127070
-0.127083
-0.127092
-0.127098
-0.127101
-0.127099
-0.127095
-0.127086
-0.127074
-0.127058
-0.127038
-0.127014
-0.126987
-0.126955
-0.126919
-0.126879
-0.126836
-0.126787
-0.126735
-0.126679
-0.126618
-0.126552
-0.126482
-0.126408
-0.126329
-0.126245
-0.126157
-0.126064
-0.125966
-0.125863
-0.125756
-0.125643
-0.125525
-0.125403
-0.125275
-0.125142
-0.125004
-0.124860
-0.124712
-0.124558
-0.124399
-0.124234
-0.124064
-0.123889
-0.123709
-0.123523
-0.123332
-0.123135
-0.122933
-0.122725
-0.122512
-0.122294
-0.122070
-0.121841
-0.121607
-0.121367
-0.121122
-0.120872
-0.120617
-0.120356
-0.120091
-0.119820
-0.119544
-0.119263
-0.118977
-0.118686
-0.118390
-0.118089
-0.117783
-0.117473
-0.117158
-0.116838
-0.116513
-0.116184
-0.115851
-0.115513
-0.115171
-0.114824
-0.114473
-0.114118
-0.113759
-0.113395
-0.113028
-0.112656
-0.112280
-0.111901
-0.111517
-0.111130
-0.110739
-0.110344
-0.109946
-0.109544
-0.109138
-0.108729
-0.108316
-0.107899
-0.107480
-0.107056
-0.106630
-0.106200
-0.105767
-0.105330
-0.104890
-0.104447
-0.104000
-0.103550
-0.103098
-0.102642
-0.102182
-0.101720
-0.101255
-0.100786
-0.100314
-0.099840
-0.099362
-0.098881
-0.098397
-0.097910
-0.097420
-0.096927
-0.096431
-0.095931
-0.095429
-0.094924
-0.094416
-0.093905
-0.093391
-0.092873
-0.092353
-0.091830
-0.091305
-0.090776
-0.090244
-0.089709
-0.089172
-0.088632
-0.088088
-0.087542
-0.086994
-0.086442
-0.085888
-0.085331
-0.084771
-0.084208
-0.083643
-0.083076
-0.082506
-0.081933
-0.081358
-0.080780
-0.080200
-0.079618
-0.079033
-0.078446
-0.077857
-0.077266
-0.076672
-0.076077
-0.075479
-0.074880
-0.074279
-0.073676
-0.073072
-0.072466
-0.071858
-0.071249
-0.070639
-0.070027
-0.069414
-0.068800
-0.068185
-0.067569
-0.066953
-0.066335
-0.065717
-0.065098
-0.064479
-0.063859
-0.063239
-0.062618
-0.061998
-0.061377
-0.060757
-0.060137
-0.059517
-0.058897
-0.058277
-0.057658
-0.057040
-0.056422
-0.055805
-0.055188
-0.054572
-0.053958
-0.053344
-0.052731
-0.052119
-0.051509
-0.050900
-0.050292
-0.049685
-0.049080
-0.048476
-0.047874
-0.047273
-0.046673
-0.046075
-0.045479
-0.044884
-0.044291
-0.043699
-0.043109
-0.042521
-0.041935
-0.041350
-0.040767
-0.040185
-0.039605
-0.039027
-0.038450
-0.037875
-0.037302
-0.036730
-0.036160
-0.035591
-0.035023
-0.034458
-0.033893
-0.033330
-0.032769
-0.032209
-0.031650
-0.031093
-0.030537
-0.029982
-0.029429
-0.028877
-0.028326
-0.027777
-0.027228
-0.026681
-0.026135
-0.025590
-0.025046
-0.024503
-0.023961
-0.023420
-0.022881
-0.022342
-0.021805
-0.021269
-0.020734
-0.020200
-0.019667
-0.019135
-0.018604
-0.018075
-0.017546
-0.017019
-0.016493
-0.015968
-0.015445
-0.014923
-0.014402
-0.013883
-0.013365
-0.012848
-0.012334
-0.011821
-0.011309
-0.010800
-0.010292
-0.009786
-0.009282
-0.008780
-0.008280
-0.007783
-0.007287
-0.006794
-0.006303
-0.005815
-0.005329
-0.004846
-0.004366
-0.003888
-0.003414
-0.002942
-0.002474
-0.002009
-0.001547
-0.001088
-0.000633
-0.000181
0.000267
0.000712
0.001153
0.001589
0.002022
0.002451
0.002876
0.003296
0.003712
0.004124
0.004531
0.004933
0.005331
0.005725
0.006113
0.006496
0.006875
0.007248
0.007617
0.007980
0.008338
0.008691
0.009038
0.009380
0.009716
0.010046
0.010371
0.010690
0.011004
0.011311
0.011613
0.011908
0.012197
0.012480
0.012757
0.013028
0.013292
0.013550
0.013801
0.014045
0.014283
0.014515
0.014739
0.014957
0.015168
0.015372
0.015569
0.015759
0.015941
0.016117
0.016286
0.016447
0.016601
0.016748
0.016887
0.017019
0.017143
0.017260
0.017369
0.017471
0.017565
0.017652
0.017731
0.017802
0.017865
0.017921
0.017970
0.018010
0.018043
0.018068
0.018085
0.018094
0.018095
0.018089
0.018075
0.018053
0.018024
0.017987
0.017942
0.017890
0.017830
0.017763
0.017688
0.017605
0.017515
0.017418
0.017313
0.017201
0.017082
0.016955
0.016822
0.016681
0.016533
0.016379
0.016218
0.016050
0.015875
0.015694
0.015507
0.015313
0.015112
0.014906
0.014693
0.014474
0.014250
0.014019
0.013782
0.013540
0.013292
0.013039
0.012780
0.012516
0.012247
0.011972
0.011692
0.011407
0.011117
0.010823
0.010523
0.010219
0.009910
0.009596
0.009277
0.008954
0.008626
0.008294
0.007957
0.007615
0.007270
0.006919
0.006565
0.006206
0.005843
0.005475
0.005103
0.004727
0.004346
0.003961
0.003571
0.003177
0.002778
0.002375
0.001967
0.001554
0.001137
0.000715
0.000289
-0.000142
-0.000578
-0.001019
-0.001464
-0.001915
-0.002370
-0.002831
-0.003297
-0.003768
-0.004244
-0.004725
-0.005212
-0.005704
-0.006201
-0.006704
-0.007212
-0.007726
-0.008246
-0.008771
-0.009301
-0.009837
-0.010378
-0.010925
-0.011478
-0.012036
-0.012600
-0.013169
-0.013744
-0.014324
-0.014910
-0.015502
-0.016098
-0.016701
-0.017308
-0.017920
-0.018538
-0.019160
-0.019787
-0.020419
-0.021056
-0.021697
-0.022343
-0.022993
-0.023647
-0.024306
-0.024969
-0.025635
-0.026305
-0.026979
-0.027656
-0.028336
-0.029019
-0.029705
-0.030393
-0.031084
-0.031777
-0.032472
-0.033169
-0.033868
-0.034568
-0.035270
-0.035973
-0.036677
-0.037382
-0.038087
-0.038793
-0.039500
-0.040207
-0.040913
-0.041620
-0.042326
-0.043032
-0.043737
-0.044442
-0.045145
-0.045848
-0.046549
-0.047249
-0.047948
-0.048646
-0.049342
-0.050037
-0.050731
-0.051423
-0.052113
-0.052802
-0.053489
-0.054174
-0.054857
-0.055538
-0.056218
-0.056895
-0.057571
-0.058245
-0.058918
-0.059590
-0.060260
-0.060928
-0.061596
-0.062262
-0.062927
-0.063591
-0.064254
-0.064917
-0.065578
-0.066239
-0.066900
-0.067560
-0.068220
-0.068880
-0.069541
-0.070201
-0.070862
-0.071524
-0.072186
-0.072849
-0.073514
-0.074179
-0.074846
-0.075515
-0.076185
-0.076857
-0.077530
-0.078206
-0.078884
-0.079563
-0.080246
-0.080930
-0.081617
-0.082307
-0.082999
-0.083694
-0.084393
-0.085094
-0.085798
-0.086506
-0.087216
-0.087930
-0.088647
-0.089366
-0.090089
-0.090814
-0.091543
-0.092274
-0.093008
-0.093745
-0.094485
-0.095227
-0.095972
-0.096720
-0.097470
-0.098223
-0.098977
-0.099734
-0.100492
-0.101252
-0.102013
-0.102776
-0.103539
-0.104304
-0.105069
-0.105835
-0.106601
-0.107367
-0.108133
-0.108899
-0.109665
-0.110429
-0.111193
-0.111956
-0.112716
-0.113476
-0.114233
-0.114987
-0.115740
-0.116489
-0.117236
-0.117979
-0.118719
-0.119454
-0.120186
-0.120914
-0.121637
-0.122356
-0.123070
-0.123778
-0.124482
-0.125179
-0.125872
-0.126558
-0.127238
-0.127911
-0.128578
-0.129239
-0.129892
-0.130538
-0.131177
-0.131808
-0.132432
-0.133048
-0.133657
-0.134258
-0.134851
-0.135436
-0.136012
-0.136580
-0.137140
-0.137691
-0.138234
-0.138768
-0.139293
-0.139809
-0.140317
-0.140815
-0.141305
-0.141786
-0.142259
-0.142722
-0.143177
-0.143623
-0.144060
-0.144488
-0.144907
-0.145317
-0.145719
-0.146112
-0.146496
-0.146871
-0.147238
-0.147596
-0.147946
-0.148287
-0.148620
-0.148945
-0.149261
-0.149570
-0.149870
-0.150162
-0.150446
-0.150723
-0.150991
-0.151252
-0.151505
-0.151751
-0.151989
-0.152220
-0.152444
-0.152661
-0.152870
-0.153073
-0.153268
-0.153457
-0.153639
-0.153815
-0.153984
-0.154147
-0.154303
-0.154453
-0.154597
-0.154735
-0.154866
-0.154992
-0.155112
-0.155226
-0.155335
-0.155438
-0.155535
-0.155627
-0.155714
-0.155795
-0.155871
-0.155942
-0.156007
-0.156068
-0.156123
-0.156174
-0.156220
-0.156261
-0.156297
-0.156328
-0.156355
-0.156377
-0.156395
-0.156408
-0.156416
-0.156420
-0.156420
-0.156415
-0.156406
-0.156393
-0.156375
-0.156352
-0.156326
-0.156295
-0.156259
-0.156220
-0.156176
-0.156127
-0.156075
-0.156018
-0.155956
-0.155891
-0.155820
-0.155746
-0.155667
-0.155583
-0.155495
-0.155402
-0.155304
-0.155202
-0.155095
-0.154983
-0.154866
-0.154744
-0.154617
-0.154486
-0.154349
-0.154207
-0.154059
-0.153906
-0.153748
-0.153584
-0.153414
-0.153238
-0.153057
-0.152869
-0.152676
-0.152476
-0.152269
-0.152057
-0.151838
-0.151612
-0.151379
-0.151140
-0.150893
-0.150639
-0.150379
-0.150110
-0.149835
-0.149552
-0.149261
-0.148962
-0.148655
-0.148341
-0.148018
-0.147687
-0.147347
-0.147000
-0.146644
-0.146279
-0.145906
-0.145524
-0.145133
-0.144734
-0.144326
-0.143909
-0.143483
-0.143048
-0.142604
-0.142151
-0.141688
-0.141217
-0.140736
-0.140247
-0.139748
-0.139240
-0.138724
-0.138198
-0.137664
-0.137121
-0.136569
-0.136009
-0.135439
-0.134862
-0.134275
-0.133680
-0.133077
-0.132465
-0.131846
-0.131218
-0.130583
-0.129941
-0.129291
-0.128634
-0.127970
-0.127299
-0.126621
-0.125937
-0.125246
-0.124549
-0.123846
-0.123138
-0.122424
-0.121704
-0.120980
-0.120251
-0.119518
-0.118780
-0.118038
-0.117293
-0.116544
-0.115792
-0.115037
-0.114279
-0.113519
-0.112757
-0.111993
-0.111227
-0.110460
-0.109692
-0.108923
-0.108153
-0.107384
-0.106614
-0.105845
-0.105076
-0.104308
-0.103541
-0.102776
-0.102012
-0.101251
-0.100491
-0.099734
-0.098979
-0.098227
-0.097478
-0.096732
-0.095990
-0.095252
-0.094517
-0.093786
-0.093060
-0.092338
-0.091621
-0.090909
-0.090202
-0.089501
-0.088804
-0.088113
-0.087428
-0.086748
-0.086074
-0.085405
-0.084743
-0.084087
-0.083436
-0.082792
-0.082155
-0.081524
-0.080899
-0.080281
-0.079669
-0.079064
-0.078466
-0.077873
-0.077288
-0.076708
-0.076135
-0.075569
-0.075009
-0.074455
-0.073907
-0.073366
-0.072831
-0.072302
-0.071779
-0.071263
-0.070752
-0.070247
-0.069747
-0.069253
-0.068765
-0.068281
-0.067803
-0.067330
-0.066861
-0.066397
-0.065938
-0.065483
-0.065033
-0.064586
-0.064144
-0.063705
-0.063271
-0.062839
-0.062411
-0.061986
-0.061564
-0.061145
-0.060729
-0.060315
-0.059903
-0.059494
-0.059087
-0.058681
-0.058277
-0.057875
-0.057474
-0.057074
-0.056675
-0.056277
-0.055880
-0.055484
-0.055088
-0.054692
-0.054297
-0.053901
-0.053506
-0.053110
-0.052713
-0.052317
-0.051919
-0.051521
-0.051122
-0.050722
-0.050322
-0.049920
-0.049517
-0.049113
-0.048708
-0.048302
-0.047894
-0.047485
-0.047074
-0.046661
-0.046247
-0.045831
-0.045414
-0.044995
-0.044574
-0.044152
-0.043728
-0.043302
-0.042875
-0.042446
-0.042015
-0.041583
-0.041149
-0.040714
-0.040277
-0.039838
-0.039398
-0.038957
-0.038514
-0.038070
-0.037624
-0.037177
-0.036730
-0.036281
-0.035831
-0.035380
-0.034929
-0.034476
-0.034023
-0.033570
-0.033116
-0.032661
-0.032206
-0.031751
-0.031295
-0.030840
-0.030385
-0.029930
-0.029475
-0.029020
-0.028566
-0.028112
-0.027659
-0.027207
-0.026756
-0.026306
-0.025857
-0.025409
-0.024962
-0.024516
-0.024072
-0.023630
-0.023190
-0.022751
-0.022314
-0.021879
-0.021446
-0.021016
-0.020587
-0.020162
-0.019738
-0.019318
-0.018900
-0.018485
-0.018072
-0.017663
-0.017257
-0.016854
-0.016454
-0.016058
-0.015665
-0.015275
-0.014889
-0.014507
-0.014129
-0.013754
-0.013384
-0.013017
-0.012655
-0.012297
-0.011943
-0.011593
-0.011248
-0.010907
-0.010570
-0.010238
-0.009911
-0.009589
-0.009271
-0.008958
-0.008650
-0.008348
-0.008050
-0.007757
-0.007469
-0.007186
-0.006909
-0.006637
-0.006370
-0.006109
-0.005853
-0.005602
-0.005357
-0.005117
-0.004883
-0.004655
-0.004432
-0.004215
-0.004004
-0.003798
-0.003598
-0.003404
-0.003215
-0.003033
-0.002856
-0.002685
-0.002520
-0.002360
-0.002207
-0.002060
-0.001918
-0.001782
-0.001653
-0.001529
-0.001411
-0.001299
-0.001193
-0.001092
-0.000998
-0.000909
-0.000827
-0.000750
-0.000679
-0.000613
-0.000554
-0.000500
-0.000452
-0.000410
-0.000373
-0.000342
-0.000317
-0.000297
-0.000283
-0.000274
-0.000271
-0.000273
-0.000280
-0.000293
-0.000312
-0.000336
-0.000365
-0.000399
-0.000438
-0.000483
-0.000532
-0.000587
-0.000647
-0.000711
-0.000781
-0.000855
-0.000935
-0.001019
-0.001107
-0.001201
-0.001299
-0.001402
-0.001509
-0.001621
-0.001737
-0.001857
-0.001982
-0.002112
-0.002245
-0.002383
-0.002525
-0.002671
-0.002822
-0.002976
-0.003135
-0.003297
-0.003464
-0.003634
-0.003808
-0.003986
-0.004168
-0.004354
-0.004543
-0.004737
-0.004933
-0.005134
-0.005338
-0.005546
-0.005757
-0.005972
-0.006191
-0.006412
-0.006638
-0.006867
-0.007099
-0.007334
-0.007573
-0.007816
-0.008061
-0.008311
-0.008563
-0.008819
-0.009078
-0.009340
-0.009606
-0.009875
-0.010147
-0.010422
-0.010701
-0.010983
-0.011268
-0.011556
-0.011848
-0.012142
-0.012440
-0.012742
-0.013046
-0.013354
-0.013665
-0.013979
-0.014297
-0.014617
-0.014941
-0.015268
-0.015599
-0.015933
-0.016270
-0.016610
-0.016954
-0.017301
-0.017651
-0.018004
-0.018361
-0.018722
-0.019085
-0.019452
-0.019823
-0.020197
-0.020574
-0.020954
-0.021338
-0.021726
-0.022117
-0.022511
-0.022909
-0.023310
-0.023715
-0.024123
-0.024534
-0.024949
-0.025368
-0.025790
-0.026215
-0.026644
-0.027077
-0.027513
-0.027952
-0.028395
-0.028841
-0.029291
-0.029744
-0.030200
-0.030660
-0.031124
-0.031590
-0.032061
-0.032534
-0.033011
-0.033491
-0.033975
-0.034462
-0.034952
-0.035445
-0.035941
-0.036441
-0.036944
-0.037449
-0.037958
-0.038470
-0.038985
-0.039503
-0.040024
-0.040548
-0.041074
-0.041604
-0.042136
-0.042671
-0.043209
-0.043749
-0.044292
-0.044837
-0.045385
-0.045936
-0.046489
-0.047044
-0.047601
-0.048161
-0.048723
-0.049287
-0.049854
-0.050422
-0.050992
-0.051564
-0.052139
-0.052715
-0.053292
-0.053872
-0.054453
-0.055035
-0.055620
-0.056205
-0.056792
-0.057381
-0.057971
-0.058562
-0.059154
-0.059747
-0.060341
-0.060936
-0.061532
-0.062129
-0.062727
-0.063325
-0.063924
-0.064524
-0.065124
-0.065724
-0.066325
-0.066926
-0.067528
-0.068129
-0.068731
-0.069332
-0.069934
-0.070535
-0.071137
-0.071738
-0.072338
-0.072938
-0.073538
-0.074137
-0.074736
-0.075334
-0.075931
-0.076527
-0.077123
-0.077717
-0.078311
-0.078903
-0.079494
-0.080084
-0.080673
-0.081261
-0.081846
-0.082431
-0.083014
-0.083595
-0.084174
-0.084752
-0.085328
-0.085901
-0.086473
-0.087043
-0.087611
-0.088177
-0.088740
-0.089301
-0.089860
-0.090417
-0.090970
-0.091522
-0.092071
-0.092617
-0.093160
-0.093701
-0.094239
-0.094773
-0.095305
-0.095834
-0.096360
-0.096883
-0.097403
-0.097919
-0.098432
-0.098942
-0.099448
-0.099951
-0.100451
-0.100947
-0.101439
-0.101928
-0.102412
-0.102894
-0.103371
-0.103845
-0.104314
-0.104780
-0.105242
-0.105700
-0.106153
-0.106603
-0.107048
-0.107490
-0.107926
-0.108359
-0.108787
-0.109211
-0.109631
-0.110046
-0.110457
-0.110863
-0.111265
-0.111662
-0.112054
-0.112442
-0.112825
-0.113204
-0.113578
-0.113947
-0.114311
-0.114670
-0.115025
-0.115374
-0.115719
-0.116059
-0.116394
-0.116724
-0.117050
-0.117370
-0.117685
-0.117995
-0.118300
-0.118600
-0.118895
-0.119185
-0.119470
-0.119750
-0.120025
-0.120294
-0.120559
-0.120818
-0.121073
-0.121322
-0.121567
-0.121806
-0.122040
-0.122269
-0.122493
-0.122712
-0.122926
-0.123135
-0.123338
-0.123537
-0.123731
-0.123920
-0.124104
-0.124282
-0.124456
-0.124625
-0.124789
-0.124949
-0.125103
-0.125252
-0.125397
-0.125537
-0.125671
-0.125802
-0.125927
-0.126048
-0.126164
-0.126275
-0.126381
-0.126483
-0.126581
-0.126673
-0.126761
-0.126845
-0.126924
-0.126998
-0.127068
-0.127134
-0.127195
-0.127252
-0.127304
-0.127352
-0.127395
-0.127434
-0.127469
-0.127499
-0.127525
-0.127547
-0.127564
-0.127577
-0.127586
-0.127591
-0.127592
-0.127588
-0.127580
-0.127568
-0.127552
-0.127531
-0.127507
-0.127478
-0.127445
-0.127408
-0.127367
-0.127322
-0.127272
-0.127219
-0.127161
-0.127100
-0.127034
-0.126964
-0.126891
-0.126813
-0.126731
-0.126645
-0.126555
-0.126460
-0.126362
-0.126260
-0.126153
-0.126043
-0.125928
-0.125809
-0.125687
-0.125560
-0.125429
-0.125295
-0.125156
-0.125013
-0.124866
-0.124715
-0.124560
-0.124401
-0.124238
-0.124072
-0.123901
-0.123726
-0.123547
-0.123364
-0.123178
-0.122987
-0.122793
-0.122595
-0.122393
-0.122187
-0.121978
-0.121764
-0.121547
-0.121326
-0.121102
-0.120874
-0.120642
-0.120407
-0.120168
-0.119925
-0.119679
-0.119430
-0.119177
-0.118921
-0.118662
-0.118399
-0.118133
-0.117864
-0.117591
-0.117316
-0.117037
-0.116755
-0.116471
-0.116183
-0.115892
-0.115599
-0.115303
-0.115004
-0.114702
-0.114398
-0.114091
-0.113782
-0.113470
-0.113155
-0.112838
-0.112519
-0.112197
-0.111874
-0.111548
-0.111219
-0.110889
-0.110557
-0.110222
-0.109886
-0.109547
-0.109207
-0.108865
-0.108521
-0.108176
-0.107828
-0.107479
-0.107129
-0.106777
-0.106423
-0.106068
-0.105711
-0.105353
-0.104993
-0.104632
-0.104269
-0.103905
-0.103540
-0.103174
-0.102806
-0.102437
-0.102067
-0.101695
-0.101323
-0.100949
-0.100574
-0.100198
-0.099821
-0.099442
-0.099063
-0.098682
-0.098300
-0.097917
-0.097533
-0.097148
-0.096762
-0.096375
-0.095987
-0.095597
-0.095207
-0.094815
-0.094423
-0.094029
-0.093634
-0.093238
-0.092841
-0.092442
-0.092043
-0.091642
-0.091240
-0.090838
-0.090433
-0.090028
-0.089622
-0.089214
-0.088805
-0.088395
-0.087983
-0.087571
-0.087157
-0.086742
-0.086325
-0.085908
-0.085489
-0.085068
-0.084647
-0.084224
-0.083800
-0.083374
-0.082948
-0.082520
-0.082090
-0.081659
-0.081227
-0.080794
-0.080359
-0.079923
-0.079486
-0.079047
-0.078607
-0.078165
-0.077723
-0.077278
-0.076833
-0.076386
-0.075938
-0.075489
-0.075038
-0.074586
-0.074133
-0.073678
-0.073222
-0.072765
-0.072307
-0.071847
-0.071386
-0.070924
-0.070461
-0.069997
-0.069531
-0.069064
-0.068596
-0.068127
-0.067657
-0.067185
-0.066713
-0.066239
-0.065764
-0.065288
-0.064810
-0.064332
-0.063852
-0.063372
-0.062890
-0.062407
-0.061923
-0.061438
-0.060951
-0.060464
-0.059976
-0.059486
-0.058995
-0.058504
-0.058011
-0.057517
-0.057022
-0.056526
-0.056029
-0.055531
-0.055032
-0.054531
-0.054030
-0.053527
-0.053023
-0.052518
-0.052012
-0.051505
-0.050997
-0.050487
-0.049977
-0.049465
-0.048952
-0.048437
-0.047922
-0.047405
-0.046887
-0.046367
-0.045846
-0.045324
-0.044801
-0.044276
-0.043750
-0.043223
-0.042694
-0.042163
-0.041631
-0.041098
-0.040563
-0.040027
-0.039489
-0.038950
-0.038409
-0.037867
-0.037323
-0.036778
-0.036231
-0.035683
-0.035133
-0.034581
-0.034028
-0.033474
-0.032918
-0.032360
-0.031801
-0.031241
-0.030679
-0.030115
-0.029550
-0.028984
-0.028416
-0.027847
-0.027276
-0.026704
-0.026131
-0.025556
-0.024980
-0.024403
-0.023825
-0.023245
-0.022664
-0.022082
-0.021500
-0.020916
-0.020331
-0.019745
-0.019159
-0.018572
-0.017984
-0.017396
-0.016806
-0.016217
-0.015627
-0.015036
-0.014445
-0.013854
-0.013263
-0.012671
-0.012080
-0.011489
-0.010898
-0.010307
-0.009716
-0.009126
-0.008536
-0.007947
-0.007358
-0.006771
-0.006184
-0.005598
-0.005013
-0.004429
-0.003846
-0.003265
-0.002685
-0.002106
-0.001529
-0.000954
-0.000381
0.000191
0.000760
0.001328
0.001893
0.002456
0.003017
0.003575
0.004130
0.004683
0.005233
0.005780
0.006324
0.006865
0.007403
0.007938
0.008469
0.008997
0.009521
0.010041
0.010558
0.011071
0.011580
0.012085
0.012586
0.013082
0.013575
0.014063
0.014546
0.015025
0.015500
0.015969
0.016434
0.016894
0.017350
0.017800
0.018245
0.018685
0.019120
0.019549
0.019974
0.020393
0.020806
0.021214
0.021617
0.022014
0.022405
0.022790
0.023170
0.023544
0.023912
0.024274
0.024630
0.024980
0.025324
0.025663
0.025995
0.026322
0.026642
0.026956
0.027265
0.027567
0.027864
0.028154
0.028438
0.028716
0.028988
0.029255
0.029515
0.029769
0.030017
0.030260
0.030496
0.030726
0.030951
0.031170
0.031383
0.031590
0.031791
0.031987
0.032177
0.032361
0.032540
0.032713
0.032880
0.033042
0.033198
0.033349
0.033494
0.033634
0.033769
0.033898
0.034022
0.034141
0.034255
0.034363
0.034466
0.034564
0.034657
0.034745
0.034828
0.034907
0.034980
0.035048
0.035112
0.035170
0.035224
0.035274
0.035318
0.035358
0.035393
0.035424
0.035450
0.035472
0.035489
0.035501
0.035509
0.035512
0.035511
0.035505
0.035495
0.035480
0.035461
0.035437
0.035409
0.035376
0.035339
0.035298
0.035252
0.035201
0.035146
0.035087
0.035023
0.034955
0.034882
0.034805
0.034724
0.034638
0.034547
0.034453
0.034353
0.034250
0.034141
0.034029
0.033911
0.033790
0.033664
0.033533
0.033398
0.033258
0.033114
0.032965
0.032811
0.032653
0.032491
0.032324
0.032152
0.031975
0.031795
0.031609
0.031419
0.031224
0.031025
0.030821
0.030612
0.030399
0.030181
0.029958
0.029731
0.029499
0.029263
0.029021
0.028776
0.028525
0.028271
0.028011
0.027747
0.027479
0.027206
0.026928
0.026646
0.026359
0.026068
0.025773
0.025473
0.025169
0.024860
0.024547
0.024230
0.023909
0.023583
0.023253
0.022919
0.022581
0.022240
0.021894
0.021544
0.021190
0.020833
0.020471
0.020106
0.019738
0.019366
0.018990
0.018611
0.018229
0.017844
0.017455
0.017064
0.016669
0.016272
0.015872
0.015470
0.015064
0.014657
0.014247
0.013834
0.013420
0.013003
0.012585
0.012165
0.011743
0.011319
0.010894
0.010467
0.010039
0.009610
0.009180
0.008749
0.008316
0.007884
0.007450
0.007016
0.006581
0.006146
0.005711
0.005276
0.004840
0.004405
0.003970
0.003535
0.003100
0.002666
0.002233
0.001800
0.001368
0.000937
0.000507
0.000077
-0.000351
-0.000778
-0.001204
-0.001629
-0.002053
-0.002476
-0.002897
-0.003316
-0.003734
-0.004151
-0.004566
-0.004979
-0.005391
-0.005801
-0.006209
-0.006616
-0.007022
-0.007425
-0.007827
-0.008228
-0.008627
-0.009025
-0.009421
-0.009815
-0.010208
-0.010600
-0.010990
-0.011378
-0.011766
-0.012152
-0.012537
-0.012920
-0.013303
-0.013684
-0.014065
-0.014445
-0.014823
-0.015202
-0.015579
-0.015955
-0.016332
-0.016707
-0.017082
-0.017457
-0.017832
-0.018206
-0.018580
-0.018955
-0.019330
-0.019705
-0.020080
-0.020456
-0.020832
-0.021209
-0.021587
-0.021966
-0.022345
-0.022726
-0.023108
-0.023491
-0.023875
-0.024261
-0.024648
-0.025037
-0.025427
-0.025819
-0.026212
-0.026608
-0.027005
-0.027405
-0.027806
-0.028210
-0.028616
-0.029024
-0.029434
-0.029846
-0.030261
-0.030678
-0.031097
-0.031519
-0.031943
-0.032370
-0.032799
-0.033230
-0.033665
-0.034101
-0.034540
-0.034982
-0.035426
-0.035873
-0.036322
-0.036773
-0.037227
-0.037683
-0.038142
-0.038602
-0.039065
-0.039531
-0.039998
-0.040467
-0.040939
-0.041413
-0.041889
-0.042366
-0.042846
-0.043327
-0.043810
-0.044294
-0.044781
-0.045268
-0.045757
-0.046248
-0.046739
-0.047232
-0.047726
-0.048221
-0.048718
-0.049214
-0.049712
-0.050211
-0.050710
-0.051210
-0.051710
-0.052210
-0.052711
-0.053212
-0.053714
-0.054215
-0.054716
-0.055218
-0.055719
-0.056220
-0.056720
-0.057220
-0.057720
-0.058219
-0.058717
-0.059215
-0.059712
-0.060209
-0.060704
-0.061199
-0.061693
-0.062185
-0.062677
-0.063167
-0.063656
-0.064144
-0.064630
-0.065115
-0.065599
-0.066081
-0.066562
-0.067041
-0.067519
-0.067995
-0.068469
-0.068942
-0.069413
-0.069882
-0.070349
-0.070815
-0.071279
-0.071740
-0.072200
-0.072658
-0.073114
-0.073567
-0.074019
-0.074469
-0.074916
-0.075361
-0.075805
-0.076245
-0.076684
-0.077120
-0.077554
-0.077986
-0.078415
-0.078842
-0.079267
-0.079688
-0.080108
-0.080524
-0.080938
-0.081350
-0.081758
-0.082164
-0.082567
-0.082967
-0.083364
-0.083758
-0.084150
-0.084538
-0.084923
-0.085304
-0.085683
-0.086058
-0.086430
-0.086798
-0.087162
-0.087523
-0.087881
-0.088234
-0.088584
-0.088930
-0.089272
-0.089609
-0.089943
-0.090272
-0.090597
-0.090918
-0.091234
-0.091545
-0.091852
-0.092153
-0.092450
-0.092742
-0.093028
-0.093310
-0.093585
-0.093856
-0.094121
-0.094380
-0.094633
-0.094881
-0.095123
-0.095358
-0.095588
-0.095811
-0.096028
-0.096238
-0.096442
-0.096639
-0.096830
-0.097013
-0.097190
-0.097360
-0.097523
-0.097678
-0.097827
-0.097968
-0.098102
-0.098229
-0.098348
-0.098460
-0.098565
-0.098661
-0.098751
-0.098832
-0.098906
-0.098972
-0.099030
-0.099081
-0.099124
-0.099159
-0.099186
-0.099206
-0.099218
-0.099222
-0.099219
-0.099208
-0.099190
-0.099164
-0.099130
-0.099089
-0.099040
-0.098984
-0.098921
-0.098850
-0.098772
-0.098687
-0.098595
-0.098496
-0.098391
-0.098278
-0.098159
-0.098033
-0.097901
-0.097762
-0.097617
-0.097466
-0.097308
-0.097145
-0.096975
-0.096800
-0.096619
-0.096432
-0.096240
-0.096042
-0.095839
-0.095631
-0.095418
-0.095200
-0.094976
-0.094748
-0.094516
-0.094278
-0.094036
-0.093790
-0.093539
-0.093284
-0.093024
-0.092761
-0.092493
-0.092221
-0.091946
-0.091666
-0.091383
-0.091096
-0.090806
-0.090512
-0.090215
-0.089914
-0.089609
-0.089301
-0.088990
-0.088675
-0.088357
-0.088035
-0.087711
-0.087382
-0.087051
-0.086716
-0.086378
-0.086036
-0.085692
-0.085344
-0.084993
-0.084638
-0.084280
-0.083919
-0.083554
-0.083186
-0.082815
-0.082440
-0.082062
-0.081680
-0.081295
-0.080906
-0.080513
-0.080117
-0.079718
-0.079315
-0.078908
-0.078497
-0.078083
-0.077666
-0.077244
-0.076819
-0.076390
-0.075957
-0.075521
-0.075081
-0.074637
-0.074189
-0.073738
-0.073282
-0.072823
-0.072360
-0.071893
-0.071423
-0.070949
-0.070471
-0.069990
-0.069505
-0.069016
-0.068524
-0.068029
-0.067530
-0.067027
-0.066521
-0.066011
-0.065499
-0.064983
-0.064463
-0.063941
-0.063416
-0.062888
-0.062357
-0.061823
-0.061287
-0.060748
-0.060206
-0.059662
-0.059116
-0.058567
-0.058017
-0.057464
-0.056909
-0.056352
-0.055794
-0.055234
-0.054673
-0.054110
-0.053546
-0.052981
-0.052414
-0.051847
-0.051279
-0.050710
-0.050141
-0.049571
-0.049001
-0.048431
-0.047860
-0.047289
-0.046719
-0.046148
-0.045578
-0.045009
-0.044439
-0.043871
-0.043303
-0.042736
-0.042170
-0.041605
-0.041042
-0.040479
-0.039918
-0.039358
-0.038800
-0.038243
-0.037688
-0.037135
-0.036583
-0.036034
-0.035486
-0.034941
-0.034398
-0.033857
-0.033318
-0.032782
-0.032248
-0.031717
-0.031188
-0.030662
-0.030139
-0.029618
-0.029099
-0.028584
-0.028071
-0.027561
-0.027054
-0.026550
-0.026049
-0.025550
-0.025055
-0.024562
-0.024073
-0.023587
-0.023103
-0.022623
-0.022146
-0.021672
-0.021201
-0.020733
-0.020268
-0.019807
-0.019348
-0.018893
-0.018441
-0.017992
-0.017546
-0.017103
-0.016664
-0.016228
-0.015794
-0.015364
-0.014936
-0.014512
-0.014091
-0.013672
-0.013257
-0.012845
-0.012435
-0.012028
-0.011624
-0.011223
-0.010825
-0.010429
-0.010037
-0.009647
-0.009259
-0.008875
-0.008493
-0.008113
-0.007736
-0.007362
-0.006990
-0.006621
-0.006254
-0.005890
-0.005528
-0.005168
-0.004811
-0.004456
-0.004104
-0.003754
-0.003406
-0.003061
-0.002718
-0.002377
-0.002038
-0.001702
-0.001367
-0.001035
-0.000705
-0.000378
-0.000052
0.000271
0.000593
0.000912
0.001229
0.001544
0.001856
0.002167
0.002475
0.002781
0.003085
0.003387
0.003687
0.003984
0.004279
0.004573
0.004863
0.005152
0.005439
0.005723
0.006004
0.006284
0.006561
0.006836
0.007108
0.007378
0.007645
0.007910
0.008172
0.008432
0.008689
0.008944
0.009196
0.009445
0.009691
0.009935
0.010176
0.010413
0.010648
0.010880
0.011109
0.011334
0.011557
0.011776
0.011992
0.012205
0.012414
0.012620
0.012822
0.013021
0.013216
0.013407
0.013595
0.013779
0.013958
0.014134
0.014306
0.014474
0.014637
0.014796
0.014951
0.015102
0.015248
0.015389
0.015526
0.015659
0.015786
0.015909
0.016027
0.016140
0.016248
0.016351
0.016449
0.016541
0.016629
0.016711
0.016787
0.016859
0.016925
0.016985
0.017040
0.017089
0.017132
0.017170
0.017202
0.017228
0.017248
0.017262
0.017270
0.017273
0.017269
0.017259
0.017243
0.017221
0.017193
0.017158
0.017118
0.017071
0.017018
0.016959
0.016893
0.016822
0.016744
0.016659
0.016569
0.016472
0.016369
0.016259
0.016144
0.016022
0.015894
0.015761
0.015621
0.015474
0.015322
0.015164
0.015000
0.014830
0.014654
0.014472
0.014285
0.014091
0.013892
0.013687
0.013477
0.013261
0.013040
0.012814
0.012582
0.012344
0.012102
0.011854
0.011602
0.011344
0.011082
0.010814
0.010542
0.010265
0.009984
0.009698
0.009408
0.009113
0.008815
0.008512
0.008205
0.007894
0.007579
0.007261
0.006939
0.006613
0.006284
0.005951
0.005615
0.005276
0.004934
0.004589
0.004241
0.003891
0.003537
0.003182
0.002823
0.002462
0.002099
0.001734
0.001367
0.000998
0.000627
0.000254
-0.000121
-0.000497
-0.000875
-0.001255
-0.001636
-0.002018
-0.002401
-0.002785
-0.003171
-0.003557
-0.003944
-0.004332
-0.004721
-0.005110
-0.005500
-0.005891
-0.006282
-0.006673
-0.007065
-0.007457
-0.007850
-0.008242
-0.008635
-0.009028
-0.009420
-0.009813
-0.010206
-0.010598
-0.010991
-0.011383
-0.011776
-0.012168
-0.012560
-0.012952
-0.013344
-0.013735
-0.014127
-0.014518
-0.014908
-0.015299
-0.015689
-0.016079
-0.016469
-0.016859
-0.017249
-0.017638
-0.018027
-0.018416
-0.018805
-0.019194
-0.019583
-0.019972
-0.020361
-0.020750
-0.021139
-0.021528
-0.021917
-0.022307
-0.022696
-0.023086
-0.023477
-0.023868
-0.024259
-0.024651
-0.025043
-0.025437
-0.025831
-0.026226
-0.026621
-0.027018
-0.027416
-0.027814
-0.028214
-0.028615
-0.029018
-0.029422
-0.029827
-0.030234
-0.030642
-0.031053
-0.031465
-0.031879
-0.032295
-0.032713
-0.033133
-0.033555
-0.033979
-0.034406
-0.034835
-0.035267
-0.035701
-0.036138
-0.036577
-0.037019
-0.037464
-0.037912
-0.038363
-0.038816
-0.039273
-0.039732
-0.040195
-0.040661
-0.041130
-0.041603
-0.042078
-0.042557
-0.043039
-0.043524
-0.044013
-0.044505
-0.045000
-0.045499
-0.046001
-0.046506
-0.047015
-0.047527
-0.048043
-0.048561
-0.049084
-0.049609
-0.050137
-0.050669
-0.051204
-0.051742
-0.052282
-0.052826
-0.053373
-0.053922
-0.054475
-0.055030
-0.055587
-0.056148
-0.056710
-0.057276
-0.057843
-0.058413
-0.058984
-0.059558
-0.060134
-0.060711
-0.061290
-0.061870
-0.062452
-0.063035
-0.063620
-0.064205
-0.064792
-0.065379
-0.065967
-0.066556
-0.067144
-0.067734
-0.068323
-0.068912
-0.069501
-0.070090
-0.070679
-0.071266
-0.071854
-0.072440
-0.073025
-0.073609
-0.074192
-0.074773
-0.075353
-0.075932
-0.076508
-0.077082
-0.077655
-0.078225
-0.078793
-0.079358
-0.079920
-0.080480
-0.081037
-0.081591
-0.082142
-0.082690
-0.083234
-0.083774
-0.084312
-0.084845
-0.085375
-0.085901
-0.086422
-0.086940
-0.087453
-0.087963
-0.088467
-0.088967
-0.089463
-0.089954
-0.090440
-0.090921
-0.091397
-0.091869
-0.092335
-0.092796
-0.093252
-0.093703
-0.094149
-0.094589
-0.095024
-0.095453
-0.095877
-0.096295
-0.096707
-0.097114
-0.097515
-0.097911
-0.098301
-0.098685
-0.099064
-0.099437
-0.099804
-0.100166
-0.100522
-0.100872
-0.101217
-0.101556
-0.101889
-0.102217
-0.102539
-0.102855
-0.103166
-0.103472
-0.103771
-0.104066
-0.104354
-0.104638
-0.104916
-0.105188
-0.105455
-0.105717
-0.105973
-0.106224
-0.106469
-0.106710
-0.106945
-0.107174
-0.107399
-0.107619
-0.107833
-0.108042
-0.108247
-0.108446
-0.108640
-0.108830
-0.109015
-0.109194
-0.109369
-0.109539
-0.109705
-0.109866
-0.110022
-0.110173
-0.110320
-0.110462
-0.110599
-0.110732
-0.110861
-0.110985
-0.111105
-0.111220
-0.111331
-0.111438
-0.111540
-0.111638
-0.111732
-0.111821
-0.111906
-0.111988
-0.112065
-0.112138
-0.112207
-0.112272
-0.112333
-0.112390
-0.112443
-0.112492
-0.112538
-0.112579
-0.112617
-0.112651
-0.112681
-0.112708
-0.112731
-0.112750
-0.112765
-0.112777
-0.112786
-0.112791
-0.112792
-0.112790
-0.112784
-0.112775
-0.112763
-0.112747
-0.112728
-0.112705
-0.112680
-0.112651
-0.112619
-0.112584
-0.112545
-0.112504
-0.112459
-0.112412
-0.112361
-0.112308
-0.112251
-0.112192
-0.112130
-0.112065
-0.111997
-0.111927
-0.111853
-0.111777
-0.111699
-0.111617
-0.111533
-0.111446
-0.111357
-0.111265
-0.111170
-0.111073
-0.110973
-0.110871
-0.110766
-0.110659
-0.110549
-0.110437
-0.110322
-0.110204
-0.110084
-0.109962
-0.109837
-0.109710
-0.109580
-0.109448
-0.109313
-0.109175
-0.109036
-0.108893
-0.108748
-0.108600
-0.108450
-0.108297
-0.108142
-0.107983
-0.107822
-0.107658
-0.107491
-0.107322
-0.107149
-0.106974
-0.106795
-0.106614
-0.106429
-0.106241
-0.106051
-0.105856
-0.105659
-0.105458
-0.105254
-0.105046
-0.104835
-0.104620
-0.104402
-0.104180
-0.103954
-0.103724
-0.103491
-0.103253
-0.103011
-0.102766
-0.102516
-0.102261
-0.102003
-0.101740
-0.101472
-0.101200
-0.100924
-0.100642
-0.100356
-0.100065
-0.099769
-0.099468
-0.099162
-0.098852
-0.098536
-0.098214
-0.097888
-0.097557
-0.097220
-0.096878
-0.096531
-0.096178
-0.095820
-0.095457
-0.095087
-0.094713
-0.094333
-0.093947
-0.093556
-0.093160
-0.092758
-0.092351
-0.091938
-0.091520
-0.091096
-0.090667
-0.090233
-0.089793
-0.089349
-0.088898
-0.088443
-0.087982
-0.087516
-0.087045
-0.086569
-0.086088
-0.085603
-0.085112
-0.084617
-0.084117
-0.083613
-0.083104
-0.082590
-0.082073
-0.081550
-0.081024
-0.080494
-0.079959
-0.079421
-0.078879
-0.078333
-0.077784
-0.077231
-0.076675
-0.076115
-0.075552
-0.074987
-0.074418
-0.073846
-0.073272
-0.072695
-0.072115
-0.071533
-0.070949
-0.070362
-0.069774
-0.069183
-0.068590
-0.067995
-0.067399
-0.066801
-0.066201
-0.065600
-0.064998
-0.064394
-0.063789
-0.063183
-0.062576
-0.061968
-0.061360
-0.060750
-0.060140
-0.059529
-0.058918
-0.058306
-0.057694
-0.057081
-0.056468
-0.055855
-0.055242
-0.054629
-0.054017
-0.053404
-0.052791
-0.052179
-0.051567
-0.050955
-0.050344
-0.049734
-0.049123
-0.048514
-0.047905
-0.047297
-0.046690
-0.046083
-0.045478
-0.044874
-0.044270
-0.043668
-0.043066
-0.042466
-0.041868
-0.041270
-0.040674
-0.040079
-0.039485
-0.038893
-0.038303
-0.037714
-0.037126
-0.036541
-0.035957
-0.035374
-0.034794
-0.034215
-0.033639
-0.033064
-0.032491
-0.031920
-0.031351
-0.030784
-0.030219
-0.029657
-0.029097
-0.028539
-0.027983
-0.027429
-0.026878
-0.026329
-0.025783
-0.025239
-0.024697
-0.024158
-0.023621
-0.023087
-0.022556
-0.022026
-0.021500
-0.020976
-0.020454
-0.019936
-0.019419
-0.018906
-0.018395
-0.017887
-0.017381
-0.016878
-0.016377
-0.015879
-0.015383
-0.014891
-0.014400
-0.013912
-0.013427
-0.012945
-0.012464
-0.011987
-0.011512
-0.011039
-0.010569
-0.010101
-0.009636
-0.009173
-0.008712
-0.008254
-0.007798
-0.007344
-0.006893
-0.006444
-0.005997
-0.005552
-0.005110
-0.004670
-0.004232
-0.003796
-0.003363
-0.002932
-0.002503
-0.002076
-0.001651
-0.001229
-0.000809
-0.000391
0.000025
0.000438
0.000849
0.001258
0.001665
0.002069
0.002471
0.002871
0.003267
0.003662
0.004053
0.004442
0.004828
0.005212
0.005592
0.005970
0.006345
0.006716
0.007085
0.007450
0.007812
0.008171
0.008526
0.008877
0.009225
0.009569
0.009909
0.010245
0.010576
0.010904
0.011227
0.011545
0.011859
0.012169
0.012473
0.012772
0.013067
0.013356
0.013639
0.013918
0.014190
0.014457
0.014718
0.014973
0.015221
0.015464
0.015700
0.015929
0.016152
0.016368
0.016578
0.016780
0.016975
0.017163
0.017344
0.017517
0.017682
0.017840
0.017991
0.018133
0.018268
0.018394
0.018512
0.018622
0.018724
0.018817
0.018902
0.018979
0.019047
0.019106
0.019157
0.019200
0.019233
0.019258
0.019274
0.019282
0.019280
0.019270
0.019250
0.019222
0.019185
0.019139
0.019085
0.019021
0.018949
0.018868
0.018779
0.018680
0.018573
0.018458
0.018333
0.018201
0.018059
0.017909
0.017751
0.017584
0.017410
0.017227
0.017036
0.016837
0.016631
0.016416
0.016194
0.015965
0.015727
0.015483
0.015231
0.014972
0.014706
0.014433
0.014154
0.013867
0.013574
0.013275
0.012969
0.012658
0.012340
0.012016
0.011687
0.011352
0.011012
0.010666
0.010315
0.009959
0.009598
0.009233
0.008862
0.008488
0.008108
0.007725
0.007337
0.006946
0.006551
0.006152
0.005749
0.005344
0.004935
0.004522
0.004107
0.003689
0.003268
0.002845
0.002419
0.001991
0.001560
0.001127
0.000693
0.000256
-0.000183
-0.000623
-0.001064
-0.001508
-0.001952
-0.002398
-0.002845
-0.003293
-0.003742
-0.004192
-0.004642
-0.005094
-0.005546
-0.005999
-0.006453
-0.006907
-0.007362
-0.007817
-0.008272
-0.008727
-0.009183
-0.009639
-0.010095
-0.010551
-0.011007
-0.011463
-0.011920
-0.012376
-0.012833
-0.013289
-0.013746
-0.014202
-0.014659
-0.015115
-0.015572
-0.016028
-0.016485
-0.016941
-0.017397
-0.017854
-0.018310
-0.018767
-0.019224
-0.019681
-0.020138
-0.020595
-0.021052
-0.021510
-0.021968
-0.022426
-0.022885
-0.023343
-0.023803
-0.024262
-0.024722
-0.025183
-0.025645
-0.026107
-0.026569
-0.027033
-0.027497
-0.027962
-0.028428
-0.028894
-0.029362
-0.029831
-0.030300
-0.030771
-0.031243
-0.031717
-0.032191
-0.032667
-0.033144
-0.033623
-0.034103
-0.034584
-0.035067
-0.035552
-0.036039
-0.036527
-0.037016
-0.037508
-0.038001
-0.038496
-0.038993
-0.039492
-0.039993
-0.040495
-0.041000
-0.041506
-0.042014
-0.042525
-0.043037
-0.043551
-0.044068
-0.044586
-0.045107
-0.045629
-0.046153
-0.046680
-0.047208
-0.047739
-0.048271
-0.048805
-0.049341
-0.049879
-0.050419
-0.050961
-0.051505
-0.052051
-0.052598
-0.053147
-0.053698
-0.054250
-0.054805
-0.055360
-0.055917
-0.056475
-0.057035
-0.057596
-0.058158
-0.058722
-0.059286
-0.059852
-0.060418
-0.060986
-0.061554
-0.062123
-0.062692
-0.063262
-0.063832
-0.064403
-0.064973
-0.065544
-0.066115
-0.066685
-0.067256
-0.067826
-0.068396
-0.068965
-0.069533
-0.070101
-0.070668
-0.071233
-0.071798
-0.072361
-0.072923
-0.073483
-0.074042
-0.074599
-0.075154
-0.075707
-0.076258
-0.076807
-0.077353
-0.077897
-0.078438
-0.078976
-0.079512
-0.080044
-0.080573
-0.081100
-0.081622
-0.082142
-0.082657
-0.083169
-0.083677
-0.084181
-0.084681
-0.085177
-0.085669
-0.086156
-0.086639
-0.087117
-0.087591
-0.088060
-0.088524
-0.088984
-0.089438
-0.089888
-0.090333
-0.090772
-0.091206
-0.091636
-0.092059
-0.092478
-0.092891
-0.093299
-0.093701
-0.094098
-0.094490
-0.094876
-0.095257
-0.095633
-0.096003
-0.096367
-0.096726
-0.097080
-0.097428
-0.097771
-0.098109
-0.098441
-0.098768
-0.099089
-0.099406
-0.099718
-0.100024
-0.100326
-0.100623
-0.100916
-0.101204
-0.101487
-0.101766
-0.102040
-0.102311
-0.102577
-0.102839
-0.103097
-0.103351
-0.103602
-0.103848
-0.104092
-0.104332
-0.104569
-0.104803
-0.105033
-0.105261
-0.105486
-0.105708
-0.105928
-0.106146
-0.106361
-0.106573
-0.106784
-0.106993
-0.107199
-0.107404
-0.107607
-0.107809
-0.108009
-0.108207
-0.108404
-0.108600
-0.108795
-0.108989
-0.109182
-0.109374
-0.109566
-0.109756
-0.109946
-0.110135
-0.110323
-0.110511
-0.110698
-0.110885
-0.111071
-0.111257
-0.111443
-0.111628
-0.111813
-0.111998
-0.112183
-0.112367
-0.112552
-0.112736
-0.112919
-0.113103
-0.113286
-0.113469
-0.113652
-0.113835
-0.114017
-0.114199
-0.114381
-0.114562
-0.114743
-0.114924
-0.115105
-0.115285
-0.115464
-0.115643
-0.115822
-0.115999
-0.116176
-0.116353
-0.116528
-0.116703
-0.116877
-0.117050
-0.117223
-0.117394
-0.117564
-0.117733
-0.117901
-0.118068
-0.118233
-0.118397
-0.118560
-0.118722
-0.118882
-0.119041
-0.119198
-0.119353
-0.119507
-0.119659
-0.119810
-0.119959
-0.120105
-0.120251
-0.120394
-0.120535
-0.120674
-0.120811
-0.120947
-0.121080
-0.121211
-0.121339
-0.121466
-0.121590
-0.121712
-0.121832
-0.121949
-0.122064
-0.122176
-0.122286
-0.122394
-0.122499
-0.122602
-0.122702
-0.122799
-0.122894
-0.122987
-0.123077
-0.123164
-0.123249
-0.123331
-0.123410
-0.123487
-0.123560
-0.123632
-0.123700
-0.123766
-0.123829
-0.123890
-0.123947
-0.124002
-0.124055
-0.124104
-0.124151
-0.124195
-0.124236
-0.124275
-0.124310
-0.124343
-0.124373
-0.124401
-0.124426
-0.124448
-0.124467
-0.124484
-0.124498
-0.124509
-0.124518
-0.124524
-0.124527
-0.124528
-0.124526
-0.124521
-0.124514
-0.124503
-0.124491
-0.124475
-0.124457
-0.124436
-0.124412
-0.124386
-0.124357
-0.124325
-0.124291
-0.124254
-0.124214
-0.124171
-0.124125
-0.124077
-0.124026
-0.123972
-0.123916
-0.123856
-0.123794
-0.123729
-0.123661
-0.123590
-0.123517
-0.123440
-0.123361
-0.123279
-0.123194
-0.123106
-0.123015
-0.122921
-0.122824
-0.122724
-0.122621
-0.122515
-0.122405
-0.122293
-0.122178
-0.122059
-0.121937
-0.121813
-0.121684
-0.121553
-0.121418
-0.121281
-0.121139
-0.120995
-0.120847
-0.120695
-0.120540
-0.120382
-0.120220
-0.120055
-0.119886
-0.119713
-0.119537
-0.119357
-0.119173
-0.118986
-0.118795
-0.118600
-0.118401
-0.118199
-0.117992
-0.117782
-0.117568
-0.117350
-0.117128
-0.116902
-0.116672
-0.116438
-0.116199
-0.115957
-0.115711
-0.115460
-0.115206
-0.114947
-0.114684
-0.114417
-0.114145
-0.113870
-0.113590
-0.113306
-0.113018
-0.112726
-0.112429
-0.112128
-0.111823
-0.111513
-0.111200
-0.110882
-0.110560
-0.110234
-0.109903
-0.109569
-0.109231
-0.108888
-0.108542
-0.108191
-0.107836
-0.107478
-0.107116
-0.106749
-0.106379
-0.106005
-0.105628
-0.105247
-0.104862
-0.104475
-0.104083
-0.103689
-0.103291
-0.102890
-0.102486
-0.102080
-0.101670
-0.101257
-0.100842
-0.100424
-0.100004
-0.099581
-0.099157
-0.098730
-0.098301
-0.097870
-0.097438
-0.097004
-0.096569
-0.096132
-0.095694
-0.095255
-0.094815
-0.094374
-0.093933
-0.093491
-0.093048
-0.092606
-0.092163
-0.091720
-0.091277
-0.090834
-0.090392
-0.089950
-0.089509
-0.089069
-0.088630
-0.088191
-0.087754
-0.087318
-0.086883
-0.086450
-0.086018
-0.085588
-0.085159
-0.084732
-0.084307
-0.083884
-0.083462
-0.083043
-0.082626
-0.082211
-0.081799
-0.081388
-0.080980
-0.080574
-0.080171
-0.079769
-0.079370
-0.078973
-0.078579
-0.078186
-0.077796
-0.077407
-0.077021
-0.076637
-0.076256
-0.075876
-0.075498
-0.075122
-0.074748
-0.074375
-0.074005
-0.073635
-0.073267
-0.072900
-0.072535
-0.072170
-0.071806
-0.071444
-0.071082
-0.070720
-0.070360
-0.069999
-0.069639
-0.069279
-0.068919
-0.068560
-0.068199
-0.067839
-0.067478
-0.067117
-0.066754
-0.066391
-0.066027
-0.065662
-0.065296
-0.064928
-0.064559
-0.064188
-0.063816
-0.063442
-0.063067
-0.062689
-0.062310
-0.061929
-0.061546
-0.061161
-0.060773
-0.060384
-0.059992
-0.059598
-0.059201
-0.058802
-0.058400
-0.057996
-0.057590
-0.057182
-0.056771
-0.056357
-0.055942
-0.055524
-0.055104
-0.054682
-0.054258
-0.053831
-0.053402
-0.052971
-0.052538
-0.052103
-0.051666
-0.051228
-0.050788
-0.050346
-0.049903
-0.049458
-0.049012
-0.048565
-0.048117
-0.047667
-0.047217
-0.046766
-0.046314
-0.045862
-0.045409
-0.044956
-0.044502
-0.044049
-0.043595
-0.043142
-0.042689
-0.042236
-0.041784
-0.041333
-0.040882
-0.040432
-0.039984
-0.039536
-0.039090
-0.038645
-0.038201
-0.037760
-0.037320
-0.036882
-0.036446
-0.036013
-0.035581
-0.035153
-0.034726
-0.034303
-0.033882
-0.033465
-0.033050
-0.032639
-0.032231
-0.031827
-0.031426
-0.031028
-0.030635
-0.030246
-0.029860
-0.029479
-0.029102
-0.028729
-0.028361
-0.027998
-0.027639
-0.027285
-0.026936
-0.026592
-0.026253
-0.025919
-0.025591
-0.025268
-0.024950
-0.024639
-0.024332
-0.024032
-0.023738
-0.023449
-0.023167
-0.022890
-0.022620
-0.022356
-0.022099
-0.021848
-0.021604
-0.021366
-0.021134
-0.020910
-0.020692
-0.020481
-0.020276
-0.020079
-0.019889
-0.019705
-0.019529
-0.019360
-0.019198
-0.019043
-0.018895
-0.018755
-0.018621
-0.018495
-0.018377
-0.018265
-0.018161
-0.018064
-0.017974
-0.017891
-0.017816
-0.017749
-0.017688
-0.017635
-0.017589
-0.017551
-0.017519
-0.017495
-0.017478
-0.017468
-0.017466
-0.017470
-0.017481
-0.017500
-0.017525
-0.017557
-0.017596
-0.017642
-0.017695
-0.017755
-0.017821
-0.017894
-0.017974
-0.018060
-0.018152
-0.018251
-0.018357
-0.018468
-0.018586
-0.018710
-0.018841
-0.018977
-0.019119
-0.019267
-0.019422
-0.019582
-0.019748
-0.019919
-0.020097
-0.020280
-0.020468
-0.020662
-0.020862
-0.021068
-0.021278
-0.021494
-0.021716
-0.021942
-0.022174
-0.022411
-0.022654
-0.022901
-0.023154
-0.023412
-0.023675
-0.023943
-0.024216
-0.024495
-0.024778
-0.025066
-0.025360
-0.025658
-0.025961
-0.026269
-0.026582
-0.026900
-0.027223
-0.027551
-0.027884
-0.028221
-0.028564
-0.028911
-0.029263
-0.029621
-0.029982
-0.030349
-0.030721
-0.031098
-0.031479
-0.031865
-0.032256
-0.032652
-0.033052
-0.033457
-0.033867
-0.034281
-0.034701
-0.035124
-0.035553
-0.035986
-0.036423
-0.036865
-0.037312
-0.037763
-0.038219
-0.038678
-0.039142
-0.039611
-0.040083
-0.040559
-0.041039
-0.041523
-0.042010
-0.042502
-0.042997
-0.043495
-0.043997
-0.044502
-0.045010
-0.045522
-0.046036
-0.046553
-0.047073
-0.047596
-0.048121
-0.048648
-0.049177
-0.049708
-0.050242
-0.050776
-0.051313
-0.051851
-0.052390
-0.052931
-0.053473
-0.054015
-0.054558
-0.055102
-0.055647
-0.056191
-0.056736
-0.057281
-0.057826
-0.058370
-0.058914
-0.059458
-0.060001
-0.060543
-0.061084
-0.061624
-0.062163
-0.062701
-0.063238
-0.063773
-0.064307
-0.064840
-0.065372
-0.065902
-0.066430
-0.066957
-0.067482
-0.068005
-0.068527
-0.069046
-0.069564
-0.070081
-0.070596
-0.071110
-0.071622
-0.072133
-0.072642
-0.073151
-0.073659
-0.074166
-0.074672
-0.075177
-0.075681
-0.076185
-0.076689
-0.077192
-0.077696
-0.078199
-0.078704
-0.079208
-0.079714
-0.080221
-0.080729
-0.081238
-0.081750
-0.082263
-0.082778
-0.083296
-0.083816
-0.084339
-0.084865
-0.085394
-0.085926
-0.086462
-0.087001
-0.087545
-0.088092
-0.088644
-0.089201
-0.089762
-0.090327
-0.090898
-0.091475
-0.092056
-0.092643
-0.093236
-0.093834
-0.094437
-0.095046
-0.095661
-0.096280
-0.096905
-0.097536
-0.098172
-0.098813
-0.099460
-0.100112
-0.100770
-0.101432
-0.102100
-0.102773
-0.103450
-0.104132
-0.104817
-0.105506
-0.106199
-0.106895
-0.107593
-0.108295
-0.108998
-0.109703
-0.110410
-0.111119
-0.111828
-0.112539
-0.113249
-0.113959
-0.114669
-0.115378
-0.116085
-0.116790
-0.117493
-0.118192
-0.118889
-0.119581
-0.120270
-0.120954
-0.121632
-0.122305
-0.122972
-0.123633
-0.124287
-0.124934
-0.125574
-0.126205
-0.126829
-0.127444
-0.128050
-0.128647
-0.129234
-0.129812
-0.130379
-0.130935
-0.131480
-0.132014
-0.132536
-0.133047
-0.133547
-0.134035
-0.134511
-0.134975
-0.135427
-0.135867
-0.136295
-0.136711
-0.137114
-0.137505
-0.137883
-0.138249
-0.138602
-0.138942
-0.139271
-0.139587
-0.139891
-0.140184
-0.140464
-0.140734
-0.140992
-0.141239
-0.141475
-0.141700
-0.141914
-0.142118
-0.142312
-0.142496
-0.142669
-0.142834
-0.142989
-0.143134
-0.143272
-0.143401
-0.143521
-0.143634
-0.143739
-0.143837
-0.143928
-0.144012
-0.144089
-0.144161
-0.144226
-0.144286
-0.144340
-0.144389
-0.144432
-0.144471
-0.144505
-0.144535
-0.144561
-0.144582
-0.144600
-0.144614
-0.144624
-0.144632
-0.144636
-0.144638
-0.144637
-0.144634
-0.144627
-0.144619
-0.144608
-0.144595
-0.144579
-0.144562
-0.144542
-0.144521
-0.144497
-0.144472
-0.144445
-0.144417
-0.144387
-0.144355
-0.144322
-0.144287
-0.144251
-0.144213
-0.144173
-0.144131
-0.144088
-0.144043
-0.143996
-0.143947
-0.143897
-0.143844
-0.143790
-0.143734
-0.143675
-0.143615
-0.143553
-0.143489
-0.143422
-0.143354
-0.143283
-0.143210
-0.143135
-0.143058
-0.142978
-0.142895
-0.142811
-0.142724
-0.142634
-0.142542
-0.142447
-0.142350
-0.142250
-0.142148
-0.142043
-0.141936
-0.141827
-0.141714
-0.141600
-0.141483
-0.141363
-0.141241
-0.141116
-0.140988
-0.140859
-0.140727
-0.140592
-0.140455
-0.140316
-0.140175
-0.140031
-0.139886
-0.139738
-0.139589
-0.139437
-0.139284
-0.139128
-0.138971
-0.138813
-0.138652
-0.138490
-0.138326
-0.138161
-0.137995
-0.137827
-0.137658
-0.137488
-0.137317
-0.137144
-0.136971
-0.136797
-0.136622
-0.136447
-0.136270
-0.136093
-0.135916
-0.135738
-0.135559
-0.135380
-0.135201
-0.135021
-0.134841
-0.134660
-0.134480
-0.134299
-0.134118
-0.133936
-0.133755
-0.133573
-0.133392
-0.133210
-0.133028
-0.132846
-0.132664
-0.132481
-0.132298
-0.132115
-0.131932
-0.131748
-0.131563
-0.131379
-0.131194
-0.131008
-0.130822
-0.130635
-0.130448
-0.130259
-0.130070
-0.129880
-0.129689
-0.129497
-0.129303
-0.129108
-0.128912
-0.128714
-0.128514
-0.128313
-0.128110
-0.127904
-0.127697
-0.127488
-0.127276
-0.127062
-0.126846
-0.126626
-0.126404
-0.126179
-0.125951
-0.125720
-0.125485
-0.125247
-0.125005
-0.124760
-0.124511
-0.124257
-0.124000
-0.123739
-0.123473
-0.123204
-0.122929
-0.122651
-0.122367
-0.122079
-0.121786
-0.121489
-0.121186
-0.120878
-0.120565
-0.120247
-0.119923
-0.119594
-0.119260
-0.118921
-0.118576
-0.118226
-0.117871
-0.117510
-0.117144
-0.116772
-0.116395
-0.116012
-0.115625
-0.115231
-0.114832
-0.114428
-0.114019
-0.113604
-0.113185
-0.112760
-0.112331
-0.111896
-0.111457
-0.111014
-0.110566
-0.110114
-0.109657
-0.109197
-0.108732
-0.108263
-0.107791
-0.107315
-0.106835
-0.106353
-0.105867
-0.105378
-0.104887
-0.104393
-0.103897
-0.103399
-0.102899
-0.102397
-0.101893
-0.101388
-0.100882
-0.100375
-0.099867
-0.099359
-0.098850
-0.098341
-0.097832
-0.097323
-0.096815
-0.096308
-0.095801
-0.095296
-0.094792
-0.094289
-0.093789
-0.093290
-0.092793
-0.092299
-0.091807
-0.091318
-0.090832
-0.090349
-0.089869
-0.089392
-0.088919
-0.088450
-0.087984
-0.087523
-0.087066
-0.086613
-0.086165
-0.085721
-0.085282
-0.084848
-0.084418
-0.083994
-0.083574
-0.083159
-0.082750
-0.082345
-0.081946
-0.081552
-0.081163
-0.080779
-0.080401
-0.080029
-0.079661
-0.079299
-0.078943
-0.078591
-0.078245
-0.077903
-0.077567
-0.077235
-0.076908
-0.076586
-0.076269
-0.075956
-0.075648
-0.075345
-0.075046
-0.074751
-0.074460
-0.074172
-0.073889
-0.073609
-0.073332
-0.073059
-0.072788
-0.072520
-0.072255
-0.071992
-0.071731
-0.071473
-0.071216
-0.070960
-0.070707
-0.070454
-0.070202
-0.069951
-0.069701
-0.069451
-0.069201
-0.068951
-0.068701
-0.068450
-0.068198
-0.067945
-0.067692
-0.067436
-0.067179
-0.066921
-0.066660
-0.066397
-0.066132
-0.065864
-0.065594
-0.065321
-0.065045
-0.064766
-0.064483
-0.064197
-0.063907
-0.063613
-0.063315
-0.063013
-0.062707
-0.062397
-0.062082
-0.061763
-0.061439
-0.061111
-0.060778
-0.060440
-0.060098
-0.059752
-0.059400
-0.059044
-0.058682
-0.058316
-0.057945
-0.057569
-0.057188
-0.056803
-0.056413
-0.056018
-0.055619
-0.055216
-0.054808
-0.054397
-0.053981
-0.053561
-0.053138
-0.052711
-0.052280
-0.051845
-0.051407
-0.050966
-0.050523
-0.050076
-0.049627
-0.049175
-0.048721
-0.048265
-0.047808
-0.047349
-0.046889
-0.046427
-0.045964
-0.045501
-0.045037
-0.044573
-0.044109
-0.043645
-0.043181
-0.042718
-0.042256
-0.041795
-0.041335
-0.040877
-0.040421
-0.039967
-0.039515
-0.039066
-0.038620
-0.038177
-0.037737
-0.037301
-0.036868
-0.036439
-0.036015
-0.035595
-0.035179
-0.034768
-0.034362
-0.033962
-0.033567
-0.033177
-0.032794
-0.032416
-0.032045
-0.031680
-0.031321
-0.030970
-0.030625
-0.030287
-0.029957
-0.029634
-0.029318
-0.029010
-0.028709
-0.028417
-0.028132
-0.027856
-0.027588
-0.027328
-0.027077
-0.026835
-0.026601
-0.026377
-0.026161
-0.025954
-0.025756
-0.025567
-0.025387
-0.025217
-0.025056
-0.024904
-0.024762
-0.024629
-0.024506
-0.024393
-0.024289
-0.024195
-0.024111
-0.024036
-0.023971
-0.023916
-0.023870
-0.023834
-0.023808
-0.023792
-0.023786
-0.023789
-0.023802
-0.023825
-0.023857
-0.023899
-0.023951
-0.024013
-0.024083
-0.024164
-0.024253
-0.024352
-0.024461
-0.024578
-0.024705
-0.024840
-0.024985
-0.025138
-0.025300
-0.025471
-0.025651
-0.025839
-0.026035
-0.026240
-0.026452
-0.026673
-0.026901
-0.027136
-0.027379
-0.027629
-0.027886
-0.028150
-0.028421
-0.028699
-0.028983
-0.029273
-0.029569
-0.029871
-0.030178
-0.030491
-0.030809
-0.031131
-0.031459
-0.031790
-0.032126
-0.032466
-0.032809
-0.033156
-0.033506
-0.033859
-0.034215
-0.034574
-0.034934
-0.035297
-0.035662
-0.036028
-0.036395
-0.036764
-0.037133
-0.037502
-0.037872
-0.038242
-0.038612
-0.038982
-0.039350
-0.039718
0
0
0
0
0
0
0
0
0
0
0
0
0
0
0
0
0
0
0
0
0
0
0
0
0
0
0
0
0
0
0
0
0
0
0
0
0
0
0
0
0
0
0
0
0
0
0
0
0
0
0
0
0
0
0
0
0
0
0
0
0
0
0
0
0
0
0
0
0
00
0
0
0
0
0
0
0
0
0
0
0
0
0
0
0
0
0
0
0
0
0
0
0
0
0
0
0
0
0
0
0
0
0
00
0
0
0
0
0
0
0
0
0
0
0
0
0
0
0
0
0
0
0
0
0
0
0
0
0
0
0
0
0
0
0
0
0
00
0
0
0
0
0
0
0
0
0
0
0
0
0
0
0
0
0
0
0
0
0
0
0
0
0
0
0
0
0
0
0
0
0
00
0
0
0
0
0
0
0
0
0
0
0
0
0
0
0
0
0
0
0
0
0
0
0
0
0
0
0
0
0
0
0
0
0
00
0
0
0
0
0
0
0
0
0
0
0
0
0
0
0
0
0
0
0
0
0
0
0
0
0
0
0
0
0
0
0
0
0
00
0
0
0
0
0
0
0
0
0
0
0
0
0
0
0
0
0
0
0
0
0
0
0
0
0
0
0
0
0
0
0
0
0
00
0
0
0
0
0
0
0
0
0
0
0
0
0
0
0
0
0
0
0
0
0
0
0
0
0
0
0
0
0
0
0
0
0
00
0
0
0
0
0
0
0
0
0
0
0
0
0
0
0
0
0
0
0
0
0
0
0
0
0
0
0
0
0
0
0
0
0
00
0
0
0
0
0
0
0
0
0
0
0
0
0
0
0
0
0
0
0
0
0
0
0
0
0
0
0
0
0
0
0
0
0
00
0
0
0
0
0
0
0
0
0
0
0
0
0
0
0
0
0
0
0
0
0
0
0
0
0
0
0
0
0
0
0
0
0
0
0
0
0
0
0
0
0
0

