-0.000000 -0.000000 0.000000 -0.000000 0.000000 0.000000 -0.000000
0.001247 -0.038578 0.019729 0.097056 -0.014709 -0.057556 -0.068706
0.008644 -0.111520 0.034210 0.199811 -0.030804 -0.121245 -0.127386
0.011047 -0.218209 0.044089 0.294515 -0.047823 -0.187757 -0.182758
-0.000047 -0.357875 0.050421 0.379346 -0.065330 -0.255516 -0.236700
-0.029252 -0.529637 0.054151 0.455797 -0.083007 -0.323579 -0.289571
-0.078197 -0.732561 0.056050 0.526191 -0.100638 -0.391408 -0.341252
-0.146592 -0.965699 0.056726 0.592951 -0.118087 -0.458721 -0.391476
-0.233067 -1.228102 0.056668 0.658390 -0.135263 -0.525402 -0.439942
-0.335789 -1.518820 0.056275 0.724648 -0.152104 -0.591426 -0.486363
-0.452901 -1.836909 0.055885 0.793584 -0.168561 -0.656821 -0.530516
-0.582779 -2.181421 0.055793 0.866456 -0.184589 -0.721595 -0.572385
-0.723821 -2.551282 0.056133 0.942425 -0.199925 -0.784246 -0.611662
-0.874340 -2.945584 0.057037 1.021417 -0.214570 -0.844810 -0.648729
-1.029147 -3.363466 0.058371 1.106085 -0.228605 -0.903586 -0.682786
-1.184484 -3.804070 0.060005 1.197335 -0.242110 -0.960771 -0.713682
-1.337632 -4.266539 0.061852 1.295573 -0.255142 -1.016499 -0.741462
-1.486572 -4.750019 0.063861 1.401078 -0.267743 -1.070875 -0.766214
-1.629755 -5.253655 0.066000 1.514107 -0.279940 -1.123989 -0.788028
-1.765974 -5.776599 0.068256 1.634891 -0.291754 -1.175924 -0.806995
-1.894298 -6.318006 0.070628 1.763599 -0.303201 -1.226757 -0.823223
-2.014012 -6.877039 0.073127 1.900191 -0.314290 -1.276535 -0.836892
-2.124413 -7.452794 0.075812 2.043688 -0.324895 -1.324411 -0.847825
-2.224810 -8.044449 0.078705 2.194095 -0.335028 -1.370370 -0.856175
-2.314516 -8.651248 0.081716 2.351428 -0.344741 -1.414793 -0.861980
-2.393138 -9.272474 0.084805 2.515627 -0.354073 -1.457848 -0.865334
-2.460503 -9.907488 0.087945 2.686696 -0.363055 -1.499712 -0.866305
-2.516555 -10.555731 0.091093 2.864716 -0.371720 -1.540679 -0.864910
-2.561274 -11.216463 0.094236 3.049719 -0.380092 -1.580883 -0.861217
-2.594586 -11.888858 0.097349 3.241723 -0.388201 -1.620498 -0.855293
-2.616236 -12.572026 0.100402 3.440711 -0.396076 -1.659675 -0.847228
-2.626235 -13.265119 0.103206 3.646419 -0.403782 -1.699117 -0.837134
-2.624502 -13.967059 0.106013 3.857858 -0.411189 -1.737761 -0.824933
-2.611273 -14.676789 0.108932 4.075036 -0.418259 -1.775577 -0.810735
-2.586863 -15.392663 0.113967 4.298117 -0.424681 -1.807763 -0.794638
-2.551633 -16.113631 0.121502 4.527238 -0.430400 -1.833851 -0.776677
-2.506085 -16.838951 0.131360 4.762434 -0.435461 -1.854678 -0.756905
-2.450709 -17.567834 0.143481 5.003595 -0.439890 -1.870642 -0.735451
-2.385688 -18.299940 0.157527 5.250874 -0.443778 -1.882851 -0.712252
-2.311289 -19.034926 0.173367 5.504107 -0.447185 -1.891772 -0.687390
-2.227885 -19.772488 0.190898 5.763047 -0.450156 -1.897793 -0.660982
-2.135866 -20.512360 0.210038 6.027321 -0.452734 -1.901242 -0.633195
-2.035347 -21.254260 0.230748 6.295877 -0.454879 -1.902010 -0.603893
-1.926842 -21.997974 0.252971 6.568368 -0.456626 -1.900360 -0.573233
-1.810981 -22.743306 0.276659 6.844584 -0.458001 -1.896535 -0.541312
-1.688459 -23.490077 0.301768 7.124358 -0.459031 -1.890763 -0.508212
-1.560010 -24.238122 0.328254 7.407538 -0.459738 -1.883260 -0.474006
-1.426413 -24.987282 0.356066 7.693972 -0.460146 -1.874239 -0.438763
-1.288475 -25.737401 0.385141 7.983503 -0.460276 -1.863913 -0.402552
-1.147024 -26.488326 0.415399 8.275954 -0.460155 -1.852510 -0.365448
-1.002877 -27.239902 0.446727 8.571093 -0.459813 -1.840274 -0.327541
-0.856743 -27.991973 0.478971 8.868535 -0.459285 -1.827471 -0.288983
-0.708833 -28.744334 0.511981 9.167165 -0.458549 -1.814079 -0.249675
-0.559405 -29.496901 0.545766 9.466633 -0.457620 -1.800132 -0.209789
-0.408794 -30.249811 0.580703 9.766734 -0.456475 -1.785209 -0.169428
-0.257298 -31.003117 0.617058 10.067196 -0.455100 -1.769030 -0.128712
-0.105236 -31.756815 0.655001 10.367712 -0.453494 -1.751434 -0.087767
0.047025 -32.510863 0.694631 10.667962 -0.451667 -1.732348 -0.046716
0.199057 -33.265185 0.735985 10.967626 -0.449634 -1.711774 -0.005683
0.350360 -34.019685 0.779071 11.266381 -0.447409 -1.689742 0.035214
0.500391 -34.774271 0.823976 11.563868 -0.445005 -1.666177 0.075849
0.648614 -35.528815 0.870594 11.859673 -0.442445 -1.641229 0.116065
0.794806 -36.283148 0.918727 12.152804 -0.439722 -1.614959 0.155972
0.938409 -37.037136 0.968240 12.442894 -0.436863 -1.587537 0.195430
1.078800 -37.790659 1.019015 12.729709 -0.433894 -1.559121 0.234349
1.215348 -38.543603 1.070940 13.013061 -0.430834 -1.529854 0.272658
1.347427 -39.295858 1.123906 13.292785 -0.427703 -1.499873 0.310291
1.474429 -40.047320 1.177800 13.568728 -0.424520 -1.469314 0.347189
1.595768 -40.797882 1.232504 13.840745 -0.421304 -1.438311 0.383292
1.710884 -41.547439 1.287892 14.108694 -0.418073 -1.406999 0.418540
1.819255 -42.295887 1.343828 14.372412 -0.414846 -1.375511 0.452863
1.920449 -43.043113 1.400169 14.631636 -0.411640 -1.343980 0.486149
2.014405 -43.788980 1.456725 14.885518 -0.408447 -1.312410 0.518528
2.100752 -44.533368 1.513325 15.133821 -0.405286 -1.280946 0.549892
2.179086 -45.276157 1.569786 15.376430 -0.402178 -1.249740 0.580183
2.249015 -46.017222 1.625913 15.613270 -0.399141 -1.218951 0.609354
2.310173 -46.756434 1.681510 15.844285 -0.396194 -1.188728 0.637367
2.362234 -47.493651 1.736430 16.069422 -0.393354 -1.159166 0.664188
2.404879 -48.228733 1.790383 16.288690 -0.390644 -1.130484 0.689792
2.437812 -48.961533 1.842996 16.502131 -0.388094 -1.102969 0.714161
2.460771 -49.691879 1.893900 16.709773 -0.385736 -1.076882 0.737272
2.473574 -50.419562 1.942681 16.911539 -0.383596 -1.052497 0.759057
2.476407 -51.144323 1.988753 17.106809 -0.381693 -1.030057 0.779684
2.469130 -51.865879 2.031531 17.295592 -0.380066 -1.009941 0.799107
2.451573 -52.583906 2.070328 17.478040 -0.378757 -0.992589 0.817328
2.423657 -53.297981 2.104442 17.654296 -0.377760 -0.978423 0.834337
2.385622 -54.006973 2.135701 17.824218 -0.376964 -0.966282 0.850057
2.337946 -54.709093 2.168453 17.987447 -0.376236 -0.953505 0.864385
2.280853 -55.403557 2.202863 18.144026 -0.375495 -0.939986 0.877272
2.214480 -56.089732 2.238841 18.294120 -0.374742 -0.925806 0.888718
2.139005 -56.767065 2.276299 18.437863 -0.373984 -0.911040 0.898715
2.054707 -57.435078 2.315184 18.575252 -0.373223 -0.895732 0.907200
1.962251 -58.093382 2.355320 18.705670 -0.372467 -0.879862 0.914329
1.861578 -58.741857 2.396560 18.829383 -0.371720 -0.863557 0.920127
1.752377 -59.380545 2.438698 18.946927 -0.370983 -0.847008 0.924704
1.634785 -60.009321 2.481655 19.058469 -0.370273 -0.830273 0.928075
1.509031 -60.628031 2.525377 19.164180 -0.369599 -0.813400 0.930245
1.375373 -61.236509 2.569809 19.264272 -0.368966 -0.796435 0.931225
1.234088 -61.834590 2.614898 19.358985 -0.368379 -0.779422 0.931036
1.085473 -62.422113 2.660592 19.448575 -0.367843 -0.762406 0.929701
0.929846 -62.998919 2.706842 19.533293 -0.367361 -0.745426 0.927239
0.767599 -63.564847 2.753618 19.613308 -0.366931 -0.728509 0.923630
0.599540 -64.119728 2.800705 19.688223 -0.366550 -0.711649 0.919081
0.426089 -64.663415 2.848073 19.758237 -0.366219 -0.694872 0.913579
0.247602 -65.195785 2.895680 19.823652 -0.365939 -0.678215 0.907154
0.064427 -65.716729 2.943484 19.884805 -0.365712 -0.661712 0.899848
-0.123095 -66.226149 2.991446 19.942045 -0.365539 -0.645397 0.891711
-0.314626 -66.723963 3.039529 19.995729 -0.365423 -0.629303 0.882792
-0.509833 -67.210102 3.087699 20.046216 -0.365364 -0.613458 0.873139
-0.708389 -67.684509 3.135928 20.093855 -0.365363 -0.597891 0.862801
-0.909964 -68.147139 3.184195 20.138971 -0.365420 -0.582624 0.851814
-1.114177 -68.597949 3.232495 20.181804 -0.365531 -0.567666 0.840178
-1.320217 -69.036897 3.280590 20.222012 -0.365694 -0.553011 0.828098
-1.527716 -69.463965 3.328481 20.259832 -0.365905 -0.538669 0.815573
-1.736383 -69.879155 3.376158 20.295583 -0.366164 -0.524655 0.802638
-1.945956 -70.282487 3.423613 20.329602 -0.366471 -0.510987 0.789340
-2.156191 -70.673991 3.470839 20.362228 -0.366824 -0.497679 0.775725
-2.366862 -71.053708 3.517834 20.393796 -0.367224 -0.484746 0.761839
-2.577761 -71.421691 3.564598 20.424627 -0.367670 -0.472199 0.747726
-2.788698 -71.778001 3.611138 20.455031 -0.368162 -0.460049 0.733427
-2.999490 -72.122706 3.657464 20.485282 -0.368697 -0.448301 0.718969
-3.209907 -72.455869 3.703609 20.515568 -0.369271 -0.436949 0.704344
-3.419247 -72.777557 3.749302 20.545476 -0.369886 -0.425996 0.689728
-3.627307 -73.087844 3.794575 20.575176 -0.370536 -0.415437 0.675108
-3.833967 -73.386827 3.839451 20.604907 -0.371222 -0.405272 0.660505
-4.039136 -73.674605 3.883949 20.634917 -0.371941 -0.395507 0.645946
-4.242744 -73.951287 3.928091 20.665452 -0.372693 -0.386144 0.631459
-4.444736 -74.216983 3.971899 20.696746 -0.373479 -0.377185 0.617070
-4.645073 -74.471808 4.015400 20.729023 -0.374298 -0.368633 0.602801
-4.843731 -74.715878 4.058620 20.762490 -0.375149 -0.360487 0.588672
-5.040690 -74.949309 4.101597 20.797323 -0.376031 -0.352744 0.574690
-5.235879 -75.172207 4.144379 20.833621 -0.376938 -0.345390 0.560830
-5.428697 -75.384676 4.186661 20.870869 -0.377879 -0.338442 0.547235
-5.619090 -75.586822 4.228494 20.909149 -0.378848 -0.331885 0.533874
-5.807080 -75.778762 4.269917 20.948608 -0.379845 -0.325716 0.520749
-5.992711 -75.960616 4.310965 20.989401 -0.380868 -0.319932 0.507868
-6.176036 -76.132502 4.351674 21.031681 -0.381920 -0.314530 0.495237
-6.357118 -76.294540 4.392080 21.075598 -0.382999 -0.309510 0.482864
-6.536030 -76.446844 4.432221 21.121291 -0.384107 -0.304867 0.470752
-6.712847 -76.589530 4.472137 21.168889 -0.385244 -0.300599 0.458904
-6.887645 -76.722707 4.511874 21.218501 -0.386409 -0.296698 0.447313
-7.060441 -76.846469 4.551492 21.270163 -0.387597 -0.293148 0.435938
-7.230682 -76.960915 4.590646 21.323304 -0.388820 -0.289975 0.424904
-7.398390 -77.066133 4.629395 21.377955 -0.390072 -0.287164 0.414169
-7.563656 -77.162221 4.667789 21.434210 -0.391353 -0.284707 0.403723
-7.726583 -77.249278 4.705870 21.492178 -0.392664 -0.282600 0.393562
-7.887279 -77.327398 4.743682 21.551966 -0.394005 -0.280839 0.383682
-8.045854 -77.396676 4.781268 21.613682 -0.395379 -0.279420 0.374081
-8.202420 -77.457200 4.818674 21.677433 -0.396784 -0.278339 0.364754
-8.357091 -77.509054 4.855946 21.743317 -0.398224 -0.277590 0.355694
-8.509972 -77.552319 4.893136 21.811418 -0.399696 -0.277166 0.346890
-8.661107 -77.587058 4.930312 21.881756 -0.401198 -0.277048 0.338297
-8.809949 -77.613343 4.967089 21.953747 -0.402740 -0.277274 0.330028
-8.956542 -77.631232 5.003533 22.027411 -0.404320 -0.277826 0.322039
-9.100994 -77.640792 5.039699 22.102833 -0.405937 -0.278697 0.314316
-9.243420 -77.642085 5.075639 22.180108 -0.407592 -0.279879 0.306851
-9.383937 -77.635177 5.111402 22.259339 -0.409286 -0.281369 0.299638
-9.522663 -77.620124 5.147040 22.340631 -0.411020 -0.283161 0.292671
-9.659715 -77.596985 5.182604 22.424087 -0.412796 -0.285250 0.285945
-9.795206 -77.565810 5.218150 22.509807 -0.414615 -0.287629 0.279452
-9.929241 -77.526645 5.253739 22.597882 -0.416476 -0.290288 0.273179
-10.061859 -77.479521 5.289443 22.688341 -0.418377 -0.293211 0.267081
-10.192495 -77.424492 5.324835 22.780602 -0.420330 -0.296452 0.261268
-10.321188 -77.361584 5.359988 22.874697 -0.422332 -0.299995 0.255696
-10.448041 -77.290832 5.394968 22.970718 -0.424385 -0.303830 0.250351
-10.573165 -77.212271 5.429835 23.068773 -0.426488 -0.307949 0.245225
-10.696671 -77.125935 5.464649 23.168974 -0.428643 -0.312346 0.240313
-10.818670 -77.031853 5.499471 23.271437 -0.430851 -0.317012 0.235609
-10.939271 -76.930055 5.534366 23.376277 -0.433114 -0.321942 0.231108
-11.058580 -76.820565 5.569398 23.483608 -0.435433 -0.327126 0.226802
-11.176692 -76.703402 5.604642 23.593537 -0.437808 -0.332552 0.222678
-11.293630 -76.578574 5.640177 23.706105 -0.440237 -0.338204 0.218694
-11.408810 -76.446127 5.675528 23.820725 -0.442735 -0.344174 0.214964
-11.522260 -76.306068 5.710778 23.937441 -0.445301 -0.350447 0.211444
-11.634076 -76.158408 5.746006 24.056361 -0.447935 -0.357010 0.208122
-11.744361 -76.003161 5.781286 24.177606 -0.450638 -0.363850 0.204990
-11.853222 -75.840342 5.816693 24.301302 -0.453412 -0.370960 0.202041
-11.960765 -75.669961 5.852305 24.427577 -0.456258 -0.378329 0.199270
-12.067092 -75.492027 5.888200 24.556561 -0.459178 -0.385946 0.196670
-12.172307 -75.306549 5.924462 24.688383 -0.462173 -0.393801 0.194233
-12.276495 -75.113529 5.961181 24.823161 -0.465244 -0.401876 0.191947
-12.379669 -74.912961 5.998447 24.960944 -0.468392 -0.410159 0.189761
-12.481242 -74.704906 6.035726 25.101110 -0.471633 -0.418800 0.187823
-12.581237 -74.489360 6.073111 25.243709 -0.474968 -0.427784 0.186083
-12.679745 -74.266324 6.110700 25.388859 -0.478397 -0.437094 0.184524
-12.776872 -74.035800 6.148589 25.536692 -0.481922 -0.446717 0.183139
-12.872727 -73.797791 6.186875 25.687346 -0.485545 -0.456638 0.181919
-12.967418 -73.552299 6.225655 25.840960 -0.489269 -0.466844 0.180855
-13.061053 -73.299325 6.265032 25.997676 -0.493095 -0.477320 0.179939
-13.153735 -73.038868 6.305113 26.157633 -0.497026 -0.488051 0.179161
-13.245554 -72.770924 6.346012 26.320953 -0.501063 -0.499016 0.178502
-13.336514 -72.495484 6.387828 26.487682 -0.505211 -0.510208 0.177903
-13.426040 -72.212647 6.429946 26.657125 -0.509487 -0.521852 0.177562
-13.514152 -71.922410 6.472468 26.829325 -0.513895 -0.533937 0.177421
-13.600949 -71.624771 6.515521 27.004404 -0.518438 -0.546442 0.177459
-13.686550 -71.319731 6.559229 27.182504 -0.523117 -0.559348 0.177661
-13.771076 -71.007290 6.603715 27.363772 -0.527937 -0.572639 0.178017
-13.854647 -70.687448 6.649109 27.548357 -0.532899 -0.586295 0.178514
-13.937386 -70.360203 6.695544 27.736410 -0.538008 -0.600300 0.179140
-14.019411 -70.025554 6.743158 27.928077 -0.543266 -0.614631 0.179880
-14.100815 -69.683493 6.792103 28.123484 -0.548676 -0.629265 0.180708
-14.181593 -69.334018 6.842489 28.322646 -0.554248 -0.644200 0.181543
-14.261166 -68.977271 6.893657 28.524765 -0.559980 -0.659761 0.182571
-14.339548 -68.613256 6.945726 28.729856 -0.565881 -0.675944 0.183710
-14.416854 -68.241974 6.998860 28.938042 -0.571954 -0.692724 0.184933
-14.493223 -67.863427 7.053219 29.149473 -0.578204 -0.710077 0.186222
-14.568799 -67.477617 7.108968 29.364309 -0.584634 -0.727982 0.187558
-14.643728 -67.084545 7.166274 29.582715 -0.591250 -0.746419 0.188928
-14.718155 -66.684211 7.225314 29.804855 -0.598055 -0.765365 0.190314
-14.792216 -66.276611 7.286270 30.030888 -0.605055 -0.784795 0.191695
-14.866017 -65.861740 7.349337 30.260942 -0.612252 -0.804682 0.193036
-14.939537 -65.439597 7.414656 30.494996 -0.619663 -0.825028 0.194233
-15.012247 -65.010361 7.481503 30.732130 -0.627174 -0.845996 0.195612
-15.084156 -64.574043 7.550032 30.972327 -0.634798 -0.867582 0.197070
-15.155394 -64.130645 7.620453 31.215715 -0.642541 -0.889758 0.198570
-15.226125 -63.680170 7.692980 31.462463 -0.650407 -0.912498 0.200087
-15.296519 -63.222620 7.767828 31.712753 -0.658402 -0.935777 0.201602
-15.366751 -62.757997 7.845218 31.966771 -0.666532 -0.959573 0.203096
-15.436992 -62.286296 7.925379 32.224708 -0.674803 -0.983859 0.204548
-15.507397 -61.807512 8.008550 32.486739 -0.683220 -1.008609 0.205930
-15.578077 -61.321636 8.094975 32.752987 -0.691789 -1.033797 0.207192
-15.648990 -60.828686 8.184785 33.023374 -0.700541 -1.059455 0.208198
-15.719624 -60.328961 8.276989 33.296784 -0.709317 -1.085750 0.209320
-15.789972 -59.822493 8.371740 33.573148 -0.718142 -1.112707 0.210425
-15.860172 -59.309285 8.469304 33.852595 -0.727025 -1.140297 0.211460
-15.930407 -58.789337 8.569957 34.135322 -0.735972 -1.168493 0.212398
-16.000870 -58.262645 8.673981 34.421546 -0.744987 -1.197266 0.213216
-16.071756 -57.729200 8.781663 34.711492 -0.754079 -1.226592 0.213893
-16.143250 -57.188988 8.893300 35.005387 -0.763251 -1.256442 0.214405
-16.215509 -56.641989 9.009202 35.303433 -0.772512 -1.286788 0.214718
-16.288621 -56.088184 9.129660 35.605739 -0.781872 -1.317612 0.214760
-16.362478 -55.527616 9.254771 35.912124 -0.791377 -1.348989 0.214344
-16.436554 -54.960734 9.383251 36.221155 -0.800926 -1.381089 0.214034
-16.510781 -54.387598 9.515229 36.532665 -0.810561 -1.413975 0.213648
-16.585281 -53.808207 9.651033 36.846785 -0.820294 -1.447626 0.213114
-16.660231 -53.222544 9.791017 37.163741 -0.830129 -1.482010 0.212400
-16.735832 -52.630588 9.935541 37.483802 -0.840074 -1.517099 0.211481
-16.812276 -52.032308 10.084975 37.807246 -0.850136 -1.552867 0.210337
-16.889741 -51.427664 10.239695 38.134344 -0.860319 -1.589287 0.208941
-16.968359 -50.816610 10.400084 38.465318 -0.870633 -1.626333 0.207247
-17.048156 -50.199116 10.566476 38.800241 -0.881097 -1.664004 0.205152
-17.128913 -49.575270 10.738886 39.138763 -0.891781 -1.702444 0.202401
-17.210012 -48.945739 10.915599 39.478993 -0.902710 -1.741768 0.199801
-17.291286 -48.310635 11.096687 39.820607 -0.913948 -1.782098 0.197104
-17.372794 -47.669948 11.282535 40.163710 -0.925513 -1.823425 0.194214
-17.454682 -47.023638 11.473582 40.508561 -0.937413 -1.865722 0.191087
-17.537118 -46.371650 11.670281 40.855486 -0.949656 -1.908964 0.187700
-17.620264 -45.713914 11.873091 41.204824 -0.962250 -1.953125 0.184035
-17.704244 -45.050351 12.082476 41.556897 -0.975205 -1.998184 0.180063
-17.789109 -44.380882 12.298881 41.911939 -0.988534 -2.044132 0.175724
-17.874753 -43.705483 12.522621 42.269939 -1.002275 -2.091017 0.170869
-17.960786 -43.024374 12.753453 42.630283 -1.016544 -2.139124 0.165152
-18.046646 -42.338673 12.988785 42.990513 -1.031382 -2.188428 0.159869
-18.131977 -41.648632 13.228470 43.350019 -1.046898 -2.239177 0.154667
-18.216643 -40.954267 13.472884 43.708709 -1.063132 -2.291408 0.149367
-18.300708 -40.255490 13.722585 44.066622 -1.080105 -2.345098 0.143892
-18.384260 -39.552270 13.978050 44.423945 -1.097846 -2.400259 0.138182
-18.467420 -38.844734 14.239486 44.780969 -1.116410 -2.457027 0.132181
-18.550336 -38.133406 14.506245 45.137896 -1.135923 -2.515864 0.125808
-18.632820 -37.420046 14.774624 45.494155 -1.156221 -2.577487 0.118956
-18.714832 -36.704930 15.044713 45.849604 -1.177482 -2.642228 0.111397
-18.795979 -35.988249 15.316833 46.203493 -1.199839 -2.710262 0.102737
-18.875627 -35.270888 15.589560 46.553206 -1.223189 -2.780803 0.094636
-18.953372 -34.552983 15.863338 46.898019 -1.247642 -2.853961 0.086708
-19.029063 -33.834542 16.138725 47.237783 -1.273237 -2.929743 0.078772
-19.102686 -33.115540 16.416224 47.572613 -1.300001 -3.008169 0.070735
-19.174288 -32.395937 16.696276 47.902739 -1.327964 -3.089282 0.062544
-19.243933 -31.675686 16.979269 48.228428 -1.357157 -3.173146 0.054157
-19.311675 -30.954732 17.265550 48.549930 -1.387612 -3.259843 0.045532
-19.377529 -30.233021 17.555431 48.867432 -1.419372 -3.349468 0.036606
-19.441447 -29.510523 17.849165 49.180982 -1.452493 -3.442157 0.027272
-19.503291 -28.787347 18.146750 49.490341 -1.487115 -3.538220 0.017309
-19.562896 -28.064560 18.445232 49.794020 -1.522482 -3.635013 0.008179
-19.620148 -27.342270 18.744670 50.091789 -1.558733 -3.732834 -0.000337
-19.675019 -26.620445 19.045348 50.383701 -1.595929 -3.831822 -0.008343
-19.727530 -25.899023 19.347566 50.669934 -1.634118 -3.932098 -0.015894
-19.777727 -25.177931 19.651607 50.950730 -1.673348 -4.033787 -0.023021
-19.825667 -24.457096 19.957738 51.226358 -1.713664 -4.137022 -0.029747
-19.871402 -23.736440 20.266204 51.497093 -1.755116 -4.241944 -0.036089
-19.914979 -23.015892 20.577226 51.763203 -1.797756 -4.348710 -0.042066
-19.956439 -22.295405 20.890952 52.024928 -1.841654 -4.457517 -0.047709
-19.995843 -21.575066 21.207247 52.282433 -1.886950 -4.568746 -0.053097
-20.033521 -20.855880 21.522841 52.535246 -1.932502 -4.679069 -0.057146
-20.069655 -20.137918 21.837679 52.783427 -1.978445 -4.788837 -0.059929
-20.104373 -19.421128 22.152014 53.027074 -2.024849 -4.898220 -0.061475
-20.137675 -18.705462 22.466159 53.266323 -2.071778 -5.007359 -0.061837
-20.169563 -17.990874 22.780487 53.501371 -2.119290 -5.116373 -0.061043
-20.200050 -17.277334 23.095403 53.732437 -2.167446 -5.225383 -0.059118
-20.229159 -16.564872 23.411271 53.959712 -2.216331 -5.334558 -0.056101
-20.256920 -15.853788 23.728007 54.183227 -2.266103 -5.444289 -0.052099
-20.283367 -15.145388 24.043420 54.402351 -2.316730 -5.555074 -0.047137
-20.308633 -14.440664 24.356120 54.616684 -2.368461 -5.667731 -0.041418
-20.333244 -13.741647 24.661233 54.825338 -2.419663 -5.779080 -0.034724
-20.357352 -13.048994 24.958039 55.028082 -2.470523 -5.889682 -0.027205
-20.381033 -12.362927 25.246652 55.224927 -2.521149 -5.999777 -0.018932
-20.404340 -11.683499 25.527482 55.416015 -2.571613 -6.109491 -0.009935
-20.427316 -11.010690 25.801033 55.601554 -2.621978 -6.218908 -0.000223
-20.449998 -10.344453 26.067828 55.781777 -2.672299 -6.328101 0.010207
-20.472413 -9.684745 26.328361 55.956910 -2.722636 -6.437152 0.021359
-20.494579 -9.031559 26.583044 56.127138 -2.773054 -6.546167 0.033225
-20.516520 -8.384988 26.832088 56.292559 -2.823638 -6.655327 0.045778
-20.538306 -7.745388 27.075182 56.453105 -2.874522 -6.765003 0.058945
-20.560336 -7.113915 27.309461 56.608386 -2.924628 -6.873005 0.072588
-20.582693 -6.490914 27.534603 56.758317 -2.974091 -6.979698 0.086629
-20.605406 -5.876467 27.750783 56.902974 -3.022994 -7.085261 0.101041
-20.628488 -5.270550 27.958346 57.042515 -3.071402 -7.189800 0.115823
-20.651946 -4.673094 28.157689 57.177145 -3.119369 -7.293395 0.130989
-20.675789 -4.084015 28.349215 57.307083 -3.166947 -7.396121 0.146561
-20.700018 -3.503232 28.533305 57.432541 -3.214189 -7.498056 0.162560
-20.724631 -2.930691 28.710285 57.553701 -3.261150 -7.599292 0.179000
-20.749632 -2.366404 28.880354 57.670683 -3.307899 -7.699967 0.195881
-20.775062 -1.810544 29.043384 57.783499 -3.354534 -7.800336 0.213176
-20.801216 -1.263785 29.197593 57.892012 -3.400163 -7.898941 0.230618
-20.828141 -0.726299 29.342835 57.996224 -3.444881 -7.996034 0.248177
-20.855845 -0.198097 29.479263 58.096231 -3.488757 -8.091749 0.265853
-20.884322 0.320879 29.607128 58.192189 -3.531842 -8.186177 0.283663
-20.913570 0.830710 29.726715 58.284280 -3.574182 -8.279392 0.301634
-20.943582 1.331490 29.838301 58.372696 -3.615823 -8.371463 0.319797
-20.974352 1.823307 29.942153 58.457621 -3.656807 -8.462460 0.338182
-21.005872 2.306234 30.038504 58.539215 -3.697179 -8.552460 0.356816
-21.038131 2.780303 30.127516 58.617598 -3.736991 -8.641561 0.375714
-21.071139 3.245459 30.209183 58.692816 -3.776311 -8.729918 0.394872
-21.105054 3.701383 30.282574 58.764891 -3.814726 -8.816606 0.413901
-21.139887 4.148018 30.347661 58.833861 -3.852304 -8.901777 0.432795
-21.175633 4.585391 30.404562 58.899826 -3.889093 -8.985527 0.451570
-21.212286 5.013566 30.453440 58.962923 -3.925133 -9.067928 0.470252
-21.249842 5.432620 30.494465 59.023305 -3.960463 -9.149045 0.488873
-21.288297 5.842637 30.527804 59.081130 -3.995116 -9.228939 0.507466
-21.327650 6.243693 30.553611 59.136547 -4.029128 -9.307670 0.526065
-21.367891 6.635859 30.572029 59.189687 -4.062533 -9.385297 0.544698
-21.409007 7.019187 30.583179 59.240645 -4.095368 -9.461882 0.563384
-21.450968 7.393698 30.587151 59.289462 -4.127675 -9.537496 0.582128
-21.493771 7.759333 30.583732 59.336163 -4.159207 -9.611652 0.600604
-21.537390 8.116108 30.572993 59.380782 -4.190006 -9.684420 0.618815
-21.581815 8.464066 30.555014 59.423402 -4.220104 -9.755856 0.636781
-21.627045 8.803263 30.529873 59.464131 -4.249534 -9.826017 0.654528
-21.673085 9.133760 30.497641 59.503091 -4.278323 -9.894955 0.672086
-21.719944 9.455621 30.458378 59.540403 -4.306500 -9.962723 0.689487
-21.767631 9.768907 30.412143 59.576184 -4.334091 -10.029371 0.706763
-21.816148 10.073677 30.358991 59.610536 -4.361122 -10.094941 0.723940
-21.865482 10.369992 30.299005 59.643532 -4.387618 -10.159465 0.741037
-21.915575 10.657929 30.232352 59.675202 -4.413597 -10.222933 0.758060
-21.966268 10.937643 30.159450 59.705544 -4.438920 -10.285212 0.774771
-22.017506 11.209206 30.080448 59.734581 -4.463603 -10.346291 0.791175
-22.069281 11.472671 29.995392 59.762377 -4.487669 -10.406198 0.807290
-22.121604 11.728082 29.904282 59.789015 -4.511141 -10.464971 0.823139
-22.174497 11.975486 29.807101 59.814585 -4.534040 -10.522655 0.838750
-22.227982 12.214925 29.703819 59.839180 -4.556387 -10.579292 0.854150
-22.282084 12.446443 29.594405 59.862886 -4.578204 -10.634923 0.869366
-22.336818 12.670086 29.478840 59.885777 -4.599508 -10.689577 0.884420
-22.392175 12.885918 29.357166 59.907904 -4.620315 -10.743260 0.899328
-22.448076 13.094058 29.229603 59.929280 -4.640623 -10.795898 0.914091
-22.504232 13.294822 29.097058 59.949856 -4.660424 -10.847600 0.928552
-22.560567 13.488327 28.959738 59.969639 -4.679716 -10.898293 0.942713
-22.617078 13.674628 28.817651 59.988671 -4.698512 -10.947977 0.956587
-22.673789 13.853760 28.670731 60.007010 -4.716827 -10.996680 0.970193
-22.730734 14.025751 28.518884 60.024721 -4.734678 -11.044435 0.983554
-22.787953 14.190630 28.362004 60.041870 -4.752081 -11.091280 0.996692
-22.845480 14.348422 28.199986 60.058520 -4.769051 -11.137245 1.009627
-22.903343 14.499164 28.032749 60.074725 -4.785601 -11.182350 1.022380
-22.961537 14.642919 27.860299 60.090521 -4.801736 -11.226575 1.034962
-23.019967 14.779840 27.682901 60.105908 -4.817442 -11.269796 1.047371
-23.078244 14.910384 27.501856 60.120807 -4.832759 -11.312310 1.059511
-23.136278 15.034702 27.317417 60.135211 -4.847674 -11.353990 1.071379
-23.194071 15.152852 27.129562 60.149148 -4.862188 -11.394817 1.082986
-23.251656 15.264860 26.938171 60.162660 -4.876314 -11.434806 1.094346
-23.309076 15.370740 26.743091 60.175791 -4.890062 -11.473984 1.105477
-23.366380 15.470502 26.544153 60.188590 -4.903445 -11.512380 1.116398
-23.423613 15.564158 26.341194 60.201101 -4.916474 -11.550019 1.127125
-23.480808 15.651733 26.134085 60.213367 -4.929156 -11.586909 1.137675
-23.537963 15.733288 25.922802 60.225415 -4.941489 -11.623015 1.148056
-23.594978 15.809001 25.707637 60.237243 -4.953448 -11.658174 1.158266
-23.651415 15.879432 25.490153 60.248770 -4.965151 -11.692828 1.168229
-23.707178 15.944758 25.270632 60.259985 -4.976574 -11.726815 1.177938
-23.762272 16.005037 25.049028 60.270909 -4.987714 -11.760098 1.187402
-23.816736 16.060283 24.825182 60.281572 -4.998575 -11.792684 1.196633
-23.870618 16.110498 24.598895 60.292008 -5.009167 -11.824591 1.205646
-23.923969 16.155674 24.369954 60.302251 -5.019499 -11.855845 1.214454
-23.976837 16.195811 24.138155 60.312338 -5.029577 -11.886462 1.223073
-24.029256 16.230919 23.903333 60.322302 -5.039405 -11.916443 1.231515
-24.081227 16.261058 23.665447 60.332172 -5.048977 -11.945738 1.239789
-24.132645 16.286425 23.424808 60.341948 -5.058256 -11.974158 1.247892
-24.183060 16.307656 23.183160 60.351560 -5.067388 -12.002289 1.255765
-24.232377 16.324948 22.940804 60.361002 -5.076338 -12.029943 1.263401
-24.280601 16.338358 22.697682 60.370293 -5.085100 -12.057069 1.270806
-24.327770 16.347892 22.453611 60.379459 -5.093674 -12.083667 1.277993
-24.373931 16.353536 22.208362 60.388528 -5.102068 -12.109751 1.284972
-24.419134 16.355270 21.961695 60.397530 -5.110286 -12.135338 1.291755
-24.463424 16.353079 21.713378 60.406500 -5.118334 -12.160443 1.298357
-24.506836 16.346965 21.463223 60.415474 -5.126212 -12.185061 1.304789
-24.549374 16.336981 21.211170 60.424490 -5.133909 -12.209135 1.311063
-24.590955 16.323329 20.957511 60.433579 -5.141386 -12.232473 1.317181
-24.631193 16.306666 20.703945 60.442724 -5.148725 -12.255663 1.323094
-24.670013 16.287195 20.450756 60.451949 -5.155887 -12.278516 1.328800
-24.707425 16.264967 20.197874 60.461284 -5.162861 -12.300975 1.334309
-24.743465 16.239982 19.945100 60.470762 -5.169647 -12.323035 1.339632
-24.778177 16.212213 19.692192 60.480414 -5.176247 -12.344705 1.344780
-24.811604 16.181630 19.438894 60.490272 -5.182667 -12.366002 1.349765
-24.843786 16.148206 19.184961 60.500375 -5.188907 -12.386934 1.354598
-24.874757 16.111933 18.930193 60.510767 -5.194965 -12.407494 1.359295
-24.904525 16.072857 18.674509 60.521505 -5.200829 -12.427628 1.363869
-24.933037 16.031171 18.418159 60.532653 -5.206458 -12.447154 1.368331
-24.960006 15.987504 18.162666 60.544276 -5.211949 -12.466602 1.372621
-24.985386 15.942051 17.908273 60.556433 -5.217260 -12.485793 1.376747
-25.009192 15.894855 17.654895 60.569174 -5.222379 -12.504674 1.380722
-25.031456 15.845906 17.402329 60.582543 -5.227303 -12.523235 1.384557
-25.052215 15.795171 17.150326 60.596579 -5.232032 -12.541484 1.388263
-25.071505 15.742608 16.898630 60.611321 -5.236568 -12.559433 1.391852
-25.089357 15.688181 16.646992 60.626814 -5.240911 -12.577091 1.395336
-25.105800 15.631873 16.395206 60.643113 -5.245056 -12.594448 1.398727
-25.120843 15.573715 16.143174 60.660284 -5.248990 -12.611454 1.402042
-25.134453 15.513876 15.891087 60.678411 -5.252674 -12.627950 1.405294
-25.146431 15.452920 15.640240 60.697613 -5.256203 -12.644415 1.408397
-25.156752 15.391015 15.390821 60.717970 -5.259539 -12.660692 1.411364
-25.165430 15.328193 15.142731 60.739546 -5.262668 -12.676729 1.414208
-25.172491 15.264435 14.895764 60.762395 -5.265585 -12.692519 1.416941
-25.177963 15.199699 14.649676 60.786569 -5.268288 -12.708067 1.419571
-25.181873 15.133937 14.404214 60.812117 -5.270777 -12.723383 1.422111
-25.184245 15.067106 14.159133 60.839096 -5.273048 -12.738472 1.424570
-25.185098 14.999178 13.914227 60.867569 -5.275097 -12.753326 1.426962
-25.184444 14.930174 13.669384 60.897617 -5.276908 -12.767901 1.429299
-25.182261 14.860232 13.424741 60.929337 -5.278445 -12.782059 1.431597
-25.178422 14.789838 13.181355 60.962884 -5.279806 -12.796201 1.433744
-25.172913 14.719131 12.939360 60.998356 -5.280955 -12.810191 1.435755
-25.165747 14.648131 12.698644 61.035831 -5.281878 -12.823985 1.437640
-25.156944 14.576811 12.459005 61.075378 -5.282567 -12.837573 1.439409
-25.146525 14.505123 12.220203 61.117062 -5.283018 -12.850961 1.441072
-25.134508 14.433014 11.981993 61.160948 -5.283230 -12.864155 1.442635
-25.120910 14.360434 11.744138 61.207105 -5.283196 -12.877159 1.444108
-25.105744 14.287348 11.506431 61.255608 -5.282911 -12.889967 1.445498
-25.089015 14.213763 11.268751 61.306544 -5.282359 -12.902539 1.446816
-25.070709 14.139786 11.031184 61.360014 -5.281508 -12.914756 1.448070
-25.050733 14.065814 10.794559 61.416173 -5.280425 -12.926931 1.449130
-25.029078 13.991955 10.558960 61.475121 -5.279080 -12.938946 1.450003
-25.005753 13.918216 10.324263 61.536946 -5.277457 -12.950764 1.450695
-24.980772 13.844561 10.090266 61.601733 -5.275547 -12.962375 1.451213
-24.954149 13.770937 9.856736 61.669562 -5.273345 -12.973783 1.451561
-24.925899 13.697286 9.623433 61.740512 -5.270845 -12.984993 1.451740
-24.896031 13.623549 9.390122 61.814667 -5.268043 -12.996009 1.451754
-24.864554 13.549682 9.156595 61.892111 -5.264930 -13.006823 1.451604
-24.831467 13.475670 8.922710 61.972934 -5.261493 -13.017405 1.451292
-24.796751 13.401578 8.688483 62.057225 -5.257705 -13.027663 1.450813
-24.760319 13.327687 8.454522 62.145052 -5.253636 -13.037932 1.450227
-24.722158 13.254063 8.220839 62.236505 -5.249259 -13.048122 1.449530
-24.682271 13.180688 7.987288 62.331679 -5.244561 -13.058203 1.448720
-24.640669 13.107517 7.753661 62.430674 -5.239532 -13.068168 1.447793
-24.597364 13.034489 7.519726 62.533587 -5.234164 -13.078017 1.446749
-24.552371 12.961536 7.285243 62.640521 -5.228451 -13.087757 1.445585
-24.505699 12.888596 7.049980 62.751583 -5.222383 -13.097386 1.444296
-24.457359 12.815614 6.813727 62.866878 -5.215952 -13.106899 1.442879
-24.407353 12.742565 6.576334 62.986516 -5.209142 -13.116264 1.441327
-24.355665 12.669490 6.337787 63.110599 -5.201928 -13.125403 1.439630
-24.302228 12.596617 6.098573 63.239178 -5.194395 -13.134607 1.437941
-24.247031 12.523985 5.858670 63.372359 -5.186517 -13.143799 1.436249
-24.190085 12.451567 5.617923 63.510261 -5.178279 -13.152950 1.434543
-24.131404 12.379301 5.376118 63.653006 -5.169670 -13.162052 1.432817
-24.071010 12.307117 5.133020 63.800721 -5.160680 -13.171104 1.431061
-24.008921 12.234935 4.888386 63.953537 -5.151297 -13.180109 1.429267
-23.945156 12.162679 4.641982 64.111585 -5.141512 -13.189064 1.427425
-23.879728 12.090280 4.393595 64.274995 -5.131312 -13.197960 1.425521
-23.812644 12.017697 4.143072 64.443889 -5.120681 -13.206764 1.423540
-23.743888 11.944949 3.890388 64.618375 -5.109593 -13.215396 1.421458
-23.673384 11.872227 3.635980 64.798460 -5.098102 -13.224146 1.419496
-23.601124 11.799548 3.379812 64.984255 -5.086182 -13.232936 1.417629
-23.527122 11.726862 3.121722 65.175894 -5.073816 -13.241736 1.415836
-23.451403 11.654089 2.861488 65.373523 -5.060990 -13.250535 1.414102
-23.373996 11.581134 2.598867 65.577295 -5.047692 -13.259329 1.412407
-23.294931 11.507897 2.333612 65.787365 -5.033908 -13.268115 1.410735
-23.214231 11.434277 2.065486 66.003883 -5.019626 -13.276886 1.409064
-23.131914 11.360185 1.794284 66.226990 -5.004829 -13.285624 1.407368
-23.047976 11.285563 1.519871 66.456801 -4.989500 -13.294281 1.405610
-22.962377 11.210425 1.242271 66.693388 -4.973612 -13.302754 1.403741
-22.874982 11.134983 0.962055 66.936626 -4.957179 -13.311443 1.402121
-22.785760 11.059245 0.679229 67.186590 -4.940173 -13.320251 1.400697
-22.694720 10.983141 0.393644 67.443404 -4.922577 -13.329131 1.399428
-22.601886 10.906562 0.105081 67.707217 -4.904373 -13.338066 1.398280
-22.507291 10.829383 -0.186706 67.978190 -4.885546 -13.347043 1.397221
-22.410964 10.751469 -0.481963 68.256482 -4.866080 -13.356050 1.396214
-22.312923 10.672692 -0.780916 68.542235 -4.845960 -13.365069 1.395217
-22.213164 10.592940 -1.083736 68.835556 -4.825168 -13.374056 1.394177
-22.111639 10.512155 -1.390476 69.136491 -4.803683 -13.382929 1.393019
-22.008231 10.430389 -1.700949 69.444977 -4.781475 -13.391518 1.391638
-21.902650 10.347988 -2.014161 69.760553 -4.758508 -13.400513 1.390704
-21.794792 10.265000 -2.329955 70.083153 -4.734752 -13.409753 1.390108
-21.684618 10.181350 -2.648408 70.412814 -4.710187 -13.419159 1.389766
-21.572125 10.096911 -2.969703 70.749625 -4.684794 -13.428689 1.389609
-21.457318 10.011530 -3.294061 71.093689 -4.658557 -13.438314 1.389569
-21.340191 9.925048 -3.621693 71.445096 -4.631457 -13.447999 1.389575
-21.220712 9.837327 -3.952758 71.803889 -4.603478 -13.457692 1.389539
-21.098788 9.748275 -4.287296 72.170014 -4.574602 -13.467298 1.389346
-20.974235 9.657911 -4.625124 72.543265 -4.544808 -13.476641 1.388835
-20.846718 9.566473 -4.965629 72.923175 -4.514061 -13.485402 1.387781
-20.715572 9.474720 -5.306802 73.308411 -4.482257 -13.494952 1.387593
-20.580489 9.382887 -5.648094 73.698502 -4.449361 -13.504994 1.388042
-20.441316 9.290993 -5.989375 74.093221 -4.415352 -13.515370 1.388959
-20.297982 9.198954 -6.330718 74.492475 -4.380212 -13.525993 1.390214
-20.150453 9.106637 -6.672280 74.896236 -4.343921 -13.536807 1.391691
-19.998703 9.013901 -7.014230 75.304486 -4.306459 -13.547760 1.393278
-19.842680 8.920625 -7.356687 75.717166 -4.267804 -13.558784 1.394850
-19.682282 8.826747 -7.699649 76.134118 -4.227936 -13.569769 1.396258
-19.517311 8.732325 -8.042883 76.555013 -4.186831 -13.580527 1.397303
-19.347425 8.637645 -8.385755 76.979239 -4.144455 -13.590738 1.397718
-19.171972 8.543481 -8.726428 77.405278 -4.100743 -13.601509 1.398982
-18.990648 8.450115 -9.064329 77.832523 -4.055661 -13.612542 1.400830
-18.803305 8.357612 -9.399288 78.260642 -4.009180 -13.623673 1.403065
-18.609891 8.265923 -9.731335 78.689466 -3.961273 -13.634809 1.405534
-18.410404 8.174948 -10.060598 79.118916 -3.911910 -13.645888 1.408106
-18.204861 8.084571 -10.387225 79.548949 -3.861060 -13.656860 1.410661
-17.993279 7.994693 -10.711337 79.979513 -3.808688 -13.667665 1.413077
-17.775653 7.905262 -11.032965 80.410498 -3.754756 -13.678213 1.415217
-17.551930 7.816328 -11.351977 80.841683 -3.699225 -13.688363 1.416916
-17.321983 7.728109 -11.667968 81.272667 -3.642051 -13.697886 1.417966
-17.085531 7.641187 -11.979724 81.702441 -3.584027 -13.707482 1.419666
-16.842480 7.555776 -12.286878 82.130608 -3.525105 -13.716939 1.421813
-16.592822 7.471921 -12.589335 82.556951 -3.465240 -13.726132 1.424247
-16.336605 7.389578 -12.887146 82.981366 -3.404388 -13.734989 1.426835
-16.073906 7.308652 -13.180436 83.403811 -3.342504 -13.743459 1.429463
-15.804820 7.229033 -13.469348 83.824269 -3.279539 -13.751502 1.432023
-15.529442 7.150617 -13.754012 84.242720 -3.215444 -13.759073 1.434407
-15.247861 7.073333 -14.034507 84.659109 -3.150169 -13.766112 1.436499
-14.960152 6.997174 -14.310814 85.073313 -3.083663 -13.772527 1.438166
-14.666361 6.922240 -14.582756 85.485099 -3.015869 -13.778177 1.439256
-14.366482 6.848851 -14.849730 85.893827 -2.947913 -13.783279 1.440948
-14.060581 6.777103 -15.111577 86.299263 -2.879737 -13.787702 1.443090
-13.748760 6.706985 -15.368294 86.701282 -2.811287 -13.791365 1.445555
-13.431144 6.638425 -15.619966 87.099820 -2.742508 -13.794217 1.448231
-13.107868 6.571319 -15.866717 87.494852 -2.673344 -13.796219 1.451017
-12.779077 6.505552 -16.108685 87.886366 -2.603738 -13.797339 1.453817
-12.444916 6.441015 -16.345999 88.274346 -2.533634 -13.797542 1.456534
-12.105532 6.377625 -16.578754 88.658745 -2.462975 -13.796779 1.459064
-11.761069 6.315345 -16.806984 89.039469 -2.391702 -13.794987 1.461296
-11.411661 6.254213 -17.030632 89.416347 -2.319759 -13.792069 1.463102
-11.057412 6.194458 -17.249183 89.788902 -2.248354 -13.788893 1.465428
-10.698467 6.136118 -17.462588 90.156958 -2.177431 -13.785370 1.468150
-10.334989 6.079156 -17.670889 90.520416 -2.106931 -13.781444 1.471159
-9.967144 6.023497 -17.874180 90.879222 -2.036796 -13.777072 1.474358
-9.595103 5.969040 -18.072578 91.233351 -1.966968 -13.772224 1.477660
-9.219040 5.915675 -18.266212 91.582790 -1.897387 -13.766871 1.480980
-8.839137 5.863304 -18.455199 91.927525 -1.827995 -13.760983 1.484234
-8.455584 5.811847 -18.639637 92.267533 -1.758732 -13.754522 1.487339
-8.068582 5.761262 -18.819590 92.602767 -1.689540 -13.747442 1.490207
-7.678344 5.711565 -18.995067 92.933135 -1.620359 -13.739679 1.492742
-7.285068 5.662902 -19.165799 93.258346 -1.552083 -13.731848 1.495550
-6.888973 5.615292 -19.331800 93.578307 -1.484654 -13.723893 1.498537
-6.490268 5.568697 -19.493135 93.892971 -1.418014 -13.715772 1.501622
-6.089152 5.523044 -19.649898 94.202317 -1.352104 -13.707454 1.504730
-5.685817 5.478241 -19.802202 94.506340 -1.286869 -13.698916 1.507790
-5.280455 5.434187 -19.950164 94.805046 -1.222250 -13.690137 1.510735
-4.873265 5.390785 -20.093902 95.098448 -1.158191 -13.681097 1.513502
-4.464465 5.347950 -20.233526 95.386565 -1.094634 -13.671773 1.516029
-4.054292 5.305622 -20.369136 95.669416 -1.031522 -13.662141 1.518258
-3.643009 5.263777 -20.500820 95.947007 -0.968799 -13.652171 1.520129
-3.230867 5.222465 -20.628539 96.219182 -0.907194 -13.642262 1.522221
-2.818127 5.181666 -20.752381 96.485950 -0.846654 -13.632387 1.524479
-2.405025 5.141327 -20.872443 96.747336 -0.787122 -13.622527 1.526849
-1.991770 5.101375 -20.988826 97.003366 -0.728544 -13.612664 1.529281
-1.578553 5.061722 -21.101634 97.254073 -0.670867 -13.602782 1.531725
-1.165562 5.022280 -21.210969 97.499491 -0.614036 -13.592866 1.534135
-0.752987 4.982964 -21.316931 97.739665 -0.557999 -13.582900 1.536466
-0.341041 4.943705 -21.419609 97.974652 -0.502700 -13.572867 1.538680
0.070030 4.904463 -21.519082 98.204531 -0.448086 -13.562746 1.540745
0.479929 4.865235 -21.615420 98.429398 -0.394098 -13.552512 1.542635
0.888316 4.826088 -21.708603 98.649321 -0.341229 -13.542413 1.544625
1.294902 4.787027 -21.798698 98.864401 -0.289423 -13.532426 1.546693
1.699454 4.748021 -21.885779 99.074718 -0.238629 -13.522535 1.548810
2.101779 4.709016 -21.969924 99.280337 -0.188795 -13.512722 1.550947
2.501713 4.669949 -22.051215 99.481315 -0.139872 -13.502975 1.553072
2.899102 4.630751 -22.129729 99.677705 -0.091813 -13.493281 1.555156
3.293792 4.591363 -22.205544 99.869567 -0.044569 -13.483626 1.557168
3.685609 4.551738 -22.278729 100.056975 0.001906 -13.473994 1.559086
4.074342 4.511859 -22.349347 100.240024 0.047664 -13.464369 1.560893
4.459735 4.471744 -22.417453 100.418838 0.092755 -13.454730 1.562580
4.841470 4.431478 -22.483064 100.593562 0.136736 -13.445137 1.564288
5.219298 4.391087 -22.546233 100.764319 0.179655 -13.435571 1.566011
5.593031 4.350560 -22.607014 100.931207 0.221560 -13.426016 1.567735
5.962526 4.309866 -22.665463 101.094302 0.262493 -13.416457 1.569442
6.327668 4.268959 -22.721636 101.253667 0.302497 -13.406880 1.571111
6.688359 4.227789 -22.775584 101.409360 0.341614 -13.397271 1.572723
7.044500 4.186312 -22.827352 101.561442 0.379882 -13.387615 1.574258
7.395982 4.144496 -22.876978 101.709982 0.417344 -13.377893 1.575700
7.742665 4.102334 -22.924488 101.855071 0.454041 -13.368085 1.577039
8.084373 4.059856 -22.969896 101.996818 0.490015 -13.358165 1.578270
8.420883 4.017158 -23.013148 102.135351 0.525110 -13.348319 1.579434
8.752026 3.974272 -23.054252 102.270781 0.559367 -13.338522 1.580527
9.077686 3.931195 -23.093225 102.403197 0.592826 -13.328752 1.581539
9.397783 3.887897 -23.130088 102.532670 0.625522 -13.318991 1.582461
9.712262 3.844336 -23.164863 102.659260 0.657490 -13.309221 1.583276
10.021084 3.800463 -23.197570 102.783022 0.688763 -13.299428 1.583971
10.324208 3.756231 -23.228226 102.904011 0.719375 -13.289593 1.584531
10.621588 3.711601 -23.256843 103.022290 0.749359 -13.279698 1.584943
10.913156 3.666552 -23.283423 103.137936 0.778748 -13.269722 1.585201
11.198813 3.621090 -23.307960 103.251040 0.807577 -13.259642 1.585300
11.478422 3.575272 -23.330396 103.361704 0.835778 -13.249581 1.585287
11.751891 3.529104 -23.350718 103.470019 0.863384 -13.239518 1.585160
12.019167 3.482566 -23.368922 103.576064 0.890426 -13.229429 1.584911
12.280225 3.435615 -23.385004 103.679900 0.916934 -13.219299 1.584530
12.535058 3.388200 -23.398963 103.781581 0.942937 -13.209108 1.584007
12.783669 3.340262 -23.410797 103.881158 0.968461 -13.198840 1.583328
13.026064 3.291744 -23.420501 103.978682 0.993535 -13.188480 1.582483
13.262242 3.242592 -23.428066 104.074208 1.018185 -13.178008 1.581460
13.492185 3.192765 -23.433475 104.167801 1.042439 -13.167407 1.580252
13.715859 3.142240 -23.436707 104.259534 1.066325 -13.156653 1.578854
13.933196 3.091031 -23.437694 104.349488 1.089777 -13.145853 1.577308
14.144165 3.039114 -23.436412 104.437736 1.112823 -13.134985 1.575611
14.348756 2.986447 -23.432834 104.524345 1.135488 -13.124029 1.573754
14.546980 2.932976 -23.426942 104.609369 1.157798 -13.112969 1.571729
14.738858 2.878638 -23.418712 104.692859 1.179776 -13.101787 1.569525
14.924419 2.823366 -23.408123 104.774862 1.201445 -13.090466 1.567132
15.103692 2.767095 -23.395151 104.855426 1.222830 -13.078992 1.564538
15.276703 2.709762 -23.379769 104.934600 1.243952 -13.067347 1.561732
15.443465 2.651314 -23.361945 105.012438 1.264835 -13.055513 1.558707
15.603983 2.591706 -23.341643 105.089001 1.285503 -13.043471 1.555455
15.758244 2.530922 -23.318803 105.164351 1.305892 -13.031273 1.551982
15.906254 2.468919 -23.293385 105.238547 1.326027 -13.018898 1.548281
16.048028 2.405645 -23.265350 105.311643 1.345928 -13.006330 1.544343
16.183597 2.341038 -23.234660 105.383690 1.365618 -12.993551 1.540158
16.312996 2.275034 -23.201277 105.454732 1.385117 -12.980545 1.535714
16.436265 2.207568 -23.165159 105.524810 1.404447 -12.967295 1.530999
16.553444 2.138575 -23.126265 105.593967 1.423626 -12.953784 1.526001
16.664573 2.067997 -23.084548 105.662240 1.442676 -12.939996 1.520706
16.769687 1.995779 -23.039957 105.729670 1.461617 -12.925911 1.515102
16.868816 1.921882 -22.992435 105.796292 1.480468 -12.911509 1.509174
16.961989 1.846285 -22.941892 105.862133 1.499149 -12.896861 1.502936
17.049236 1.768951 -22.888270 105.927228 1.517678 -12.881947 1.496373
17.130590 1.689833 -22.831511 105.991615 1.536076 -12.866747 1.489471
17.206087 1.608877 -22.771562 106.055333 1.554361 -12.851245 1.482216
17.275767 1.526032 -22.708369 106.118417 1.572553 -12.835424 1.474593
17.339669 1.441243 -22.641877 106.180903 1.590670 -12.819267 1.466585
17.397833 1.354462 -22.572031 106.242824 1.608731 -12.802759 1.458177
17.450296 1.265645 -22.498773 106.304211 1.626755 -12.785881 1.449351
17.497094 1.174758 -22.422038 106.365092 1.644759 -12.768616 1.440089
17.538263 1.081776 -22.341758 106.425489 1.662761 -12.750944 1.430371
17.573830 0.986716 -22.257787 106.485439 1.680294 -12.733030 1.420196
17.603829 0.889558 -22.170053 106.544962 1.697375 -12.714855 1.409542
17.628294 0.790275 -22.078489 106.604084 1.714019 -12.696401 1.398390
17.647260 0.688837 -21.983032 106.662833 1.730245 -12.677653 1.386718
17.660763 0.585212 -21.883621 106.721237 1.746068 -12.658595 1.374506
17.668840 0.479366 -21.780192 106.779321 1.761503 -12.639213 1.361731
17.671530 0.371272 -21.672684 106.837107 1.776565 -12.619495 1.348370
17.668876 0.260907 -21.561029 106.894613 1.791268 -12.599424 1.334397
17.660922 0.148259 -21.445160 106.951845 1.805624 -12.578986 1.319785
17.647717 0.033324 -21.325000 107.008800 1.819647 -12.558165 1.304503
17.629321 -0.083881 -21.200463 107.065386 1.832964 -12.536925 1.288922
17.605783 -0.203353 -21.071474 107.121597 1.845587 -12.515252 1.273011
17.577146 -0.325093 -20.937965 107.177437 1.857526 -12.493132 1.256738
17.543452 -0.449108 -20.799872 107.232917 1.868790 -12.470553 1.240073
17.504738 -0.575401 -20.657134 107.288051 1.879389 -12.447508 1.222988
17.461045 -0.703978 -20.509695 107.342849 1.889330 -12.423988 1.205451
17.412414 -0.834838 -20.357500 107.397320 1.898619 -12.399985 1.187430
17.358890 -0.967976 -20.200496 107.451463 1.907262 -12.375496 1.168892
17.300525 -1.103379 -20.038636 107.505268 1.915264 -12.350513 1.149799
17.237384 -1.241026 -19.871875 107.558703 1.922626 -12.325035 1.130111
17.169548 -1.380900 -19.700235 107.611591 1.929192 -12.298842 1.110370
17.097082 -1.522975 -19.523674 107.663901 1.934963 -12.271931 1.090533
17.020038 -1.667222 -19.342150 107.715618 1.939938 -12.244301 1.070562
16.938464 -1.813615 -19.155623 107.766737 1.944117 -12.215952 1.050419
16.852405 -1.962126 -18.964052 107.817258 1.947498 -12.186884 1.030068
16.761908 -2.112728 -18.767401 107.867180 1.950080 -12.157098 1.009472
16.667021 -2.265389 -18.565639 107.916498 1.951859 -12.126599 0.988594
16.567803 -2.420075 -18.358745 107.965199 1.952829 -12.095392 0.967394
16.464323 -2.576752 -18.146710 108.013256 1.952983 -12.063487 0.945827
16.356671 -2.735383 -17.929542 108.060617 1.952312 -12.030899 0.923846
16.244973 -2.895960 -17.707370 108.107102 1.950768 -11.997343 0.901832
16.129319 -3.058439 -17.480208 108.152661 1.948338 -11.962836 0.879735
16.009784 -3.222771 -17.248057 108.197266 1.945010 -11.927391 0.857511
15.886432 -3.388901 -17.010910 108.240903 1.940774 -11.891020 0.835120
15.759325 -3.556771 -16.768756 108.283565 1.935615 -11.853733 0.812522
15.628525 -3.726320 -16.521590 108.325247 1.929522 -11.815543 0.789677
15.494099 -3.897486 -16.269412 108.365939 1.922479 -11.776465 0.766547
15.356126 -4.070210 -16.012241 108.405627 1.914470 -11.736516 0.743089
15.214697 -4.244437 -15.750115 108.444280 1.905474 -11.695724 0.719257
15.069927 -4.420125 -15.483113 108.481849 1.895470 -11.654123 0.695000
14.921970 -4.597273 -15.211453 108.518188 1.884564 -11.611455 0.670515
14.770944 -4.775830 -14.935220 108.553248 1.872732 -11.567759 0.645750
14.616945 -4.955728 -14.654467 108.587004 1.859949 -11.523064 0.620659
14.460058 -5.136883 -14.369231 108.619443 1.846191 -11.477395 0.595202
14.300365 -5.319206 -14.079543 108.650559 1.831435 -11.430774 0.569336
14.137950 -5.502605 -13.785437 108.680347 1.815654 -11.383226 0.543021
13.972900 -5.686987 -13.486958 108.708800 1.798823 -11.334778 0.516217
13.805314 -5.872268 -13.184177 108.735902 1.780912 -11.285463 0.488880
13.635311 -6.058378 -12.877207 108.761622 1.761888 -11.235328 0.460960
13.463044 -6.245271 -12.566223 108.785901 1.741716 -11.184436 0.432401
13.288751 -6.432967 -12.251560 108.808495 1.720971 -11.132789 0.403482
13.112583 -6.621413 -11.933401 108.829349 1.699616 -11.080455 0.374149
12.934662 -6.810520 -11.611874 108.848442 1.677614 -11.027484 0.344353
12.755090 -7.000176 -11.287073 108.865768 1.654930 -10.973917 0.314052
12.573967 -7.190251 -10.959073 108.881333 1.631529 -10.919789 0.283205
12.391388 -7.380612 -10.627949 108.895147 1.607379 -10.865134 0.251775
12.207453 -7.571118 -10.293785 108.907220 1.582442 -10.809991 0.219721
12.022271 -7.761635 -9.956689 108.917562 1.556684 -10.754404 0.187005
11.835955 -7.952044 -9.616812 108.926181 1.530064 -10.698430 0.153585
11.648631 -8.142248 -9.274363 108.933080 1.502544 -10.642142 0.119420
11.460415 -8.332248 -8.929807 108.938094 1.474769 -10.585100 0.085130
11.271428 -8.521941 -8.583358 108.941238 1.446701 -10.527381 0.050679
11.081784 -8.711191 -8.235174 108.942539 1.418297 -10.469044 0.016028
10.891591 -8.899843 -7.885377 108.942030 1.389518 -10.410137 -0.018857
10.700955 -9.087728 -7.534073 108.939756 1.360327 -10.350703 -0.054007
10.509979 -9.274677 -7.181359 108.935766 1.330685 -10.290784 -0.089453
10.318771 -9.460521 -6.827347 108.930117 1.300554 -10.230422 -0.125222
10.127438 -9.645104 -6.472177 108.922870 1.269894 -10.169672 -0.161341
9.936090 -9.828289 -6.116035 108.914099 1.238664 -10.108599 -0.197837
9.744839 -10.009980 -5.759179 108.903889 1.206823 -10.047291 -0.234731
9.553768 -10.190167 -5.402068 108.892275 1.174999 -9.985548 -0.271788
9.362982 -10.368750 -5.044957 108.879355 1.143149 -9.923458 -0.309027
9.172589 -10.545590 -4.688035 108.865220 1.111232 -9.861089 -0.346470
8.982697 -10.720525 -4.331442 108.849959 1.079209 -9.798494 -0.384137
8.793416 -10.893385 -3.975296 108.833657 1.047040 -9.735717 -0.422049
8.604857 -11.063995 -3.619704 108.816401 1.014687 -9.672801 -0.460226
8.417136 -11.232188 -3.264786 108.798278 0.982111 -9.609790 -0.498689
8.230369 -11.397811 -2.910688 108.779379 0.949270 -9.546738 -0.537458
8.044674 -11.560741 -2.557604 108.759800 0.916125 -9.483713 -0.576553
7.860156 -11.720899 -2.205800 108.739656 0.882634 -9.420804 -0.615988
7.676860 -11.878293 -1.855663 108.718943 0.849678 -9.358099 -0.655189
7.494885 -12.032848 -1.507455 108.697782 0.817217 -9.295689 -0.694169
7.314340 -12.184448 -1.161362 108.676281 0.785209 -9.233641 -0.732944
7.135337 -12.332955 -0.817524 108.654538 0.753616 -9.172007 -0.771532
6.957990 -12.478222 -0.476050 108.632649 0.722401 -9.110831 -0.809952
6.782412 -12.620107 -0.137041 108.610703 0.691527 -9.050152 -0.848221
6.608718 -12.758478 0.199392 108.588787 0.660957 -8.990016 -0.886359
6.437023 -12.893231 0.533109 108.566985 0.630653 -8.930475 -0.924386
6.267442 -13.024302 0.863912 108.545376 0.600575 -8.871601 -0.962326
6.100083 -13.151692 1.191518 108.524039 0.570685 -8.813490 -1.000199
5.935021 -13.275531 1.515384 108.502937 0.541586 -8.755864 -1.037625
5.772355 -13.395828 1.835234 108.482151 0.513239 -8.698818 -1.074626
5.612185 -13.512532 2.150881 108.461759 0.485608 -8.642423 -1.111222
5.454611 -13.625560 2.462198 108.441839 0.458658 -8.586730 -1.147433
5.299732 -13.734815 2.769096 108.422467 0.432356 -8.531777 -1.183280
5.147648 -13.840193 3.071501 108.403715 0.406671 -8.477600 -1.218782
4.998458 -13.941604 3.369336 108.385650 0.381572 -8.424235 -1.253961
4.852261 -14.038974 3.662502 108.368331 0.357027 -8.371723 -1.288839
4.709156 -14.132270 3.950852 108.351810 0.333005 -8.320123 -1.323441
4.569237 -14.221513 4.234169 108.336127 0.309471 -8.269511 -1.357796
4.432565 -14.306850 4.511976 108.321220 0.286691 -8.219484 -1.391558
4.299222 -14.388308 4.784061 108.307128 0.264633 -8.170119 -1.424755
4.169293 -14.465865 5.050292 108.293896 0.243267 -8.121469 -1.457412
4.042861 -14.539466 5.310590 108.281574 0.222565 -8.073570 -1.489553
3.920005 -14.609042 5.564909 108.270208 0.202502 -8.026448 -1.521200
3.800806 -14.674520 5.813216 108.259846 0.183054 -7.980123 -1.552376
3.685341 -14.735835 6.055481 108.250526 0.164197 -7.934615 -1.583104
3.573690 -14.792937 6.291658 108.242277 0.145908 -7.889949 -1.613413
3.465933 -14.845804 6.521667 108.235116 0.128160 -7.846158 -1.643329
3.362143 -14.894460 6.745378 108.229041 0.110929 -7.803292 -1.672888
3.262372 -14.939016 6.962502 108.223944 0.094276 -7.761159 -1.701756
3.166688 -14.979502 7.172913 108.219821 0.078175 -7.719808 -1.729966
3.075152 -15.015909 7.376540 108.216680 0.062604 -7.679267 -1.757549
2.987823 -15.048206 7.573353 108.214539 0.047542 -7.639554 -1.784532
2.904754 -15.076352 7.763344 108.213418 0.032970 -7.600681 -1.810938
2.825995 -15.100307 7.946515 108.213340 0.018870 -7.562652 -1.836795
2.751589 -15.120035 8.122864 108.214321 0.005224 -7.525476 -1.862126
2.681578 -15.135523 8.292376 108.216373 -0.007987 -7.489164 -1.886959
2.615999 -15.146781 8.455007 108.219493 -0.020781 -7.453735 -1.911323
2.554882 -15.153867 8.610665 108.223666 -0.033178 -7.419224 -1.935252
2.498228 -15.156922 8.759109 108.228780 -0.045156 -7.385421 -1.958458
2.446059 -15.156007 8.900251 108.234816 -0.056734 -7.352360 -1.980974
2.398394 -15.151149 9.034050 108.241765 -0.067931 -7.320057 -2.002829
2.355250 -15.142347 9.160497 108.249627 -0.078761 -7.288516 -2.024051
2.316641 -15.129592 9.279605 108.258406 -0.089239 -7.257738 -2.044666
2.282576 -15.112872 9.391392 108.268105 -0.099379 -7.227716 -2.064698
2.253062 -15.092181 9.495878 108.278727 -0.109195 -7.198447 -2.084172
2.228099 -15.067526 9.593069 108.290269 -0.118701 -7.169927 -2.103114
2.207681 -15.038940 9.682950 108.302718 -0.127911 -7.142161 -2.121552
2.191792 -15.006489 9.765469 108.316053 -0.136841 -7.115164 -2.139517
2.180398 -14.970313 9.840459 108.330185 -0.145550 -7.088766 -2.156830
2.173475 -14.930483 9.907868 108.345089 -0.154053 -7.062980 -2.173521
2.171005 -14.887040 9.967684 108.360746 -0.162364 -7.037806 -2.189620
2.172969 -14.840003 10.019919 108.377142 -0.170496 -7.013233 -2.205151
2.179347 -14.789382 10.064598 108.394267 -0.178459 -6.989248 -2.220139
2.190115 -14.735184 10.101756 108.412110 -0.186265 -6.965832 -2.234610
2.205248 -14.677416 10.131429 108.430658 -0.193926 -6.942965 -2.248586
2.224716 -14.616097 10.153646 108.449893 -0.201452 -6.920626 -2.262095
2.248486 -14.551263 10.168427 108.469791 -0.208855 -6.898801 -2.275161
2.276518 -14.482972 10.175769 108.490316 -0.216147 -6.877478 -2.287815
2.308769 -14.411325 10.175628 108.511367 -0.223512 -6.856638 -2.299868
2.345196 -14.336384 10.168000 108.532905 -0.230962 -6.836268 -2.311351
2.385754 -14.258192 10.152907 108.554897 -0.238508 -6.816346 -2.322290
2.430403 -14.176780 10.130380 108.577314 -0.246162 -6.796844 -2.332712
2.479100 -14.092171 10.100460 108.600127 -0.253935 -6.777732 -2.342640
2.531800 -14.004387 10.063194 108.623304 -0.261838 -6.758974 -2.352100
2.588459 -13.913453 10.018629 108.646810 -0.269883 -6.740533 -2.361117
2.649031 -13.819401 9.966812 108.670605 -0.278081 -6.722374 -2.369719
2.713468 -13.722276 9.907787 108.694634 -0.286444 -6.704457 -2.377934
2.781728 -13.622139 9.841589 108.718827 -0.294986 -6.686747 -2.385794
2.853799 -13.519068 9.768278 108.743039 -0.303789 -6.669407 -2.393197
2.929633 -13.413129 9.687887 108.767195 -0.312866 -6.652397 -2.400175
3.009179 -13.304378 9.600462 108.791235 -0.322232 -6.635674 -2.406756
3.092382 -13.192862 9.506051 108.815106 -0.331898 -6.619193 -2.412969
3.179186 -13.078627 9.404704 108.838755 -0.341880 -6.602904 -2.418839
3.269535 -12.961721 9.296474 108.862131 -0.352190 -6.586757 -2.424393
3.363370 -12.842194 9.181416 108.885178 -0.362843 -6.570699 -2.429655
3.460632 -12.720104 9.059589 108.907837 -0.373852 -6.554676 -2.434653
3.561262 -12.595521 8.931057 108.930038 -0.385235 -6.538628 -2.439416
3.665205 -12.468527 8.795884 108.951696 -0.397005 -6.522498 -2.443974
3.772439 -12.339194 8.654283 108.972657 -0.409184 -6.506793 -2.448210
3.882908 -12.207610 8.506322 108.992835 -0.421786 -6.491450 -2.452156
3.996548 -12.073856 8.352064 109.012159 -0.434829 -6.476407 -2.455838
4.113294 -11.938008 8.191572 109.030565 -0.448331 -6.461599 -2.459282
4.233083 -11.800138 8.024907 109.047993 -0.462307 -6.446959 -2.462511
4.355848 -11.660321 7.852133 109.064385 -0.476776 -6.432421 -2.465548
4.481524 -11.518629 7.673322 109.079684 -0.491755 -6.417911 -2.468417
4.610045 -11.375140 7.488556 109.093833 -0.507263 -6.403355 -2.471138
4.741344 -11.229928 7.297933 109.106772 -0.523318 -6.388669 -2.473733
4.875365 -11.083066 7.101577 109.118432 -0.539938 -6.373764 -2.476225
5.012102 -10.934586 6.899827 109.128700 -0.557103 -6.359277 -2.478577
5.151497 -10.784567 6.692805 109.137508 -0.574835 -6.345116 -2.480808
5.293484 -10.633094 6.480613 109.144801 -0.593152 -6.331194 -2.482939
5.437994 -10.480258 6.263336 109.150525 -0.612076 -6.317426 -2.484989
5.584964 -10.326153 6.041049 109.154627 -0.631628 -6.303728 -2.486974
5.734328 -10.170875 5.813828 109.157055 -0.651832 -6.290015 -2.488912
5.886023 -10.014520 5.581753 109.157759 -0.672709 -6.276202 -2.490819
6.039986 -9.857184 5.344919 109.156687 -0.694283 -6.262194 -2.492712
6.196154 -9.698956 5.103445 109.153791 -0.716578 -6.247890 -2.494605
6.354472 -9.539917 4.857485 109.149019 -0.739615 -6.233179 -2.496512
6.514924 -9.380078 4.607500 109.142241 -0.763158 -6.218920 -2.498186
6.677454 -9.219521 4.353643 109.133407 -0.787232 -6.205000 -2.499640
6.841999 -9.058342 4.096036 109.122478 -0.811860 -6.191313 -2.500883
7.008499 -8.896644 3.834775 109.109410 -0.837071 -6.177758 -2.501927
7.176893 -8.734533 3.569949 109.094164 -0.862890 -6.164238 -2.502780
7.347121 -8.572113 3.301645 109.076701 -0.889345 -6.150652 -2.503452
7.519125 -8.409483 3.029961 109.056989 -0.916464 -6.136897 -2.503948
7.692842 -8.246725 2.755022 109.035002 -0.944273 -6.122860 -2.504273
7.868208 -8.083900 2.476993 109.010725 -0.972800 -6.108413 -2.504426
8.045159 -7.921029 2.196101 108.984159 -1.002068 -6.093411 -2.504402
8.223663 -7.758014 1.912989 108.955252 -1.031437 -6.078942 -2.504025
8.403651 -7.594876 1.627883 108.924010 -1.060932 -6.064861 -2.503287
8.585057 -7.431676 1.340944 108.890431 -1.090581 -6.051039 -2.502181
8.767817 -7.268498 1.052295 108.854502 -1.120412 -6.037358 -2.500703
8.951869 -7.105440 0.762036 108.816211 -1.150454 -6.023709 -2.498848
9.137156 -6.942602 0.470256 108.775542 -1.180739 -6.009983 -2.496610
9.323616 -6.780081 0.177054 108.732490 -1.211296 -5.996068 -2.493981
9.511185 -6.617962 -0.117453 108.687056 -1.242153 -5.981848 -2.490949
9.699791 -6.456303 -0.413110 108.639265 -1.273338 -5.967191 -2.487497
9.889354 -6.295124 -0.709703 108.589162 -1.304875 -5.951949 -2.483600
10.079806 -6.134321 -1.006619 108.536844 -1.335927 -5.937154 -2.479440
10.271063 -5.973911 -1.303651 108.482366 -1.366516 -5.922657 -2.474989
10.463048 -5.813953 -1.600650 108.425760 -1.396671 -5.908330 -2.470223
10.655691 -5.654529 -1.897510 108.367043 -1.426419 -5.894056 -2.465120
10.848927 -5.495733 -2.194146 108.306226 -1.455787 -5.879726 -2.459663
11.042693 -5.337665 -2.490483 108.243319 -1.484803 -5.865231 -2.453829
11.236921 -5.180419 -2.786444 108.178340 -1.513494 -5.850463 -2.447595
11.431534 -5.024075 -3.081929 108.111322 -1.541884 -5.835306 -2.440935
11.626439 -4.868686 -3.376806 108.042331 -1.569998 -5.819635 -2.433811
11.821514 -4.714267 -3.670890 107.971472 -1.597853 -5.803307 -2.426179
12.016608 -4.560700 -3.963600 107.899032 -1.625043 -5.787314 -2.418499
12.211595 -4.407995 -4.254756 107.825121 -1.651587 -5.771516 -2.410722
12.406376 -4.256203 -4.544238 107.749813 -1.677505 -5.755790 -2.402808
12.600866 -4.105397 -4.831963 107.673152 -1.702819 -5.740027 -2.394722
12.794994 -3.955662 -5.117871 107.595171 -1.727551 -5.724121 -2.386432
12.988689 -3.807090 -5.401911 107.515896 -1.751722 -5.707973 -2.377906
13.181876 -3.659767 -5.684034 107.435362 -1.775352 -5.691482 -2.369109
13.374471 -3.513768 -5.964175 107.353623 -1.798461 -5.674542 -2.360004
13.566372 -3.369145 -6.242249 107.270762 -1.821065 -5.657042 -2.350544
13.757451 -3.225915 -6.518137 107.186902 -1.843177 -5.638858 -2.340675
13.947575 -3.083969 -6.791355 107.102359 -1.864600 -5.621057 -2.330998
14.136615 -2.943322 -7.061791 107.017259 -1.885346 -5.603517 -2.321456
14.324464 -2.804021 -7.329368 106.931691 -1.905429 -5.586131 -2.312001
14.511037 -2.666136 -7.594036 106.845713 -1.924865 -5.568801 -2.302590
14.696263 -2.529750 -7.855762 106.759364 -1.943668 -5.551433 -2.293187
14.880075 -2.394947 -8.114519 106.672681 -1.961854 -5.533938 -2.283754
15.062406 -2.261815 -8.370282 106.585701 -1.979435 -5.516226 -2.274253
15.243179 -2.130430 -8.623016 106.498481 -1.996425 -5.498205 -2.264642
15.422301 -2.000857 -8.872672 106.411105 -2.012834 -5.479779 -2.254873
15.599661 -1.873135 -9.119185 106.323692 -2.028670 -5.460848 -2.244892
15.775153 -1.747197 -9.362185 106.236566 -2.043917 -5.442397 -2.235417
15.948664 -1.623080 -9.601608 106.149846 -2.058583 -5.424329 -2.226393
16.120106 -1.500842 -9.837417 106.063616 -2.072676 -5.406554 -2.217774
16.289410 -1.380556 -10.069586 105.977931 -2.086204 -5.388987 -2.209518
16.456525 -1.262302 -10.298106 105.892824 -2.099178 -5.371549 -2.201589
16.621406 -1.146161 -10.522968 105.808319 -2.111607 -5.354164 -2.193957
16.784011 -1.032214 -10.744167 105.724440 -2.123498 -5.336755 -2.186587
16.944290 -0.920534 -10.961691 105.641221 -2.134859 -5.319246 -2.179446
17.102183 -0.811185 -11.175520 105.558715 -2.145697 -5.301556 -2.172496
17.257607 -0.704213 -11.385615 105.477007 -2.156016 -5.283604 -2.165693
17.410453 -0.599581 -11.591691 105.396325 -2.165923 -5.266169 -2.159399
17.560639 -0.497332 -11.793712 105.316753 -2.175421 -5.249170 -2.153572
17.708110 -0.397520 -11.991664 105.238342 -2.184515 -5.232534 -2.148176
17.852826 -0.300209 -12.185542 105.161122 -2.193210 -5.216194 -2.143181
17.994764 -0.205463 -12.375351 105.085104 -2.201511 -5.200082 -2.138563
18.133902 -0.113347 -12.561095 105.010294 -2.209424 -5.184137 -2.134297
18.270223 -0.023922 -12.742780 104.936697 -2.216952 -5.168295 -2.130363
18.403702 0.062760 -12.920402 104.864326 -2.224100 -5.152492 -2.126735
18.534304 0.146660 -13.093948 104.793206 -2.230871 -5.136663 -2.123389
18.661979 0.227756 -13.263386 104.723387 -2.237265 -5.120736 -2.120295
18.786646 0.306102 -13.428475 104.655007 -2.243400 -5.105335 -2.117641
18.908255 0.381680 -13.589184 104.588113 -2.249274 -5.090392 -2.115399
19.026771 0.454459 -13.745501 104.522732 -2.254892 -5.075846 -2.113547
19.142176 0.524398 -13.897425 104.458874 -2.260253 -5.061642 -2.112065
19.254458 0.591453 -14.044963 104.396539 -2.265362 -5.047726 -2.110937
19.363610 0.655578 -14.188122 104.335724 -2.270220 -5.034048 -2.110149
19.469627 0.716731 -14.326911 104.276424 -2.274831 -5.020558 -2.109687
19.572496 0.774877 -14.461328 104.218642 -2.279194 -5.007206 -2.109538
19.672199 0.829993 -14.591365 104.162391 -2.283312 -4.993938 -2.109684
19.768700 0.882073 -14.716996 104.107699 -2.287184 -4.980700 -2.110109
19.861947 0.931168 -14.838035 104.054651 -2.290891 -4.967941 -2.110912
19.951905 0.977275 -14.954455 104.003278 -2.294434 -4.955608 -2.112078
20.038553 1.020377 -15.066248 103.953592 -2.297811 -4.943655 -2.113592
20.121882 1.060448 -15.173411 103.905598 -2.301025 -4.932037 -2.115445
20.201888 1.097459 -15.275950 103.859288 -2.304076 -4.920716 -2.117629
20.278571 1.131378 -15.373873 103.814657 -2.306965 -4.909655 -2.120137
20.351929 1.162179 -15.467185 103.771696 -2.309693 -4.898817 -2.122963
20.421958 1.189842 -15.555884 103.730399 -2.312260 -4.888164 -2.126103
20.488647 1.214356 -15.639962 103.690771 -2.314667 -4.877659 -2.129550
20.551976 1.235729 -15.719392 103.652825 -2.316913 -4.867258 -2.133295
20.611903 1.254007 -15.794045 103.616604 -2.319041 -4.857209 -2.137360
20.668405 1.269200 -15.863896 103.582122 -2.321050 -4.847474 -2.141738
20.721472 1.281304 -15.928931 103.549384 -2.322940 -4.838017 -2.146426
20.771100 1.290307 -15.989149 103.518384 -2.324711 -4.828810 -2.151421
20.817288 1.296193 -16.044551 103.489116 -2.326363 -4.819826 -2.156725
20.860039 1.298947 -16.095142 103.461566 -2.327897 -4.811042 -2.162338
20.899356 1.298553 -16.140925 103.435725 -2.329312 -4.802434 -2.168262
20.935238 1.295004 -16.181900 103.411580 -2.330610 -4.793979 -2.174501
20.967684 1.288299 -16.218057 103.389125 -2.331790 -4.785653 -2.181058
20.996686 1.278453 -16.249376 103.368356 -2.332851 -4.777429 -2.187934
21.022224 1.265506 -16.275778 103.349279 -2.333811 -4.769427 -2.195118
21.044290 1.249477 -16.297242 103.331892 -2.334668 -4.761623 -2.202614
21.062880 1.230372 -16.313756 103.316187 -2.335423 -4.753997 -2.210428
21.077997 1.208192 -16.325319 103.302155 -2.336075 -4.746534 -2.218565
21.089644 1.182936 -16.331933 103.289786 -2.336624 -4.739221 -2.227034
21.097826 1.154604 -16.333600 103.279067 -2.337070 -4.732048 -2.235844
21.102550 1.123198 -16.330324 103.269985 -2.337414 -4.725005 -2.245004
21.103821 1.088725 -16.322105 103.262527 -2.337655 -4.718083 -2.254524
21.101645 1.051198 -16.308940 103.256679 -2.337793 -4.711273 -2.264417
21.096025 1.010643 -16.290816 103.252431 -2.337828 -4.704564 -2.274691
21.086953 0.967091 -16.267720 103.249701 -2.337726 -4.697885 -2.285015
21.074432 0.920573 -16.239637 103.248479 -2.337486 -4.691228 -2.295399
21.058469 0.871110 -16.206566 103.248752 -2.337108 -4.684588 -2.305858
21.039072 0.818723 -16.168507 103.250508 -2.336592 -4.677965 -2.316403
21.016251 0.763429 -16.125465 103.253734 -2.335937 -4.671359 -2.327051
20.990018 0.705248 -16.077449 103.258415 -2.335143 -4.664774 -2.337814
20.960386 0.644201 -16.024468 103.264537 -2.334210 -4.658214 -2.348710
20.927372 0.580311 -15.966532 103.272080 -2.333136 -4.651685 -2.359754
20.890995 0.513608 -15.903651 103.281019 -2.331922 -4.645195 -2.370965
20.851277 0.444124 -15.835833 103.291331 -2.330567 -4.638751 -2.382360
20.808233 0.371889 -15.763116 103.302916 -2.329111 -4.632215 -2.393618
20.761887 0.296943 -15.685510 103.315749 -2.327553 -4.625595 -2.404759
20.712260 0.219323 -15.603026 103.329807 -2.325893 -4.618906 -2.415800
20.659372 0.139068 -15.515678 103.345070 -2.324129 -4.612160 -2.426760
20.603244 0.056218 -15.423480 103.361519 -2.322261 -4.605372 -2.437658
20.543896 -0.029184 -15.326449 103.379137 -2.320287 -4.598560 -2.448512
20.481355 -0.117097 -15.224604 103.397901 -2.318209 -4.591743 -2.459342
20.415647 -0.207474 -15.117966 103.417784 -2.316024 -4.584940 -2.470169
20.346810 -0.300271 -15.006562 103.438753 -2.313732 -4.578176 -2.481014
20.274882 -0.395440 -14.890422 103.460768 -2.311332 -4.571475 -2.491902
20.199900 -0.492958 -14.769655 103.483740 -2.308796 -4.564567 -2.502628
20.121905 -0.592774 -14.644291 103.507631 -2.306123 -4.557480 -2.513216
20.040934 -0.694830 -14.514361 103.532406 -2.303311 -4.550242 -2.523688
19.957023 -0.799066 -14.379894 103.558040 -2.300360 -4.542882 -2.534066
19.870204 -0.905421 -14.240916 103.584508 -2.297269 -4.535429 -2.544370
19.780510 -1.013830 -14.097459 103.611786 -2.294036 -4.527914 -2.554623
19.687978 -1.124229 -13.949556 103.639850 -2.290659 -4.520370 -2.564844
19.592651 -1.236557 -13.797252 103.668667 -2.287139 -4.512835 -2.575057
19.494581 -1.350756 -13.640603 103.698193 -2.283474 -4.505350 -2.585287
19.393828 -1.466779 -13.479683 103.728380 -2.279664 -4.497964 -2.595561
19.290450 -1.584623 -13.314690 103.759152 -2.275667 -4.490317 -2.605810
19.184508 -1.704235 -13.145699 103.790463 -2.271482 -4.482458 -2.616063
19.076057 -1.825548 -12.972770 103.822271 -2.267109 -4.474434 -2.626342
18.965147 -1.948484 -12.795950 103.854548 -2.262544 -4.466290 -2.636673
18.851827 -2.072961 -12.615282 103.887270 -2.257787 -4.458066 -2.647075
18.736144 -2.198891 -12.430805 103.920415 -2.252834 -4.449807 -2.657571
18.618152 -2.326185 -12.242563 103.953957 -2.247683 -4.441556 -2.668183
18.497912 -2.454757 -12.050606 103.987867 -2.242329 -4.433360 -2.678935
18.375498 -2.584523 -11.854999 104.022099 -2.236772 -4.425273 -2.689853
18.250996 -2.715414 -11.655825 104.056599 -2.231009 -4.417353 -2.700968
18.124500 -2.847428 -11.453429 104.091250 -2.225078 -4.408773 -2.712104
17.996098 -2.980489 -11.247896 104.125997 -2.218976 -4.399594 -2.723291
17.865864 -3.114503 -11.039296 104.160804 -2.212701 -4.389873 -2.734553
17.733864 -3.249368 -10.827686 104.195646 -2.206248 -4.379661 -2.745916
17.600159 -3.384976 -10.613119 104.230505 -2.199613 -4.369009 -2.757400
17.464809 -3.521216 -10.395649 104.265367 -2.192791 -4.357970 -2.769027
17.327877 -3.657979 -10.175338 104.300216 -2.185777 -4.346596 -2.780818
17.189432 -3.795162 -9.952265 104.335031 -2.178567 -4.334949 -2.792795
17.049555 -3.932675 -9.726534 104.369778 -2.171158 -4.323094 -2.804986
16.908338 -4.070449 -9.498287 104.404412 -2.163545 -4.311110 -2.817418
16.765886 -4.208484 -9.267877 104.438782 -2.155890 -4.298481 -2.829731
16.622291 -4.346709 -9.035450 104.472847 -2.148190 -4.285286 -2.841953
16.477630 -4.485026 -8.801117 104.506582 -2.140441 -4.271594 -2.854108
16.331972 -4.623322 -8.564968 104.539976 -2.132637 -4.257469 -2.866216
16.185382 -4.761476 -8.327079 104.573028 -2.124773 -4.242971 -2.878295
16.037921 -4.899367 -8.087526 104.605738 -2.116841 -4.228157 -2.890364
15.889654 -5.036876 -7.846395 104.638110 -2.108836 -4.213091 -2.902439
15.740650 -5.173897 -7.603789 104.670142 -2.100752 -4.197839 -2.914538
15.590989 -5.310344 -7.359847 104.701825 -2.092585 -4.182479 -2.926682
15.440760 -5.446162 -7.114761 104.733140 -2.084330 -4.167106 -2.938892
15.290061 -5.581390 -6.868958 104.763963 -2.076166 -4.151217 -2.950789
15.138980 -5.715973 -6.622629 104.794280 -2.068090 -4.134907 -2.962392
14.987590 -5.849824 -6.375915 104.824090 -2.060097 -4.118255 -2.973719
14.835958 -5.982838 -6.128919 104.853402 -2.052181 -4.101327 -2.984784
14.684148 -6.114897 -5.881727 104.882230 -2.044335 -4.084187 -2.995600
14.532224 -6.245885 -5.634417 104.910591 -2.036554 -4.066893 -3.006178
14.380251 -6.375687 -5.387070 104.938496 -2.028830 -4.049507 -3.016531
14.228299 -6.504206 -5.139788 104.965953 -2.021157 -4.032095 -3.026673
14.076448 -6.631366 -4.892703 104.992960 -2.013532 -4.014734 -3.036619
13.924785 -6.757130 -4.645999 105.019499 -2.005951 -3.997515 -3.046387
13.773391 -6.881556 -4.400098 105.045528 -1.998479 -3.979932 -3.055920
13.622351 -7.004610 -4.155180 105.071033 -1.991113 -3.962075 -3.065233
13.471734 -7.126224 -3.911372 105.096017 -1.983850 -3.944019 -3.074340
13.321606 -7.246311 -3.668763 105.120489 -1.976683 -3.925827 -3.083252
13.172025 -7.364772 -3.427419 105.144469 -1.969607 -3.907555 -3.091978
13.023047 -7.481510 -3.187398 105.167973 -1.962615 -3.889255 -3.100526
12.874732 -7.596433 -2.948759 105.191018 -1.955702 -3.870982 -3.108905
12.727140 -7.709465 -2.711578 105.213612 -1.948863 -3.852793 -3.117125
12.580339 -7.820554 -2.475957 105.235753 -1.942094 -3.834755 -3.125199
12.434404 -7.929688 -2.242049 105.257419 -1.935391 -3.816950 -3.133144
12.289422 -8.036945 -2.010226 105.278548 -1.928913 -3.798949 -3.140908
12.145463 -8.142317 -1.780635 105.299119 -1.922657 -3.780832 -3.148508
12.002581 -8.245764 -1.553369 105.319129 -1.916621 -3.762664 -3.155955
11.860825 -8.347228 -1.328484 105.338586 -1.910800 -3.744494 -3.163258
11.720233 -8.446638 -1.106015 105.357504 -1.905188 -3.726369 -3.170426
11.580845 -8.543926 -0.885984 105.375896 -1.899782 -3.708328 -3.177464
11.442695 -8.639027 -0.668413 105.393773 -1.894578 -3.690413 -3.184381
11.305821 -8.731889 -0.453332 105.411137 -1.889570 -3.672667 -3.191186
11.170266 -8.822482 -0.240795 105.427980 -1.884756 -3.655138 -3.197891
11.036075 -8.910806 -0.030891 105.444273 -1.880136 -3.637888 -3.204513
10.903303 -8.996938 0.176119 105.459958 -1.875756 -3.620574 -3.211058
10.771990 -9.080884 0.380151 105.475005 -1.871616 -3.603253 -3.217545
10.642163 -9.162625 0.581164 105.489401 -1.867713 -3.585972 -3.223984
10.513842 -9.242127 0.779149 105.503142 -1.864045 -3.568764 -3.230386
10.387040 -9.319346 0.974113 105.516228 -1.860611 -3.551660 -3.236760
10.261767 -9.394240 1.166072 105.528661 -1.857406 -3.534687 -3.243113
10.138030 -9.466769 1.355048 105.540435 -1.854430 -3.517868 -3.249456
10.015839 -9.536901 1.541057 105.551542 -1.851679 -3.501230 -3.255799
9.895202 -9.604621 1.724101 105.561956 -1.849154 -3.484803 -3.262155
9.776136 -9.669934 1.904163 105.571638 -1.846855 -3.468622 -3.268543
9.658651 -9.732900 2.081100 105.580502 -1.844741 -3.452395 -3.274897
9.542756 -9.793529 2.254896 105.588505 -1.842812 -3.436158 -3.281233
9.428447 -9.851816 2.425565 105.595620 -1.841070 -3.419935 -3.287567
9.315714 -9.907742 2.593138 105.601828 -1.839513 -3.403745 -3.293910
9.204538 -9.961285 2.757658 105.607117 -1.838141 -3.387603 -3.300272
9.094899 -10.012423 2.919172 105.611475 -1.836954 -3.371522 -3.306664
8.986771 -10.061136 3.077729 105.614891 -1.835951 -3.355515 -3.313094
8.880127 -10.107413 3.233372 105.617349 -1.835132 -3.339594 -3.319574
8.774939 -10.151254 3.386136 105.618827 -1.834498 -3.323777 -3.326116
8.671176 -10.192677 3.536037 105.619293 -1.834051 -3.308082 -3.332733
8.568798 -10.231733 3.683041 105.618691 -1.833780 -3.292434 -3.339355
8.467769 -10.268444 3.827166 105.616986 -1.833686 -3.276851 -3.345995
8.368047 -10.302816 3.968451 105.614154 -1.833771 -3.261346 -3.352666
8.269588 -10.334845 4.106947 105.610172 -1.834036 -3.245928 -3.359378
8.172342 -10.364524 4.242712 105.605024 -1.834483 -3.230602 -3.366142
8.076258 -10.391845 4.375809 105.598691 -1.835113 -3.215373 -3.372967
7.981280 -10.416803 4.506297 105.591156 -1.835928 -3.200243 -3.379862
7.887349 -10.439399 4.634232 105.582398 -1.836929 -3.185220 -3.386838
7.794404 -10.459647 4.759655 105.572393 -1.838118 -3.170313 -3.393904
7.702384 -10.477578 4.882591 105.561109 -1.839500 -3.155535 -3.401074
7.611219 -10.493253 5.003035 105.548469 -1.841075 -3.140915 -3.408191
7.520843 -10.506702 5.121010 105.534439 -1.842848 -3.126469 -3.415267
7.431185 -10.517941 5.236561 105.518992 -1.844820 -3.112201 -3.422314
7.342174 -10.526974 5.349744 105.502101 -1.846996 -3.098117 -3.429340
7.253738 -10.533800 5.460621 105.483742 -1.849379 -3.084215 -3.436354
7.165800 -10.538416 5.569258 105.463892 -1.851972 -3.070496 -3.443364
7.078285 -10.540818 5.675720 105.442526 -1.854779 -3.056958 -3.450379
6.991111 -10.541011 5.780064 105.419620 -1.857802 -3.043603 -3.457407
6.904198 -10.539006 5.882335 105.395147 -1.861048 -3.030434 -3.464456
6.817459 -10.534830 5.982562 105.369077 -1.864520 -3.017464 -3.471533
6.730817 -10.528537 6.080742 105.341336 -1.868194 -3.004738 -3.478517
6.644183 -10.520153 6.176901 105.311893 -1.872074 -2.992269 -3.485416
6.557474 -10.509690 6.271084 105.280715 -1.876167 -2.980058 -3.492237
6.470602 -10.497149 6.363346 105.247774 -1.880477 -2.968107 -3.498987
6.383486 -10.482525 6.453750 105.213036 -1.885009 -2.956414 -3.505672
6.296040 -10.465814 6.542356 105.176470 -1.889770 -2.944975 -3.512299
6.208182 -10.447010 6.629226 105.138041 -1.894764 -2.933791 -3.518873
6.119826 -10.426114 6.714412 105.097715 -1.899999 -2.922859 -3.525400
6.030888 -10.403138 6.797955 105.055451 -1.905480 -2.912186 -3.531886
5.941282 -10.378110 6.879872 105.011208 -1.911216 -2.901782 -3.538338
5.850926 -10.351089 6.960146 104.964905 -1.917128 -2.891669 -3.544665
5.759735 -10.322101 7.038794 104.916497 -1.923225 -2.881859 -3.550872
5.667627 -10.291156 7.115854 104.865941 -1.929515 -2.872357 -3.556964
5.574521 -10.258252 7.191374 104.813194 -1.936004 -2.863163 -3.562945
5.480340 -10.223382 7.265411 104.758213 -1.942700 -2.854274 -3.568819
5.385009 -10.186536 7.338021 104.700953 -1.949611 -2.845690 -3.574588
5.288456 -10.147703 7.409262 104.641368 -1.956745 -2.837408 -3.580255
5.190608 -10.106878 7.479185 104.579409 -1.964110 -2.829427 -3.585823
5.091397 -10.064066 7.547831 104.515025 -1.971716 -2.821751 -3.591295
4.990754 -10.019284 7.615224 104.448158 -1.979571 -2.814387 -3.596674
4.888615 -9.972578 7.681358 104.378730 -1.987568 -2.807342 -3.601920
4.784916 -9.923964 7.746256 104.306682 -1.995718 -2.800625 -3.607037
4.679597 -9.873446 7.809958 104.231957 -2.004029 -2.794239 -3.612024
4.572599 -9.821018 7.872512 104.154501 -2.012512 -2.788184 -3.616881
4.463868 -9.766670 7.933972 104.074259 -2.021175 -2.782459 -3.621607
4.353353 -9.710388 7.994394 103.991173 -2.030029 -2.777062 -3.626201
4.241007 -9.652163 8.053832 103.905186 -2.039083 -2.771992 -3.630660
4.126786 -9.591990 8.112335 103.816238 -2.048347 -2.767249 -3.634981
4.010653 -9.529873 8.169945 103.724263 -2.057832 -2.762836 -3.639161
3.892573 -9.465832 8.226692 103.629191 -2.067548 -2.758760 -3.643200
3.772516 -9.399911 8.282567 103.530963 -2.077446 -2.754987 -3.647187
3.650456 -9.332131 8.337600 103.429508 -2.087537 -2.751524 -3.651119
3.526365 -9.262496 8.391831 103.324761 -2.097832 -2.748376 -3.654991
3.400219 -9.191003 8.445310 103.216658 -2.108342 -2.745543 -3.658794
3.271999 -9.117641 8.498090 103.105140 -2.119079 -2.743025 -3.662520
3.141685 -9.042399 8.550228 102.990147 -2.130053 -2.740820 -3.666159
3.009262 -8.965266 8.601781 102.871623 -2.141277 -2.738927 -3.669698
2.874722 -8.886235 8.652803 102.749513 -2.152761 -2.737345 -3.673126
2.738058 -8.805304 8.703347 102.623767 -2.164517 -2.736076 -3.676427
2.599263 -8.722480 8.753459 102.494339 -2.176558 -2.735121 -3.679584
2.458319 -8.637797 8.803130 102.361238 -2.188697 -2.734282 -3.682748
2.315225 -8.551261 8.852407 102.224420 -2.200945 -2.733560 -3.685901
2.169990 -8.462874 8.901340 102.083836 -2.213316 -2.732958 -3.689024
2.022622 -8.372628 8.949984 101.939432 -2.225820 -2.732475 -3.692096
1.873135 -8.280516 8.998395 101.791155 -2.238472 -2.732111 -3.695098
1.721544 -8.186530 9.046630 101.638955 -2.251284 -2.731866 -3.698008
1.567867 -8.090664 9.094741 101.482781 -2.264268 -2.731741 -3.700803
1.412126 -7.992918 9.142778 101.322591 -2.277436 -2.731736 -3.703456
1.254343 -7.893301 9.190784 101.158346 -2.290803 -2.731857 -3.705940
1.094543 -7.791836 9.238789 100.990025 -2.304381 -2.732111 -3.708223
0.932741 -7.688571 9.286779 100.817725 -2.317956 -2.732428 -3.710719
0.768967 -7.583528 9.334783 100.641423 -2.331539 -2.732815 -3.713395
0.603257 -7.476719 9.382843 100.461086 -2.345144 -2.733279 -3.716218
0.435650 -7.368149 9.431005 100.276671 -2.358785 -2.733822 -3.719156
0.266190 -7.257819 9.479322 100.088134 -2.372474 -2.734447 -3.722176
0.094925 -7.145731 9.527846 99.895431 -2.386225 -2.735154 -3.725245
-0.078098 -7.031889 9.576626 99.698523 -2.400050 -2.735947 -3.728327
-0.252829 -6.916309 9.625703 99.497378 -2.413962 -2.736830 -3.731385
-0.429221 -6.799015 9.675107 99.291981 -2.427975 -2.737815 -3.734376
-0.607238 -6.680055 9.724848 99.082344 -2.442101 -2.738916 -3.737250
-0.786873 -6.559505 9.774878 98.868648 -2.456258 -2.740054 -3.740461
-0.968086 -6.437414 9.825206 98.650905 -2.470459 -2.741247 -3.743958
-1.150821 -6.313809 9.875861 98.429105 -2.484716 -2.742505 -3.747692
-1.335014 -6.188707 9.926884 98.203222 -2.499043 -2.743834 -3.751620
-1.520596 -6.062118 9.978326 97.973226 -2.513452 -2.745238 -3.755696
-1.707497 -5.934053 10.030240 97.739086 -2.527956 -2.746721 -3.759875
-1.895644 -5.804522 10.082676 97.500779 -2.542569 -2.748286 -3.764108
-2.084970 -5.673544 10.135678 97.258300 -2.557303 -2.749940 -3.768342
-2.275416 -5.541150 10.189274 97.011667 -2.572170 -2.751695 -3.772519
-2.466944 -5.407390 10.243466 96.760947 -2.587183 -2.753569 -3.776567
-2.659568 -5.272352 10.298157 96.506360 -2.602297 -2.755355 -3.780725
-2.853249 -5.136085 10.353348 96.247973 -2.617524 -2.757074 -3.784921
-3.047926 -4.998620 10.409068 95.985809 -2.632877 -2.758737 -3.789090
-3.243523 -4.859977 10.465360 95.719868 -2.648369 -2.760352 -3.793171
-3.439958 -4.720166 10.522281 95.450131 -2.664013 -2.761923 -3.797108
-3.637148 -4.579200 10.579891 95.176583 -2.679822 -2.763452 -3.800842
-3.835009 -4.437087 10.638251 94.899210 -2.695810 -2.764943 -3.804311
-4.033466 -4.293846 10.697410 94.618022 -2.711990 -2.766401 -3.807450
-4.232457 -4.149501 10.757403 94.333062 -2.728376 -2.767836 -3.810181
-4.431949 -4.004096 10.818234 94.044431 -2.744979 -2.769269 -3.812417
-4.631968 -3.857705 10.879805 93.752459 -2.761734 -2.770543 -3.814634
-4.832482 -3.710369 10.942118 93.457246 -2.778655 -2.771679 -3.816742
-5.033431 -3.562113 11.005206 93.158838 -2.795755 -2.772689 -3.818660
-5.234736 -3.412953 11.069120 92.857241 -2.813049 -2.773580 -3.820314
-5.436311 -3.262898 11.133924 92.552444 -2.830550 -2.774355 -3.821633
-5.638066 -3.111958 11.199685 92.244428 -2.848274 -2.775014 -3.822549
-5.839915 -2.960145 11.266468 91.933183 -2.866235 -2.775562 -3.822987
-6.041781 -2.807478 11.334323 91.618723 -2.884448 -2.776006 -3.822867
-6.243610 -2.653991 11.403271 91.301104 -2.902928 -2.776361 -3.822100
-6.445389 -2.499739 11.473290 90.980454 -2.921692 -2.776657 -3.820576
-6.647190 -2.344818 11.544223 90.657206 -2.941153 -2.776743 -3.818912
-6.849004 -2.189282 11.616040 90.331491 -2.961328 -2.776650 -3.816997
-7.050781 -2.033163 11.688760 90.003364 -2.982236 -2.776396 -3.814735
-7.252448 -1.876476 11.762434 89.672836 -3.003894 -2.775989 -3.812039
-7.453919 -1.719232 11.837129 89.339892 -3.026320 -2.775433 -3.808828
-7.655105 -1.561437 11.912918 89.004511 -3.049535 -2.774729 -3.805020
-7.855921 -1.403101 11.989872 88.666679 -3.073558 -2.773879 -3.800530
-8.056296 -1.244239 12.068046 88.326409 -3.098411 -2.772891 -3.795265
-8.256185 -1.084883 12.147460 87.983767 -3.124116 -2.771782 -3.789121
-8.455594 -0.925089 12.228070 87.638898 -3.150697 -2.770590 -3.781973
-8.654620 -0.764968 12.309661 87.292322 -3.178070 -2.769226 -3.774730
-8.853274 -0.604577 12.392182 86.944187 -3.206262 -2.767731 -3.767265
-9.051520 -0.443943 12.475649 86.594560 -3.235298 -2.766125 -3.759468
-9.249291 -0.283079 12.560119 86.243450 -3.265205 -2.764417 -3.751239
-9.446509 -0.121990 12.645668 85.890842 -3.296009 -2.762608 -3.742487
-9.643089 0.039322 12.732384 85.536708 -3.327741 -2.760696 -3.733119
-9.838951 0.200853 12.820350 85.181032 -3.360428 -2.758683 -3.723040
-10.034031 0.362595 12.909634 84.823830 -3.394103 -2.756573 -3.712147
-10.228297 0.524526 13.000264 84.465176 -3.428795 -2.754384 -3.700320
-10.421769 0.686597 13.092189 84.105234 -3.464538 -2.752156 -3.687420
-10.614554 0.848702 13.185208 83.744618 -3.500794 -2.750102 -3.674693
-10.806678 1.010796 13.279262 83.383499 -3.537597 -2.748266 -3.661996
-10.998119 1.172861 13.374374 83.021956 -3.574982 -2.746671 -3.649207
-11.188823 1.334896 13.470609 82.660012 -3.612984 -2.745323 -3.636214
-11.378716 1.496905 13.568058 82.297658 -3.651640 -2.744224 -3.622913
-11.567723 1.658896 13.666820 81.934879 -3.690986 -2.743374 -3.609204
-11.755775 1.820878 13.766989 81.571677 -3.731059 -2.742773 -3.594978
-11.942827 1.982854 13.868634 81.208101 -3.771897 -2.742430 -3.580117
-12.128877 2.144819 13.971777 80.844277 -3.813540 -2.742369 -3.564480
-12.314005 2.306735 14.076328 80.480464 -3.856024 -2.742648 -3.547899
-12.498442 2.468480 14.181880 80.117464 -3.898517 -2.743155 -3.531727
-12.682276 2.630022 14.288332 79.755544 -3.941056 -2.743955 -3.515792
-12.865519 2.791362 14.395692 79.394841 -3.983684 -2.745077 -3.499951
-13.048137 2.952513 14.504025 79.035409 -4.026441 -2.746537 -3.484082
-13.230067 3.113493 14.613428 78.677259 -4.069366 -2.748340 -3.468073
-13.411240 3.274322 14.724007 78.320382 -4.112503 -2.750488 -3.451818
-13.591588 3.435017 14.835863 77.964779 -4.155892 -2.752988 -3.435208
-13.771065 3.595588 14.949072 77.610488 -4.199575 -2.755851 -3.418125
-13.949667 3.756032 15.063651 77.257622 -4.243596 -2.759112 -3.400431
-14.127466 3.916302 15.179481 76.906405 -4.287997 -2.762845 -3.381962
-14.304682 4.076220 15.295972 76.557568 -4.332008 -2.766742 -3.364027
-14.481396 4.235743 15.412990 76.211341 -4.375673 -2.770884 -3.346464
-14.657614 4.394873 15.530538 75.867839 -4.419036 -2.775312 -3.329134
-14.833295 4.553627 15.648688 75.527102 -4.462138 -2.780044 -3.311921
-15.008376 4.712027 15.767540 75.189120 -4.505022 -2.785091 -3.294721
-15.182777 4.870096 15.887209 74.853868 -4.547730 -2.790461 -3.277435
-15.356426 5.027852 16.007805 74.521322 -4.590303 -2.796161 -3.259965
-15.529263 5.185306 16.129410 74.191488 -4.632785 -2.802212 -3.242204
-15.701264 5.342450 16.252037 73.864429 -4.675217 -2.808652 -3.224032
-15.872468 5.499218 16.375550 73.540288 -4.717648 -2.815572 -3.205307
-16.043045 5.655371 16.499202 73.219617 -4.759444 -2.822480 -3.187197
-16.213043 5.810846 16.622840 72.902564 -4.800652 -2.829472 -3.169561
-16.382446 5.965640 16.746464 72.589195 -4.841314 -2.836596 -3.152281
-16.551199 6.119770 16.870147 72.279515 -4.881471 -2.843875 -3.135256
-16.719228 6.273260 16.993995 71.973494 -4.921163 -2.851323 -3.118396
-16.886448 6.426132 17.118124 71.671085 -4.960430 -2.858952 -3.101614
-17.052775 6.578406 17.242642 71.372245 -4.999310 -2.866774 -3.084828
-17.218136 6.730093 17.367630 71.076951 -5.037845 -2.874812 -3.067945
-17.382486 6.881177 17.493100 70.785221 -5.076075 -2.883113 -3.050868
-17.545834 7.031582 17.618899 70.497135 -5.114047 -2.891776 -3.033479
-17.708315 7.181037 17.744224 70.213081 -5.151314 -2.900297 -3.016698
-17.869945 7.329467 17.868907 69.933142 -5.187924 -2.908782 -3.000413
-18.030686 7.476862 17.992943 69.657337 -5.223915 -2.917282 -2.984525
-18.190474 7.623238 18.116403 69.385645 -5.259325 -2.925825 -2.968954
-18.349225 7.768616 18.239389 69.118015 -5.294191 -2.934427 -2.953623
-18.506853 7.913018 18.362014 68.854385 -5.328548 -2.943101 -2.938464
-18.663269 8.056464 18.484383 68.594695 -5.362430 -2.951863 -2.923409
-18.818397 8.198961 18.606578 68.338894 -5.395874 -2.960736 -2.908385
-18.972181 8.340493 18.728616 68.086958 -5.428918 -2.969767 -2.893317
-19.124617 8.480977 18.850354 67.838902 -5.461604 -2.979055 -2.878116
-19.275827 8.620139 18.971010 67.594964 -5.493608 -2.988129 -2.863460
-19.425814 8.757900 19.090428 67.355163 -5.524971 -2.997093 -2.849263
-19.574529 8.894245 19.208613 67.119475 -5.555731 -3.005998 -2.835453
-19.721906 9.029187 19.325635 66.887851 -5.585920 -3.014869 -2.821967
-19.867864 9.162742 19.441593 66.660225 -5.615569 -3.023723 -2.808746
-20.012320 9.294930 19.556595 66.436527 -5.644710 -3.032574 -2.795736
-20.155195 9.425769 19.670743 66.216686 -5.673372 -3.041435 -2.782884
-20.296415 9.555265 19.784120 66.000639 -5.701587 -3.050328 -2.770136
-20.435929 9.683406 19.896752 65.788341 -5.729387 -3.059293 -2.757433
-20.573724 9.810123 20.008529 65.579773 -5.756811 -3.068420 -2.744707
-20.709919 9.935175 20.118757 65.375072 -5.783581 -3.077282 -2.732422
-20.844510 10.058495 20.227316 65.174221 -5.809736 -3.085969 -2.720513
-20.977451 10.180072 20.334220 64.977178 -5.835305 -3.094526 -2.708925
-21.108682 10.299915 20.439542 64.783885 -5.860317 -3.102974 -2.697609
-21.238134 10.418039 20.543374 64.594276 -5.884798 -3.111327 -2.686521
-21.365739 10.534464 20.645817 64.408284 -5.908775 -3.119598 -2.675617
-21.491431 10.649206 20.746963 64.225845 -5.932271 -3.127798 -2.664855
-21.615154 10.762276 20.846893 64.046906 -5.955312 -3.135945 -2.654190
-21.736869 10.873670 20.945642 63.871430 -5.977926 -3.144073 -2.643573
-21.856580 10.983346 21.043132 63.699408 -6.000144 -3.152252 -2.632946
-21.974412 11.091125 21.138800 63.530978 -6.021785 -3.160165 -2.622677
-22.090374 11.196965 21.232560 63.366135 -6.042883 -3.167886 -2.612709
-22.204435 11.300863 21.324436 63.204844 -6.063460 -3.175449 -2.602996
-22.316551 11.402832 21.414498 63.047059 -6.083541 -3.182872 -2.593500
-22.426669 11.502885 21.502826 62.892724 -6.103146 -3.190165 -2.584183
-22.534738 11.601040 21.589509 62.741781 -6.122295 -3.197339 -2.575012
-22.640706 11.697309 21.674630 62.594172 -6.141009 -3.204403 -2.565952
-22.744531 11.791704 21.758260 62.449849 -6.159307 -3.211371 -2.556969
-22.846183 11.884227 21.840440 62.308773 -6.177212 -3.218265 -2.548026
-22.945662 11.974849 21.921130 62.170925 -6.194748 -3.225140 -2.539080
-23.043067 12.063449 21.999928 62.036400 -6.211787 -3.231782 -2.530402
-23.138405 12.150000 22.076786 61.905181 -6.228354 -3.238245 -2.521951
-23.231653 12.234502 22.151737 61.777234 -6.244468 -3.244552 -2.513692
-23.322775 12.316966 22.224840 61.652513 -6.260147 -3.250717 -2.505596
-23.411735 12.397403 22.296167 61.530970 -6.275408 -3.256749 -2.497633
-23.498494 12.475823 22.365788 61.412553 -6.290266 -3.262655 -2.489779
-23.583015 12.552238 22.433772 61.297214 -6.304738 -3.268443 -2.482007
-23.665268 12.626656 22.500181 61.184906 -6.318838 -3.274122 -2.474291
-23.745230 12.699078 22.565052 61.075593 -6.332584 -3.279710 -2.466603
-23.822904 12.769487 22.628366 60.969251 -6.345994 -3.285245 -2.458912
-23.898366 12.837804 22.689854 60.865945 -6.358973 -3.290604 -2.451434
-23.971620 12.904010 22.749491 60.765654 -6.371539 -3.295827 -2.444137
-24.042652 12.968108 22.807307 60.668345 -6.383706 -3.300930 -2.436997
-24.111443 13.030107 22.863353 60.573980 -6.395488 -3.305922 -2.429990
-24.177969 13.090016 22.917683 60.482517 -6.406897 -3.310812 -2.423095
-24.242211 13.147847 22.970352 60.393918 -6.417946 -3.315603 -2.416292
-24.304151 13.203612 23.021414 60.308146 -6.428646 -3.320303 -2.409560
-24.363777 13.257322 23.070916 60.225171 -6.439007 -3.324918 -2.402877
-24.421088 13.308989 23.118890 60.144974 -6.449043 -3.329460 -2.396219
-24.476106 13.358614 23.165328 60.067560 -6.458765 -3.333955 -2.389555
-24.528920 13.406165 23.210029 59.993037 -6.468107 -3.338279 -2.383115
-24.579559 13.451644 23.252979 59.921410 -6.477081 -3.342458 -2.376870
-24.628029 13.495066 23.294204 59.852666 -6.485697 -3.346503 -2.370797
-24.674335 13.536449 23.333740 59.786780 -6.493964 -3.350422 -2.364878
-24.718476 13.575809 23.371625 59.723723 -6.501891 -3.354219 -2.359097
-24.760456 13.613167 23.407897 59.663468 -6.509486 -3.357900 -2.353437
-24.800280 13.648541 23.442591 59.605985 -6.516757 -3.361469 -2.347884
-24.837960 13.681955 23.475739 59.551248 -6.523711 -3.364931 -2.342423
-24.873513 13.713432 23.507364 59.499242 -6.530356 -3.368295 -2.337037
-24.906977 13.742993 23.537464 59.449965 -6.536700 -3.371576 -2.331706
-24.938438 13.770644 23.565918 59.403495 -6.542693 -3.374689 -2.326599
-24.967939 13.796413 23.592721 59.359834 -6.548344 -3.377649 -2.321697
-24.995514 13.820334 23.617884 59.318968 -6.553658 -3.380464 -2.316985
-25.021191 13.842444 23.641427 59.280876 -6.558640 -3.383141 -2.312451
-25.045004 13.862785 23.663368 59.245536 -6.563297 -3.385683 -2.308085
-25.066985 13.881404 23.683721 59.212926 -6.567631 -3.388096 -2.303878
-25.087174 13.898349 23.702501 59.183022 -6.571649 -3.390385 -2.299819
-25.105614 13.913678 23.719716 59.155804 -6.575352 -3.392554 -2.295901
-25.122354 13.927448 23.735370 59.131257 -6.578746 -3.394610 -2.292114
-25.137456 13.939728 23.749456 59.109375 -6.581834 -3.396563 -2.288446
-25.151018 13.950584 23.761905 59.090210 -6.584576 -3.398363 -2.285022
-25.163104 13.960095 23.772704 59.073755 -6.586976 -3.400019 -2.281833
-25.173776 13.968345 23.781841 59.059982 -6.589036 -3.401540 -2.278874
-25.183083 13.975424 23.789305 59.048852 -6.590759 -3.402933 -2.276148
-25.191070 13.981425 23.795085 59.040296 -6.592147 -3.404204 -2.273663
-25.197756 13.986444 23.799176 59.034204 -6.593204 -3.405357 -2.271444
-25.203124 13.990575 23.801599 59.030382 -6.593933 -3.406385 -2.269537
-25.207082 13.993923 23.802442 59.028488 -6.594337 -3.407260 -2.268034
-25.209448 13.996621 23.801960 59.027930 -6.594418 -3.407891 -2.267097
-25.210068 13.998941 23.800772 59.027820 -6.594396 -3.408200 -2.267116
-25.208734 14.001027 23.799630 59.027572 -6.594400 -3.408473 -2.267102
