0.000000 -0.000000 0.000000 0.000000 0.000000 -0.000000 0.000000
-0.038851 0.052771 -0.082432 -0.045904 0.012375 -0.092317 0.068243
-0.093876 0.149065 -0.159352 -0.090262 0.025832 -0.189894 0.130271
-0.148927 0.287120 -0.231182 -0.125997 0.040165 -0.288815 0.189784
-0.194147 0.465396 -0.299066 -0.152504 0.054949 -0.387651 0.248006
-0.224282 0.682399 -0.364026 -0.171379 0.069884 -0.485590 0.305117
-0.237252 0.936672 -0.426905 -0.184762 0.084777 -0.582208 0.360938
-0.232991 1.226788 -0.488386 -0.194797 0.099504 -0.677328 0.415196
-0.212566 1.551341 -0.549025 -0.203498 0.113989 -0.770933 0.467600
-0.177540 1.908936 -0.609286 -0.212715 0.128179 -0.863103 0.517877
-0.129504 2.298184 -0.669564 -0.224095 0.142031 -0.953963 0.565805
-0.069738 2.717694 -0.730203 -0.238874 0.155505 -1.043622 0.611298
0.000996 3.165927 -0.790613 -0.257118 0.168356 -1.130481 0.654017
0.081188 3.641540 -0.850952 -0.278737 0.180583 -1.214677 0.694325
0.165590 4.143230 -0.911099 -0.305978 0.192279 -1.296578 0.731451
0.250328 4.669705 -0.970944 -0.339402 0.203529 -1.376454 0.765321
0.332604 5.219676 -1.030419 -0.379191 0.214391 -1.454514 0.796029
0.410355 5.791853 -1.089494 -0.425485 0.224904 -1.530941 0.823686
0.482014 6.384947 -1.148163 -0.478454 0.235095 -1.605903 0.848385
0.546380 6.997669 -1.206438 -0.538298 0.244980 -1.679562 0.870202
0.602551 7.628726 -1.264347 -0.605220 0.254570 -1.752075 0.889207
0.649915 8.276822 -1.321933 -0.679357 0.263869 -1.823561 0.905488
0.688174 8.940550 -1.378742 -0.760503 0.272754 -1.892932 0.918925
0.716608 9.618630 -1.434738 -0.848472 0.281274 -1.960657 0.929611
0.734402 10.309734 -1.489897 -0.943197 0.289470 -2.027086 0.937622
0.741115 11.012492 -1.544223 -1.044645 0.297370 -2.092485 0.943023
0.736578 11.725287 -1.597977 -1.152921 0.304891 -2.155238 0.945869
0.720822 12.445947 -1.652147 -1.268337 0.311702 -2.208424 0.946284
0.693730 13.173400 -1.706682 -1.390802 0.317874 -2.253431 0.944311
0.655102 13.906767 -1.761493 -1.520101 0.323498 -2.291603 0.940034
0.604719 14.645333 -1.816464 -1.656098 0.328674 -2.324485 0.933461
0.542610 15.388389 -1.871659 -1.798834 0.333421 -2.352537 0.924694
0.469278 16.135365 -1.926723 -1.948055 0.337676 -2.375684 0.913604
0.384961 16.885843 -1.981721 -2.103677 0.341462 -2.394426 0.900275
0.289837 17.639542 -2.036716 -2.265687 0.344802 -2.409283 0.884740
0.184187 18.396129 -2.091784 -2.434102 0.347710 -2.420683 0.867038
0.068419 19.155205 -2.147029 -2.608850 0.350187 -2.428842 0.847259
-0.057016 19.916536 -2.202579 -2.789681 0.352244 -2.433740 0.825547
-0.192186 20.679936 -2.258376 -2.976410 0.353934 -2.436135 0.801934
-0.336907 21.445206 -2.314443 -3.168761 0.355294 -2.436314 0.776525
-0.490858 22.212169 -2.370814 -3.366418 0.356353 -2.434517 0.749439
-0.653648 22.980664 -2.427526 -3.569008 0.357141 -2.430945 0.720816
-0.824805 23.750508 -2.484278 -3.776029 0.357614 -2.425279 0.690606
-1.003816 24.521570 -2.541118 -3.987129 0.357795 -2.417684 0.658937
-1.190100 25.293724 -2.598103 -4.202020 0.357702 -2.408324 0.625910
-1.383024 26.066855 -2.655287 -4.420442 0.357351 -2.397357 0.591616
-1.581919 26.840847 -2.712722 -4.642144 0.356757 -2.384943 0.556137
-1.786082 27.615584 -2.770447 -4.866873 0.355935 -2.371257 0.519555
-1.994785 28.390938 -2.828486 -5.094365 0.354902 -2.356494 0.481951
-2.207297 29.166769 -2.886833 -5.324327 0.353680 -2.340893 0.443414
-2.422914 29.942906 -2.945437 -5.556399 0.352298 -2.324759 0.404054
-2.641019 30.719139 -3.004165 -5.790090 0.350802 -2.308494 0.364021
-2.861089 31.495185 -3.062574 -6.024718 0.349178 -2.292112 0.323319
-3.082543 32.271312 -3.121076 -6.260159 0.347395 -2.274949 0.282033
-3.305079 33.047530 -3.179881 -6.496172 0.345438 -2.256730 0.240270
-3.528420 33.823842 -3.239162 -6.732487 0.343302 -2.237252 0.198132
-3.752259 34.600232 -3.299066 -6.968814 0.340989 -2.216363 0.155726
-3.976236 35.376673 -3.359726 -7.204856 0.338503 -2.193944 0.113155
-4.199929 36.153129 -3.421297 -7.440318 0.335843 -2.169838 0.070516
-4.422888 36.929539 -3.483899 -7.674887 0.333019 -2.143950 0.027910
-4.644661 37.705788 -3.547412 -7.908213 0.330061 -2.116632 -0.014557
-4.864772 38.481773 -3.611809 -8.139898 0.326997 -2.088020 -0.056761
-5.082688 39.257388 -3.676851 -8.369428 0.323803 -2.057913 -0.098707
-5.297854 40.032524 -3.742521 -8.596439 0.320500 -2.026440 -0.140285
-5.509691 40.807069 -3.808797 -8.820629 0.317105 -1.993737 -0.181410
-5.717615 41.580914 -3.875652 -9.041728 0.313634 -1.959947 -0.222007
-5.921051 42.353947 -3.943055 -9.259476 0.310102 -1.925210 -0.262007
-6.119441 43.126062 -4.010969 -9.473629 0.306524 -1.889667 -0.301346
-6.312246 43.897151 -4.079355 -9.683949 0.302915 -1.853458 -0.339959
-6.498953 44.667108 -4.148163 -9.890207 0.299289 -1.816724 -0.377786
-6.679082 45.435828 -4.217339 -10.092165 0.295663 -1.779611 -0.414758
-6.852206 46.203204 -4.286818 -10.289544 0.292053 -1.742258 -0.450793
-7.017923 46.969135 -4.356316 -10.481932 0.288443 -1.704564 -0.485900
-7.175861 47.733517 -4.425761 -10.669069 0.284851 -1.666675 -0.520001
-7.325652 48.496239 -4.495074 -10.850758 0.281293 -1.628738 -0.553037
-7.466945 49.257191 -4.564173 -11.026828 0.277783 -1.590906 -0.584963
-7.599411 50.016260 -4.632965 -11.197122 0.274336 -1.553330 -0.615733
-7.722740 50.773324 -4.701345 -11.361495 0.270968 -1.516173 -0.645310
-7.836643 51.528255 -4.769199 -11.519807 0.267695 -1.479601 -0.673654
-7.940847 52.280914 -4.836417 -11.671923 0.264528 -1.443762 -0.700731
-8.035117 53.031150 -4.902963 -11.817716 0.261477 -1.408695 -0.726504
-8.119297 53.778840 -4.968543 -11.957012 0.258569 -1.374777 -0.750911
-8.193284 54.523869 -5.032760 -12.089495 0.255805 -1.342023 -0.773964
-8.256995 55.266114 -5.095462 -12.215012 0.253201 -1.310612 -0.795605
-8.310353 56.005463 -5.156529 -12.333453 0.250770 -1.280693 -0.815794
-8.353284 56.741830 -5.215884 -12.444709 0.248525 -1.252360 -0.834494
-8.385604 57.475240 -5.273502 -12.548795 0.246474 -1.225687 -0.851711
-8.407044 58.205799 -5.329351 -12.645855 0.244625 -1.200791 -0.867483
-8.417539 58.933439 -5.383335 -12.735849 0.242995 -1.177785 -0.881798
-8.417091 59.658017 -5.435239 -12.818769 0.241605 -1.156894 -0.894648
-8.405724 60.379320 -5.484736 -12.894661 0.240483 -1.138450 -0.906040
-8.383512 61.097057 -5.531371 -12.963595 0.239662 -1.122897 -0.915980
-8.350648 61.810836 -5.574391 -13.025508 0.239128 -1.110570 -0.924529
-8.307647 62.519528 -5.615599 -13.080416 0.238765 -1.099883 -0.931626
-8.255197 63.221606 -5.658114 -13.128342 0.238416 -1.088091 -0.937199
-8.193639 63.916314 -5.702011 -13.169508 0.238029 -1.075179 -0.941291
-8.123243 64.603012 -5.747205 -13.204177 0.237607 -1.061271 -0.943964
-8.044283 65.281116 -5.793612 -13.232605 0.237157 -1.046491 -0.945280
-7.957049 65.950093 -5.841148 -13.255045 0.236685 -1.030954 -0.945295
-7.861848 66.609450 -5.889739 -13.271748 0.236197 -1.014766 -0.944068
-7.759013 67.258737 -5.939314 -13.282969 0.235700 -0.998027 -0.941651
-7.648929 67.897538 -5.989805 -13.288930 0.235199 -0.980830 -0.938081
-7.532090 68.525510 -6.040843 -13.289675 0.234696 -0.963165 -0.933365
-7.408909 69.142308 -6.092370 -13.285442 0.234196 -0.945116 -0.927541
-7.279768 69.747620 -6.144332 -13.276514 0.233703 -0.926759 -0.920667
-7.145036 70.341169 -6.196684 -13.263186 0.233219 -0.908168 -0.912807
-7.005083 70.922707 -6.249380 -13.245753 0.232748 -0.889411 -0.904023
-6.860274 71.492017 -6.302384 -13.224518 0.232293 -0.870553 -0.894382
-6.710973 72.048908 -6.355659 -13.199785 0.231855 -0.851652 -0.883950
-6.557539 72.593213 -6.409177 -13.171865 0.231436 -0.832764 -0.872792
-6.400337 73.124792 -6.462913 -13.141072 0.231037 -0.813939 -0.860975
-6.239762 73.643525 -6.516847 -13.107689 0.230659 -0.795226 -0.848549
-6.076351 74.149352 -6.570631 -13.071799 0.230303 -0.776595 -0.835499
-5.910487 74.642197 -6.624253 -13.033685 0.229969 -0.758087 -0.821874
-5.742500 75.122003 -6.677705 -12.993658 0.229657 -0.739740 -0.807738
-5.572691 75.588735 -6.730982 -12.952024 0.229365 -0.721587 -0.793159
-5.401341 76.042377 -6.784085 -12.909079 0.229095 -0.703659 -0.778199
-5.228714 76.482927 -6.837015 -12.865113 0.228845 -0.685984 -0.762920
-5.055055 76.910399 -6.889779 -12.820406 0.228615 -0.668589 -0.747382
-4.880594 77.324821 -6.942386 -12.775236 0.228404 -0.651497 -0.731644
-4.705553 77.726232 -6.994852 -12.729871 0.228211 -0.634727 -0.715763
-4.530178 78.114682 -7.047193 -12.684547 0.228032 -0.618297 -0.699774
-4.354920 78.490268 -7.099080 -12.639235 0.227873 -0.602183 -0.683654
-4.180001 78.853061 -7.150536 -12.594155 0.227731 -0.586398 -0.667433
-4.005578 79.203140 -7.201585 -12.549541 0.227604 -0.570955 -0.651159
-3.831780 79.540590 -7.252255 -12.505616 0.227490 -0.555863 -0.634879
-3.658718 79.865508 -7.302574 -12.462588 0.227390 -0.541133 -0.618634
-3.486483 80.177993 -7.352571 -12.420654 0.227301 -0.526773 -0.602463
-3.315150 80.478151 -7.402278 -12.380000 0.227223 -0.512788 -0.586404
-3.144782 80.766091 -7.451731 -12.340805 0.227154 -0.499185 -0.570491
-2.975434 81.041923 -7.500967 -12.303240 0.227093 -0.485965 -0.554756
-2.807191 81.305763 -7.550027 -12.267444 0.227036 -0.473130 -0.539212
-2.640428 81.557767 -7.598587 -12.233243 0.226992 -0.460670 -0.523827
-2.475213 81.798051 -7.646691 -12.200761 0.226956 -0.448586 -0.508610
-2.311558 82.026735 -7.694381 -12.170140 0.226927 -0.436874 -0.493584
-2.149457 82.243939 -7.741702 -12.141511 0.226905 -0.425535 -0.478771
-1.988891 82.449781 -7.788695 -12.114993 0.226887 -0.414564 -0.464192
-1.829830 82.644384 -7.835404 -12.090701 0.226874 -0.403961 -0.449863
-1.672237 82.827865 -7.881875 -12.068740 0.226864 -0.393722 -0.435800
-1.516069 83.000342 -7.928153 -12.049215 0.226856 -0.383841 -0.422018
-1.361283 83.161931 -7.974288 -12.032227 0.226850 -0.374314 -0.408529
-1.207870 83.312745 -8.020332 -12.017851 0.226840 -0.365130 -0.395329
-1.056182 83.452939 -8.065959 -12.005817 0.226838 -0.356299 -0.382385
-0.906204 83.582623 -8.111222 -11.996194 0.226839 -0.347813 -0.369690
-0.757877 83.701904 -8.156174 -11.989074 0.226843 -0.339661 -0.357253
-0.611127 83.810886 -8.200864 -11.984541 0.226847 -0.331837 -0.345081
-0.465876 83.909673 -8.245343 -11.982676 0.226851 -0.324332 -0.333183
-0.322043 83.998364 -8.289662 -11.983557 0.226854 -0.317137 -0.321562
-0.179542 84.077056 -8.333872 -11.987259 0.226856 -0.310244 -0.310225
-0.038287 84.145842 -8.378024 -11.993861 0.226855 -0.303643 -0.299175
0.101801 84.204813 -8.422176 -12.003443 0.226850 -0.297322 -0.288417
0.240767 84.254057 -8.466386 -12.016061 0.226837 -0.291267 -0.277937
0.378242 84.293704 -8.510319 -12.031396 0.226827 -0.285507 -0.267711
0.514272 84.323837 -8.554035 -12.049508 0.226817 -0.280027 -0.257725
0.648940 84.344534 -8.597593 -12.070478 0.226803 -0.274814 -0.247980
0.782342 84.355870 -8.641048 -12.094387 0.226786 -0.269855 -0.238481
0.914572 84.357916 -8.684457 -12.121315 0.226764 -0.265138 -0.229227
1.045729 84.350743 -8.727875 -12.151341 0.226736 -0.260651 -0.220222
1.175911 84.334416 -8.771360 -12.184547 0.226701 -0.256379 -0.211466
1.305213 84.308999 -8.814971 -12.221015 0.226658 -0.252310 -0.202959
1.433727 84.274551 -8.858769 -12.260833 0.226604 -0.248426 -0.194702
1.561503 84.231133 -8.902821 -12.304059 0.226537 -0.244711 -0.186674
1.688146 84.178853 -8.946775 -12.350337 0.226467 -0.241223 -0.178879
1.813706 84.117767 -8.990700 -12.399729 0.226391 -0.237945 -0.171298
1.938277 84.047924 -9.034660 -12.452330 0.226307 -0.234857 -0.163929
2.061956 83.969372 -9.078718 -12.508234 0.226213 -0.231944 -0.156773
2.184846 83.882155 -9.122940 -12.567539 0.226107 -0.229189 -0.149829
2.307045 83.786316 -9.167388 -12.630343 0.225989 -0.226573 -0.143096
2.428656 83.681894 -9.212131 -12.696747 0.225856 -0.224078 -0.136574
2.549778 83.568929 -9.257235 -12.766855 0.225708 -0.221687 -0.130263
2.670505 83.447456 -9.302772 -12.840767 0.225542 -0.219376 -0.124156
2.790885 83.317513 -9.348817 -12.918553 0.225354 -0.217125 -0.118228
2.910483 83.179201 -9.394989 -12.999795 0.225157 -0.215044 -0.112528
3.029353 83.032555 -9.441364 -13.084564 0.224947 -0.213110 -0.107030
3.147593 82.877606 -9.488019 -13.172971 0.224721 -0.211300 -0.101728
3.265304 82.714381 -9.535029 -13.265133 0.224478 -0.209591 -0.096620
3.382594 82.542906 -9.582471 -13.361171 0.224215 -0.207959 -0.091703
3.499565 82.363205 -9.630423 -13.461207 0.223931 -0.206381 -0.086974
3.616325 82.175300 -9.678964 -13.565367 0.223625 -0.204833 -0.082432
3.732979 81.979213 -9.728177 -13.673779 0.223293 -0.203289 -0.078072
3.849623 81.774966 -9.778149 -13.786565 0.222933 -0.201721 -0.073885
3.966304 81.562584 -9.828970 -13.903799 0.222541 -0.200102 -0.069832
4.082487 81.342175 -9.880211 -14.024949 0.222131 -0.198647 -0.065996
4.198228 81.113764 -9.931965 -14.150091 0.221697 -0.197329 -0.062338
4.313631 80.877372 -9.984325 -14.279356 0.221238 -0.196116 -0.058847
4.428811 80.633013 -10.037386 -14.412883 0.220750 -0.194977 -0.055517
4.543884 80.380704 -10.091241 -14.550821 0.220232 -0.193883 -0.052342
4.658966 80.120457 -10.145990 -14.693319 0.219680 -0.192803 -0.049317
4.774173 79.852287 -10.201732 -14.840532 0.219093 -0.191704 -0.046437
4.889622 79.576205 -10.258570 -14.992614 0.218467 -0.190554 -0.043693
5.005421 79.292226 -10.316616 -15.149710 0.217799 -0.189317 -0.041071
5.121609 79.000365 -10.375979 -15.311899 0.217085 -0.187960 -0.038516
5.237557 78.700758 -10.436142 -15.478505 0.216354 -0.186781 -0.036165
5.353319 78.393424 -10.497219 -15.649606 0.215602 -0.185746 -0.033962
5.469019 78.078377 -10.559328 -15.825354 0.214825 -0.184817 -0.031889
5.584788 77.755630 -10.622590 -16.005918 0.214019 -0.183954 -0.029936
5.700763 77.425192 -10.687126 -16.191474 0.213182 -0.183119 -0.028093
5.817080 77.087072 -10.753062 -16.382204 0.212311 -0.182273 -0.026351
5.933877 76.741279 -10.820528 -16.578293 0.211403 -0.181376 -0.024699
6.051292 76.387820 -10.889659 -16.779924 0.210453 -0.180387 -0.023126
6.169447 76.026705 -10.960597 -16.987266 0.209458 -0.179259 -0.021606
6.288371 75.657948 -11.033483 -17.200387 0.208413 -0.177956 -0.020062
6.407328 75.281716 -11.107709 -17.418389 0.207372 -0.176810 -0.018758
6.526370 74.898030 -11.183420 -17.641341 0.206330 -0.175783 -0.017615
6.645644 74.506902 -11.260771 -17.869415 0.205281 -0.174825 -0.016605
6.765314 74.108342 -11.339917 -18.102811 0.204223 -0.173887 -0.015712
6.885546 73.702358 -11.421019 -18.341738 0.203152 -0.172924 -0.014920
7.006512 73.288954 -11.504240 -18.586412 0.202064 -0.171888 -0.014216
7.128381 72.868134 -11.589752 -18.837053 0.200956 -0.170729 -0.013583
7.251323 72.439904 -11.677731 -19.093874 0.199823 -0.169397 -0.013002
7.375482 72.004267 -11.768366 -19.357060 0.198660 -0.167837 -0.012435
7.500882 71.561239 -11.861826 -19.626647 0.197467 -0.166011 -0.011769
7.626639 71.111062 -11.957259 -19.901440 0.196259 -0.164312 -0.011400
7.752809 70.653760 -12.054841 -20.181477 0.195034 -0.162699 -0.011216
7.879568 70.189345 -12.154777 -20.466950 0.193787 -0.161111 -0.011175
8.007120 69.717820 -12.257270 -20.758092 0.192513 -0.159493 -0.011254
8.135670 69.239188 -12.362532 -21.055156 0.191208 -0.157787 -0.011434
8.265428 68.753446 -12.470778 -21.358402 0.189868 -0.155938 -0.011695
8.396602 68.260588 -12.582231 -21.668095 0.188489 -0.153888 -0.012019
8.529391 67.760606 -12.697125 -21.984491 0.187066 -0.151576 -0.012378
8.663951 67.253493 -12.815706 -22.307794 0.185593 -0.148938 -0.012719
8.800267 66.739262 -12.938170 -22.637982 0.184075 -0.145947 -0.012879
8.937242 66.218269 -13.063326 -22.973430 0.182466 -0.143101 -0.013380
9.074906 65.690541 -13.191382 -23.314121 0.180771 -0.140365 -0.014060
9.213455 65.156081 -13.322604 -23.660270 0.178981 -0.137669 -0.014864
9.353126 64.614880 -13.457260 -24.012161 0.177092 -0.134948 -0.015762
9.494162 64.066925 -13.595625 -24.370102 0.175099 -0.132135 -0.016734
9.636807 63.512193 -13.737979 -24.734413 0.172996 -0.129168 -0.017758
9.781299 62.950660 -13.884615 -25.105418 0.170777 -0.125979 -0.018811
9.927854 62.382293 -14.035835 -25.483413 0.168436 -0.122498 -0.019859
10.076616 61.807064 -14.191952 -25.868603 0.165967 -0.118657 -0.020819
10.227485 61.224989 -14.353161 -26.260840 0.163386 -0.114461 -0.021454
10.379054 60.636637 -14.517647 -26.657828 0.160658 -0.110386 -0.022504
10.531281 60.042052 -14.685630 -27.059430 0.157795 -0.106422 -0.023735
10.684361 59.441222 -14.857448 -27.465867 0.154790 -0.102492 -0.025065
10.838549 58.834120 -15.033451 -27.877467 0.151635 -0.098520 -0.026459
10.994115 58.220708 -15.213990 -28.294603 0.148323 -0.094433 -0.027892
11.151323 57.600938 -15.399426 -28.717661 0.144847 -0.090157 -0.029342
11.310423 56.974752 -15.590131 -29.147023 0.141198 -0.085619 -0.030782
11.471625 56.342088 -15.786488 -29.583020 0.137369 -0.080744 -0.032164
11.635030 55.702898 -15.988862 -30.025825 0.133357 -0.075468 -0.033368
11.800427 55.057247 -16.197350 -30.475099 0.129203 -0.069889 -0.034065
11.966206 54.406094 -16.409106 -30.927813 0.125050 -0.064265 -0.035281
12.132235 53.749552 -16.624277 -31.383647 0.120933 -0.058660 -0.036693
12.298677 53.087616 -16.843274 -31.842785 0.116846 -0.052997 -0.038184
12.465782 52.420249 -17.066537 -32.305581 0.112781 -0.047191 -0.039700
12.633822 51.747401 -17.294511 -32.772450 0.108730 -0.041160 -0.041211
12.803061 51.069011 -17.527647 -33.243816 0.104682 -0.034820 -0.042685
12.973731 50.385010 -17.766407 -33.720068 0.100632 -0.028091 -0.044076
13.145996 49.695337 -18.011249 -34.201482 0.096572 -0.020894 -0.045294
13.319843 48.999989 -18.262545 -34.688024 0.092513 -0.013204 -0.046128
13.494804 48.299240 -18.520086 -35.178798 0.088542 -0.005297 -0.046031
13.668602 47.594950 -18.779064 -35.668906 0.084247 0.002769 -0.046733
13.840909 46.887528 -19.039283 -36.157468 0.079719 0.010725 -0.047692
14.011860 46.177264 -19.300733 -36.644396 0.075020 0.018389 -0.048669
14.181625 45.465045 -19.561598 -37.129492 0.070110 0.025155 -0.049528
14.350459 44.751402 -19.820985 -37.612846 0.064996 0.030647 -0.050163
14.518605 44.036380 -20.079163 -38.094762 0.059711 0.034823 -0.050476
14.686193 43.319949 -20.336411 -38.575381 0.054258 0.037695 -0.050330
14.853552 42.601993 -20.593080 -39.054664 0.048623 0.039327 -0.049634
15.020470 41.882486 -20.849409 -39.532319 0.042810 0.039718 -0.048081
15.186356 41.161543 -21.105523 -40.007348 0.036885 0.038737 -0.045096
15.349179 40.440513 -21.358488 -40.474941 0.030392 0.037023 -0.043456
15.508485 39.719524 -21.608608 -40.934195 0.023388 0.034502 -0.042620
15.664257 38.998560 -21.856305 -41.384993 0.015868 0.031224 -0.042366
15.816640 38.277576 -22.101944 -41.827530 0.007820 0.027222 -0.042589
15.965832 37.556519 -22.345847 -42.262126 -0.000765 0.022514 -0.043233
16.112042 36.835332 -22.588311 -42.689141 -0.009896 0.017104 -0.044261
16.255458 36.113957 -22.829620 -43.108926 -0.019586 0.010995 -0.045632
16.396219 35.392338 -23.070057 -43.521763 -0.029843 0.004187 -0.047288
16.534372 34.670443 -23.309900 -43.927782 -0.040669 -0.003335 -0.049117
16.669779 33.948373 -23.549260 -44.326734 -0.052010 -0.011729 -0.050847
16.801976 33.227098 -23.785866 -44.716908 -0.063746 -0.019725 -0.053092
16.930855 32.506729 -24.019936 -45.098079 -0.075826 -0.027447 -0.055592
17.056474 31.787250 -24.251856 -45.470386 -0.088257 -0.034879 -0.058243
17.178965 31.068626 -24.482018 -45.834109 -0.101056 -0.041991 -0.061004
17.298483 30.350816 -24.710808 -46.189592 -0.114238 -0.048754 -0.063855
17.415194 29.633783 -24.938616 -46.537199 -0.127821 -0.055139 -0.066789
17.529253 28.917494 -25.165845 -46.877293 -0.141823 -0.061113 -0.069797
17.640795 28.201924 -25.392918 -47.210216 -0.156259 -0.066640 -0.072865
17.749919 27.487082 -25.620252 -47.536246 -0.171138 -0.071704 -0.075955
17.856664 26.773111 -25.848076 -47.855490 -0.186410 -0.076441 -0.078933
17.961052 26.060916 -26.074689 -48.167271 -0.201766 -0.080197 -0.082039
18.063115 25.351724 -26.298055 -48.470931 -0.217216 -0.083547 -0.085090
18.162958 24.646713 -26.516232 -48.765909 -0.232813 -0.086962 -0.087975
18.260734 23.946274 -26.729038 -49.052255 -0.248513 -0.090673 -0.090582
18.356577 23.250534 -26.936763 -49.330197 -0.264316 -0.094705 -0.092870
18.450593 22.559527 -27.139823 -49.600022 -0.280236 -0.099021 -0.094819
18.542843 21.873257 -27.338644 -49.861994 -0.296290 -0.103580 -0.096405
18.633360 21.191742 -27.533602 -50.116302 -0.312489 -0.108356 -0.097582
18.722332 20.515024 -27.724994 -50.363101 -0.328837 -0.113369 -0.098326
18.809781 19.843423 -27.912589 -50.602257 -0.345292 -0.118845 -0.098491
18.895865 19.177934 -28.094403 -50.833083 -0.361736 -0.124368 -0.098285
18.980611 18.518869 -28.270206 -51.055508 -0.378129 -0.130157 -0.097578
19.064051 17.866302 -28.440199 -51.269703 -0.394474 -0.136251 -0.096324
19.146238 17.220213 -28.604721 -51.475952 -0.410786 -0.142626 -0.094520
19.227235 16.580545 -28.764149 -51.674585 -0.427086 -0.149242 -0.092179
19.307107 15.947227 -28.918860 -51.865945 -0.443395 -0.156056 -0.089321
19.385910 15.320193 -29.069214 -52.050359 -0.459732 -0.163029 -0.085962
19.463687 14.699402 -29.215520 -52.228110 -0.476114 -0.170140 -0.082107
19.540469 14.084883 -29.357964 -52.399396 -0.492548 -0.177421 -0.077735
19.616303 13.476837 -29.496402 -52.564260 -0.509011 -0.185034 -0.072777
19.691367 12.875955 -29.629409 -52.722373 -0.525479 -0.192607 -0.067375
19.765706 12.282438 -29.756834 -52.873770 -0.541928 -0.200301 -0.061457
19.839346 11.696315 -29.878841 -53.018621 -0.558367 -0.208144 -0.055000
19.912315 11.117545 -29.995692 -53.157169 -0.574811 -0.216122 -0.048005
19.984644 10.546058 -30.107679 -53.289686 -0.591280 -0.224203 -0.040485
20.056367 9.981776 -30.215095 -53.416454 -0.607796 -0.232356 -0.032460
20.127512 9.424621 -30.318216 -53.537743 -0.624378 -0.240551 -0.023945
20.198101 8.874538 -30.417281 -53.653796 -0.641045 -0.248772 -0.014950
20.268156 8.331516 -30.512439 -53.764805 -0.657806 -0.257039 -0.005468
20.337720 7.795667 -30.603597 -53.870872 -0.674654 -0.265467 0.004533
20.406961 7.267447 -30.689734 -53.971868 -0.691461 -0.273764 0.014877
20.475924 6.746966 -30.770745 -54.067884 -0.708219 -0.282046 0.025600
20.544623 6.234216 -30.846748 -54.159089 -0.724937 -0.290333 0.036711
20.613073 5.729140 -30.917935 -54.245690 -0.741634 -0.298613 0.048204
20.681289 5.231663 -30.984517 -54.327912 -0.758329 -0.306865 0.060067
20.749284 4.741701 -31.046705 -54.405983 -0.775045 -0.315065 0.072283
20.817071 4.259176 -31.104698 -54.480121 -0.791800 -0.323188 0.084840
20.884659 3.784019 -31.158671 -54.550527 -0.808615 -0.331221 0.097728
20.952057 3.316195 -31.208748 -54.617367 -0.825504 -0.339166 0.110947
21.019288 2.855738 -31.254907 -54.680754 -0.842472 -0.347086 0.124515
21.086443 2.402885 -31.296615 -54.740619 -0.859278 -0.354862 0.138180
21.153545 1.957671 -31.333838 -54.797065 -0.875925 -0.362555 0.151960
21.220601 1.520063 -31.366668 -54.850238 -0.892429 -0.370171 0.165858
21.287616 1.089998 -31.395238 -54.900308 -0.908808 -0.377699 0.179869
21.354597 0.667402 -31.419688 -54.947454 -0.925082 -0.385121 0.193983
21.421549 0.252197 -31.440154 -54.991855 -0.941271 -0.392417 0.208188
21.488479 -0.155692 -31.456765 -55.033682 -0.957395 -0.399569 0.222474
21.555390 -0.556332 -31.469638 -55.073090 -0.973473 -0.406563 0.236835
21.622278 -0.949769 -31.478860 -55.110209 -0.989522 -0.413391 0.251273
21.689143 -1.336013 -31.484454 -55.145121 -1.005554 -0.420074 0.265801
21.755995 -1.714972 -31.486252 -55.177790 -1.021348 -0.426650 0.280280
21.822834 -2.086652 -31.484263 -55.208291 -1.036916 -0.433137 0.294725
21.889657 -2.451097 -31.478551 -55.236736 -1.052274 -0.439531 0.309139
21.956468 -2.808369 -31.469193 -55.263257 -1.067440 -0.445820 0.323519
22.023270 -3.158533 -31.456264 -55.287991 -1.082433 -0.451990 0.337857
22.090073 -3.501661 -31.439838 -55.311075 -1.097270 -0.458024 0.352145
22.156881 -3.837819 -31.419981 -55.332641 -1.111970 -0.463909 0.366378
22.223699 -4.167071 -31.396755 -55.352808 -1.126552 -0.469629 0.380551
22.290520 -4.489471 -31.370218 -55.371675 -1.141032 -0.475170 0.394666
22.357326 -4.805061 -31.340426 -55.389302 -1.155428 -0.480514 0.408734
22.424056 -5.113870 -31.307523 -55.405661 -1.169557 -0.485801 0.422674
22.490692 -5.415939 -31.271555 -55.420806 -1.183437 -0.491015 0.436500
22.557229 -5.711316 -31.232557 -55.434823 -1.197084 -0.496141 0.450214
22.623675 -6.000061 -31.190558 -55.447811 -1.210515 -0.501168 0.463814
22.690038 -6.282233 -31.145579 -55.459876 -1.223745 -0.506083 0.477296
22.756330 -6.557895 -31.097638 -55.471123 -1.236792 -0.510874 0.490655
22.822564 -6.827106 -31.046748 -55.481651 -1.249671 -0.515530 0.503886
22.888746 -7.089926 -30.992924 -55.491552 -1.262399 -0.520035 0.516988
22.954873 -7.346412 -30.936193 -55.500899 -1.274993 -0.524369 0.529963
23.020915 -7.596631 -30.876634 -55.509738 -1.287472 -0.528487 0.542819
23.086756 -7.840706 -30.814635 -55.518036 -1.299689 -0.532590 0.555509
23.152366 -8.078701 -30.750266 -55.525835 -1.311664 -0.536634 0.568043
23.217743 -8.310671 -30.683537 -55.533198 -1.323413 -0.540597 0.580423
23.282899 -8.536669 -30.614433 -55.540201 -1.334951 -0.544469 0.592649
23.347850 -8.756750 -30.542931 -55.546923 -1.346291 -0.548239 0.604719
23.412614 -8.970968 -30.469001 -55.553444 -1.357449 -0.551898 0.616630
23.477208 -9.179376 -30.392611 -55.559840 -1.368437 -0.555437 0.628381
23.541645 -9.382031 -30.313737 -55.566182 -1.379269 -0.558842 0.639971
23.605929 -9.578991 -30.232377 -55.572524 -1.389962 -0.562087 0.651403
23.670021 -9.770338 -30.148621 -55.578898 -1.400538 -0.565108 0.662685
23.733761 -9.956265 -30.063032 -55.585267 -1.410874 -0.568143 0.673782
23.797115 -10.136853 -29.975692 -55.591660 -1.420990 -0.571127 0.684702
23.860084 -10.312159 -29.886586 -55.598125 -1.430904 -0.574036 0.695449
23.922686 -10.482232 -29.795665 -55.604720 -1.440626 -0.576858 0.706024
23.984942 -10.647120 -29.702867 -55.611508 -1.450170 -0.579585 0.716426
24.046876 -10.806871 -29.608125 -55.618548 -1.459546 -0.582211 0.726656
24.108512 -10.961532 -29.511370 -55.625902 -1.468767 -0.584727 0.736712
24.169868 -11.111154 -29.412544 -55.633624 -1.477844 -0.587121 0.746597
24.230951 -11.255794 -29.311622 -55.641758 -1.486792 -0.589365 0.756312
24.291722 -11.395547 -29.208694 -55.650330 -1.495635 -0.591382 0.765865
24.351991 -11.530648 -29.104436 -55.659296 -1.504268 -0.593434 0.775228
24.411720 -11.661191 -28.998933 -55.668678 -1.512713 -0.595444 0.784408
24.470917 -11.787230 -28.892148 -55.678518 -1.520986 -0.597385 0.793409
24.529602 -11.908811 -28.784002 -55.688863 -1.529096 -0.599245 0.802233
24.587802 -12.025974 -28.674404 -55.699763 -1.537054 -0.601018 0.810880
24.645543 -12.138761 -28.563257 -55.711271 -1.544870 -0.602699 0.819352
24.702854 -12.247211 -28.450464 -55.723435 -1.552553 -0.604281 0.827650
24.759756 -12.351368 -28.335938 -55.736304 -1.560113 -0.605754 0.835774
24.816258 -12.451286 -28.219633 -55.749917 -1.567564 -0.607088 0.843727
24.872318 -12.547063 -28.101636 -55.764297 -1.574928 -0.608197 0.851517
24.927722 -12.638961 -27.982684 -55.779397 -1.582116 -0.609354 0.859125
24.982431 -12.727076 -27.862856 -55.795237 -1.589150 -0.610475 0.866558
25.036452 -12.811458 -27.742098 -55.811856 -1.596043 -0.611531 0.873818
25.089809 -12.892148 -27.620308 -55.829299 -1.602804 -0.612511 0.880908
25.142530 -12.969177 -27.497371 -55.847613 -1.609441 -0.613410 0.887829
25.194643 -13.042577 -27.373166 -55.866847 -1.615962 -0.614223 0.894583
25.246177 -13.112380 -27.247574 -55.887048 -1.622377 -0.614946 0.901170
25.297155 -13.178622 -27.120487 -55.908265 -1.628692 -0.615568 0.907592
25.347585 -13.241353 -26.991842 -55.930540 -1.634922 -0.616057 0.913851
25.397421 -13.300667 -26.861717 -55.953896 -1.641087 -0.616325 0.919954
25.446428 -13.356834 -26.730867 -55.978282 -1.647108 -0.616648 0.925893
25.494558 -13.409948 -26.599367 -56.003720 -1.653007 -0.616938 0.931675
25.541821 -13.460055 -26.467144 -56.030255 -1.658796 -0.617165 0.937302
25.588240 -13.507186 -26.334079 -56.057934 -1.664483 -0.617318 0.942777
25.633844 -13.551364 -26.200038 -56.086808 -1.670074 -0.617391 0.948099
25.678661 -13.592611 -26.064884 -56.116929 -1.675577 -0.617383 0.953272
25.722720 -13.630949 -25.928478 -56.148347 -1.680999 -0.617287 0.958295
25.766044 -13.666405 -25.790699 -56.181117 -1.686346 -0.617092 0.963171
25.808640 -13.699019 -25.651467 -56.215286 -1.691631 -0.616767 0.967901
25.850458 -13.728881 -25.510849 -56.250882 -1.696876 -0.616222 0.972491
25.891248 -13.756256 -25.369592 -56.287846 -1.702007 -0.615734 0.976940
25.930962 -13.781231 -25.227755 -56.326206 -1.707048 -0.615213 0.981255
25.969605 -13.803845 -25.085256 -56.366012 -1.712008 -0.614629 0.985437
26.007202 -13.824119 -24.941960 -56.407321 -1.716895 -0.613970 0.989489
26.043782 -13.842065 -24.797719 -56.450188 -1.721715 -0.613232 0.993412
26.079372 -13.857694 -24.652381 -56.494672 -1.726474 -0.612410 0.997208
26.114001 -13.871018 -24.505795 -56.540831 -1.731177 -0.611498 1.000880
26.147693 -13.882053 -24.357826 -56.588724 -1.735831 -0.610486 1.004429
26.180454 -13.890827 -24.208381 -56.638404 -1.740448 -0.609341 1.007859
26.212233 -13.897421 -24.057510 -56.689905 -1.745046 -0.607974 1.011177
26.242788 -13.902082 -23.905916 -56.743162 -1.749564 -0.606664 1.014368
26.272068 -13.904887 -23.753643 -56.798206 -1.754020 -0.605322 1.017441
26.300083 -13.905863 -23.600594 -56.855097 -1.758426 -0.603917 1.020399
26.326856 -13.905021 -23.446622 -56.913897 -1.762787 -0.602436 1.023244
26.352415 -13.902362 -23.291569 -56.974673 -1.767109 -0.600875 1.025981
26.376791 -13.897887 -23.135268 -57.037489 -1.771397 -0.599227 1.028613
26.400011 -13.891593 -22.977557 -57.102414 -1.775657 -0.597486 1.031143
26.422100 -13.883487 -22.818289 -57.169513 -1.779894 -0.595640 1.033575
26.443065 -13.873586 -22.657359 -57.238850 -1.784118 -0.593655 1.035916
26.462860 -13.861956 -22.494803 -57.310460 -1.788348 -0.591443 1.038175
26.481254 -13.848829 -22.331269 -57.384277 -1.792529 -0.589285 1.040311
26.498202 -13.834267 -22.166784 -57.460338 -1.796680 -0.587093 1.042335
26.513714 -13.818289 -22.001239 -57.538711 -1.800809 -0.584835 1.044254
26.527817 -13.800893 -21.834478 -57.619470 -1.804924 -0.582497 1.046073
26.540539 -13.782069 -21.666325 -57.702690 -1.809028 -0.580071 1.047796
26.551913 -13.761805 -21.496605 -57.788451 -1.813127 -0.577552 1.049431
26.561969 -13.740088 -21.325141 -57.876831 -1.817226 -0.574930 1.050982
26.570733 -13.716911 -21.151774 -57.967907 -1.821331 -0.572191 1.052456
26.578213 -13.692281 -20.976389 -58.061751 -1.825450 -0.569300 1.053863
26.584367 -13.666253 -20.799007 -58.158409 -1.829603 -0.566166 1.055216
26.588980 -13.639043 -20.620234 -58.257812 -1.833741 -0.563072 1.056443
26.592013 -13.610703 -20.440083 -58.360011 -1.837881 -0.559927 1.057558
26.593479 -13.581240 -20.258430 -58.465081 -1.842032 -0.556698 1.058573
26.593406 -13.550640 -20.075104 -58.573111 -1.846201 -0.553368 1.059494
26.591827 -13.518880 -19.889919 -58.684192 -1.850393 -0.549928 1.060330
26.588779 -13.485936 -19.702680 -58.798419 -1.854613 -0.546369 1.061089
26.584295 -13.451782 -19.513198 -58.915886 -1.858865 -0.542680 1.061780
26.578404 -13.416397 -19.321296 -59.036686 -1.863156 -0.538843 1.062413
26.571119 -13.379774 -19.126848 -59.160904 -1.867495 -0.534822 1.063001
26.562405 -13.341956 -18.929852 -59.288600 -1.871900 -0.530526 1.063561
26.552081 -13.303143 -18.730878 -59.419736 -1.876331 -0.526289 1.064027
26.540118 -13.263376 -18.529916 -59.554376 -1.880807 -0.522023 1.064417
26.526532 -13.222646 -18.326826 -59.692612 -1.885337 -0.517691 1.064745
26.511359 -13.180924 -18.121421 -59.834551 -1.889926 -0.513274 1.065025
26.494641 -13.138172 -17.913494 -59.980305 -1.894581 -0.508759 1.065266
26.476420 -13.094351 -17.702833 -60.129989 -1.899307 -0.504134 1.065481
26.456737 -13.049418 -17.489230 -60.283717 -1.904110 -0.499386 1.065683
26.435627 -13.003336 -17.272494 -60.441602 -1.908996 -0.494491 1.065886
26.413108 -12.956085 -17.052485 -60.603744 -1.913976 -0.489407 1.066110
26.389148 -12.907694 -16.829198 -60.770213 -1.919068 -0.484035 1.066378
26.363570 -12.858361 -16.603199 -60.940962 -1.924238 -0.478735 1.066592
26.336348 -12.808112 -16.374471 -61.116067 -1.929505 -0.473410 1.066778
26.307508 -12.756924 -16.142859 -61.295638 -1.934879 -0.468018 1.066957
26.277096 -12.704747 -15.908155 -61.479803 -1.940368 -0.462535 1.067146
26.245163 -12.651527 -15.670132 -61.668698 -1.945978 -0.456943 1.067362
26.211765 -12.597200 -15.428556 -61.862463 -1.951716 -0.451227 1.067624
26.176953 -12.541704 -15.183199 -62.061236 -1.957588 -0.445368 1.067949
26.140772 -12.484982 -14.933855 -62.265149 -1.963603 -0.439334 1.068360
26.103239 -12.426997 -14.680383 -62.474315 -1.969775 -0.433069 1.068886
26.064315 -12.367776 -14.422802 -62.688804 -1.976123 -0.426456 1.069563
26.023802 -12.307537 -14.161770 -62.908527 -1.982610 -0.419919 1.070213
25.981667 -12.246304 -13.897289 -63.133559 -1.989258 -0.413343 1.070873
25.937942 -12.184033 -13.629199 -63.364025 -1.996080 -0.406673 1.071576
25.892683 -12.120655 -13.357272 -63.600073 -2.003084 -0.399877 1.072350
25.845956 -12.056086 -13.081256 -63.841863 -2.010280 -0.392932 1.073219
25.797828 -11.990235 -12.800896 -64.089557 -2.017676 -0.385813 1.074211
25.748361 -11.923014 -12.515943 -64.343314 -2.025280 -0.378493 1.075355
25.697600 -11.854340 -12.226188 -64.603274 -2.033105 -0.370928 1.076689
25.645552 -11.784165 -11.931513 -64.869544 -2.041167 -0.363035 1.078257
25.592141 -11.712525 -11.632018 -65.142160 -2.049493 -0.354652 1.080122
25.537087 -11.639719 -11.328615 -65.420901 -2.058033 -0.346354 1.081944
25.480325 -11.565779 -11.021380 -65.705808 -2.066815 -0.337981 1.083788
25.421878 -11.490650 -10.710166 -65.996996 -2.075855 -0.329455 1.085706
25.361803 -11.414234 -10.394739 -66.294616 -2.085166 -0.320731 1.087743
25.300172 -11.336416 -10.074827 -66.598834 -2.094760 -0.311773 1.089941
25.237055 -11.257075 -9.750158 -66.909818 -2.104647 -0.302546 1.092344
25.172507 -11.176088 -9.420480 -67.227716 -2.114842 -0.293005 1.095005
25.106550 -11.093354 -9.085608 -67.552640 -2.125360 -0.283079 1.097985
25.039138 -11.008824 -8.745509 -67.884623 -2.136224 -0.272638 1.101368
24.970088 -10.922587 -8.400471 -68.223570 -2.147474 -0.261437 1.105267
24.898923 -10.835116 -8.051937 -68.568924 -2.159028 -0.250369 1.109037
24.825478 -10.746499 -7.700152 -68.920587 -2.170923 -0.239197 1.112796
24.749724 -10.656685 -7.345044 -69.278589 -2.183185 -0.227800 1.116639
24.671688 -10.565561 -6.986396 -69.643023 -2.195831 -0.216104 1.120644
24.591420 -10.472985 -6.623944 -70.014010 -2.208877 -0.204056 1.124886
24.508964 -10.378810 -6.257419 -70.391660 -2.222339 -0.191599 1.129445
24.424330 -10.282893 -5.886602 -70.776043 -2.236236 -0.178659 1.134412
24.337468 -10.185132 -5.511388 -71.167145 -2.250591 -0.165121 1.139899
24.248208 -10.085521 -5.131911 -71.564809 -2.265436 -0.150781 1.146058
24.156172 -9.984267 -4.748786 -71.968636 -2.280826 -0.135270 1.153090
24.060568 -9.882142 -4.364227 -72.377434 -2.296643 -0.119985 1.159775
23.961051 -9.779362 -3.978777 -72.790799 -2.312939 -0.104573 1.166322
23.857481 -9.675931 -3.592508 -73.208555 -2.329751 -0.088848 1.172894
23.749825 -9.571762 -3.205277 -73.630649 -2.347101 -0.072695 1.179623
23.638089 -9.466727 -2.816852 -74.057090 -2.365014 -0.056034 1.186630
23.522287 -9.360690 -2.426995 -74.487894 -2.383512 -0.038784 1.194035
23.402404 -9.253534 -2.035521 -74.923035 -2.402620 -0.020846 1.201968
23.278352 -9.145197 -1.642382 -75.362390 -2.422368 -0.002074 1.210583
23.149921 -9.035737 -1.247791 -75.805670 -2.442797 0.017769 1.220075
23.016688 -8.925461 -0.852453 -76.252306 -2.463964 0.039086 1.230696
22.877845 -8.815291 -0.458787 -76.700803 -2.485479 0.059852 1.240873
22.733018 -8.705542 -0.067417 -77.150594 -2.507400 0.080448 1.250860
22.582046 -8.596292 0.321512 -77.601377 -2.529768 0.101090 1.260860
22.424892 -8.487510 0.708091 -78.053009 -2.552616 0.121915 1.271039
22.261576 -8.379112 1.092515 -78.505431 -2.575974 0.143022 1.281540
22.092140 -8.270999 1.475005 -78.958620 -2.599871 0.164500 1.292503
21.916619 -8.163086 1.855748 -79.412535 -2.624338 0.186449 1.304067
21.735008 -8.055333 2.234838 -79.867080 -2.649409 0.209000 1.316386
21.547227 -7.947795 2.612183 -80.322040 -2.675125 0.232345 1.329642
21.353066 -7.840699 2.987379 -80.777010 -2.701535 0.256775 1.344050
21.152088 -7.734714 3.358799 -81.230847 -2.727953 0.280431 1.358179
20.944122 -7.630068 3.726087 -81.683148 -2.754429 0.303589 1.372247
20.729133 -7.526818 4.089190 -82.133697 -2.781005 0.326426 1.386436
20.507166 -7.424931 4.448218 -82.582393 -2.807717 0.349062 1.400903
20.278303 -7.324325 4.803356 -83.029196 -2.834598 0.371591 1.415788
20.042645 -7.224903 5.154809 -83.474088 -2.861680 0.394098 1.431230
19.800289 -7.126570 5.502765 -83.917047 -2.888998 0.416673 1.447364
19.551313 -7.029260 5.847354 -84.358007 -2.916586 0.439421 1.464339
19.295754 -6.932961 6.188597 -84.796827 -2.944483 0.462483 1.482317
19.033579 -6.837766 6.526344 -85.233239 -2.972729 0.486052 1.501482
18.764642 -6.744031 6.859676 -85.666348 -3.000599 0.508680 1.520344
18.488934 -6.651843 7.188461 -86.095886 -3.028135 0.530551 1.539084
18.206521 -6.561182 7.512731 -86.521709 -3.055375 0.551797 1.557868
17.917508 -6.471973 7.832607 -86.943747 -3.082352 0.572515 1.576839
17.622023 -6.384108 8.148252 -87.361968 -3.109100 0.592790 1.596135
17.320203 -6.297465 8.459840 -87.776358 -3.135652 0.612699 1.615887
17.012180 -6.211932 8.767525 -88.186893 -3.162040 0.632324 1.636228
16.698080 -6.127414 9.071420 -88.593524 -3.188297 0.651758 1.657296
16.378012 -6.043866 9.371564 -88.996149 -3.214458 0.671119 1.679239
16.052058 -5.961319 9.667875 -89.394587 -3.240560 0.690557 1.702215
15.720270 -5.879986 9.959784 -89.788094 -3.265925 0.709125 1.724563
15.382745 -5.799895 10.247219 -90.176490 -3.290590 0.726969 1.746441
15.039614 -5.720994 10.530218 -90.559673 -3.314588 0.744196 1.767991
14.691023 -5.643185 10.808885 -90.937591 -3.337950 0.760893 1.789345
14.337128 -5.566345 11.083352 -91.310220 -3.360703 0.777134 1.810629
13.978095 -5.490342 11.353761 -91.677554 -3.382877 0.792988 1.831960
13.614095 -5.415050 11.620246 -92.039589 -3.404498 0.808526 1.853457
13.245307 -5.340361 11.882918 -92.396317 -3.425594 0.823823 1.875235
12.871920 -5.266202 12.141844 -92.747716 -3.446193 0.838970 1.897411
12.494150 -5.192561 12.397020 -93.093747 -3.466323 0.854077 1.920096
12.112275 -5.119568 12.648078 -93.434002 -3.485625 0.868310 1.941929
11.726520 -5.047212 12.895018 -93.768443 -3.504127 0.881773 1.963019
11.337089 -4.975425 13.137903 -94.097052 -3.521852 0.894552 1.983475
10.944173 -4.904108 13.376834 -94.419825 -3.538824 0.906714 2.003401
10.547960 -4.833145 13.611927 -94.736770 -3.555066 0.918324 2.022899
10.148638 -4.762422 13.843301 -95.047905 -3.570597 0.929440 2.042063
9.746405 -4.691833 14.071065 -95.353252 -3.585439 0.940126 2.060989
9.341473 -4.621300 14.295305 -95.652842 -3.599611 0.950450 2.079763
8.934090 -4.550791 14.516069 -95.946721 -3.613136 0.960492 2.098467
8.524567 -4.480342 14.733341 -96.234958 -3.626033 0.970353 2.117170
8.113359 -4.410148 14.946773 -96.517481 -3.638105 0.979312 2.135030
7.700780 -4.340252 15.156349 -96.794363 -3.649372 0.987466 2.152112
7.287078 -4.270631 15.362113 -97.065650 -3.659850 0.994890 2.168490
6.872468 -4.201225 15.564141 -97.331374 -3.669556 1.001647 2.184240
6.457141 -4.131956 15.762520 -97.591568 -3.678504 1.007791 2.199436
6.041285 -4.062744 15.957339 -97.846262 -3.686707 1.013378 2.214153
5.625090 -3.993521 16.148674 -98.095493 -3.694177 1.018463 2.228460
5.208762 -3.924247 16.336581 -98.339310 -3.700928 1.023108 2.242420
4.792545 -3.854930 16.521077 -98.577781 -3.706973 1.027388 2.256090
4.376742 -3.785655 16.702122 -98.811007 -3.712325 1.031394 2.269512
3.961782 -3.716639 16.879456 -99.039057 -3.717171 1.034756 2.282308
3.547966 -3.647970 17.053039 -99.262035 -3.721525 1.037565 2.294516
3.135525 -3.579662 17.222884 -99.480009 -3.725396 1.039888 2.306186
2.724649 -3.511688 17.389036 -99.693030 -3.728793 1.041781 2.317370
2.315501 -3.443993 17.551555 -99.901140 -3.731723 1.043293 2.328123
1.908234 -3.376517 17.710505 -100.104379 -3.734193 1.044468 2.338497
1.503001 -3.309202 17.865946 -100.302794 -3.736208 1.045352 2.348543
1.099972 -3.242015 18.017920 -100.496446 -3.737775 1.045994 2.358303
0.699351 -3.174959 18.166446 -100.685421 -3.738900 1.046452 2.367812
0.301402 -3.108100 18.311497 -100.869847 -3.739592 1.046798 2.377092
-0.093492 -3.041613 18.452886 -101.049876 -3.740045 1.046758 2.385944
-0.485077 -2.975565 18.590588 -101.225637 -3.740266 1.046401 2.394387
-0.873164 -2.909962 18.724615 -101.397219 -3.740261 1.045780 2.402450
-1.257613 -2.844770 18.855002 -101.564689 -3.740033 1.044937 2.410167
-1.638312 -2.779934 18.981798 -101.728100 -3.739584 1.043910 2.417574
-2.015160 -2.715390 19.105055 -101.887501 -3.738916 1.042731 2.424707
-2.388058 -2.651073 19.224820 -102.042949 -3.738032 1.041433 2.431601
-2.756896 -2.586935 19.341135 -102.194512 -3.736933 1.040051 2.438284
-3.121530 -2.522954 19.454020 -102.342286 -3.735621 1.038625 2.444775
-3.481763 -2.459150 19.563473 -102.486408 -3.734101 1.037204 2.451081
-3.837294 -2.395624 19.669381 -102.627068 -3.732511 1.035613 2.457100
-4.187934 -2.332397 19.771736 -102.764406 -3.730854 1.033898 2.462836
-4.533561 -2.269446 19.870554 -102.898519 -3.729133 1.032097 2.468304
-4.874093 -2.206722 19.965864 -103.029479 -3.727347 1.030240 2.473527
-5.209476 -2.144158 20.057701 -103.157343 -3.725497 1.028351 2.478529
-5.539668 -2.081679 20.146100 -103.282165 -3.723582 1.026454 2.483333
-5.864630 -2.019212 20.231095 -103.403996 -3.721602 1.024574 2.487964
-6.184314 -1.956694 20.312712 -103.522900 -3.719558 1.022734 2.492441
-6.498652 -1.894078 20.390963 -103.638957 -3.717449 1.020963 2.496779
-6.807533 -1.831350 20.465845 -103.752278 -3.715276 1.019294 2.500982
-7.110776 -1.768549 20.537277 -103.862999 -3.713098 1.017590 2.504939
-7.408277 -1.705658 20.605249 -103.971233 -3.710915 1.015884 2.508651
-7.699983 -1.642633 20.669767 -104.077059 -3.708726 1.014200 2.512131
-7.985871 -1.579410 20.730841 -104.180541 -3.706532 1.012562 2.515392
-8.265937 -1.515914 20.788487 -104.281730 -3.704330 1.010987 2.518454
-8.540185 -1.452065 20.842719 -104.380672 -3.702121 1.009493 2.521331
-8.808623 -1.387782 20.893549 -104.477416 -3.699903 1.008097 2.524043
-9.071253 -1.322994 20.940981 -104.572014 -3.697675 1.006818 2.526601
-9.328060 -1.257643 20.985012 -104.664532 -3.695436 1.005676 2.529018
-9.579001 -1.191692 21.025623 -104.755055 -3.693185 1.004695 2.531295
-9.823980 -1.125150 21.062705 -104.843691 -3.690908 1.003656 2.533392
-10.062959 -1.057982 21.096237 -104.930526 -3.688602 1.002580 2.535311
-10.295930 -0.990132 21.126204 -105.015626 -3.686268 1.001488 2.537060
-10.522909 -0.921529 21.152599 -105.099044 -3.683903 1.000395 2.538649
-10.743921 -0.852097 21.175414 -105.180826 -3.681507 0.999313 2.540089
-10.958999 -0.781757 21.194642 -105.261017 -3.679077 0.998255 2.541393
-11.168176 -0.710428 21.210272 -105.339657 -3.676612 0.997233 2.542572
-11.371480 -0.638041 21.222290 -105.416795 -3.674111 0.996259 2.543636
-11.568928 -0.564534 21.230671 -105.492485 -3.671570 0.995347 2.544591
-11.760516 -0.489865 21.235380 -105.566795 -3.668990 0.994515 2.545442
-11.946197 -0.414026 21.236307 -105.639807 -3.666338 0.993580 2.546146
-12.125969 -0.336975 21.233413 -105.711590 -3.663613 0.992558 2.546706
-12.299850 -0.258655 21.226668 -105.782197 -3.660813 0.991460 2.547127
-12.467875 -0.178997 21.216045 -105.851677 -3.657935 0.990294 2.547417
-12.630084 -0.097928 21.201521 -105.920068 -3.654978 0.989067 2.547583
-12.786521 -0.015370 21.183072 -105.987410 -3.651938 0.987782 2.547635
-12.937232 0.068751 21.160675 -106.053739 -3.648813 0.986443 2.547581
-13.082260 0.154509 21.134303 -106.119095 -3.645600 0.985054 2.547429
-13.221639 0.241969 21.103926 -106.183518 -3.642296 0.983616 2.547185
-13.355394 0.331187 21.069506 -106.247058 -3.638898 0.982133 2.546853
-13.483518 0.422196 21.030967 -106.309759 -3.635392 0.980499 2.546357
-13.606034 0.515051 20.988268 -106.371669 -3.631774 0.978715 2.545700
-13.722978 0.609812 20.941374 -106.432829 -3.628042 0.976781 2.544887
-13.834390 0.706543 20.890250 -106.493273 -3.624192 0.974694 2.543926
-13.940317 0.805313 20.834862 -106.553036 -3.620220 0.972450 2.542822
-14.040807 0.906188 20.775174 -106.612148 -3.616121 0.970043 2.541583
-14.135905 1.009230 20.711149 -106.670638 -3.611892 0.967466 2.540216
-14.225660 1.114498 20.642748 -106.728532 -3.607529 0.964714 2.538729
-14.310112 1.222042 20.569927 -106.785857 -3.603026 0.961778 2.537128
-14.389301 1.331899 20.492638 -106.842638 -3.598380 0.958654 2.535421
-14.463259 1.444103 20.410866 -106.898894 -3.593708 0.955487 2.533587
-14.532023 1.558686 20.324562 -106.954649 -3.589005 0.952267 2.531634
-14.595633 1.675690 20.233679 -107.009925 -3.584266 0.948985 2.529568
-14.654131 1.795159 20.138174 -107.064746 -3.579486 0.945626 2.527396
-14.707561 1.917139 20.038007 -107.119132 -3.574661 0.942174 2.525126
-14.755967 2.041674 19.933136 -107.173103 -3.569785 0.938611 2.522764
-14.799393 2.168806 19.823524 -107.226676 -3.564853 0.934920 2.520319
-14.837884 2.298568 19.709129 -107.279861 -3.559859 0.931079 2.517800
-14.871488 2.430988 19.589915 -107.332663 -3.554799 0.927066 2.515216
-14.900252 2.566081 19.465841 -107.385082 -3.549666 0.922861 2.512580
-14.924231 2.703872 19.336966 -107.437071 -3.544402 0.918796 2.509756
-14.943471 2.844369 19.203253 -107.488627 -3.539001 0.914846 2.506756
-14.958016 2.987587 19.064666 -107.539752 -3.533458 0.910984 2.503591
-14.967909 3.133544 18.921169 -107.590451 -3.527765 0.907181 2.500269
-14.973190 3.282258 18.772731 -107.640732 -3.521917 0.903406 2.496799
-14.973900 3.433743 18.619318 -107.690600 -3.515908 0.899626 2.493190
-14.970081 3.588011 18.460905 -107.740058 -3.509730 0.895807 2.489451
-14.961780 3.745067 18.297464 -107.789101 -3.503376 0.891912 2.485593
-14.949044 3.904909 18.128976 -107.837717 -3.496840 0.887902 2.481629
-14.931930 4.067526 17.955426 -107.885879 -3.490114 0.883735 2.477574
-14.910505 4.232920 17.776914 -107.933500 -3.483354 0.879741 2.473232
-14.884825 4.401074 17.593427 -107.980553 -3.476551 0.875875 2.468617
-14.854938 4.571970 17.404953 -108.027022 -3.469700 0.872092 2.463742
-14.820886 4.745592 17.211475 -108.072900 -3.462790 0.868344 2.458617
-14.782714 4.921922 17.012978 -108.118182 -3.455816 0.864584 2.453251
-14.740462 5.100937 16.809449 -108.162864 -3.448768 0.860762 2.447651
-14.694176 5.282613 16.600877 -108.206938 -3.441638 0.856824 2.441828
-14.643903 5.466916 16.387260 -108.250390 -3.434419 0.852717 2.435790
-14.589698 5.653805 16.168603 -108.293195 -3.427102 0.848381 2.429550
-14.531624 5.843231 15.944921 -108.335319 -3.419677 0.843754 2.423122
-14.469752 6.035170 15.716406 -108.376639 -3.412070 0.839346 2.416171
-14.404144 6.229566 15.483078 -108.417119 -3.404271 0.835093 2.408709
-14.334858 6.426361 15.244949 -108.456736 -3.396270 0.830928 2.400747
-14.261944 6.625500 15.002028 -108.495475 -3.388059 0.826786 2.392293
-14.185453 6.826924 14.754320 -108.533325 -3.379628 0.822599 2.383351
-14.105436 7.030574 14.501833 -108.570274 -3.370966 0.818300 2.373926
-14.021947 7.236386 14.244578 -108.606310 -3.362064 0.813816 2.364023
-13.935048 7.444288 13.982575 -108.641410 -3.352911 0.809075 2.353647
-13.844808 7.654208 13.715859 -108.675543 -3.343496 0.803996 2.342807
-13.751312 7.866062 13.444482 -108.708659 -3.333807 0.798494 2.331514
-13.654662 8.079817 13.168785 -108.740702 -3.323547 0.793468 2.319748
-13.554941 8.295384 12.888828 -108.771627 -3.312702 0.788828 2.307517
-13.452223 8.512672 12.604652 -108.801403 -3.301260 0.784488 2.294829
-13.346576 8.731585 12.316295 -108.830014 -3.289206 0.780363 2.281682
-13.238064 8.952029 12.023788 -108.857446 -3.276527 0.776367 2.268075
-13.126749 9.173902 11.727165 -108.883692 -3.263208 0.772414 2.254006
-13.012699 9.397101 11.426466 -108.908742 -3.249232 0.768414 2.239470
-12.895987 9.621517 11.121746 -108.932580 -3.234583 0.764273 2.224466
-12.776692 9.847038 10.813075 -108.955186 -3.219244 0.759892 2.208990
-12.654892 10.073546 10.500547 -108.976539 -3.203196 0.755165 2.193041
-12.530645 10.301005 10.184646 -108.996679 -3.186629 0.751334 2.176692
-12.404030 10.529290 9.865469 -109.015588 -3.169524 0.748292 2.159939
-12.275127 10.758269 9.543102 -109.033255 -3.151861 0.745933 2.142776
-12.144014 10.987811 9.217616 -109.049673 -3.133617 0.744153 2.125193
-12.010768 11.217777 8.889077 -109.064842 -3.114773 0.742852 2.107180
-11.875462 11.448029 8.557554 -109.078763 -3.095304 0.741927 2.088722
-11.738178 11.678426 8.223125 -109.091438 -3.075189 0.741275 2.069807
-11.599001 11.908822 7.885886 -109.102864 -3.054402 0.740783 2.050421
-11.458030 12.139076 7.545962 -109.113026 -3.032918 0.740332 2.030554
-11.315386 12.369048 7.203525 -109.121895 -3.010710 0.739791 2.010201
-11.171232 12.598662 6.859071 -109.129448 -2.987935 0.739918 1.989499
-11.025690 12.827776 6.512776 -109.135665 -2.964565 0.740579 1.968441
-10.878858 13.056232 6.164775 -109.140545 -2.940571 0.741652 1.947010
-10.730829 13.283873 5.815176 -109.144106 -2.915924 0.743019 1.925184
-10.581690 13.510534 5.464073 -109.146371 -2.890596 0.744569 1.902938
-10.431526 13.736052 5.111556 -109.147370 -2.864554 0.746192 1.880245
-10.280426 13.960262 4.757719 -109.147136 -2.837770 0.747775 1.857076
-10.128482 14.183001 4.402673 -109.145705 -2.810209 0.749200 1.833400
-9.975794 14.404107 4.046557 -109.143113 -2.781840 0.750341 1.809189
-9.822478 14.623427 3.689553 -109.139392 -2.752627 0.751060 1.784414
-9.668683 14.840885 3.332221 -109.134705 -2.723079 0.752289 1.759644
-9.514524 15.056327 2.974744 -109.129093 -2.693162 0.753891 1.734849
-9.360103 15.269594 2.617261 -109.122605 -2.662838 0.755737 1.709995
-9.205516 15.480521 2.259883 -109.115293 -2.632071 0.757707 1.685043
-9.050859 15.688951 1.902704 -109.107209 -2.600826 0.759688 1.659957
-8.896229 15.894726 1.545820 -109.098405 -2.569063 0.761563 1.634698
-8.741723 16.097701 1.189331 -109.088930 -2.536744 0.763215 1.609228
-8.587448 16.297738 0.833363 -109.078829 -2.503831 0.764521 1.583511
-8.433517 16.494719 0.478078 -109.068142 -2.470282 0.765341 1.557512
-8.280066 16.688555 0.123708 -109.056888 -2.436055 0.765522 1.531206
-8.127293 16.879291 -0.228961 -109.045238 -2.401606 0.766450 1.505383
-7.975329 17.066841 -0.579699 -109.033220 -2.366892 0.767969 1.480016
-7.824283 17.251095 -0.928340 -109.020880 -2.331870 0.769943 1.455069
-7.674258 17.431934 -1.274762 -109.008271 -2.296498 0.772246 1.430503
-7.525349 17.609232 -1.618860 -108.995452 -2.260731 0.774764 1.406279
-7.377654 17.782869 -1.960537 -108.982479 -2.224527 0.777380 1.382357
-7.231269 17.952736 -2.299687 -108.969406 -2.187842 0.779978 1.358699
-7.086292 18.118738 -2.636177 -108.956288 -2.150629 0.782433 1.335266
-6.942824 18.280814 -2.969832 -108.943168 -2.112842 0.784608 1.312026
-6.800968 18.438942 -3.300404 -108.930083 -2.074432 0.786345 1.288949
-6.660836 18.593252 -3.627150 -108.917156 -2.035887 0.788791 1.266463
-6.522526 18.743730 -3.949826 -108.904426 -1.997157 0.791792 1.244541
-6.386127 18.890319 -4.268264 -108.891941 -1.958195 0.795215 1.223147
-6.251724 19.032943 -4.582342 -108.879757 -1.918950 0.798943 1.202247
-6.119401 19.171513 -4.891972 -108.867929 -1.879377 0.802872 1.181806
-5.989243 19.305940 -5.197074 -108.856510 -1.839427 0.806900 1.161787
-5.861334 19.436139 -5.497572 -108.845548 -1.799052 0.810930 1.142158
-5.735761 19.562039 -5.793370 -108.835085 -1.758202 0.814857 1.122889
-5.612613 19.683591 -6.084340 -108.825150 -1.716826 0.818569 1.103952
-5.491987 19.800786 -6.370296 -108.815753 -1.674875 0.821937 1.085327
-5.373984 19.913734 -6.650681 -108.806916 -1.633164 0.825748 1.067192
-5.258691 20.022428 -6.925315 -108.798651 -1.591642 0.829876 1.049528
-5.146187 20.126830 -7.194079 -108.790981 -1.550259 0.834216 1.032312
-5.036545 20.226885 -7.456897 -108.783941 -1.508965 0.838677 1.015517
-4.929833 20.322528 -7.713716 -108.777565 -1.467709 0.843179 0.999117
-4.826117 20.413696 -7.964492 -108.771887 -1.426442 0.847645 0.983088
-4.725461 20.500335 -8.209182 -108.766935 -1.385115 0.851998 0.967405
-4.627931 20.582402 -8.447729 -108.762727 -1.343678 0.856159 0.952048
-4.533591 20.659880 -8.680043 -108.759266 -1.302081 0.860041 0.937001
-4.442512 20.732791 -8.905987 -108.756532 -1.260272 0.863543 0.922254
-4.354769 20.801265 -9.125119 -108.754473 -1.218895 0.867274 0.907849
-4.270422 20.865328 -9.337304 -108.753066 -1.177900 0.871138 0.893776
-4.189523 20.924972 -9.542462 -108.752309 -1.137236 0.875055 0.880025
-4.112118 20.980172 -9.740548 -108.752210 -1.096854 0.878959 0.866580
-4.038247 21.030895 -9.931538 -108.752783 -1.056707 0.882791 0.853423
-3.967945 21.077105 -10.115417 -108.754042 -1.016748 0.886499 0.840540
-3.901246 21.118771 -10.292171 -108.755997 -0.976928 0.890029 0.827914
-3.838182 21.155875 -10.461772 -108.758652 -0.937201 0.893327 0.815533
-3.778781 21.188418 -10.624174 -108.762000 -0.897519 0.896335 0.803389
-3.723074 21.216434 -10.779289 -108.766012 -0.857834 0.898980 0.791477
-3.671088 21.240039 -10.926819 -108.770618 -0.818638 0.901648 0.779775
-3.622846 21.259272 -11.066679 -108.775788 -0.779884 0.904273 0.768281
-3.578364 21.274141 -11.198827 -108.781508 -0.741526 0.906803 0.756989
-3.537652 21.284642 -11.323245 -108.787774 -0.703517 0.909195 0.745889
-3.500717 21.290760 -11.439933 -108.794588 -0.665815 0.911416 0.734973
-3.467564 21.292483 -11.548896 -108.801949 -0.628375 0.913434 0.724231
-3.438191 21.289800 -11.650139 -108.809858 -0.591153 0.915220 0.713654
-3.412594 21.282713 -11.743662 -108.818311 -0.554105 0.916743 0.703234
-3.390765 21.271239 -11.829444 -108.827293 -0.517189 0.917969 0.692967
-3.372691 21.255427 -11.907438 -108.836780 -0.480361 0.918856 0.682851
-3.358351 21.235382 -11.977475 -108.846727 -0.444066 0.919575 0.672917
-3.347726 21.211157 -12.039510 -108.857106 -0.408263 0.920090 0.663164
-3.340796 21.182780 -12.093526 -108.867897 -0.372909 0.920372 0.653590
-3.337543 21.150264 -12.139527 -108.879086 -0.337964 0.920404 0.644193
-3.337944 21.113618 -12.177530 -108.890661 -0.303386 0.920172 0.634968
-3.341976 21.072852 -12.207556 -108.902610 -0.269138 0.919668 0.625912
-3.349610 21.027978 -12.229627 -108.914920 -0.235179 0.918883 0.617022
-3.360818 20.979019 -12.243765 -108.927570 -0.201471 0.917811 0.608297
-3.375564 20.926015 -12.249978 -108.940538 -0.167975 0.916444 0.599737
-3.393805 20.869029 -12.248263 -108.953790 -0.134654 0.914767 0.591345
-3.415480 20.808165 -12.238594 -108.967291 -0.101950 0.912708 0.583156
-3.440544 20.743492 -12.220969 -108.981007 -0.069828 0.910260 0.575172
-3.468956 20.675059 -12.195400 -108.994904 -0.038250 0.907419 0.567398
-3.500677 20.602905 -12.161914 -109.008954 -0.007181 0.904190 0.559837
-3.535670 20.527061 -12.120542 -109.023127 0.023414 0.900582 0.552491
-3.573896 20.447561 -12.071322 -109.037393 0.053569 0.896608 0.545364
-3.615317 20.364441 -12.014296 -109.051718 0.083317 0.892280 0.538462
-3.659893 20.277746 -11.949504 -109.066065 0.112690 0.887615 0.531790
-3.707579 20.187531 -11.876989 -109.080387 0.141723 0.882630 0.525355
-3.758321 20.093873 -11.796795 -109.094638 0.170445 0.877342 0.519167
-3.812029 19.996872 -11.708998 -109.108761 0.198403 0.871667 0.513169
-3.868649 19.896607 -11.613640 -109.122705 0.225627 0.865626 0.507370
-3.928134 19.793145 -11.510769 -109.136421 0.252146 0.859242 0.501781
-3.990446 19.686541 -11.400433 -109.149860 0.277990 0.852544 0.496412
-4.055543 19.576848 -11.282682 -109.162975 0.303185 0.845562 0.491272
-4.123388 19.464114 -11.157573 -109.175720 0.327759 0.838330 0.486371
-4.193945 19.348390 -11.025169 -109.188045 0.351737 0.830886 0.481720
-4.267179 19.229726 -10.885541 -109.199894 0.375143 0.823271 0.477331
-4.343054 19.108176 -10.738776 -109.211207 0.398002 0.815534 0.473217
-4.421535 18.983794 -10.584980 -109.221917 0.420336 0.807729 0.469393
-4.502572 18.856614 -10.424432 -109.231938 0.441922 0.799457 0.465757
-4.586127 18.726695 -10.257241 -109.241203 0.462782 0.790777 0.462322
-4.672167 18.594100 -10.083496 -109.249651 0.482937 0.781743 0.459103
-4.760656 18.458893 -9.903276 -109.257226 0.502405 0.772408 0.456114
-4.851559 18.321140 -9.716657 -109.263874 0.521206 0.762827 0.453366
-4.944839 18.180910 -9.523713 -109.269546 0.539357 0.753055 0.450872
-5.040458 18.038271 -9.324526 -109.274192 0.556877 0.743149 0.448642
-5.138380 17.893293 -9.119193 -109.277764 0.573782 0.733175 0.446689
-5.238564 17.746044 -8.907834 -109.280216 0.590085 0.723207 0.445023
-5.340964 17.596585 -8.690608 -109.281510 0.605800 0.713328 0.443651
-5.445502 17.444934 -8.467885 -109.281543 0.621015 0.703153 0.442155
-5.552131 17.291157 -8.239823 -109.280278 0.635741 0.692771 0.440542
-5.660813 17.135334 -8.006545 -109.277672 0.649991 0.682259 0.438820
-5.771511 16.977548 -7.768148 -109.273677 0.663777 0.671692 0.437000
-5.884191 16.817891 -7.524720 -109.268246 0.677110 0.661141 0.435092
-5.998819 16.656454 -7.276346 -109.261331 0.690001 0.650679 0.433104
-6.115362 16.493332 -7.023118 -109.252881 0.702461 0.640379 0.431046
-6.233789 16.328616 -6.765141 -109.242847 0.714499 0.630325 0.428928
-6.354067 16.162392 -6.502551 -109.231180 0.726123 0.620608 0.426757
-6.476160 15.994734 -6.235527 -109.217838 0.737340 0.611333 0.424537
-6.600022 15.825622 -5.964692 -109.202761 0.747766 0.601302 0.422054
-6.725615 15.655131 -5.690223 -109.185910 0.757406 0.590623 0.419309
-6.852906 15.483353 -5.412250 -109.167245 0.766266 0.579389 0.416306
-6.981862 15.310388 -5.130878 -109.146727 0.774351 0.567687 0.413047
-7.112452 15.136339 -4.846191 -109.124319 0.781665 0.555599 0.409535
-7.244640 14.961312 -4.558271 -109.099988 0.788213 0.543206 0.405769
-7.378389 14.785410 -4.267203 -109.073710 0.793995 0.530591 0.401745
-7.513659 14.608729 -3.973086 -109.045470 0.799015 0.517842 0.397458
-7.650400 14.431358 -3.676048 -109.015272 0.803270 0.505057 0.392895
-7.788548 14.253363 -3.376260 -108.983143 0.806758 0.492347 0.388039
-7.928012 14.074735 -3.074203 -108.949229 0.808921 0.478975 0.383110
-8.068727 13.895542 -2.770046 -108.913560 0.809754 0.465054 0.378088
-8.210644 13.715873 -2.463918 -108.876144 0.809252 0.450682 0.372958
-8.353721 13.535829 -2.155918 -108.836973 0.807407 0.435950 0.367706
-8.497923 13.355517 -1.846136 -108.796030 0.804213 0.420946 0.362324
-8.643220 13.175044 -1.534663 -108.753293 0.799661 0.405758 0.356801
-8.789579 12.994513 -1.221602 -108.708739 0.793741 0.390480 0.351127
-8.936969 12.814012 -0.907085 -108.662350 0.786437 0.375213 0.345290
-9.085351 12.633610 -0.591289 -108.614123 0.777736 0.360073 0.339273
-9.234676 12.453337 -0.274458 -108.564074 0.767617 0.345198 0.333054
-9.384871 12.273102 0.042786 -108.512286 0.756419 0.329820 0.326667
-9.535882 12.092935 0.360200 -108.458780 0.744120 0.314074 0.320086
-9.687668 11.912901 0.677606 -108.403556 0.730700 0.298079 0.313292
-9.840195 11.733090 0.994872 -108.346604 0.716135 0.281937 0.306265
-9.993430 11.553601 1.311889 -108.287907 0.700405 0.265744 0.298990
-10.147343 11.374537 1.628557 -108.227450 0.683484 0.249592 0.291447
-10.301900 11.195993 1.944771 -108.165223 0.665347 0.233576 0.283616
-10.457061 11.018054 2.260407 -108.101230 0.645968 0.217797 0.275472
-10.612774 10.840776 2.575305 -108.035496 0.625317 0.202367 0.266983
-10.768972 10.664176 2.889249 -107.968075 0.603361 0.187416 0.258112
-10.925575 10.488135 3.201658 -107.899163 0.581098 0.172160 0.249186
-11.082509 10.312666 3.512322 -107.828820 0.558495 0.156728 0.240163
-11.239715 10.137822 3.821092 -107.757081 0.535519 0.141228 0.231007
-11.397141 9.963680 4.127861 -107.683963 0.512137 0.125754 0.221686
-11.554743 9.790331 4.432546 -107.609475 0.488318 0.110395 0.212168
-11.712475 9.617871 4.735078 -107.533625 0.464028 0.095230 0.202424
-11.870285 9.446394 5.035386 -107.456430 0.439236 0.080344 0.192418
-12.028110 9.275989 5.333392 -107.377925 0.413906 0.065819 0.182111
-12.185864 9.106727 5.628993 -107.298180 0.388002 0.051749 0.171455
-12.343420 8.938654 5.922047 -107.217317 0.361490 0.038237 0.160388
-12.500576 8.771709 6.212087 -107.135694 0.335045 0.024547 0.149383
-12.657202 8.605933 6.498978 -107.053440 0.308633 0.010779 0.138376
-12.813207 8.441391 6.782630 -106.970632 0.282215 -0.002980 0.127316
-12.968520 8.278158 7.062981 -106.887314 0.255758 -0.016652 0.116158
-13.123085 8.116314 7.339982 -106.803518 0.229226 -0.030167 0.104859
-13.276847 7.955941 7.613592 -106.719268 0.202584 -0.043454 0.093382
-13.429751 7.797113 7.883767 -106.634594 0.175797 -0.056444 0.081683
-13.581727 7.639893 8.150451 -106.549545 0.148828 -0.069063 0.069716
-13.732680 7.484326 8.413563 -106.464206 0.121641 -0.081232 0.057423
-13.882469 7.330427 8.672986 -106.378719 0.094196 -0.092858 0.044734
-14.030849 7.178099 8.928253 -106.293504 0.067039 -0.104752 0.032184
-14.177678 7.027354 9.179252 -106.208704 0.040131 -0.116824 0.019702
-14.322861 6.878227 9.425911 -106.124403 0.013436 -0.129002 0.007230
-14.466332 6.730770 9.668185 -106.040648 -0.013082 -0.141219 -0.005278
-14.608041 6.585043 9.906045 -105.957463 -0.039456 -0.153417 -0.017864
-14.747947 6.441109 10.139468 -105.874861 -0.065721 -0.165541 -0.030568
-14.886009 6.299035 10.368432 -105.792855 -0.091911 -0.177538 -0.043429
-15.022182 6.158879 10.592910 -105.711465 -0.118060 -0.189354 -0.056486
-15.156405 6.020697 10.812864 -105.630730 -0.144202 -0.200931 -0.069786
-15.288596 5.884527 11.028237 -105.550721 -0.170371 -0.212209 -0.083382
-15.418621 5.750341 11.238742 -105.471716 -0.196229 -0.223796 -0.096721
-15.546396 5.618176 11.444325 -105.393784 -0.221808 -0.235634 -0.109854
-15.671868 5.488083 11.644953 -105.316962 -0.247143 -0.247673 -0.122825
-15.795000 5.360117 11.840604 -105.241264 -0.272265 -0.259869 -0.135673
-15.915767 5.234340 12.031267 -105.166689 -0.297205 -0.272181 -0.148431
-16.034148 5.110815 12.216934 -105.093231 -0.321996 -0.284573 -0.161132
-16.150127 4.989607 12.397598 -105.020885 -0.346667 -0.297010 -0.173809
-16.263678 4.870779 12.573252 -104.949654 -0.371251 -0.309457 -0.186495
-16.374769 4.754399 12.743883 -104.879553 -0.395776 -0.321882 -0.199227
-16.483349 4.640528 12.909474 -104.810625 -0.420274 -0.334249 -0.212047
-16.589332 4.529205 13.069912 -104.743080 -0.444430 -0.346795 -0.224469
-16.692669 4.420491 13.225181 -104.676961 -0.468272 -0.359489 -0.236534
-16.793329 4.314447 13.375268 -104.612286 -0.491830 -0.372303 -0.248276
-16.891297 4.211132 13.520167 -104.549059 -0.515134 -0.385212 -0.259728
-16.986562 4.110602 13.659871 -104.487276 -0.538212 -0.398193 -0.270917
-17.079119 4.012915 13.794377 -104.426927 -0.561091 -0.411225 -0.281871
-17.168963 3.918127 13.923680 -104.368005 -0.583799 -0.424287 -0.292614
-17.256084 3.826293 14.047774 -104.310512 -0.606365 -0.437362 -0.303177
-17.340467 3.737471 14.166653 -104.254458 -0.628814 -0.450432 -0.313587
-17.422080 3.651721 14.280308 -104.199878 -0.651176 -0.463480 -0.323880
-17.500868 3.569095 14.388709 -104.146903 -0.673199 -0.476527 -0.333809
-17.576802 3.489650 14.491849 -104.095569 -0.694911 -0.489559 -0.343407
-17.649866 3.413437 14.589716 -104.045891 -0.716338 -0.502564 -0.352702
-17.720054 3.340503 14.682303 -103.997872 -0.737505 -0.515529 -0.361718
-17.787366 3.270892 14.769601 -103.951510 -0.758437 -0.528444 -0.370478
-17.851805 3.204649 14.851599 -103.906797 -0.779160 -0.541301 -0.379001
-17.913375 3.141813 14.928289 -103.863727 -0.799697 -0.554093 -0.387309
-17.972077 3.082426 14.999660 -103.822299 -0.820074 -0.566812 -0.395420
-18.027907 3.026529 15.065700 -103.782519 -0.840314 -0.579452 -0.403357
-18.080855 2.974167 15.126400 -103.744402 -0.860441 -0.592012 -0.411143
-18.130902 2.925380 15.181743 -103.708004 -0.880266 -0.604498 -0.418705
-18.178038 2.880209 15.231716 -103.673344 -0.899812 -0.616911 -0.426065
-18.222259 2.838688 15.276306 -103.640429 -0.919103 -0.629247 -0.433241
-18.263568 2.800845 15.315499 -103.609261 -0.938160 -0.641508 -0.440252
-18.301970 2.766708 15.349277 -103.579834 -0.957005 -0.653695 -0.447112
-18.337471 2.736297 15.377626 -103.552144 -0.975662 -0.665807 -0.453836
-18.370079 2.709632 15.400527 -103.526184 -0.994150 -0.677850 -0.460437
-18.399801 2.686729 15.417963 -103.501950 -1.012491 -0.689825 -0.466929
-18.426639 2.667603 15.429914 -103.479442 -1.030708 -0.701737 -0.473324
-18.450595 2.652263 15.436358 -103.458663 -1.048819 -0.713593 -0.479638
-18.471666 2.640719 15.437289 -103.439654 -1.066703 -0.725330 -0.485765
-18.489852 2.632977 15.432686 -103.422419 -1.084379 -0.736958 -0.491718
-18.505158 2.629041 15.422526 -103.406959 -1.101867 -0.748485 -0.497509
-18.517588 2.628912 15.406789 -103.393270 -1.119188 -0.759921 -0.503148
-18.527149 2.632589 15.385453 -103.381348 -1.136360 -0.771278 -0.508643
-18.533849 2.640069 15.358499 -103.371185 -1.153403 -0.782569 -0.514002
-18.537697 2.651343 15.325905 -103.362771 -1.170336 -0.793808 -0.519232
-18.538704 2.666401 15.287651 -103.356097 -1.187177 -0.805010 -0.524338
-18.536880 2.685225 15.243715 -103.351150 -1.203946 -0.816193 -0.529325
-18.532240 2.707796 15.194078 -103.347916 -1.220658 -0.827373 -0.534196
-18.524812 2.734094 15.138773 -103.346356 -1.237157 -0.838379 -0.539003
-18.514611 2.764094 15.077778 -103.346455 -1.253460 -0.849231 -0.543748
-18.501649 2.797770 15.011075 -103.348200 -1.269583 -0.859953 -0.548433
-18.485934 2.835092 14.938645 -103.351580 -1.285544 -0.870566 -0.553061
-18.467478 2.876033 14.860469 -103.356584 -1.301360 -0.881097 -0.557632
-18.446291 2.920561 14.776533 -103.363199 -1.317048 -0.891573 -0.562147
-18.422386 2.968642 14.686823 -103.371411 -1.332622 -0.902023 -0.566606
-18.395779 3.020240 14.591330 -103.381198 -1.348100 -0.912478 -0.571006
-18.366491 3.075316 14.490050 -103.392538 -1.363497 -0.922974 -0.575345
-18.334556 3.133829 14.382986 -103.405392 -1.378826 -0.933549 -0.579612
-18.300029 3.195753 14.270249 -103.419710 -1.393918 -0.943898 -0.583769
-18.262946 3.261041 14.151846 -103.435454 -1.408785 -0.954063 -0.587807
-18.223326 3.329643 14.027774 -103.452598 -1.423443 -0.964085 -0.591720
-18.181189 3.401504 13.898030 -103.471124 -1.437906 -0.974004 -0.595501
-18.136551 3.476565 13.762610 -103.491011 -1.452186 -0.983864 -0.599145
-18.089427 3.554765 13.621510 -103.512241 -1.466297 -0.993708 -0.602646
-18.039840 3.636040 13.474730 -103.534792 -1.480253 -1.003581 -0.605996
-17.987812 3.720325 13.322277 -103.558636 -1.494065 -1.013534 -0.609186
-17.933380 3.807551 13.164165 -103.583733 -1.507745 -1.023619 -0.612203
-17.876596 3.897650 13.000426 -103.610028 -1.521305 -1.033896 -0.615027
-17.817557 3.990595 12.831285 -103.637398 -1.534811 -1.043844 -0.617739
-17.756317 4.086309 12.656778 -103.665785 -1.548275 -1.053526 -0.620319
-17.692911 4.184713 12.476924 -103.695153 -1.561707 -1.063001 -0.622753
-17.627368 4.285720 12.291740 -103.725474 -1.575119 -1.072330 -0.625028
-17.559711 4.389239 12.101239 -103.756723 -1.588520 -1.081572 -0.627131
-17.489964 4.495177 11.905437 -103.788880 -1.601922 -1.090789 -0.629051
-17.418156 4.603442 11.704355 -103.821917 -1.615335 -1.100046 -0.630773
-17.344320 4.713939 11.498027 -103.855804 -1.628770 -1.109413 -0.632281
-17.268500 4.826579 11.286507 -103.890496 -1.642235 -1.118967 -0.633555
-17.190765 4.941283 11.069876 -103.925924 -1.655739 -1.128795 -0.634568
-17.111229 5.058028 10.848475 -103.961944 -1.669213 -1.138242 -0.635430
-17.029961 5.176729 10.622391 -103.998491 -1.682665 -1.147398 -0.636116
-16.947004 5.297284 10.391685 -104.035523 -1.696103 -1.156348 -0.636603
-16.862395 5.419581 10.156403 -104.073012 -1.709538 -1.165173 -0.636873
-16.776165 5.543505 9.916585 -104.110937 -1.722977 -1.173950 -0.636909
-16.688345 5.668936 9.672270 -104.149278 -1.736430 -1.182762 -0.636696
-16.598967 5.795755 9.423507 -104.188014 -1.749907 -1.191692 -0.636216
-16.508071 5.923850 9.170362 -104.227119 -1.763414 -1.200832 -0.635448
-16.415707 6.053121 8.912927 -104.266555 -1.776961 -1.210282 -0.634369
-16.321943 6.183485 8.651339 -104.306265 -1.790551 -1.220156 -0.632949
-16.226887 6.314958 8.386085 -104.346119 -1.804233 -1.229579 -0.631334
-16.130604 6.447456 8.117305 -104.386063 -1.818011 -1.238669 -0.629493
-16.033144 6.580869 7.845100 -104.426066 -1.831891 -1.247532 -0.627403
-15.934548 6.715073 7.569546 -104.466109 -1.845883 -1.256268 -0.625044
-15.834852 6.849938 7.290707 -104.506178 -1.859995 -1.264976 -0.622396
-15.734093 6.985331 7.008646 -104.546265 -1.874235 -1.273752 -0.619441
-15.632310 7.121124 6.723438 -104.586358 -1.888611 -1.282698 -0.616159
-15.529547 7.257202 6.435177 -104.626442 -1.903132 -1.291925 -0.612528
-15.425857 7.393472 6.143998 -104.666492 -1.917803 -1.301556 -0.608522
-15.321305 7.529878 5.850094 -104.706470 -1.932628 -1.311733 -0.604112
-15.215979 7.666503 5.554129 -104.746234 -1.947349 -1.321263 -0.599630
-15.109940 7.803290 5.256300 -104.785749 -1.961971 -1.330292 -0.595047
-15.003237 7.940144 4.956744 -104.825000 -1.976499 -1.338945 -0.590339
-14.895913 8.076946 4.655565 -104.863979 -1.990940 -1.347340 -0.585485
-14.788007 8.213567 4.352847 -104.902686 -2.005303 -1.355587 -0.580464
-14.679559 8.349873 4.048666 -104.941125 -2.019595 -1.363793 -0.575258
-14.570610 8.485738 3.743112 -104.979295 -2.033823 -1.372073 -0.569847
-14.461203 8.621053 3.436296 -105.017197 -2.047995 -1.380545 -0.564211
-14.351386 8.755737 3.128374 -105.054824 -2.062115 -1.389346 -0.558324
-14.241213 8.889755 2.819571 -105.092158 -2.076186 -1.398631 -0.552159
-14.130740 9.023230 2.510598 -105.129104 -2.090029 -1.407232 -0.546003
-14.020017 9.156131 2.201679 -105.165649 -2.103646 -1.415305 -0.539828
-13.909084 9.288380 1.892972 -105.201790 -2.117040 -1.422985 -0.533612
-13.797981 9.419872 1.584587 -105.237534 -2.130218 -1.430396 -0.527334
-13.686745 9.550492 1.276612 -105.272887 -2.143186 -1.437649 -0.520977
-13.575413 9.680121 0.969124 -105.307857 -2.155950 -1.444857 -0.514520
-13.464026 9.808649 0.662211 -105.342447 -2.168515 -1.452131 -0.507943
-13.352626 9.935986 0.355982 -105.376654 -2.180885 -1.459593 -0.501223
-13.241258 10.062080 0.050594 -105.410465 -2.193065 -1.467379 -0.494334
-13.129977 10.186932 -0.253720 -105.443848 -2.205052 -1.475647 -0.487242
-13.018839 10.310711 -0.556232 -105.476695 -2.216978 -1.483274 -0.480127
-12.907890 10.433424 -0.856713 -105.508978 -2.228840 -1.490416 -0.472959
-12.797166 10.555025 -1.155011 -105.540685 -2.240642 -1.497207 -0.465712
-12.686702 10.675439 -1.451022 -105.571818 -2.252387 -1.503764 -0.458363
-12.576529 10.794574 -1.744675 -105.602382 -2.264080 -1.510194 -0.450894
-12.466677 10.912335 -2.035910 -105.632384 -2.275727 -1.516599 -0.443284
-12.357177 11.028632 -2.324664 -105.661830 -2.287332 -1.523081 -0.435515
-12.248062 11.143395 -2.610856 -105.690720 -2.298901 -1.529749 -0.427565
-12.139364 11.256583 -2.894368 -105.719045 -2.310437 -1.536721 -0.419409
-12.031116 11.368203 -3.175023 -105.746785 -2.321940 -1.544135 -0.411017
-11.923333 11.478415 -3.452195 -105.773824 -2.333392 -1.550919 -0.402719
-11.816039 11.587230 -3.725712 -105.800143 -2.344793 -1.557208 -0.394488
-11.709258 11.694617 -3.995465 -105.825738 -2.356148 -1.563116 -0.386301
-11.603009 11.800521 -4.261393 -105.850610 -2.367460 -1.568739 -0.378138
-11.497313 11.904870 -4.523459 -105.874770 -2.378737 -1.574166 -0.369981
-11.392187 12.007591 -4.781642 -105.898226 -2.389985 -1.579480 -0.361814
-11.287650 12.108611 -5.035923 -105.920987 -2.401211 -1.584760 -0.353619
-11.183723 12.207870 -5.286275 -105.943053 -2.412421 -1.590089 -0.345378
-11.080427 12.305325 -5.532650 -105.964419 -2.423621 -1.595555 -0.337070
-10.977785 12.400965 -5.774963 -105.985063 -2.434815 -1.601255 -0.328669
-10.875810 12.494875 -6.012822 -106.004884 -2.445913 -1.606429 -0.320449
-10.774518 12.587050 -6.246146 -106.023861 -2.456919 -1.611170 -0.312385
-10.673921 12.677457 -6.474898 -106.041987 -2.467838 -1.615558 -0.304459
-10.574028 12.766051 -6.699070 -106.059266 -2.478677 -1.619664 -0.296654
-10.474843 12.852780 -6.918670 -106.075702 -2.489445 -1.623550 -0.288955
-10.376369 12.937590 -7.133717 -106.091302 -2.500150 -1.627274 -0.281349
-10.278607 13.020431 -7.344232 -106.106072 -2.510800 -1.630892 -0.273821
-10.181561 13.101258 -7.550234 -106.120010 -2.521402 -1.634461 -0.266356
-10.085235 13.180037 -7.751728 -106.133106 -2.531964 -1.638038 -0.258938
-9.989638 13.256752 -7.948698 -106.145336 -2.542494 -1.641687 -0.251545
-9.894780 13.331442 -8.140952 -106.156610 -2.552943 -1.644989 -0.244352
-9.800665 13.404094 -8.328479 -106.166902 -2.563319 -1.648001 -0.237339
-9.707287 13.474686 -8.511291 -106.176201 -2.573628 -1.650777 -0.230491
-9.614635 13.543187 -8.689419 -106.184503 -2.583880 -1.653361 -0.223794
-9.522693 13.609564 -8.862904 -106.191806 -2.594083 -1.655791 -0.217236
-9.431441 13.673782 -9.031793 -106.198114 -2.604247 -1.658106 -0.210809
-9.340859 13.735809 -9.196138 -106.203425 -2.614380 -1.660339 -0.204500
-9.250926 13.795614 -9.355989 -106.207735 -2.624492 -1.662523 -0.198300
-9.161623 13.853168 -9.511395 -106.211032 -2.634592 -1.664691 -0.192195
-9.072939 13.908447 -9.662395 -106.213293 -2.644689 -1.666875 -0.186172
-8.984873 13.961449 -9.808947 -106.214440 -2.654743 -1.668882 -0.180359
-8.897408 14.012153 -9.951093 -106.214446 -2.664762 -1.670741 -0.174742
-8.810515 14.060538 -10.088884 -106.213298 -2.674756 -1.672479 -0.169310
-8.724161 14.106583 -10.222377 -106.210985 -2.684735 -1.674121 -0.164053
-8.638305 14.150268 -10.351632 -106.207500 -2.694708 -1.675687 -0.158965
-8.552904 14.191574 -10.476712 -106.202838 -2.704686 -1.677199 -0.154038
-8.467914 14.230483 -10.597681 -106.196989 -2.714678 -1.678674 -0.149265
-8.383288 14.266977 -10.714603 -106.189944 -2.724695 -1.680130 -0.144639
-8.298981 14.301038 -10.827540 -106.181688 -2.734746 -1.681584 -0.140152
-8.214951 14.332651 -10.936553 -106.172197 -2.744843 -1.683050 -0.135796
-8.131156 14.361806 -11.041666 -106.161455 -2.754973 -1.684409 -0.131510
-8.047550 14.388487 -11.142937 -106.149438 -2.765145 -1.685673 -0.127284
-7.964081 14.412683 -11.240428 -106.136127 -2.775370 -1.686856 -0.123113
-7.880689 14.434383 -11.334201 -106.121506 -2.785659 -1.687970 -0.118991
-7.797313 14.453579 -11.424317 -106.105562 -2.796023 -1.689024 -0.114913
-7.713889 14.470262 -11.510838 -106.088281 -2.806473 -1.690030 -0.110876
-7.630348 14.484428 -11.593822 -106.069651 -2.817020 -1.690998 -0.106875
-7.546623 14.496073 -11.673327 -106.049657 -2.827675 -1.691936 -0.102909
-7.462642 14.505196 -11.749408 -106.028284 -2.838450 -1.692854 -0.098973
-7.378330 14.511796 -11.822116 -106.005519 -2.849356 -1.693762 -0.095064
-7.293602 14.515881 -11.891496 -105.981378 -2.860468 -1.694637 -0.091084
-7.208380 14.517454 -11.957597 -105.955843 -2.871798 -1.695487 -0.087028
-7.122590 14.516515 -12.020471 -105.928896 -2.883357 -1.696319 -0.082895
-7.036157 14.513065 -12.080169 -105.900517 -2.895158 -1.697139 -0.078682
-6.949007 14.507104 -12.136744 -105.870686 -2.907215 -1.697951 -0.074386
-6.861065 14.498634 -12.190249 -105.839378 -2.919541 -1.698760 -0.070005
-6.772256 14.487659 -12.240735 -105.806569 -2.932148 -1.699568 -0.065535
-6.682508 14.474182 -12.288253 -105.772230 -2.945051 -1.700379 -0.060974
-6.591747 14.458211 -12.332850 -105.736331 -2.958265 -1.701196 -0.056317
-6.499901 14.439757 -12.374573 -105.698835 -2.971802 -1.702022 -0.051560
-6.406890 14.418834 -12.413486 -105.659693 -2.985605 -1.702915 -0.046771
-6.312643 14.395452 -12.449634 -105.618866 -2.999688 -1.703876 -0.041946
-6.217089 14.369621 -12.483061 -105.576319 -3.014066 -1.704908 -0.037080
-6.120158 14.341350 -12.513812 -105.532016 -3.028757 -1.706010 -0.032172
-6.021781 14.310646 -12.541932 -105.485923 -3.043775 -1.707182 -0.027218
-5.921891 14.277518 -12.567464 -105.438004 -3.059138 -1.708423 -0.022218
-5.820422 14.241973 -12.590453 -105.388221 -3.074864 -1.709733 -0.017168
-5.717311 14.204026 -12.610940 -105.336532 -3.090969 -1.711110 -0.012067
-5.612498 14.163691 -12.628966 -105.282893 -3.107471 -1.712553 -0.006911
-5.505928 14.120989 -12.644571 -105.227251 -3.124390 -1.714059 -0.001696
-5.397551 14.075943 -12.657805 -105.169552 -3.141558 -1.715649 0.003591
-5.287315 14.028576 -12.668707 -105.109742 -3.158994 -1.717322 0.008953
-5.175169 13.978904 -12.677313 -105.047773 -3.176718 -1.719073 0.014393
-5.061061 13.926942 -12.683659 -104.983601 -3.194750 -1.720900 0.019911
-4.944942 13.872703 -12.687784 -104.917181 -3.213111 -1.722799 0.025507
-4.826763 13.816198 -12.689724 -104.848469 -3.231821 -1.724766 0.031180
-4.706483 13.757441 -12.689516 -104.777419 -3.250902 -1.726796 0.036928
-4.584063 13.696443 -12.687200 -104.703983 -3.270376 -1.728882 0.042751
-4.459476 13.633221 -12.682816 -104.628106 -3.290265 -1.731016 0.048649
-4.332702 13.567790 -12.676410 -104.549723 -3.310592 -1.733190 0.054625
-4.203740 13.500156 -12.668070 -104.468846 -3.331205 -1.735464 0.061020
-4.072577 13.430335 -12.657840 -104.385409 -3.352126 -1.737829 0.067837
-3.939195 13.358344 -12.645759 -104.299359 -3.373380 -1.740276 0.075074
-3.803574 13.284199 -12.631864 -104.210645 -3.394993 -1.742796 0.082728
-3.665693 13.207915 -12.616190 -104.119222 -3.416988 -1.745381 0.090795
-3.525534 13.129508 -12.598773 -104.025044 -3.439393 -1.748022 0.099270
-3.383084 13.048992 -12.579650 -103.928067 -3.462232 -1.750711 0.108148
-3.238337 12.966382 -12.558865 -103.828245 -3.485533 -1.753434 0.117423
-3.091297 12.881687 -12.536469 -103.725528 -3.509325 -1.756176 0.127090
-2.941988 12.794916 -12.512526 -103.619861 -3.533634 -1.758919 0.137147
-2.790471 12.706054 -12.487147 -103.511263 -3.558166 -1.761699 0.147973
-2.636776 12.615108 -12.460393 -103.399679 -3.582949 -1.764497 0.159566
-2.480918 12.522094 -12.432317 -103.285063 -3.608013 -1.767297 0.171920
-2.322909 12.427028 -12.402957 -103.167375 -3.633388 -1.770084 0.185026
-2.162759 12.329930 -12.372351 -103.046577 -3.659104 -1.772848 0.198877
-2.000479 12.230821 -12.340532 -102.922636 -3.685192 -1.775577 0.213463
-1.836083 12.129720 -12.307534 -102.795520 -3.711683 -1.778258 0.228774
-1.669592 12.026648 -12.273397 -102.665202 -3.738608 -1.780879 0.244801
-1.501034 11.921621 -12.238168 -102.531658 -3.766000 -1.783421 0.261530
-1.330450 11.814650 -12.201908 -102.394871 -3.793892 -1.785865 0.278948
-1.157903 11.705730 -12.164705 -102.254777 -3.821854 -1.788174 0.296827
-0.983439 11.594871 -12.126620 -102.111359 -3.849920 -1.790326 0.315152
-0.807098 11.482096 -12.087699 -101.964596 -3.878123 -1.792303 0.333908
-0.628915 11.367430 -12.047979 -101.814463 -3.906498 -1.794091 0.353085
-0.448926 11.250900 -12.007493 -101.660933 -3.935078 -1.795676 0.372668
-0.267171 11.132539 -11.966274 -101.503979 -3.963898 -1.797043 0.392646
-0.083691 11.012377 -11.924355 -101.343573 -3.992992 -1.798178 0.413004
0.101465 10.890445 -11.881776 -101.179690 -4.022396 -1.799064 0.433729
0.288241 10.766773 -11.838588 -101.012307 -4.052145 -1.799681 0.454805
0.476561 10.641384 -11.794854 -100.841405 -4.082274 -1.800003 0.476213
0.666316 10.514283 -11.750663 -100.666912 -4.112290 -1.800004 0.497733
0.857427 10.385497 -11.706081 -100.488807 -4.142230 -1.799656 0.519344
1.049830 10.255059 -11.661156 -100.307068 -4.172129 -1.798939 0.541029
1.243464 10.123008 -11.615929 -100.121669 -4.202023 -1.797833 0.562769
1.438272 9.989389 -11.570433 -99.932582 -4.231949 -1.796321 0.584546
1.634197 9.854247 -11.524698 -99.739780 -4.261942 -1.794388 0.606341
1.831181 9.717631 -11.478754 -99.543240 -4.292039 -1.792016 0.628131
2.029166 9.579591 -11.432633 -99.342946 -4.322275 -1.789189 0.649894
2.228091 9.440182 -11.386368 -99.138893 -4.352686 -1.785889 0.671601
2.427884 9.299457 -11.339992 -98.931088 -4.383310 -1.782099 0.693223
2.628447 9.157454 -11.293600 -98.719615 -4.413898 -1.777964 0.715011
2.829707 9.014229 -11.247224 -98.504483 -4.444486 -1.773466 0.736934
3.031601 8.869838 -11.200895 -98.285690 -4.475111 -1.768588 0.758959
3.234065 8.724338 -11.154636 -98.063223 -4.505811 -1.763312 0.781057
3.437037 8.577785 -11.108472 -97.837067 -4.536621 -1.757621 0.803196
3.640455 8.430238 -11.062421 -97.607204 -4.567579 -1.751501 0.825348
3.844260 8.281757 -11.016498 -97.373629 -4.598721 -1.744937 0.847476
4.048400 8.132408 -10.970713 -97.136349 -4.630085 -1.737916 0.869545
4.252826 7.982265 -10.925065 -96.895394 -4.661708 -1.730430 0.891508
4.457500 7.831413 -10.879538 -96.650831 -4.693627 -1.722475 0.913316
4.662382 7.679922 -10.834204 -96.402877 -4.725561 -1.714414 0.935388
4.867433 7.527876 -10.789045 -96.151599 -4.757550 -1.706243 0.957671
5.072607 7.375348 -10.744053 -95.897028 -4.789629 -1.697956 0.980119
5.277847 7.222401 -10.699235 -95.639171 -4.821839 -1.689539 1.002687
5.483091 7.069095 -10.654601 -95.378021 -4.854216 -1.680978 1.025335
5.688276 6.915486 -10.610165 -95.113563 -4.886800 -1.672258 1.048023
5.893336 6.761627 -10.565944 -94.845789 -4.919630 -1.663362 1.070710
6.098210 6.607573 -10.521952 -94.574703 -4.952745 -1.654275 1.093349
6.302844 6.453377 -10.478205 -94.300332 -4.986186 -1.644982 1.115888
6.507190 6.299094 -10.434704 -94.022741 -5.019991 -1.635472 1.138266
6.711201 6.144760 -10.391513 -93.742137 -5.053839 -1.625938 1.160838
6.914829 5.990430 -10.348631 -93.458581 -5.087769 -1.616367 1.183539
7.118023 5.836154 -10.306072 -93.172100 -5.121822 -1.606748 1.206317
7.320720 5.681983 -10.263849 -92.882693 -5.156039 -1.597063 1.229120
7.522854 5.527965 -10.221981 -92.590343 -5.190462 -1.587296 1.251902
7.724357 5.374149 -10.180488 -92.295030 -5.225131 -1.577430 1.274617
7.925166 5.220580 -10.139388 -91.996740 -5.260089 -1.567449 1.297215
8.125225 5.067305 -10.098697 -91.695481 -5.295377 -1.557337 1.319641
8.324491 4.914369 -10.058426 -91.391293 -5.331038 -1.547082 1.341830
8.522949 4.761815 -10.018573 -91.084275 -5.367114 -1.536677 1.363708
8.720605 4.609647 -9.979259 -90.774752 -5.402804 -1.526481 1.385784
8.917447 4.457905 -9.940480 -90.462823 -5.438151 -1.516486 1.407982
9.113435 4.306630 -9.902243 -90.148532 -5.473197 -1.506684 1.430232
9.308519 4.155864 -9.864561 -89.831885 -5.507984 -1.497061 1.452475
9.502639 4.005645 -9.827453 -89.512870 -5.542554 -1.487602 1.474655
9.695733 3.856009 -9.790938 -89.191471 -5.576950 -1.478292 1.496716
9.887744 3.706990 -9.755041 -88.867683 -5.611214 -1.469116 1.518598
10.078627 3.558615 -9.719780 -88.541530 -5.645386 -1.460062 1.540234
10.268364 3.410904 -9.685176 -88.213086 -5.679510 -1.451117 1.561542
10.456975 3.263864 -9.651243 -87.882514 -5.713628 -1.442273 1.582423
10.644566 3.117452 -9.618050 -87.550300 -5.747121 -1.433575 1.603475
10.831163 2.971672 -9.585609 -87.216607 -5.780032 -1.425017 1.624596
11.016755 2.826540 -9.553935 -86.881515 -5.812402 -1.416589 1.645701
11.201305 2.682078 -9.523050 -86.545048 -5.844270 -1.408281 1.666719
11.384763 2.538311 -9.492976 -86.207203 -5.875676 -1.400080 1.687583
11.567079 2.395264 -9.463739 -85.867966 -5.906658 -1.391975 1.708230
11.748205 2.252958 -9.435365 -85.527335 -5.937255 -1.383953 1.728593
11.928111 2.111411 -9.407879 -85.185340 -5.967505 -1.376002 1.748596
12.106798 1.970627 -9.381304 -84.842071 -5.997446 -1.368116 1.768147
12.284316 1.830596 -9.355651 -84.497716 -6.027116 -1.360291 1.787134
12.460806 1.691264 -9.330933 -84.152824 -6.056060 -1.352433 1.806227
12.636324 1.552619 -9.307159 -83.807586 -6.084313 -1.344539 1.825312
12.810877 1.414662 -9.284347 -83.462092 -6.111912 -1.336604 1.844295
12.984442 1.277405 -9.262518 -83.116372 -6.138892 -1.328622 1.863098
13.156977 1.140861 -9.241698 -82.770419 -6.165287 -1.320581 1.881650
13.328437 1.005049 -9.221913 -82.424212 -6.191129 -1.312473 1.899885
13.498780 0.869984 -9.203184 -82.077744 -6.216451 -1.304290 1.917732
13.667985 0.735679 -9.185529 -81.731038 -6.241285 -1.296027 1.935112
13.836066 0.602139 -9.168949 -81.384189 -6.265661 -1.287685 1.951929
14.003108 0.469359 -9.153424 -81.037408 -6.289613 -1.279276 1.968061
14.169333 0.337290 -9.138957 -80.691330 -6.312928 -1.270880 1.984243
14.334831 0.205926 -9.125521 -80.346172 -6.335638 -1.262512 2.000350
14.499622 0.075266 -9.113113 -80.002027 -6.357772 -1.254176 2.016285
14.663687 -0.054684 -9.101745 -79.658919 -6.379357 -1.245871 2.031968
14.826986 -0.183913 -9.091434 -79.316833 -6.400421 -1.237590 2.047329
14.989469 -0.312412 -9.082203 -78.975734 -6.420991 -1.229329 2.062300
15.151091 -0.440169 -9.074071 -78.635599 -6.441092 -1.221082 2.076814
15.311824 -0.567176 -9.067051 -78.296433 -6.460749 -1.212850 2.090793
15.471678 -0.693426 -9.061135 -77.958311 -6.479989 -1.204637 2.104144
15.630743 -0.818918 -9.056288 -77.621428 -6.498836 -1.196466 2.116746
15.789274 -0.943691 -9.052489 -77.286454 -6.517047 -1.188423 2.129402
15.947363 -1.067746 -9.049695 -76.953589 -6.534647 -1.180532 2.141990
16.105026 -1.191078 -9.047895 -76.622909 -6.551657 -1.172802 2.154416
16.262235 -1.313683 -9.047097 -76.294418 -6.568100 -1.165237 2.166606
16.418939 -1.435553 -9.047318 -75.968081 -6.583997 -1.157834 2.178493
16.575080 -1.556677 -9.048579 -75.643845 -6.599367 -1.150592 2.190016
16.730598 -1.677044 -9.050897 -75.321663 -6.614230 -1.143510 2.201113
16.885449 -1.796637 -9.054278 -75.001511 -6.628605 -1.136593 2.211716
17.039618 -1.915436 -9.058698 -74.683424 -6.642509 -1.129856 2.221745
17.193159 -2.033408 -9.064086 -74.367538 -6.655957 -1.123336 2.231098
17.346273 -2.150512 -9.070267 -74.054395 -6.668949 -1.116940 2.240437
17.499016 -2.266719 -9.077160 -73.744135 -6.681500 -1.110708 2.249659
17.651378 -2.382010 -9.084738 -73.436795 -6.693623 -1.104659 2.258685
17.803311 -2.496375 -9.092998 -73.132351 -6.705336 -1.098802 2.267448
17.954751 -2.609807 -9.101957 -72.830749 -6.716652 -1.093139 2.275893
18.105625 -2.722298 -9.111637 -72.531920 -6.727586 -1.087672 2.283963
18.255860 -2.833843 -9.122057 -72.235798 -6.738152 -1.082401 2.291605
18.405392 -2.944431 -9.133228 -71.942336 -6.748364 -1.077332 2.298761
18.554178 -3.054049 -9.145136 -71.651527 -6.758233 -1.072482 2.305361
18.702223 -3.162668 -9.157721 -71.363443 -6.767771 -1.067883 2.311324
18.849640 -3.270241 -9.170814 -71.078491 -6.776946 -1.063450 2.317282
18.996437 -3.376743 -9.184347 -70.796748 -6.785769 -1.059219 2.323151
19.142576 -3.482163 -9.198303 -70.518214 -6.794250 -1.055209 2.328863
19.287993 -3.586497 -9.212687 -70.242849 -6.802401 -1.051428 2.334362
19.432617 -3.689745 -9.227521 -69.970588 -6.810232 -1.047880 2.339596
19.576367 -3.791909 -9.242829 -69.701360 -6.817753 -1.044567 2.344514
19.719167 -3.892988 -9.258634 -69.435097 -6.824974 -1.041493 2.349069
19.860945 -3.992982 -9.274949 -69.171748 -6.831905 -1.038665 2.353205
20.001648 -4.091883 -9.291767 -68.911293 -6.838555 -1.036099 2.356863
20.141258 -4.189667 -9.309032 -68.653773 -6.844929 -1.033830 2.359971
20.279837 -4.286279 -9.326547 -68.399518 -6.850988 -1.031712 2.363118
20.417369 -4.381697 -9.344251 -68.148574 -6.856736 -1.029782 2.366233
20.553809 -4.475917 -9.362130 -67.900932 -6.862182 -1.028060 2.369255
20.689090 -4.568942 -9.380197 -67.656551 -6.867331 -1.026555 2.372132
20.823141 -4.660781 -9.398473 -67.415376 -6.872193 -1.025272 2.374814
20.955887 -4.751441 -9.416984 -67.177347 -6.876773 -1.024217 2.377254
21.087258 -4.840933 -9.435756 -66.942411 -6.881079 -1.023393 2.379405
21.217188 -4.929267 -9.454808 -66.710530 -6.885118 -1.022808 2.381214
21.345629 -5.016449 -9.474142 -66.481702 -6.888894 -1.022477 2.382621
21.472564 -5.102480 -9.493723 -66.255980 -6.892414 -1.022430 2.383555
21.598047 -5.187326 -9.513366 -66.033702 -6.895762 -1.022457 2.384610
21.722066 -5.270990 -9.533031 -65.814928 -6.898942 -1.022589 2.385715
21.844579 -5.353479 -9.552716 -65.599664 -6.901960 -1.022844 2.386810
21.965529 -5.434809 -9.572439 -65.387886 -6.904821 -1.023231 2.387843
22.084854 -5.514992 -9.592222 -65.179554 -6.907529 -1.023757 2.388770
22.202488 -5.594045 -9.612092 -64.974623 -6.910089 -1.024427 2.389545
22.318368 -5.671980 -9.632073 -64.773051 -6.912506 -1.025247 2.390124
22.432438 -5.748811 -9.652183 -64.574812 -6.914784 -1.026227 2.390459
22.544654 -5.824548 -9.672422 -64.379907 -6.916927 -1.027383 2.390497
22.654999 -5.899189 -9.692750 -64.188383 -6.918936 -1.028749 2.390174
22.763521 -5.972694 -9.712969 -64.000542 -6.920880 -1.030143 2.390030
22.870207 -6.045062 -9.733036 -63.816436 -6.922762 -1.031598 2.390002
22.975021 -6.116303 -9.752947 -63.636074 -6.924583 -1.033133 2.390037
23.077913 -6.186433 -9.772717 -63.459437 -6.926347 -1.034758 2.390092
23.178830 -6.255465 -9.792368 -63.286494 -6.928059 -1.036480 2.390126
23.277714 -6.323416 -9.811925 -63.117206 -6.929720 -1.038307 2.390102
23.374512 -6.390300 -9.831410 -62.951538 -6.931335 -1.040244 2.389982
23.469173 -6.456130 -9.850841 -62.789466 -6.932907 -1.042301 2.389728
23.561658 -6.520913 -9.870218 -62.630985 -6.934438 -1.044494 2.389296
23.651948 -6.584647 -9.889505 -62.476127 -6.935928 -1.046854 2.388637
23.740070 -6.647284 -9.908508 -62.325105 -6.937370 -1.049204 2.388133
23.826009 -6.708821 -9.927187 -62.177955 -6.938765 -1.051578 2.387736
23.909734 -6.769265 -9.945542 -62.034676 -6.940115 -1.053990 2.387405
23.991204 -6.828627 -9.963587 -61.895254 -6.941422 -1.056452 2.387106
24.070377 -6.886919 -9.981344 -61.759659 -6.942688 -1.058969 2.386807
24.147209 -6.944153 -9.998836 -61.627861 -6.943918 -1.061548 2.386477
24.221663 -7.000340 -10.016084 -61.499835 -6.945112 -1.064194 2.386088
24.293703 -7.055486 -10.033104 -61.375562 -6.946273 -1.066918 2.385607
24.363307 -7.109597 -10.049895 -61.255042 -6.947403 -1.069735 2.385002
24.430471 -7.162657 -10.066414 -61.138308 -6.948501 -1.072677 2.384232
24.495235 -7.214604 -10.082434 -61.025532 -6.949557 -1.075556 2.383577
24.557600 -7.265422 -10.097911 -60.916746 -6.950571 -1.078403 2.383001
24.617552 -7.315109 -10.112843 -60.811956 -6.951543 -1.081234 2.382471
24.675073 -7.363667 -10.127244 -60.711146 -6.952476 -1.084058 2.381961
24.730138 -7.411096 -10.141138 -60.614295 -6.953370 -1.086880 2.381450
24.782726 -7.457395 -10.154548 -60.521372 -6.954229 -1.089703 2.380916
24.832819 -7.502559 -10.167498 -60.432351 -6.955053 -1.092531 2.380341
24.880401 -7.546580 -10.180006 -60.347206 -6.955844 -1.095371 2.379705
24.925467 -7.589440 -10.192076 -60.265921 -6.956602 -1.098234 2.378988
24.968023 -7.631102 -10.203670 -60.188496 -6.957326 -1.101148 2.378171
25.008108 -7.671475 -10.214576 -60.115011 -6.958012 -1.103950 2.377438
25.045734 -7.710513 -10.224758 -60.045464 -6.958659 -1.106667 2.376769
25.080909 -7.748189 -10.234221 -59.979837 -6.959266 -1.109310 2.376151
25.113639 -7.784472 -10.242986 -59.918099 -6.959835 -1.111881 2.375572
25.143929 -7.819334 -10.251085 -59.860211 -6.960365 -1.114380 2.375022
25.171789 -7.852737 -10.258549 -59.806132 -6.960859 -1.116806 2.374495
25.197233 -7.884641 -10.265410 -59.755814 -6.961317 -1.119158 2.373987
25.220278 -7.914997 -10.271700 -59.709207 -6.961738 -1.121434 2.373495
25.240951 -7.943742 -10.277434 -59.666261 -6.962122 -1.123639 2.373018
25.259284 -7.970792 -10.282598 -59.626921 -6.962466 -1.125788 2.372559
25.275328 -7.996001 -10.287020 -59.591158 -6.962774 -1.127741 2.372224
25.289131 -8.019270 -10.290690 -59.558912 -6.963044 -1.129513 2.372019
25.300746 -8.040510 -10.293635 -59.530119 -6.963273 -1.131103 2.371949
25.310236 -8.059630 -10.295902 -59.504714 -6.963462 -1.132503 2.372021
25.317678 -8.076535 -10.297551 -59.482635 -6.963611 -1.133700 2.372238
25.323171 -8.091129 -10.298657 -59.463835 -6.963721 -1.134679 2.372599
25.326855 -8.103314 -10.299311 -59.448307 -6.963797 -1.135419 2.373086
25.328957 -8.112996 -10.299621 -59.436135 -6.963842 -1.135905 2.373638
25.329907 -8.120051 -10.299633 -59.427624 -6.963867 -1.136169 2.374097
25.330673 -8.124144 -10.298864 -59.423804 -6.963841 -1.136190 2.374929
25.330654 -8.125466 -10.298223 -59.423508 -6.963845 -1.136353 2.374975
