-0.000000 -0.000000 0.000000 -0.000000 0.000000 0.000000 -0.000000
0.111310 0.010821 0.368127 -0.120173 -0.341908 0.061735 0.000894
0.270090 0.025287 0.733518 -0.281163 -0.685202 0.118892 -0.010405
0.451229 0.042657 1.096123 -0.463395 -1.030753 0.170314 -0.026227
0.641425 0.062562 1.457330 -0.658973 -1.378236 0.217072 -0.043874
0.832915 0.084694 1.818122 -0.864066 -1.727480 0.260050 -0.062224
1.020991 0.108775 2.179222 -1.076462 -2.078436 0.299897 -0.080724
1.202796 0.134553 2.541205 -1.294694 -2.431135 0.337086 -0.099048
1.376623 0.161789 2.904553 -1.517722 -2.785657 0.371960 -0.116984
1.541457 0.190255 3.269683 -1.744830 -3.142119 0.404769 -0.134407
1.696670 0.219728 3.636970 -1.975683 -3.500665 0.435692 -0.151307
1.841841 0.249971 4.006735 -2.210574 -3.861463 0.464860 -0.167876
1.978266 0.280762 4.379281 -2.448644 -4.224722 0.492345 -0.183805
2.107696 0.311883 4.754881 -2.689023 -4.590671 0.518225 -0.198750
2.231496 0.343125 5.133789 -2.931090 -4.959546 0.542615 -0.212458
2.350254 0.374398 5.512522 -3.173306 -5.328043 0.565500 -0.225379
2.464930 0.405539 5.891333 -3.415325 -5.696396 0.586991 -0.237367
2.576482 0.436384 6.270481 -3.657060 -6.064832 0.607177 -0.248376
2.685794 0.466779 6.650220 -3.898513 -6.433577 0.626141 -0.258399
2.793663 0.496573 7.030805 -4.139714 -6.802856 0.643962 -0.267435
2.900790 0.525626 7.412495 -4.380696 -7.172894 0.660714 -0.275488
3.007764 0.553801 7.795549 -4.621490 -7.543912 0.676466 -0.282557
3.115045 0.580968 8.180232 -4.862138 -7.916131 0.691285 -0.288654
3.222962 0.607014 8.566744 -5.102756 -8.289766 0.705396 -0.293946
3.332115 0.631786 8.955369 -5.343712 -8.665078 0.718636 -0.298349
3.443297 0.655159 9.346349 -5.585190 -9.042298 0.731081 -0.301886
3.557030 0.677018 9.739934 -5.827262 -9.421665 0.742782 -0.304525
3.673572 0.697275 10.136362 -6.069772 -9.803420 0.753847 -0.306148
3.792601 0.716073 10.532192 -6.311497 -10.184276 0.764108 -0.307237
3.914250 0.733368 10.927668 -6.552298 -10.564472 0.773654 -0.307677
4.038755 0.749095 11.323050 -6.792278 -10.944245 0.782527 -0.307440
4.166381 0.763187 11.718592 -7.031632 -11.323829 0.790759 -0.306534
4.297398 0.775576 12.114544 -7.270594 -11.703462 0.798375 -0.304978
4.432081 0.786193 12.511157 -7.509423 -12.083382 0.805400 -0.302799
4.570712 0.794969 12.908678 -7.748391 -12.463826 0.811855 -0.300029
4.713589 0.801833 13.307357 -7.987786 -12.845034 0.817759 -0.296702
4.861035 0.806714 13.707437 -8.227911 -13.227247 0.823130 -0.292855
5.013407 0.809543 14.109164 -8.469080 -13.610708 0.827985 -0.288525
5.171108 0.810244 14.512814 -8.711613 -13.995661 0.832295 -0.283697
5.334484 0.808746 14.918731 -8.955708 -14.382353 0.835974 -0.278225
5.503536 0.805097 15.327055 -9.201017 -14.770987 0.839320 -0.272208
5.678045 0.799306 15.738039 -9.447229 -15.161806 0.842410 -0.265499
5.857526 0.791712 16.148339 -9.693085 -15.551544 0.844942 -0.258520
6.042005 0.782350 16.558198 -9.938358 -15.940440 0.847022 -0.251154
6.231679 0.771222 16.967883 -10.183067 -16.328731 0.848680 -0.243354
6.426802 0.758315 17.377661 -10.427322 -16.716656 0.849933 -0.235105
6.627640 0.743613 17.787795 -10.671272 -17.104455 0.850790 -0.226402
6.834444 0.727096 18.198551 -10.915082 -17.492367 0.851260 -0.217243
7.047427 0.708743 18.610196 -11.158916 -17.880633 0.851350 -0.207626
7.266741 0.688533 19.023000 -11.402918 -18.269491 0.851066 -0.197537
7.492430 0.666454 19.437235 -11.647173 -18.659178 0.850428 -0.186944
7.724327 0.642539 19.853056 -11.891560 -19.049931 0.849552 -0.175949
7.962483 0.616745 20.270707 -12.136219 -19.441992 0.848458 -0.164568
8.207239 0.588972 20.690562 -12.381588 -19.835608 0.847083 -0.152650
8.458583 0.559212 21.112803 -12.627645 -20.231030 0.845564 -0.140152
8.716081 0.527881 21.534185 -12.873369 -20.625031 0.843492 -0.127480
8.979571 0.495008 21.954903 -13.118663 -21.017860 0.841004 -0.114561
9.248985 0.460577 22.375210 -13.363663 -21.409757 0.838136 -0.101374
9.524277 0.424554 22.795360 -13.608594 -21.800967 0.834904 -0.087923
9.805401 0.386898 23.215607 -13.853727 -22.191733 0.831316 -0.074228
10.092302 0.347562 23.636205 -14.099356 -22.582298 0.827374 -0.060310
10.384911 0.306494 24.057408 -14.345794 -22.972907 0.823080 -0.046195
10.683149 0.263638 24.479470 -14.593363 -23.363803 0.818431 -0.031911
10.986917 0.218934 24.902646 -14.842397 -23.755232 0.813425 -0.017483
11.296105 0.172323 25.327188 -15.093228 -24.147438 0.808062 -0.002933
11.610576 0.123753 25.753329 -15.346153 -24.540672 0.802368 0.011724
11.930163 0.073249 26.180802 -15.601349 -24.935180 0.796388 0.026517
12.254609 0.020995 26.608442 -15.858654 -25.331147 0.790170 0.041618
12.583215 -0.032705 27.035985 -16.116885 -25.725472 0.783569 0.056656
12.915729 -0.087937 27.463452 -16.375847 -26.118361 0.776605 0.071652
13.252075 -0.144603 27.890600 -16.635421 -26.510044 0.769321 0.086634
13.592239 -0.202627 28.317247 -16.895511 -26.900756 0.761756 0.101626
13.936203 -0.261986 28.743591 -17.156046 -27.290738 0.753979 0.116631
14.283936 -0.322667 29.169842 -17.416958 -27.680227 0.746053 0.131656
14.635366 -0.384662 29.596203 -17.678181 -28.069461 0.738041 0.146704
14.990368 -0.447957 30.022802 -17.939610 -28.458676 0.729991 0.161644
15.348963 -0.512568 30.449928 -18.201556 -28.848132 0.721895 0.176542
15.711190 -0.578516 30.877394 -18.464256 -29.238059 0.713799 0.191418
16.076998 -0.645795 31.304937 -18.727885 -29.628693 0.705713 0.206268
16.446249 -0.714414 31.732571 -18.992564 -30.020279 0.697687 0.221085
16.818729 -0.784355 32.160313 -19.258315 -30.413054 0.689783 0.235895
17.194089 -0.855541 32.588179 -19.524935 -30.807228 0.682111 0.250779
17.571713 -0.927725 33.015923 -19.791550 -31.199732 0.674311 0.265351
17.951255 -1.000817 33.443561 -20.057968 -31.590776 0.666481 0.279698
18.332481 -1.074779 33.871112 -20.324214 -31.980598 0.658673 0.293852
18.715206 -1.149597 34.298592 -20.590410 -32.369437 0.650920 0.307816
19.099279 -1.225252 34.725932 -20.856718 -32.757536 0.643246 0.321585
19.484578 -1.301705 35.152835 -21.123317 -33.145124 0.635627 0.335177
19.870946 -1.378979 35.579486 -21.390402 -33.532448 0.628099 0.348565
20.258220 -1.457103 36.006095 -21.658169 -33.919749 0.620679 0.361732
20.646237 -1.536106 36.432873 -21.926802 -34.307267 0.613387 0.374664
21.034822 -1.616011 36.860013 -22.196462 -34.695244 0.606258 0.387346
21.423803 -1.696795 37.287467 -22.467254 -35.083918 0.599319 0.399789
21.812988 -1.778381 37.714984 -22.739178 -35.473516 0.592601 0.412046
22.202056 -1.860669 38.142581 -23.012030 -35.864254 0.586224 0.424174
22.590505 -1.943377 38.569960 -23.285032 -36.253139 0.579840 0.435802
22.978210 -2.026200 38.995702 -23.557966 -36.640334 0.573369 0.447154
23.364988 -2.109087 39.419901 -23.830836 -37.026095 0.566923 0.458218
23.750693 -2.192035 39.842759 -24.103748 -37.410661 0.560542 0.468995
24.135204 -2.275061 40.264488 -24.376853 -37.794269 0.554244 0.479482
24.518417 -2.358187 40.685302 -24.650327 -38.177159 0.548042 0.489672
24.900233 -2.441442 41.105414 -24.924349 -38.559566 0.541948 0.499556
25.280558 -2.524857 41.525035 -25.199097 -38.941728 0.535974 0.509124
25.659292 -2.608460 41.944373 -25.474737 -39.323881 0.530135 0.518369
26.036330 -2.692276 42.363633 -25.751406 -39.706263 0.524453 0.527289
26.411544 -2.776316 42.783008 -26.029191 -40.089107 0.518966 0.535886
26.784770 -2.860554 43.202657 -26.308077 -40.472649 0.513751 0.544171
27.155791 -2.944873 43.622569 -26.587853 -40.857130 0.509012 0.552113
27.524564 -3.028701 44.040430 -26.867801 -41.239523 0.504003 0.559734
27.890911 -3.111914 44.456258 -27.147715 -41.620070 0.498915 0.567018
28.254717 -3.194483 44.870228 -27.427582 -41.999003 0.493816 0.573981
28.615908 -3.276411 45.282542 -27.707482 -42.376557 0.488741 0.580632
28.974438 -3.357722 45.693408 -27.987543 -42.752964 0.483708 0.586971
29.330271 -3.438450 46.103035 -28.267915 -43.128457 0.478731 0.592995
29.683382 -3.518635 46.511627 -28.548759 -43.503270 0.473820 0.598698
30.033746 -3.598318 46.919389 -28.830235 -43.877635 0.468987 0.604073
30.381337 -3.677544 47.326521 -29.112497 -44.251784 0.464243 0.609113
30.726125 -3.756352 47.733221 -29.395683 -44.625950 0.459607 0.613813
31.068069 -3.834777 48.139678 -29.679903 -45.000362 0.455102 0.618171
31.407106 -3.912838 48.546070 -29.965211 -45.375253 0.450773 0.622188
31.743146 -3.990513 48.952530 -30.251571 -45.750851 0.446699 0.625864
32.076073 -4.067689 49.359008 -30.538775 -46.127395 0.443076 0.629147
32.406008 -4.143842 49.763497 -30.826191 -46.501928 0.439132 0.632175
32.732866 -4.218856 50.165980 -31.113616 -46.874684 0.435052 0.634907
33.056591 -4.292711 50.566604 -31.401008 -47.245894 0.430912 0.637352
33.377160 -4.365423 50.965555 -31.688415 -47.615786 0.426751 0.639515
33.694568 -4.437027 51.363026 -31.975925 -47.984588 0.422598 0.641398
34.008817 -4.507569 51.759210 -32.263646 -48.352528 0.418473 0.643000
34.319917 -4.577095 52.154297 -32.551691 -48.719833 0.414396 0.644316
34.627870 -4.645654 52.548474 -32.840157 -49.086730 0.410390 0.645346
34.932674 -4.713285 52.941925 -33.129123 -49.453446 0.406484 0.646087
35.234311 -4.780017 53.334826 -33.418622 -49.820205 0.402717 0.646542
35.532743 -4.845853 53.727340 -33.708620 -50.187231 0.399149 0.646719
35.827899 -4.910752 54.119583 -33.998974 -50.554748 0.395877 0.646622
36.119695 -4.974574 54.511510 -34.289365 -50.922983 0.393095 0.646207
36.408279 -5.036817 54.901478 -34.579045 -51.289077 0.389945 0.645692
36.693734 -5.097451 55.289362 -34.868059 -51.653241 0.386688 0.645033
36.976104 -5.156526 55.675266 -35.156504 -52.015706 0.383379 0.644199
37.255431 -5.214126 56.059351 -35.444516 -52.376698 0.380042 0.643172
37.531766 -5.270340 56.441791 -35.732247 -52.736444 0.376688 0.641937
37.805154 -5.325260 56.822765 -36.019850 -53.095173 0.373323 0.640480
38.075634 -5.378966 57.202456 -36.307449 -53.453101 0.369971 0.638798
38.343235 -5.431531 57.581045 -36.595158 -53.810449 0.366651 0.636886
38.607987 -5.483026 57.958704 -36.883080 -54.167438 0.363387 0.634737
38.869910 -5.533510 58.335601 -37.171292 -54.524288 0.360208 0.632345
39.129012 -5.583023 58.711877 -37.459822 -54.881219 0.357162 0.629701
39.385291 -5.631565 59.087626 -37.748624 -55.238453 0.354329 0.626787
39.638758 -5.679051 59.462767 -38.037522 -55.596212 0.351872 0.623525
39.889704 -5.725082 59.835845 -38.326019 -55.951706 0.349042 0.620229
40.138155 -5.769576 60.206807 -38.613940 -56.305156 0.345997 0.616832
40.384131 -5.812538 60.575762 -38.901241 -56.656782 0.342814 0.613322
40.627660 -5.854014 60.942865 -39.187950 -57.006800 0.339535 0.609694
40.868780 -5.894066 61.308282 -39.474137 -57.355426 0.336193 0.605945
41.107535 -5.932770 61.672183 -39.759896 -57.702876 0.332809 0.602066
41.343969 -5.970206 62.034734 -40.045332 -58.049364 0.329403 0.598050
41.578126 -6.006457 62.396103 -40.330551 -58.395107 0.325995 0.593886
41.810043 -6.041603 62.756450 -40.615654 -58.740316 0.322606 0.589566
42.039754 -6.075718 63.115931 -40.900727 -59.085207 0.319261 0.585077
42.267281 -6.108868 63.474691 -41.185833 -59.429992 0.315994 0.580410
42.492638 -6.141097 63.832853 -41.470991 -59.774884 0.312853 0.575548
42.715831 -6.172412 64.190484 -41.756157 -60.120097 0.309914 0.570461
42.936897 -6.202744 64.547496 -42.041175 -60.465846 0.307321 0.565066
43.156142 -6.231762 64.902680 -42.325611 -60.809432 0.304368 0.559742
43.373609 -6.259401 65.255973 -42.609311 -61.151070 0.301195 0.554414
43.589318 -6.285673 65.607458 -42.892232 -61.490970 0.297875 0.549060
43.803288 -6.310628 65.957265 -43.174396 -61.829343 0.294457 0.543666
44.015542 -6.334333 66.305540 -43.455861 -62.166397 0.290971 0.538222
44.226108 -6.356864 66.652430 -43.736704 -62.502342 0.287446 0.532717
44.435009 -6.378302 66.998083 -44.017011 -62.837384 0.283906 0.527137
44.642270 -6.398727 67.342643 -44.296867 -63.171730 0.280374 0.521471
44.847909 -6.418212 67.686248 -44.576347 -63.505588 0.276880 0.515704
45.051936 -6.436823 68.029025 -44.855503 -63.839163 0.273457 0.509819
45.254359 -6.454605 68.371077 -45.134355 -64.172662 0.270153 0.503794
45.455187 -6.471570 68.712454 -45.412864 -64.506293 0.267039 0.497592
45.654462 -6.487660 69.053072 -45.690898 -64.840262 0.264240 0.491129
45.852483 -6.502604 69.391921 -45.968076 -65.171971 0.261101 0.484825
46.049298 -6.516351 69.728935 -46.244267 -65.501626 0.257744 0.478604
46.244921 -6.528916 70.064180 -46.519437 -65.829431 0.254239 0.472433
46.439365 -6.540348 70.397767 -46.793605 -66.155589 0.250632 0.466295
46.632638 -6.550713 70.729822 -47.066822 -66.480302 0.246955 0.460173
46.824753 -6.560085 71.060477 -47.339160 -66.803770 0.243236 0.454052
47.015720 -6.568540 71.389861 -47.610696 -67.126193 0.239501 0.447917
47.205547 -6.576155 71.718104 -47.881506 -67.447770 0.235774 0.441751
47.394238 -6.583000 72.045327 -48.151659 -67.768701 0.232083 0.435536
47.581795 -6.589136 72.371639 -48.421204 -68.089184 0.228461 0.429252
47.768217 -6.594606 72.697128 -48.690160 -68.409418 0.224955 0.422871
47.953512 -6.599422 73.021831 -48.958496 -68.729601 0.221628 0.416352
48.137722 -6.603538 73.345668 -49.226101 -69.049932 0.218587 0.409611
48.321126 -6.606731 73.667802 -49.492645 -69.367920 0.215232 0.403097
48.503771 -6.608962 73.988171 -49.758019 -69.683761 0.211671 0.396735
48.685667 -6.610246 74.306826 -50.022194 -69.997651 0.207964 0.390486
48.866816 -6.610630 74.623859 -50.285193 -70.309786 0.204155 0.384327
49.047218 -6.610173 74.939381 -50.547066 -70.620358 0.200276 0.378239
49.226872 -6.608946 75.253508 -50.807881 -70.929558 0.196353 0.372203
49.405776 -6.607021 75.566357 -51.067716 -71.237580 0.192409 0.366200
49.583926 -6.604468 75.878043 -51.326648 -71.544612 0.188464 0.360213
49.761317 -6.601358 76.188678 -51.584753 -71.850846 0.184544 0.354221
49.937941 -6.597753 76.498366 -51.842095 -72.156471 0.180673 0.348203
50.113787 -6.593708 76.807199 -52.098722 -72.461676 0.176883 0.342134
50.288846 -6.589260 77.115248 -52.354655 -72.766650 0.173214 0.335984
50.463120 -6.584418 77.422537 -52.609869 -73.071585 0.169724 0.329708
50.636647 -6.579143 77.728994 -52.864273 -73.376666 0.166503 0.323225
50.809673 -6.573258 78.033929 -53.117578 -73.679518 0.163013 0.317000
50.982237 -6.566729 78.337282 -53.369692 -73.980326 0.159343 0.310960
51.154339 -6.559568 78.639090 -53.620592 -74.279278 0.155550 0.305064
51.325972 -6.551814 78.939425 -53.870295 -74.576559 0.151674 0.299282
51.497118 -6.543518 79.238376 -54.118846 -74.872354 0.147747 0.293590
51.667762 -6.534737 79.536038 -54.366301 -75.166844 0.143795 0.287966
51.837886 -6.525531 79.832510 -54.612723 -75.460213 0.139841 0.282389
52.007469 -6.515958 80.127883 -54.858174 -75.752642 0.135909 0.276836
52.176492 -6.506071 80.422246 -55.102709 -76.044312 0.132026 0.271282
52.344933 -6.495915 80.715674 -55.346369 -76.335404 0.128221 0.265701
52.512776 -6.485520 81.008224 -55.589173 -76.626100 0.124531 0.260058
52.680017 -6.474894 81.299910 -55.831100 -76.916580 0.121009 0.254307
52.846686 -6.464004 81.590670 -56.072073 -77.207021 0.117730 0.248372
53.012996 -6.452707 81.879926 -56.311838 -77.495170 0.114214 0.242722
53.178980 -6.440974 82.167626 -56.550318 -77.781201 0.110539 0.237285
53.344632 -6.428815 82.453794 -56.787493 -78.065294 0.106755 0.232019
53.509935 -6.416262 82.738489 -57.023380 -78.347624 0.102898 0.226892
53.674866 -6.403357 83.021783 -57.258021 -78.628367 0.098997 0.221876
53.839401 -6.390148 83.303758 -57.491465 -78.907696 0.095077 0.216948
54.003513 -6.376686 83.584494 -57.723770 -79.185786 0.091161 0.212084
54.167174 -6.363018 83.864072 -57.954991 -79.462807 0.087270 0.207259
54.330357 -6.349188 84.142565 -58.185179 -79.738932 0.083428 0.202448
54.493037 -6.335233 84.420035 -58.414373 -80.014332 0.079663 0.197621
54.655194 -6.321178 84.696529 -58.642588 -80.289179 0.076008 0.192743
54.816819 -6.307026 84.972054 -58.869812 -80.563645 0.072508 0.187768
54.977936 -6.292749 85.246559 -59.095979 -80.837894 0.069226 0.182626
55.138732 -6.278233 85.519560 -59.320867 -81.109803 0.065740 0.177780
55.299230 -6.263453 85.791012 -59.544414 -81.379533 0.062114 0.173162
55.459424 -6.248415 86.060934 -59.766605 -81.647255 0.058391 0.168731
55.619293 -6.233145 86.329371 -59.987458 -81.913135 0.054603 0.164453
55.778811 -6.217677 86.596386 -60.207014 -82.177337 0.050777 0.160301
55.937950 -6.202053 86.862048 -60.425320 -82.440027 0.046933 0.156248
56.096681 -6.186312 87.126428 -60.642434 -82.701366 0.043091 0.152272
56.254973 -6.170498 87.389598 -60.858411 -82.961517 0.039270 0.148347
56.412795 -6.154648 87.651625 -61.073307 -83.220641 0.035487 0.144450
56.570117 -6.138799 87.912570 -61.287169 -83.478900 0.031764 0.140553
56.726912 -6.122977 88.172487 -61.500034 -83.736453 0.028124 0.136627
56.883158 -6.107200 88.431408 -61.711918 -83.993462 0.024596 0.132637
57.038845 -6.091469 88.689340 -61.922811 -84.250087 0.021218 0.128537
57.193991 -6.075758 88.946238 -62.132657 -84.506483 0.018043 0.124264
57.348753 -6.059976 89.201698 -62.341265 -84.760656 0.014704 0.120268
57.503148 -6.044099 89.455681 -62.548579 -85.012758 0.011253 0.116487
57.657168 -6.028130 89.708196 -62.754586 -85.262949 0.007729 0.112878
57.810788 -6.012087 89.959278 -62.959301 -85.511383 0.004161 0.109408
57.963981 -5.995994 90.208977 -63.162756 -85.758215 0.000571 0.106047
58.116715 -5.979881 90.457344 -63.364992 -86.003598 -0.003020 0.102770
58.268959 -5.963778 90.704438 -63.566051 -86.247685 -0.006594 0.099550
58.420678 -5.947714 90.950311 -63.765979 -86.490627 -0.010133 0.096361
58.571841 -5.931715 91.195014 -63.964815 -86.732575 -0.013617 0.093177
58.722421 -5.915802 91.438587 -64.162587 -86.973680 -0.017024 0.089966
58.872393 -5.899987 91.681058 -64.359312 -87.214093 -0.020330 0.086694
59.021748 -5.884268 91.922428 -64.554977 -87.453963 -0.023501 0.083318
59.170496 -5.868622 92.162660 -64.749536 -87.693435 -0.026493 0.079779
59.318773 -5.852978 92.401412 -64.942821 -87.930654 -0.029623 0.076508
59.466591 -5.837314 92.638649 -65.134783 -88.165762 -0.032848 0.073447
59.613938 -5.821631 92.874378 -65.325412 -88.398907 -0.036133 0.070556
59.760793 -5.805941 93.108627 -65.514721 -88.630233 -0.039455 0.067801
59.907128 -5.790264 93.341433 -65.702739 -88.859885 -0.042793 0.065154
60.052912 -5.774620 93.572842 -65.889500 -89.088006 -0.046128 0.062587
60.198116 -5.759035 93.802900 -66.075044 -89.314737 -0.049445 0.060076
60.342707 -5.743530 94.031652 -66.259409 -89.540220 -0.052727 0.057595
60.486656 -5.728125 94.259141 -66.442631 -89.764595 -0.055959 0.055117
60.629937 -5.712836 94.485400 -66.624736 -89.988001 -0.059120 0.052612
60.772528 -5.697670 94.710452 -66.805737 -90.210578 -0.062190 0.050048
60.914421 -5.682625 94.934297 -66.985627 -90.432465 -0.065139 0.047384
61.055624 -5.667681 95.156906 -67.164367 -90.653796 -0.067932 0.044567
61.196253 -5.652782 95.377989 -67.341810 -90.872859 -0.070842 0.042004
61.336317 -5.637909 95.597519 -67.517917 -91.089785 -0.073830 0.039642
61.475808 -5.623061 95.815501 -67.692681 -91.304711 -0.076871 0.037443
61.614706 -5.608248 96.031959 -67.866115 -91.517770 -0.079941 0.035377
61.752988 -5.593484 96.246924 -68.038246 -91.729094 -0.083025 0.033416
61.890626 -5.578786 96.460438 -68.209108 -91.938817 -0.086108 0.031534
62.027592 -5.564173 96.672541 -68.378738 -92.147068 -0.089176 0.029708
62.163860 -5.549665 96.883276 -68.547175 -92.353976 -0.092217 0.027915
62.299401 -5.535278 97.092683 -68.714457 -92.559672 -0.095217 0.026130
62.434191 -5.521027 97.300798 -68.880616 -92.764282 -0.098163 0.024330
62.568206 -5.506923 97.507650 -69.045677 -92.967934 -0.101040 0.022485
62.701428 -5.492971 97.713258 -69.209651 -93.170757 -0.103829 0.020566
62.833851 -5.479167 97.917622 -69.372534 -93.372875 -0.106507 0.018536
62.965481 -5.465493 98.120720 -69.534292 -93.574412 -0.109044 0.016347
63.096417 -5.451906 98.322306 -69.694799 -93.773802 -0.111671 0.014377
63.226666 -5.438390 98.522357 -69.854021 -93.971166 -0.114357 0.012581
63.356221 -5.424941 98.720878 -70.011952 -94.166627 -0.117078 0.010922
63.485064 -5.411566 98.917883 -70.168600 -94.360306 -0.119818 0.009371
63.613175 -5.398273 99.113400 -70.323986 -94.552326 -0.122560 0.007901
63.740530 -5.385074 99.307459 -70.478138 -94.742805 -0.125292 0.006488
63.867105 -5.371983 99.500093 -70.631085 -94.931862 -0.128001 0.005109
63.992875 -5.359010 99.691332 -70.782855 -95.119615 -0.130676 0.003740
64.117819 -5.346168 99.881206 -70.933474 -95.306182 -0.133305 0.002357
64.241916 -5.333463 100.069738 -71.082963 -95.491677 -0.135874 0.000935
64.365151 -5.320898 100.256943 -71.231331 -95.676219 -0.138367 -0.000556
64.487516 -5.308469 100.442820 -71.378572 -95.859921 -0.140764 -0.002150
64.609018 -5.296161 100.627351 -71.524657 -96.042894 -0.143042 -0.003888
64.729738 -5.283941 100.810328 -71.669479 -96.223728 -0.145392 -0.005426
64.849683 -5.271795 100.991731 -71.813009 -96.402531 -0.147790 -0.006805
64.968847 -5.259722 101.171564 -71.955239 -96.579414 -0.150217 -0.008056
65.087214 -5.247722 101.349839 -72.096179 -96.754488 -0.152657 -0.009208
65.204767 -5.235805 101.526579 -72.235847 -96.927863 -0.155098 -0.010284
65.321486 -5.223979 101.701808 -72.374265 -97.099646 -0.157528 -0.011309
65.437351 -5.212252 101.875554 -72.511459 -97.269945 -0.159937 -0.012302
65.552342 -5.200635 102.047845 -72.647455 -97.438866 -0.162316 -0.013287
65.666440 -5.189136 102.218704 -72.782274 -97.606514 -0.164654 -0.014284
65.779629 -5.177759 102.388151 -72.915934 -97.772995 -0.166940 -0.015318
65.891895 -5.166507 102.556201 -73.048446 -97.938411 -0.169161 -0.016415
66.003235 -5.155376 102.722854 -73.179803 -98.102868 -0.171300 -0.017605
66.113653 -5.144354 102.888094 -73.309985 -98.266463 -0.173338 -0.018924
66.223219 -5.133416 103.051750 -73.438899 -98.427942 -0.175435 -0.020063
66.331939 -5.122552 103.213806 -73.566522 -98.587403 -0.177570 -0.021056
66.439808 -5.111758 103.374265 -73.692850 -98.744945 -0.179728 -0.021933
66.546816 -5.101037 103.533140 -73.817892 -98.900666 -0.181896 -0.022718
66.652949 -5.090394 103.690450 -73.941666 -99.054664 -0.184065 -0.023433
66.758191 -5.079837 103.846220 -74.064192 -99.207035 -0.186225 -0.024097
66.862526 -5.069372 104.000474 -74.185495 -99.357874 -0.188368 -0.024730
66.965938 -5.059009 104.153239 -74.305600 -99.507275 -0.190487 -0.025350
67.068410 -5.048754 104.304539 -74.424530 -99.655332 -0.192575 -0.025975
67.169929 -5.038613 104.454397 -74.542308 -99.802137 -0.194622 -0.026625
67.270482 -5.028590 104.602831 -74.658948 -99.947782 -0.196621 -0.027320
67.370060 -5.018686 104.749854 -74.774461 -100.092357 -0.198561 -0.028083
67.468659 -5.008898 104.895467 -74.888843 -100.235954 -0.200429 -0.028940
67.566286 -4.999216 105.039660 -75.002077 -100.378658 -0.202209 -0.029923
67.662998 -4.989621 105.182289 -75.114085 -100.519375 -0.204032 -0.030757
67.758801 -4.980105 105.323343 -75.224849 -100.658190 -0.205881 -0.031473
67.853692 -4.970665 105.462824 -75.334365 -100.795190 -0.207742 -0.032097
67.947664 -4.961302 105.600742 -75.442640 -100.930460 -0.209608 -0.032651
68.040704 -4.952019 105.737114 -75.549688 -101.064084 -0.211467 -0.033153
68.132803 -4.942821 105.871956 -75.655524 -101.196147 -0.213314 -0.033621
68.223947 -4.933713 106.005289 -75.760167 -101.326730 -0.215142 -0.034074
68.314123 -4.924699 106.137133 -75.863637 -101.455916 -0.216944 -0.034527
68.403321 -4.915785 106.267505 -75.965948 -101.583785 -0.218713 -0.034998
68.491531 -4.906971 106.396421 -76.067115 -101.710417 -0.220441 -0.035506
68.578746 -4.898260 106.523890 -76.167144 -101.835892 -0.222120 -0.036070
68.664963 -4.889648 106.649916 -76.266034 -101.960287 -0.223741 -0.036713
68.750188 -4.881128 106.774489 -76.363770 -102.083678 -0.225289 -0.037461
68.834467 -4.872686 106.897493 -76.460290 -102.205134 -0.226869 -0.038081
68.917806 -4.864316 107.018919 -76.555578 -102.324729 -0.228469 -0.038598
69.000203 -4.856015 107.138770 -76.649633 -102.442536 -0.230077 -0.039033
69.081653 -4.847784 107.257054 -76.742460 -102.558631 -0.231686 -0.039406
69.162147 -4.839625 107.373786 -76.834070 -102.673085 -0.233289 -0.039732
69.241677 -4.831541 107.488981 -76.924479 -102.785971 -0.234880 -0.040028
69.320234 -4.823537 107.602656 -77.013702 -102.897358 -0.236455 -0.040308
69.397809 -4.815616 107.714828 -77.101754 -103.007316 -0.238006 -0.040587
69.474395 -4.807781 107.825514 -77.188651 -103.115915 -0.239530 -0.040879
69.549983 -4.800034 107.934726 -77.274404 -103.223221 -0.241020 -0.041199
69.624571 -4.792375 108.042475 -77.359021 -103.329303 -0.242470 -0.041564
69.698158 -4.784803 108.148764 -77.442500 -103.434226 -0.243871 -0.041993
69.770747 -4.777312 108.253590 -77.524833 -103.538054 -0.245215 -0.042506
69.842379 -4.769893 108.356860 -77.605971 -103.640023 -0.246581 -0.042911
69.913058 -4.762541 108.458569 -77.685903 -103.740195 -0.247959 -0.043229
69.982784 -4.755254 108.558723 -77.764630 -103.838633 -0.249343 -0.043476
70.051556 -4.748032 108.657329 -77.842157 -103.935397 -0.250726 -0.043668
70.119367 -4.740878 108.754402 -77.918495 -104.030549 -0.252103 -0.043819
70.186214 -4.733794 108.849956 -77.993659 -104.124148 -0.253469 -0.043940
70.252090 -4.726783 108.944008 -78.067663 -104.216252 -0.254821 -0.044043
70.316990 -4.719849 109.036574 -78.140522 -104.306920 -0.256154 -0.044139
70.380909 -4.712993 109.127671 -78.212251 -104.396208 -0.257466 -0.044240
70.443843 -4.706220 109.217315 -78.282865 -104.484171 -0.258752 -0.044356
70.505788 -4.699530 109.305518 -78.352373 -104.570865 -0.260008 -0.044500
70.566744 -4.692924 109.392291 -78.420784 -104.656344 -0.261230 -0.044684
70.626710 -4.686400 109.477639 -78.488099 -104.740661 -0.262411 -0.044922
70.685693 -4.679954 109.561561 -78.554313 -104.823867 -0.263544 -0.045230
70.743724 -4.673582 109.643988 -78.619389 -104.905369 -0.264690 -0.045458
70.800807 -4.667278 109.724921 -78.683321 -104.985214 -0.265840 -0.045620
70.856946 -4.661043 109.804364 -78.746110 -105.063452 -0.266990 -0.045731
70.912140 -4.654874 109.882325 -78.807762 -105.140133 -0.268135 -0.045801
70.966388 -4.648775 109.958815 -78.868285 -105.215304 -0.269270 -0.045842
71.019687 -4.642747 110.033848 -78.927691 -105.289013 -0.270393 -0.045863
71.072037 -4.636792 110.107437 -78.985991 -105.361306 -0.271501 -0.045873
71.123434 -4.630912 110.179596 -79.043197 -105.432228 -0.272590 -0.045881
71.173877 -4.625109 110.250337 -79.099319 -105.501823 -0.273658 -0.045896
71.223367 -4.619384 110.319672 -79.154368 -105.570135 -0.274702 -0.045925
71.271902 -4.613738 110.387612 -79.208350 -105.637206 -0.275719 -0.045980
71.319487 -4.608170 110.454162 -79.261269 -105.703079 -0.276704 -0.046070
71.366125 -4.602677 110.519326 -79.313122 -105.767794 -0.277651 -0.046208
71.411841 -4.597257 110.583057 -79.363886 -105.830926 -0.278603 -0.046284
71.456640 -4.591908 110.645358 -79.413559 -105.892516 -0.279555 -0.046309
71.500526 -4.586628 110.706235 -79.462143 -105.952601 -0.280501 -0.046295
71.543500 -4.581418 110.765698 -79.509644 -106.011218 -0.281440 -0.046247
71.585564 -4.576280 110.823756 -79.556071 -106.068405 -0.282368 -0.046175
71.626719 -4.571215 110.880422 -79.601433 -106.124197 -0.283284 -0.046085
71.666965 -4.566224 110.935708 -79.645740 -106.178629 -0.284185 -0.045983
71.706303 -4.561309 110.989627 -79.689002 -106.231735 -0.285069 -0.045875
71.744735 -4.556473 111.042191 -79.731231 -106.283549 -0.285935 -0.045767
71.782262 -4.551716 111.093411 -79.772434 -106.334102 -0.286781 -0.045664
71.818887 -4.547040 111.143299 -79.812619 -106.383427 -0.287603 -0.045572
71.854614 -4.542444 111.191863 -79.851792 -106.431554 -0.288401 -0.045500
71.889448 -4.537928 111.239108 -79.889954 -106.478513 -0.289171 -0.045452
71.923405 -4.533491 111.285012 -79.927096 -106.524053 -0.289936 -0.045365
71.956492 -4.529133 111.329581 -79.963219 -106.568204 -0.290695 -0.045244
71.988712 -4.524853 111.372823 -79.998327 -106.610992 -0.291443 -0.045097
72.020071 -4.520653 111.414748 -80.032428 -106.652445 -0.292180 -0.044927
72.050570 -4.516533 111.455366 -80.065530 -106.692588 -0.292904 -0.044739
72.080213 -4.512496 111.494688 -80.097641 -106.731446 -0.293614 -0.044536
72.109003 -4.508543 111.532727 -80.128770 -106.769043 -0.294309 -0.044323
72.136944 -4.504676 111.569495 -80.158927 -106.805404 -0.294987 -0.044103
72.164038 -4.500897 111.605002 -80.188122 -106.840550 -0.295649 -0.043877
72.190289 -4.497207 111.639262 -80.216364 -106.874505 -0.296292 -0.043650
72.215700 -4.493608 111.672284 -80.243660 -106.907288 -0.296915 -0.043423
72.240276 -4.490101 111.704080 -80.270021 -106.938920 -0.297519 -0.043200
72.264019 -4.486689 111.734659 -80.295452 -106.969422 -0.298102 -0.042983
72.286936 -4.483371 111.764031 -80.319959 -106.998812 -0.298663 -0.042775
72.309034 -4.480149 111.792193 -80.343544 -107.027015 -0.299209 -0.042555
72.330318 -4.477024 111.819155 -80.366213 -107.054049 -0.299740 -0.042325
72.350792 -4.473996 111.844925 -80.387971 -107.079930 -0.300254 -0.042088
72.370460 -4.471068 111.869511 -80.408825 -107.104675 -0.300750 -0.041846
72.389326 -4.468240 111.892923 -80.428783 -107.128299 -0.301228 -0.041600
72.407394 -4.465515 111.915169 -80.447850 -107.150817 -0.301688 -0.041352
72.424667 -4.462893 111.936259 -80.466034 -107.172243 -0.302128 -0.041103
72.441147 -4.460377 111.956200 -80.483341 -107.192591 -0.302549 -0.040855
72.456839 -4.457968 111.975001 -80.499778 -107.211872 -0.302950 -0.040608
72.471746 -4.455668 111.992669 -80.515351 -107.230100 -0.303330 -0.040364
72.485869 -4.453478 112.009212 -80.530066 -107.247284 -0.303690 -0.040123
72.499213 -4.451401 112.024637 -80.543928 -107.263437 -0.304029 -0.039886
72.511778 -4.449437 112.038950 -80.556944 -107.278568 -0.304346 -0.039653
72.523569 -4.447588 112.052157 -80.569118 -107.292687 -0.304643 -0.039427
72.534586 -4.445856 112.064264 -80.580454 -107.305802 -0.304917 -0.039206
72.544833 -4.444243 112.075276 -80.590958 -107.317922 -0.305169 -0.038992
72.554309 -4.442749 112.085198 -80.600633 -107.329054 -0.305399 -0.038785
72.563018 -4.441376 112.094032 -80.609482 -107.339205 -0.305606 -0.038586
72.570960 -4.440127 112.101783 -80.617510 -107.348382 -0.305790 -0.038395
72.578135 -4.439001 112.108454 -80.624717 -107.356589 -0.305951 -0.038213
72.584545 -4.438001 112.114046 -80.631108 -107.363833 -0.306089 -0.038039
72.590191 -4.437128 112.118562 -80.636684 -107.370117 -0.306204 -0.037875
72.595070 -4.436383 112.122001 -80.641447 -107.375446 -0.306295 -0.037721
72.599185 -4.435768 112.124365 -80.645398 -107.379824 -0.306361 -0.037577
72.602532 -4.435284 112.125653 -80.648537 -107.383251 -0.306404 -0.037443
72.605113 -4.434933 112.125865 -80.650865 -107.385732 -0.306422 -0.037321
72.606924 -4.434715 112.124998 -80.652383 -107.387267 -0.306416 -0.037209
72.607965 -4.434631 112.123051 -80.653089 -107.387857 -0.306385 -0.037109
72.608232 -4.434684 112.120020 -80.652983 -107.387503 -0.306329 -0.037021
72.607724 -4.434873 112.115901 -80.652064 -107.386204 -0.306247 -0.036945
72.606437 -4.435201 112.110692 -80.650329 -107.383960 -0.306141 -0.036882
72.604368 -4.435669 112.104386 -80.647777 -107.380769 -0.306009 -0.036832
72.601512 -4.436277 112.096978 -80.644405 -107.376630 -0.305851 -0.036795
72.597866 -4.437027 112.088461 -80.640211 -107.371539 -0.305667 -0.036771
72.593424 -4.437919 112.078828 -80.635190 -107.365493 -0.305457 -0.036762
72.588181 -4.438955 112.068071 -80.629339 -107.358489 -0.305220 -0.036767
72.582131 -4.440136 112.056182 -80.622654 -107.350522 -0.304957 -0.036787
72.575269 -4.441462 112.043151 -80.615129 -107.341588 -0.304668 -0.036821
72.567587 -4.442936 112.028968 -80.606760 -107.331680 -0.304351 -0.036872
72.559078 -4.444556 112.013622 -80.597542 -107.320793 -0.304008 -0.036938
72.549735 -4.446325 111.997101 -80.587467 -107.308920 -0.303637 -0.037021
72.539549 -4.448244 111.979392 -80.576529 -107.296052 -0.303239 -0.037121
72.528511 -4.450312 111.960482 -80.564722 -107.282184 -0.302813 -0.037238
72.516611 -4.452532 111.940357 -80.552037 -107.267305 -0.302359 -0.037373
72.503841 -4.454902 111.919001 -80.538468 -107.251406 -0.301878 -0.037526
72.490190 -4.457426 111.896400 -80.524005 -107.234478 -0.301369 -0.037699
72.475647 -4.460102 111.872535 -80.508640 -107.216509 -0.300831 -0.037890
72.460200 -4.462932 111.847389 -80.492363 -107.197490 -0.300265 -0.038102
72.443837 -4.465916 111.820944 -80.475164 -107.177407 -0.299670 -0.038334
72.426545 -4.469055 111.793180 -80.457034 -107.156248 -0.299047 -0.038588
72.408312 -4.472350 111.764077 -80.437961 -107.134001 -0.298395 -0.038863
72.389124 -4.475800 111.733613 -80.417934 -107.110650 -0.297714 -0.039161
72.368965 -4.479406 111.701767 -80.396941 -107.086183 -0.297004 -0.039481
72.347821 -4.483169 111.668514 -80.374970 -107.060583 -0.296265 -0.039826
72.325677 -4.487089 111.633831 -80.352008 -107.033834 -0.295497 -0.040195
72.302516 -4.491167 111.597693 -80.328042 -107.005920 -0.294699 -0.040590
72.278321 -4.495402 111.560073 -80.303058 -106.976824 -0.293872 -0.041010
72.253075 -4.499794 111.520945 -80.277042 -106.946526 -0.293015 -0.041458
72.226760 -4.504345 111.480279 -80.249979 -106.915009 -0.292129 -0.041933
72.199356 -4.509053 111.438048 -80.221852 -106.882253 -0.291213 -0.042436
72.170844 -4.513919 111.394220 -80.192647 -106.848237 -0.290267 -0.042969
72.141205 -4.518943 111.348764 -80.162347 -106.812941 -0.289292 -0.043532
72.110417 -4.524125 111.301647 -80.130935 -106.776341 -0.288286 -0.044126
72.078459 -4.529465 111.252837 -80.098394 -106.738415 -0.287251 -0.044753
72.045309 -4.534962 111.202298 -80.064704 -106.699141 -0.286187 -0.045412
72.010944 -4.540616 111.149995 -80.029848 -106.658492 -0.285092 -0.046105
71.975340 -4.546427 111.095890 -79.993806 -106.616444 -0.283968 -0.046833
71.938474 -4.552394 111.039946 -79.956559 -106.572971 -0.282813 -0.047597
71.900321 -4.558517 110.982122 -79.918086 -106.528045 -0.281630 -0.048397
71.860854 -4.564795 110.922379 -79.878365 -106.481639 -0.280416 -0.049236
71.820049 -4.571228 110.860675 -79.837376 -106.433724 -0.279174 -0.050114
71.777877 -4.577815 110.796966 -79.795096 -106.384269 -0.277902 -0.051031
71.734311 -4.584555 110.731209 -79.751503 -106.333244 -0.276601 -0.051990
71.689324 -4.591447 110.663358 -79.706572 -106.280618 -0.275270 -0.052991
71.642885 -4.598490 110.593365 -79.660280 -106.226356 -0.273911 -0.054035
71.594966 -4.605683 110.521184 -79.612603 -106.170427 -0.272524 -0.055123
71.545535 -4.613025 110.446764 -79.563514 -106.112794 -0.271108 -0.056257
71.494563 -4.620514 110.370054 -79.512988 -106.053422 -0.269664 -0.057437
71.442016 -4.628151 110.291003 -79.460999 -105.992273 -0.268192 -0.058665
71.387863 -4.635931 110.209558 -79.407518 -105.929311 -0.266693 -0.059942
71.332070 -4.643856 110.125662 -79.352518 -105.864494 -0.265166 -0.061268
71.274604 -4.651922 110.039261 -79.295971 -105.797784 -0.263613 -0.062645
71.215431 -4.660128 109.950297 -79.237847 -105.729139 -0.262033 -0.064074
71.154515 -4.668472 109.858709 -79.178116 -105.658515 -0.260428 -0.065556
71.091820 -4.676952 109.764439 -79.116747 -105.585869 -0.258797 -0.067091
71.027311 -4.685567 109.667425 -79.053709 -105.511155 -0.257141 -0.068681
70.960951 -4.694313 109.567602 -78.988970 -105.434327 -0.255461 -0.070327
70.892703 -4.703190 109.464906 -78.922496 -105.355338 -0.253757 -0.072029
70.822528 -4.712193 109.359272 -78.854255 -105.274137 -0.252029 -0.073789
70.750387 -4.721322 109.250631 -78.784210 -105.190675 -0.250279 -0.075607
70.676244 -4.730572 109.138915 -78.712328 -105.104898 -0.248508 -0.077483
70.600056 -4.739943 109.024052 -78.638572 -105.016755 -0.246715 -0.079419
70.521787 -4.749429 108.905972 -78.562905 -104.926189 -0.244901 -0.081415
70.441394 -4.759030 108.784601 -78.485290 -104.833145 -0.243068 -0.083471
70.358838 -4.768741 108.659864 -78.405687 -104.737564 -0.241216 -0.085588
70.274077 -4.778559 108.531684 -78.324058 -104.639387 -0.239347 -0.087765
70.187072 -4.788481 108.399984 -78.240362 -104.538553 -0.237460 -0.090004
70.097780 -4.798504 108.264686 -78.154559 -104.434998 -0.235557 -0.092304
70.006161 -4.808623 108.125708 -78.066605 -104.328659 -0.233639 -0.094664
69.912173 -4.818834 107.982969 -77.976457 -104.219469 -0.231707 -0.097085
69.815775 -4.829134 107.836386 -77.884073 -104.107359 -0.229762 -0.099566
69.716926 -4.839519 107.685873 -77.789406 -103.992261 -0.227804 -0.102106
69.615584 -4.849984 107.531347 -77.692411 -103.874102 -0.225837 -0.104704
69.511709 -4.860524 107.372718 -77.593040 -103.752809 -0.223859 -0.107359
69.405260 -4.871134 107.209900 -77.491246 -103.628306 -0.221873 -0.110070
69.296197 -4.881810 107.042802 -77.386979 -103.500515 -0.219880 -0.112835
69.184480 -4.892546 106.871334 -77.280188 -103.369356 -0.217881 -0.115652
69.070071 -4.903337 106.695405 -77.170823 -103.234749 -0.215878 -0.118519
68.952931 -4.914177 106.514920 -77.058830 -103.096608 -0.213871 -0.121434
68.833024 -4.925059 106.329788 -76.944156 -102.954849 -0.211863 -0.124392
68.710311 -4.935977 106.139912 -76.826746 -102.809381 -0.209854 -0.127392
68.584760 -4.946924 105.945198 -76.706542 -102.660115 -0.207846 -0.130428
68.456334 -4.957892 105.745550 -76.583488 -102.506958 -0.205841 -0.133498
68.325003 -4.968875 105.540869 -76.457524 -102.349813 -0.203840 -0.136596
68.190734 -4.979864 105.331058 -76.328589 -102.188583 -0.201844 -0.139717
68.053500 -4.990849 105.116020 -76.196622 -102.023168 -0.199855 -0.142856
67.913272 -5.001823 104.895655 -76.061560 -101.853463 -0.197875 -0.146006
67.770026 -5.012773 104.669865 -75.923337 -101.679363 -0.195906 -0.149161
67.623739 -5.023691 104.438550 -75.781888 -101.500760 -0.193949 -0.152312
67.474390 -5.034565 104.201612 -75.637144 -101.317541 -0.192005 -0.155451
67.321963 -5.045381 103.958950 -75.489036 -101.129593 -0.190077 -0.158570
67.166443 -5.056127 103.710467 -75.337494 -100.936798 -0.188167 -0.161659
67.007818 -5.066789 103.456063 -75.182444 -100.739035 -0.186276 -0.164706
66.846082 -5.077350 103.195641 -75.023812 -100.536182 -0.184406 -0.167700
66.681229 -5.087795 102.929103 -74.861524 -100.328110 -0.182560 -0.170629
66.513261 -5.098105 102.656353 -74.695501 -100.114691 -0.180739 -0.173479
66.342181 -5.108260 102.377295 -74.525666 -99.895791 -0.178947 -0.176234
66.167998 -5.118240 102.091836 -74.351937 -99.671273 -0.177184 -0.178879
65.990726 -5.128021 101.799883 -74.174235 -99.440997 -0.175455 -0.181396
65.810383 -5.137578 101.501347 -73.992476 -99.204819 -0.173762 -0.183766
65.626995 -5.146885 101.196140 -73.806577 -98.962590 -0.172108 -0.185968
65.440591 -5.155911 100.884176 -73.616454 -98.714161 -0.170497 -0.187981
65.251206 -5.164625 100.565374 -73.422021 -98.459374 -0.168932 -0.189780
65.058884 -5.172992 100.239656 -73.223195 -98.198072 -0.167419 -0.191339
64.863672 -5.180975 99.906950 -73.019892 -97.930090 -0.165962 -0.192629
64.665625 -5.188535 99.567187 -72.812027 -97.655261 -0.164567 -0.193618
64.464805 -5.195629 99.220307 -72.599521 -97.373412 -0.163242 -0.194272
64.261279 -5.202210 98.866259 -72.382296 -97.084367 -0.161995 -0.194553
64.055120 -5.208232 98.505002 -72.160281 -96.787944 -0.160836 -0.194417
63.846403 -5.213645 98.136510 -71.933412 -96.483958 -0.159778 -0.193815
63.635208 -5.218398 97.760777 -71.701636 -96.172217 -0.158838 -0.192691
63.421608 -5.222444 97.377822 -71.464918 -95.852523 -0.158035 -0.190977
63.205670 -5.225739 96.987706 -71.223249 -95.524676 -0.157397 -0.188592
62.987439 -5.228251 96.590544 -70.976655 -95.188464 -0.156961 -0.185435
62.766916 -5.229966 96.186535 -70.725218 -94.843672 -0.156779 -0.181372
62.544033 -5.230912 95.776010 -70.469105 -94.490090 -0.156926 -0.176223
62.318395 -5.231199 95.360058 -70.208768 -94.132795 -0.156693 -0.171105
62.089784 -5.230854 94.939248 -69.944379 -93.771561 -0.156152 -0.165755
61.857864 -5.229868 94.514295 -69.676045 -93.406129 -0.155356 -0.159864
61.621976 -5.228246 94.086540 -69.403876 -93.036340 -0.154421 -0.154077
61.381308 -5.226019 93.657775 -69.127989 -92.662162 -0.153512 -0.150201
61.135784 -5.223152 93.228227 -68.848332 -92.283256 -0.152609 -0.147286
60.885493 -5.219613 92.797986 -68.564844 -91.899348 -0.151715 -0.144908
60.630579 -5.215377 92.367090 -68.277467 -91.510180 -0.150845 -0.142855
60.371199 -5.210429 91.935552 -67.986161 -91.115505 -0.150023 -0.141006
60.107514 -5.204766 91.503378 -67.690908 -90.715074 -0.149283 -0.139276
59.839686 -5.198401 91.070568 -67.391717 -90.308640 -0.148670 -0.137599
59.567879 -5.191366 90.637119 -67.088644 -89.895952 -0.148241 -0.135921
59.292262 -5.183726 90.203025 -66.781807 -89.476760 -0.148073 -0.134196
59.013026 -5.175594 89.768273 -66.471412 -89.050832 -0.148268 -0.132402
58.730263 -5.167175 89.333129 -66.157933 -88.623096 -0.148031 -0.130934
58.444155 -5.158582 88.897580 -65.841585 -88.193315 -0.147465 -0.129761
58.154858 -5.149881 88.461621 -65.522495 -87.761229 -0.146647 -0.128843
57.862507 -5.141099 88.025244 -65.200731 -87.326572 -0.145643 -0.128133
57.567226 -5.132242 87.588445 -64.876315 -86.889078 -0.144506 -0.127584
57.269127 -5.123298 87.151218 -64.549243 -86.448476 -0.143284 -0.127152
56.968316 -5.114247 86.713557 -64.219496 -86.004494 -0.142022 -0.126792
56.664894 -5.105065 86.275454 -63.887049 -85.556859 -0.140765 -0.126461
56.358960 -5.095731 85.836905 -63.551888 -85.105293 -0.139560 -0.126118
56.050614 -5.086232 85.397899 -63.214018 -84.649520 -0.138464 -0.125725
55.739965 -5.076579 84.958431 -62.873487 -84.189261 -0.137543 -0.125247
55.427131 -5.066813 84.518489 -62.530407 -83.724236 -0.136884 -0.124663
55.112256 -5.057026 84.078056 -62.184989 -83.254187 -0.136596 -0.123965
54.795402 -5.047421 83.637404 -61.837725 -82.783944 -0.135862 -0.123465
54.476711 -5.038092 83.196518 -61.488830 -82.313244 -0.134791 -0.123147
54.156298 -5.029081 82.755387 -61.138421 -81.841803 -0.133469 -0.122984
53.834257 -5.020390 82.314004 -60.786546 -81.369332 -0.131964 -0.122943
53.510667 -5.011999 81.872359 -60.433202 -80.895539 -0.130333 -0.122989
53.185598 -5.003870 81.430445 -60.078358 -80.420134 -0.128625 -0.123087
52.859112 -4.995955 80.988253 -59.721963 -79.942822 -0.126886 -0.123205
52.531269 -4.988205 80.545773 -59.363964 -79.463310 -0.125162 -0.123308
52.202125 -4.980575 80.102996 -59.004315 -78.981300 -0.123501 -0.123367
51.871744 -4.973033 79.659912 -58.642995 -78.496498 -0.121959 -0.123355
51.540196 -4.965566 79.216511 -58.280028 -78.008605 -0.120605 -0.123250
51.207568 -4.958200 78.772779 -57.915513 -77.517328 -0.119527 -0.123042
50.873979 -4.951018 78.328698 -57.549661 -77.022391 -0.118839 -0.122742
50.539482 -4.944229 77.884545 -57.182983 -76.528507 -0.117711 -0.122557
50.204199 -4.937919 77.440303 -56.815697 -76.035400 -0.116257 -0.122487
49.868215 -4.932113 76.995961 -56.447906 -75.542770 -0.114564 -0.122518
49.531596 -4.926801 76.551508 -56.079636 -75.050317 -0.112702 -0.122626
49.194388 -4.921941 76.106933 -55.710854 -74.557737 -0.110726 -0.122788
48.856624 -4.917478 75.662227 -55.341492 -74.064727 -0.108681 -0.122978
48.518332 -4.913343 75.217376 -54.971461 -73.570981 -0.106608 -0.123170
48.179531 -4.909465 74.772372 -54.600658 -73.076196 -0.104547 -0.123339
47.840240 -4.905771 74.327201 -54.228983 -72.580063 -0.102536 -0.123462
47.500480 -4.902197 73.881852 -53.856349 -72.082278 -0.100618 -0.123517
47.160278 -4.898693 73.436312 -53.482701 -71.582534 -0.098847 -0.123490
46.819673 -4.895236 72.990568 -53.108035 -71.080525 -0.097288 -0.123370
46.478731 -4.891840 72.544607 -52.732435 -70.575947 -0.096029 -0.123160
46.137556 -4.888584 72.098408 -52.356114 -70.068520 -0.095187 -0.122888
45.796211 -4.885691 71.652253 -51.979618 -69.562812 -0.093935 -0.122643
45.454810 -4.883243 71.206126 -51.603174 -69.058542 -0.092391 -0.122443
45.113423 -4.881262 70.760012 -51.226880 -68.555406 -0.090646 -0.122284
44.772094 -4.879725 70.313901 -50.850743 -68.053095 -0.088770 -0.122156
44.430846 -4.878584 69.867778 -50.474714 -67.551301 -0.086816 -0.122042
44.089692 -4.877776 69.421632 -50.098705 -67.049714 -0.084830 -0.121927
43.748634 -4.877226 68.975449 -49.722608 -66.548024 -0.082852 -0.121793
43.407671 -4.876860 68.529217 -49.346311 -66.045921 -0.080921 -0.121624
43.066805 -4.876609 68.082921 -48.969713 -65.543096 -0.079080 -0.121407
42.726043 -4.876418 67.636547 -48.592740 -65.039238 -0.077379 -0.121133
42.385410 -4.876259 67.190081 -48.215378 -64.534039 -0.075882 -0.120803
42.044958 -4.876144 66.743508 -47.837703 -64.027195 -0.074677 -0.120428
41.704792 -4.876152 66.296808 -47.459943 -63.518422 -0.073882 -0.120053
41.365004 -4.876522 65.850265 -47.082686 -63.012129 -0.072697 -0.119658
41.025706 -4.877334 65.403862 -46.706173 -62.508035 -0.071244 -0.119276
40.686963 -4.878606 64.957585 -46.330496 -62.005834 -0.069613 -0.118914
40.348803 -4.880312 64.511419 -45.955650 -61.505220 -0.067872 -0.118569
40.011232 -4.882398 64.065352 -45.581565 -61.005884 -0.066071 -0.118235
39.674242 -4.884794 63.619369 -45.208130 -60.507518 -0.064251 -0.117901
39.337814 -4.887423 63.173454 -44.835216 -60.009814 -0.062446 -0.117556
39.001927 -4.890206 62.727593 -44.462686 -59.512465 -0.060692 -0.117191
38.666561 -4.893070 62.281771 -44.090416 -59.015163 -0.059024 -0.116797
38.331704 -4.895958 61.835972 -43.718313 -58.517601 -0.057488 -0.116373
37.997364 -4.898838 61.390180 -43.346343 -58.019476 -0.056142 -0.115928
37.663584 -4.901720 60.944379 -42.974575 -57.520485 -0.055070 -0.115484
37.330470 -4.904686 60.498548 -42.603244 -57.020353 -0.054389 -0.115099
36.998152 -4.907983 60.052973 -42.232989 -56.523302 -0.053345 -0.114655
36.666748 -4.911694 59.607636 -41.864064 -56.029058 -0.052059 -0.114198
36.336313 -4.915834 59.162521 -41.496553 -55.537323 -0.050620 -0.113746
36.006863 -4.920373 58.717614 -41.130432 -55.047795 -0.049091 -0.113305
35.678385 -4.925254 58.272898 -40.765611 -54.560173 -0.047514 -0.112874
35.350852 -4.930404 57.828359 -40.401954 -54.074155 -0.045924 -0.112447
35.024221 -4.935742 57.383980 -40.039302 -53.589441 -0.044346 -0.112016
34.698447 -4.941184 56.939744 -39.677486 -53.105729 -0.042806 -0.111575
34.373483 -4.946648 56.495635 -39.316337 -52.622720 -0.041326 -0.111117
34.049284 -4.952062 56.051635 -38.955703 -52.140115 -0.039934 -0.110640
33.725818 -4.957365 55.607727 -38.595467 -51.657616 -0.038666 -0.110148
33.403075 -4.962526 55.163895 -38.235573 -51.174928 -0.037573 -0.109655
33.081089 -4.967554 54.720121 -37.876078 -50.691757 -0.036732 -0.109195
32.759971 -4.972530 54.276384 -37.517227 -50.207840 -0.036258 -0.108838
32.439902 -4.977713 53.832967 -37.159721 -49.727191 -0.035460 -0.108375
32.121008 -4.983184 53.389852 -36.803822 -49.249547 -0.034459 -0.107868
31.803340 -4.988956 52.947022 -36.449609 -48.774620 -0.033339 -0.107346
31.486900 -4.994998 52.504463 -36.097043 -48.302119 -0.032158 -0.106820
31.171664 -5.001253 52.062155 -35.746018 -47.831752 -0.030951 -0.106296
30.857588 -5.007654 51.620084 -35.396386 -47.363229 -0.029747 -0.105774
30.544620 -5.014125 51.178229 -35.047981 -46.896260 -0.028569 -0.105251
30.232703 -5.020593 50.736575 -34.700634 -46.430554 -0.027435 -0.104725
29.921785 -5.026989 50.295103 -34.354184 -45.965823 -0.026370 -0.104198
29.611822 -5.033257 49.853794 -34.008504 -45.501781 -0.025403 -0.103678
29.302797 -5.039366 49.412631 -33.663526 -45.038143 -0.024577 -0.103182
28.994737 -5.045322 48.971596 -33.319295 -44.574627 -0.023964 -0.102752
28.687761 -5.051205 48.530668 -32.976062 -44.110981 -0.023675 -0.102468
28.382105 -5.057270 48.090123 -32.634580 -43.650992 -0.023093 -0.102055
28.077906 -5.063595 47.649944 -32.295120 -43.194409 -0.022337 -0.101585
27.775207 -5.070188 47.210113 -31.957743 -42.740956 -0.021485 -0.101096
27.474002 -5.077015 46.770613 -31.622399 -42.290355 -0.020586 -0.100605
27.174255 -5.084023 46.331425 -31.288965 -41.842328 -0.019670 -0.100119
26.875913 -5.091146 45.892533 -30.957286 -41.396597 -0.018758 -0.099642
26.578912 -5.098316 45.453917 -30.627188 -40.952887 -0.017866 -0.099172
26.283188 -5.105465 45.015559 -30.298494 -40.510921 -0.017009 -0.098709
25.988677 -5.112530 44.577439 -29.971036 -40.070426 -0.016204 -0.098257
25.695326 -5.119459 44.139539 -29.644678 -39.631129 -0.015474 -0.097825
25.403108 -5.126223 43.701841 -29.319338 -39.192760 -0.014853 -0.097434
25.112045 -5.132825 43.264325 -28.995048 -38.755054 -0.014403 -0.097129
24.822260 -5.139338 42.826971 -28.672053 -38.317773 -0.014230 -0.097001
24.534043 -5.146008 42.390046 -28.351157 -37.884454 -0.013800 -0.096724
24.247534 -5.152904 41.953530 -28.032624 -37.454864 -0.013227 -0.096383
23.962770 -5.160029 41.517405 -27.716500 -37.028741 -0.012580 -0.096019
23.679736 -5.167349 41.081654 -27.402720 -36.605824 -0.011898 -0.095653
23.398386 -5.174814 40.646258 -27.091153 -36.185853 -0.011203 -0.095294
23.118659 -5.182364 40.211198 -26.781636 -35.768566 -0.010511 -0.094946
22.840482 -5.189937 39.776455 -26.473992 -35.353705 -0.009833 -0.094607
22.563782 -5.197471 39.342010 -26.168035 -34.941010 -0.009177 -0.094277
22.288481 -5.204908 38.907843 -25.863585 -34.530227 -0.008553 -0.093955
22.014510 -5.212194 38.473935 -25.560471 -34.121099 -0.007971 -0.093644
21.741807 -5.219284 38.040267 -25.258551 -33.713373 -0.007446 -0.093354
21.470336 -5.226153 37.606820 -24.957733 -33.306799 -0.007005 -0.093107
21.200112 -5.232803 37.173573 -24.658034 -32.901130 -0.006699 -0.092951
20.931257 -5.239297 36.740507 -24.359688 -32.496146 -0.006623 -0.092984
20.664115 -5.245864 36.307874 -24.063539 -32.095118 -0.006335 -0.092847
20.398826 -5.252561 35.875654 -23.769837 -31.697828 -0.005940 -0.092635
20.135419 -5.259388 35.443830 -23.478613 -31.304037 -0.005495 -0.092393
19.873868 -5.266312 35.012382 -23.189788 -30.913502 -0.005030 -0.092144
19.614124 -5.273289 34.581291 -22.903230 -30.525983 -0.004561 -0.091896
19.356120 -5.280269 34.150538 -22.618779 -30.141238 -0.004099 -0.091654
19.099786 -5.287201 33.720103 -22.336266 -29.759028 -0.003652 -0.091420
18.845046 -5.294036 33.289966 -22.055520 -29.379115 -0.003225 -0.091192
18.591832 -5.300729 32.860109 -21.776377 -29.001264 -0.002828 -0.090976
18.340082 -5.307240 32.430511 -21.498696 -28.625241 -0.002471 -0.090778
18.089755 -5.313545 32.001153 -21.222379 -28.250813 -0.002174 -0.090621
17.840861 -5.319642 31.572016 -20.947426 -27.877753 -0.001978 -0.090551
17.593520 -5.325579 31.143078 -20.674048 -27.505861 -0.001965 -0.090668
17.348113 -5.331556 30.714574 -20.403096 -27.138116 -0.001783 -0.090603
17.104774 -5.337613 30.286486 -20.134796 -26.774320 -0.001531 -0.090449
16.863530 -5.343751 29.858803 -19.869167 -26.414230 -0.001322 -0.090218
16.624234 -5.350143 29.433052 -19.606160 -26.057634 -0.001119 -0.089974
16.386649 -5.357066 29.011746 -19.345685 -25.704363 -0.000740 -0.089845
16.150740 -5.364460 28.594812 -19.087591 -25.354163 -0.000303 -0.089773
15.916477 -5.372240 28.182030 -18.831708 -25.006812 0.000167 -0.089745
15.683820 -5.380319 27.773161 -18.577862 -24.662094 0.000659 -0.089754
15.452732 -5.388619 27.367966 -18.325888 -24.319793 0.001163 -0.089796
15.223179 -5.397067 26.966204 -18.075640 -23.979699 0.001667 -0.089873
14.995145 -5.405602 26.567639 -17.827011 -23.641602 0.002151 -0.089999
14.768658 -5.414185 26.172040 -17.579985 -23.305292 0.002574 -0.090211
14.543846 -5.422838 25.779273 -17.334752 -22.970561 0.002788 -0.090573
14.320976 -5.431981 25.391877 -17.092187 -22.640146 0.003269 -0.090834
14.100193 -5.441621 25.009737 -16.852489 -22.313842 0.003857 -0.091053
13.881538 -5.451710 24.632639 -16.615650 -21.991448 0.004506 -0.091267
13.665001 -5.462182 24.260361 -16.381575 -21.672765 0.005195 -0.091488
13.450550 -5.472969 23.892681 -16.150132 -21.357596 0.005913 -0.091723
13.238143 -5.484002 23.529380 -15.921177 -21.045745 0.006652 -0.091970
13.027730 -5.495215 23.170238 -15.694556 -20.737019 0.007405 -0.092226
12.819259 -5.506545 22.815040 -15.470120 -20.431224 0.008166 -0.092490
12.612677 -5.517934 22.463569 -15.247719 -20.128171 0.008931 -0.092759
12.407932 -5.529325 22.115612 -15.027212 -19.827671 0.009694 -0.093034
12.204978 -5.540670 21.770957 -14.808472 -19.529539 0.010446 -0.093318
12.003786 -5.551926 21.429391 -14.591406 -19.233589 0.011177 -0.093628
11.804361 -5.563067 21.090708 -14.375992 -18.939641 0.011858 -0.094000
11.606811 -5.574107 20.754761 -14.162394 -18.647511 0.012378 -0.094508
11.411448 -5.585377 20.423907 -13.951449 -18.359609 0.013081 -0.094887
11.218390 -5.596878 20.098011 -13.743325 -18.075756 0.013847 -0.095208
11.027656 -5.608574 19.776882 -13.538010 -17.795776 0.014644 -0.095507
10.839222 -5.620419 19.460322 -13.335418 -17.519499 0.015460 -0.095798
10.653047 -5.632362 19.148138 -13.135435 -17.246752 0.016287 -0.096088
10.469083 -5.644356 18.840140 -12.937935 -16.977366 0.017120 -0.096377
10.287277 -5.656356 18.536137 -12.742792 -16.711174 0.017955 -0.096665
10.107577 -5.668318 18.235943 -12.549877 -16.448010 0.018787 -0.096952
9.929930 -5.680202 17.939373 -12.359070 -16.187710 0.019614 -0.097240
9.754291 -5.691972 17.646242 -12.170262 -15.930114 0.020429 -0.097532
9.580624 -5.703597 17.356369 -11.983367 -15.675061 0.021224 -0.097844
9.408928 -5.715058 17.069574 -11.798362 -15.422396 0.021982 -0.098207
9.239290 -5.726361 16.785712 -11.615381 -15.171961 0.022624 -0.098696
9.072027 -5.737750 16.506873 -11.435180 -14.925821 0.023386 -0.099057
8.907234 -5.749224 16.232921 -11.257897 -14.683822 0.024185 -0.099363
8.744917 -5.760753 15.963689 -11.083515 -14.445817 0.024999 -0.099645
8.585048 -5.772303 15.699010 -10.911960 -14.211658 0.025820 -0.099917
8.427586 -5.783841 15.438719 -10.743135 -13.981201 0.026643 -0.100185
8.272484 -5.795330 15.182655 -10.576933 -13.754301 0.027465 -0.100449
8.119693 -5.806740 14.930660 -10.413249 -13.530819 0.028282 -0.100711
7.969164 -5.818039 14.682578 -10.251976 -13.310614 0.029092 -0.100971
7.820850 -5.829200 14.438253 -10.093013 -13.093551 0.029892 -0.101231
7.674706 -5.840198 14.197533 -9.936268 -12.879494 0.030679 -0.101494
7.530701 -5.851010 13.960268 -9.781670 -12.668311 0.031447 -0.101772
7.388827 -5.861623 13.726306 -9.629196 -12.459873 0.032185 -0.102093
7.249152 -5.872038 13.495521 -9.478951 -12.254049 0.032839 -0.102524
7.111971 -5.882427 13.269677 -9.331586 -12.052548 0.033568 -0.102841
6.977355 -5.892785 13.048654 -9.187210 -11.855245 0.034312 -0.103110
6.845305 -5.903092 12.832312 -9.045807 -11.662018 0.035061 -0.103358
6.715793 -5.913325 12.620517 -8.907315 -11.472749 0.035807 -0.103598
6.588781 -5.923460 12.413136 -8.771657 -11.287319 0.036549 -0.103833
6.464230 -5.933473 12.210039 -8.638747 -11.105614 0.037282 -0.104064
6.342096 -5.943343 12.011100 -8.508499 -10.927520 0.038007 -0.104293
6.222336 -5.953050 11.816194 -8.380828 -10.752928 0.038720 -0.104520
6.104909 -5.962573 11.625201 -8.255651 -10.581727 0.039420 -0.104744
5.989774 -5.971897 11.438000 -8.132888 -10.413812 0.040105 -0.104967
5.876896 -5.981004 11.254474 -8.012469 -10.249078 0.040774 -0.105192
5.766245 -5.989882 11.074506 -7.894339 -10.087424 0.041423 -0.105429
5.657815 -5.998521 10.897982 -7.778479 -9.928750 0.042044 -0.105700
5.551657 -6.006922 10.724801 -7.664973 -9.772957 0.042605 -0.106060
5.448021 -6.015197 10.556368 -7.554345 -9.621390 0.043203 -0.106327
5.346960 -6.023341 10.392589 -7.446683 -9.473953 0.043803 -0.106554
5.248473 -6.031343 10.233359 -7.341975 -9.330556 0.044396 -0.106766
5.152537 -6.039188 10.078578 -7.240177 -9.191111 0.044980 -0.106970
5.059124 -6.046862 9.928148 -7.141232 -9.055531 0.045552 -0.107171
4.968201 -6.054350 9.781974 -7.045080 -8.923733 0.046111 -0.107369
4.879737 -6.061640 9.639965 -6.951658 -8.795633 0.046655 -0.107567
4.793699 -6.068719 9.502031 -6.860908 -8.671153 0.047184 -0.107764
4.710058 -6.075575 9.368087 -6.772771 -8.550215 0.047696 -0.107962
4.628786 -6.082197 9.238048 -6.687197 -8.432743 0.048190 -0.108162
4.549863 -6.088578 9.111831 -6.604147 -8.318666 0.048665 -0.108373
4.473282 -6.094709 8.989355 -6.523608 -8.207913 0.049115 -0.108609
4.399081 -6.100592 8.870547 -6.445640 -8.100415 0.049520 -0.108913
4.327445 -6.106291 8.756430 -6.370627 -7.997141 0.049940 -0.109148
4.258415 -6.111806 8.646937 -6.298632 -7.898026 0.050351 -0.109356
4.191988 -6.117127 8.541997 -6.229650 -7.803011 0.050750 -0.109554
4.128150 -6.122247 8.441543 -6.163651 -7.712035 0.051135 -0.109746
4.066882 -6.127155 8.345512 -6.100598 -7.625043 0.051504 -0.109937
4.008162 -6.131844 8.253845 -6.040452 -7.541980 0.051857 -0.110126
3.951969 -6.136305 8.166482 -5.983172 -7.462796 0.052193 -0.110313
3.898285 -6.140531 8.083370 -5.928719 -7.387440 0.052511 -0.110499
3.847090 -6.144513 8.004456 -5.877057 -7.315865 0.052810 -0.110684
3.798367 -6.148246 7.929691 -5.828152 -7.248028 0.053090 -0.110867
3.752106 -6.151723 7.859028 -5.781980 -7.183886 0.053349 -0.111053
3.708303 -6.154939 7.792421 -5.738530 -7.123399 0.053585 -0.111250
3.666982 -6.157892 7.729831 -5.697837 -7.066530 0.053787 -0.111481
3.628259 -6.160617 7.671881 -5.660131 -7.013868 0.053986 -0.111662
3.592162 -6.163112 7.618538 -5.625448 -6.965378 0.054169 -0.111817
3.558691 -6.165371 7.569768 -5.593781 -6.921032 0.054335 -0.111952
3.527841 -6.167388 7.525541 -5.565107 -6.880801 0.054483 -0.112068
3.499601 -6.169158 7.485830 -5.539399 -6.844661 0.054611 -0.112162
3.473964 -6.170674 7.450610 -5.516624 -6.812587 0.054719 -0.112230
3.450917 -6.171930 7.419863 -5.496745 -6.784561 0.054806 -0.112266
3.430449 -6.172920 7.393570 -5.479724 -6.760562 0.054872 -0.112260
3.412548 -6.173636 7.371719 -5.465513 -6.740576 0.054915 -0.112204
3.397198 -6.174073 7.354300 -5.454063 -6.724588 0.054934 -0.112084
3.384388 -6.174222 7.341308 -5.445324 -6.712585 0.054927 -0.111889
3.374133 -6.174080 7.332741 -5.439277 -6.704559 0.054882 -0.111623
3.366578 -6.173651 7.328599 -5.436086 -6.700506 0.054773 -0.111375
3.362472 -6.172958 7.328633 -5.436807 -6.700501 0.054793 -0.111355
3.359786 -6.171674 7.328672 -5.437933 -6.700514 0.054679 -0.111560
