0.000000 -0.000000 0.000000 0.000000 0.000000 -0.000000 0.000000
-0.033293 -0.013001 -0.007067 -0.013791 -0.006730 0.057678 0.023806
-0.095757 -0.031964 -0.010975 -0.016312 -0.011660 0.110257 0.047594
-0.174877 -0.055999 -0.012421 -0.008456 -0.015043 0.156618 0.072191
-0.260350 -0.084544 -0.012249 0.007011 -0.017349 0.197839 0.097147
-0.344954 -0.117109 -0.011043 0.027831 -0.018914 0.234809 0.121982
-0.423908 -0.153255 -0.009201 0.052372 -0.019969 0.268195 0.146360
-0.494128 -0.192578 -0.007003 0.079441 -0.020684 0.298498 0.170062
-0.553649 -0.234705 -0.004651 0.108139 -0.021182 0.326103 0.192947
-0.601204 -0.279285 -0.002297 0.137810 -0.021558 0.351312 0.214945
-0.635932 -0.325990 -0.000066 0.168120 -0.021889 0.374377 0.236097
-0.657235 -0.374515 0.001962 0.199357 -0.022229 0.395508 0.256671
-0.666254 -0.424543 0.003776 0.230688 -0.022588 0.414807 0.276416
-0.664667 -0.475766 0.005404 0.261346 -0.022950 0.432349 0.295079
-0.653948 -0.527899 0.006874 0.291016 -0.023303 0.448219 0.312601
-0.635502 -0.580674 0.008228 0.319701 -0.023629 0.462512 0.329028
-0.610403 -0.633843 0.009479 0.347300 -0.023924 0.475325 0.344392
-0.579571 -0.687173 0.010635 0.373727 -0.024187 0.486752 0.358719
-0.543819 -0.740451 0.011701 0.398908 -0.024418 0.496885 0.372038
-0.503870 -0.793477 0.012681 0.422780 -0.024620 0.505813 0.384381
-0.460352 -0.846068 0.013573 0.445281 -0.024795 0.513619 0.395777
-0.413788 -0.898054 0.014373 0.466354 -0.024949 0.520386 0.406253
-0.364563 -0.949283 0.015072 0.485952 -0.025090 0.526192 0.415840
-0.312849 -0.999614 0.015667 0.504031 -0.025219 0.531083 0.424556
-0.259100 -1.048936 0.016134 0.520416 -0.025365 0.535368 0.432463
-0.203895 -1.097115 0.016491 0.535027 -0.025510 0.538896 0.439483
-0.147733 -1.144044 0.016757 0.547892 -0.025646 0.541686 0.445630
-0.091025 -1.189621 0.016946 0.559056 -0.025767 0.543767 0.450940
-0.034237 -1.233748 0.017086 0.568699 -0.025861 0.545173 0.455480
0.022363 -1.276337 0.017181 0.576840 -0.025928 0.545935 0.459277
0.078564 -1.317309 0.017235 0.583491 -0.025969 0.546081 0.462347
0.134173 -1.356591 0.017252 0.588669 -0.025982 0.545639 0.464710
0.189009 -1.394120 0.017237 0.592398 -0.025969 0.544635 0.466384
0.242899 -1.429837 0.017195 0.594700 -0.025927 0.543095 0.467387
0.295665 -1.463688 0.017131 0.595593 -0.025857 0.541039 0.467736
0.347126 -1.495628 0.017049 0.595090 -0.025758 0.538488 0.467445
0.397082 -1.525616 0.016956 0.593196 -0.025628 0.535458 0.466525
0.445306 -1.553614 0.016859 0.589906 -0.025466 0.531965 0.464982
0.491521 -1.579592 0.016764 0.585196 -0.025269 0.528038 0.462821
0.535423 -1.603521 0.016677 0.579063 -0.025041 0.523731 0.460052
0.576847 -1.625328 0.016615 0.571591 -0.024755 0.518721 0.456631
0.615737 -1.645012 0.016560 0.562738 -0.024439 0.513306 0.452659
0.651904 -1.662550 0.016511 0.552515 -0.024096 0.507558 0.448167
0.685227 -1.677932 0.016454 0.540787 -0.023738 0.501506 0.443140
0.715569 -1.691155 0.016381 0.527436 -0.023370 0.495171 0.437557
0.742771 -1.702221 0.016286 0.512379 -0.022995 0.488572 0.431407
0.766672 -1.711139 0.016169 0.495557 -0.022617 0.481724 0.424683
0.787127 -1.717920 0.016028 0.476921 -0.022238 0.474641 0.417383
0.804022 -1.722578 0.015861 0.456428 -0.021859 0.467334 0.409503
0.817291 -1.725130 0.015665 0.434031 -0.021486 0.459814 0.401039
0.826930 -1.725597 0.015429 0.409692 -0.021123 0.452098 0.391996
0.832996 -1.724010 0.015147 0.383429 -0.020784 0.444339 0.382439
0.835478 -1.720407 0.014817 0.355247 -0.020473 0.436612 0.372394
0.834267 -1.714781 0.014449 0.325126 -0.020178 0.428719 0.361785
0.829287 -1.707141 0.014052 0.293130 -0.019893 0.420661 0.350635
0.820425 -1.697483 0.013651 0.259451 -0.019608 0.412452 0.338994
0.807715 -1.685819 0.013248 0.224156 -0.019324 0.404104 0.326893
0.791245 -1.672169 0.012844 0.187296 -0.019042 0.395624 0.314347
0.771124 -1.656554 0.012441 0.148931 -0.018761 0.387020 0.301372
0.747481 -1.638995 0.012040 0.109128 -0.018481 0.378297 0.287988
0.720459 -1.619519 0.011643 0.067959 -0.018203 0.369461 0.274213
0.690218 -1.598152 0.011252 0.025499 -0.017927 0.360514 0.260065
0.656932 -1.574924 0.010867 -0.018177 -0.017653 0.351455 0.245564
0.620791 -1.549864 0.010490 -0.062991 -0.017380 0.342285 0.230726
0.581995 -1.523005 0.010123 -0.108870 -0.017107 0.332997 0.215564
0.540750 -1.494380 0.009768 -0.155744 -0.016835 0.323584 0.200090
0.497259 -1.464019 0.009429 -0.203561 -0.016560 0.314033 0.184306
0.451688 -1.431946 0.009107 -0.252289 -0.016283 0.304325 0.168213
0.403948 -1.398164 0.008830 -0.301737 -0.015989 0.294460 0.151853
0.354090 -1.362819 0.008595 -0.351816 -0.015681 0.284433 0.135266
0.302152 -1.325894 0.008387 -0.402529 -0.015370 0.274303 0.118482
0.248118 -1.287392 0.008196 -0.453877 -0.015064 0.264139 0.101525
0.191940 -1.247334 0.008014 -0.505834 -0.014768 0.253997 0.084422
0.133572 -1.205748 0.007838 -0.558359 -0.014485 0.243926 0.067204
0.072989 -1.162675 0.007665 -0.611393 -0.014218 0.233967 0.049906
0.010200 -1.118162 0.007497 -0.664838 -0.013968 0.224140 0.032573
-0.054740 -1.072218 0.007304 -0.718666 -0.013752 0.214697 0.015267
-0.121786 -1.024897 0.007110 -0.772811 -0.013556 0.205465 -0.002041
-0.190856 -0.976263 0.006924 -0.827184 -0.013375 0.196432 -0.019336
-0.261836 -0.926377 0.006750 -0.881699 -0.013208 0.187594 -0.036594
-0.334586 -0.875294 0.006588 -0.936291 -0.013053 0.178951 -0.053801
-0.408960 -0.823067 0.006435 -0.990895 -0.012911 0.170503 -0.070934
-0.484903 -0.769731 0.006307 -1.045325 -0.012776 0.162259 -0.087947
-0.562251 -0.715336 0.006198 -1.099524 -0.012647 0.154220 -0.104821
-0.640826 -0.659933 0.006105 -1.153442 -0.012527 0.146387 -0.121545
-0.720455 -0.603576 0.006028 -1.207020 -0.012414 0.138760 -0.138106
-0.800966 -0.546317 0.005966 -1.260191 -0.012310 0.131340 -0.154490
-0.882186 -0.488209 0.005916 -1.312894 -0.012213 0.124125 -0.170685
-0.963954 -0.429305 0.005879 -1.365063 -0.012122 0.117115 -0.186675
-1.046113 -0.369658 0.005854 -1.416640 -0.012039 0.110309 -0.202447
-1.128504 -0.309319 0.005839 -1.467573 -0.011962 0.103704 -0.217990
-1.210975 -0.248340 0.005832 -1.517814 -0.011891 0.097299 -0.233294
-1.293365 -0.186774 0.005831 -1.567327 -0.011827 0.091091 -0.248355
-1.375513 -0.124670 0.005834 -1.616084 -0.011771 0.085077 -0.263168
-1.457291 -0.062075 0.005835 -1.664041 -0.011723 0.079254 -0.277715
-1.538657 0.000979 0.005849 -1.711030 -0.011676 0.073628 -0.291960
-1.619441 0.064447 0.005870 -1.757038 -0.011632 0.068193 -0.305900
-1.699518 0.128281 0.005896 -1.802024 -0.011592 0.062947 -0.319525
-1.778765 0.192432 0.005925 -1.845962 -0.011554 0.057885 -0.332832
-1.857064 0.256852 0.005957 -1.888825 -0.011520 0.053003 -0.345816
-1.934302 0.321493 0.005990 -1.930591 -0.011488 0.048296 -0.358475
-2.010372 0.386310 0.006022 -1.971239 -0.011459 0.043761 -0.370807
-2.085175 0.451255 0.006053 -2.010752 -0.011433 0.039391 -0.382810
-2.158614 0.516285 0.006082 -2.049119 -0.011410 0.035182 -0.394484
-2.230597 0.581355 0.006106 -2.086334 -0.011390 0.031130 -0.405830
-2.301039 0.646422 0.006125 -2.122394 -0.011373 0.027228 -0.416852
-2.369868 0.711445 0.006135 -2.157290 -0.011360 0.023472 -0.427544
-2.437039 0.776388 0.006139 -2.190979 -0.011350 0.019860 -0.437891
-2.502479 0.841224 0.006142 -2.223383 -0.011339 0.016391 -0.447887
-2.566148 0.905919 0.006145 -2.254463 -0.011326 0.013060 -0.457516
-2.627993 0.970437 0.006148 -2.284215 -0.011311 0.009865 -0.466777
-2.687960 1.034740 0.006148 -2.312644 -0.011296 0.006801 -0.475673
-2.745996 1.098792 0.006145 -2.339759 -0.011280 0.003861 -0.484208
-2.802059 1.162558 0.006138 -2.365569 -0.011263 0.001042 -0.492387
-2.856106 1.226006 0.006126 -2.390082 -0.011245 -0.001662 -0.500215
-2.908103 1.289103 0.006109 -2.413312 -0.011227 -0.004255 -0.507696
-2.958017 1.351816 0.006087 -2.435272 -0.011208 -0.006742 -0.514838
-3.005822 1.414117 0.006057 -2.455982 -0.011188 -0.009126 -0.521647
-3.051493 1.475976 0.006020 -2.475463 -0.011169 -0.011414 -0.528130
-3.095011 1.537366 0.005974 -2.493737 -0.011151 -0.013609 -0.534294
-3.136372 1.598261 0.005919 -2.510811 -0.011133 -0.015715 -0.540139
-3.175590 1.658642 0.005856 -2.526656 -0.011115 -0.017733 -0.545650
-3.212631 1.718493 0.005792 -2.541231 -0.011094 -0.019666 -0.550832
-3.247512 1.777796 0.005727 -2.554506 -0.011068 -0.021513 -0.555671
-3.280238 1.836531 0.005662 -2.566494 -0.011038 -0.023279 -0.560168
-3.310811 1.894677 0.005596 -2.577220 -0.011005 -0.024967 -0.564331
-3.339231 1.952215 0.005527 -2.586713 -0.010968 -0.026581 -0.568167
-3.365503 2.009126 0.005456 -2.595004 -0.010929 -0.028124 -0.571688
-3.389637 2.065393 0.005382 -2.602127 -0.010887 -0.029600 -0.574902
-3.411642 2.121002 0.005303 -2.608115 -0.010843 -0.031011 -0.577820
-3.431536 2.175936 0.005219 -2.613003 -0.010797 -0.032360 -0.580453
-3.449337 2.230183 0.005130 -2.616828 -0.010750 -0.033651 -0.582810
-3.465074 2.283732 0.005033 -2.619621 -0.010702 -0.034885 -0.584898
-3.478788 2.336572 0.004930 -2.621394 -0.010653 -0.036063 -0.586716
-3.490538 2.388694 0.004824 -2.622113 -0.010602 -0.037187 -0.588246
-3.500335 2.440094 0.004725 -2.621723 -0.010543 -0.038269 -0.589484
-3.508199 2.490748 0.004629 -2.620238 -0.010478 -0.039293 -0.590431
-3.514157 2.540631 0.004534 -2.617681 -0.010409 -0.040261 -0.591094
-3.518231 2.589717 0.004438 -2.614091 -0.010336 -0.041172 -0.591483
-3.520443 2.637983 0.004332 -2.609510 -0.010264 -0.042001 -0.591606
-3.520818 2.685402 0.004191 -2.603987 -0.010199 -0.042659 -0.591460
-3.519383 2.731973 0.004047 -2.597552 -0.010132 -0.043273 -0.591077
-3.516165 2.777690 0.003904 -2.590244 -0.010063 -0.043856 -0.590468
-3.511192 2.822549 0.003761 -2.582101 -0.009991 -0.044413 -0.589645
-3.504497 2.866547 0.003618 -2.573166 -0.009918 -0.044947 -0.588621
-3.496115 2.909684 0.003473 -2.563472 -0.009843 -0.045462 -0.587402
-3.486095 2.951961 0.003328 -2.553036 -0.009767 -0.045958 -0.585989
-3.474494 2.993383 0.003184 -2.541837 -0.009688 -0.046436 -0.584373
-3.461303 3.033956 0.003046 -2.529858 -0.009606 -0.046898 -0.582560
-3.446580 3.073687 0.002916 -2.517079 -0.009517 -0.047342 -0.580542
-3.430373 3.112578 0.002793 -2.503512 -0.009423 -0.047771 -0.578316
-3.412725 3.150634 0.002679 -2.489190 -0.009324 -0.048185 -0.575892
-3.393674 3.187858 0.002571 -2.474151 -0.009221 -0.048586 -0.573279
-3.373257 3.224256 0.002469 -2.458435 -0.009114 -0.048976 -0.570487
-3.351511 3.259830 0.002371 -2.442083 -0.009003 -0.049355 -0.567530
-3.328475 3.294586 0.002277 -2.425136 -0.008890 -0.049725 -0.564417
-3.304184 3.328529 0.002185 -2.407635 -0.008775 -0.050087 -0.561162
-3.278677 3.361666 0.002094 -2.389622 -0.008659 -0.050442 -0.557774
-3.251992 3.394003 0.002003 -2.371133 -0.008542 -0.050791 -0.554265
-3.224174 3.425547 0.001912 -2.352199 -0.008424 -0.051136 -0.550639
-3.195271 3.456308 0.001820 -2.332827 -0.008307 -0.051476 -0.546896
-3.165337 3.486294 0.001732 -2.312997 -0.008187 -0.051811 -0.543027
-3.134363 3.515517 0.001648 -2.292693 -0.008065 -0.052142 -0.539037
-3.102399 3.543986 0.001572 -2.271894 -0.007938 -0.052467 -0.534918
-3.069492 3.571711 0.001504 -2.250608 -0.007807 -0.052788 -0.530669
-3.035681 3.598701 0.001443 -2.228863 -0.007672 -0.053105 -0.526294
-3.001001 3.624964 0.001388 -2.206693 -0.007534 -0.053418 -0.521804
-2.965485 3.650509 0.001338 -2.184137 -0.007393 -0.053729 -0.517209
-2.929165 3.675345 0.001291 -2.161235 -0.007251 -0.054038 -0.512520
-2.892074 3.699481 0.001247 -2.138026 -0.007107 -0.054346 -0.507749
-2.854244 3.722927 0.001203 -2.114547 -0.006963 -0.054654 -0.502906
-2.815708 3.745692 0.001159 -2.090832 -0.006819 -0.054963 -0.497999
-2.776502 3.767787 0.001113 -2.066905 -0.006675 -0.055272 -0.493035
-2.736668 3.789222 0.001067 -2.042772 -0.006532 -0.055581 -0.488010
-2.696250 3.810010 0.001023 -2.018408 -0.006388 -0.055891 -0.482915
-2.655231 3.830160 0.000983 -1.993800 -0.006242 -0.056201 -0.477757
-2.613653 3.849685 0.000948 -1.968923 -0.006094 -0.056511 -0.472526
-2.571553 3.868595 0.000920 -1.943782 -0.005942 -0.056820 -0.467220
-2.528965 3.886901 0.000897 -1.918397 -0.005787 -0.057129 -0.461843
-2.485915 3.904613 0.000879 -1.892800 -0.005630 -0.057439 -0.456404
-2.442430 3.921742 0.000865 -1.867023 -0.005472 -0.057749 -0.450911
-2.398536 3.938297 0.000852 -1.841100 -0.005313 -0.058060 -0.445375
-2.354256 3.954290 0.000839 -1.815067 -0.005154 -0.058373 -0.439805
-2.309617 3.969730 0.000826 -1.788954 -0.004995 -0.058688 -0.434210
-2.264644 3.984629 0.000811 -1.762789 -0.004837 -0.059006 -0.428597
-2.219366 3.998997 0.000793 -1.736591 -0.004681 -0.059325 -0.422970
-2.173815 4.012846 0.000773 -1.710359 -0.004526 -0.059648 -0.417327
-2.128023 4.026187 0.000754 -1.684067 -0.004370 -0.059971 -0.411657
-2.081971 4.039029 0.000737 -1.657701 -0.004215 -0.060297 -0.405965
-2.035688 4.051382 0.000723 -1.631233 -0.004057 -0.060623 -0.400242
-1.989205 4.063258 0.000714 -1.604663 -0.003897 -0.060951 -0.394484
-1.942545 4.074666 0.000709 -1.578006 -0.003735 -0.061279 -0.388695
-1.895731 4.085616 0.000707 -1.551284 -0.003572 -0.061608 -0.382880
-1.848780 4.096120 0.000707 -1.524525 -0.003408 -0.061939 -0.377048
-1.801711 4.106186 0.000707 -1.497758 -0.003244 -0.062271 -0.371206
-1.754543 4.115826 0.000707 -1.471010 -0.003080 -0.062605 -0.365363
-1.707291 4.125048 0.000705 -1.444309 -0.002918 -0.062942 -0.359526
-1.659974 4.133863 0.000700 -1.417681 -0.002757 -0.063280 -0.353702
-1.612610 4.142280 0.000691 -1.391146 -0.002598 -0.063621 -0.347898
-1.565221 4.150310 0.000678 -1.364716 -0.002441 -0.063965 -0.342114
-1.517828 4.157963 0.000661 -1.338387 -0.002286 -0.064311 -0.336349
-1.470456 4.165248 0.000642 -1.312133 -0.002133 -0.064658 -0.330592
-1.423081 4.172170 0.000623 -1.285937 -0.001979 -0.065007 -0.324846
-1.375724 4.178739 0.000606 -1.259772 -0.001825 -0.065357 -0.319103
-1.328405 4.184963 0.000591 -1.233635 -0.001670 -0.065708 -0.313359
-1.281144 4.190852 0.000578 -1.207536 -0.001514 -0.066060 -0.307616
-1.233954 4.196413 0.000565 -1.181494 -0.001358 -0.066413 -0.301880
-1.186848 4.201657 0.000553 -1.155533 -0.001202 -0.066767 -0.296155
-1.139839 4.206590 0.000539 -1.129675 -0.001047 -0.067123 -0.290450
-1.092938 4.211223 0.000523 -1.103946 -0.000893 -0.067480 -0.284772
-1.046157 4.215562 0.000503 -1.078366 -0.000741 -0.067838 -0.279126
-0.999509 4.219617 0.000478 -1.052952 -0.000591 -0.068199 -0.273517
-0.953010 4.223395 0.000450 -1.027715 -0.000444 -0.068561 -0.267946
-0.906674 4.226904 0.000417 -1.002648 -0.000299 -0.068925 -0.262411
-0.860518 4.230152 0.000381 -0.977726 -0.000156 -0.069290 -0.256903
-0.814518 4.233141 0.000345 -0.952933 -0.000013 -0.069657 -0.251423
-0.768689 4.235879 0.000309 -0.928241 0.000130 -0.070024 -0.245964
-0.723044 4.238371 0.000275 -0.903647 0.000274 -0.070391 -0.240521
-0.677597 4.240626 0.000241 -0.879158 0.000417 -0.070759 -0.235096
-0.632357 4.242649 0.000208 -0.854788 0.000561 -0.071128 -0.229694
-0.587332 4.244448 0.000174 -0.830556 0.000704 -0.071497 -0.224319
-0.542531 4.246031 0.000138 -0.806483 0.000846 -0.071868 -0.218977
-0.497960 4.247403 0.000099 -0.782588 0.000986 -0.072239 -0.213674
-0.453627 4.248571 0.000057 -0.758888 0.001124 -0.072612 -0.208415
-0.409542 4.249543 0.000010 -0.735397 0.001260 -0.072985 -0.203203
-0.365712 4.250323 -0.000041 -0.712120 0.001393 -0.073360 -0.198040
-0.322150 4.250919 -0.000097 -0.689052 0.001524 -0.073737 -0.192921
-0.278865 4.251334 -0.000154 -0.666168 0.001654 -0.074114 -0.187840
-0.235834 4.251571 -0.000213 -0.643448 0.001783 -0.074491 -0.182796
-0.193067 4.251633 -0.000272 -0.620869 0.001912 -0.074870 -0.177782
-0.150574 4.251525 -0.000329 -0.598423 0.002041 -0.075248 -0.172794
-0.108361 4.251253 -0.000386 -0.576115 0.002170 -0.075627 -0.167833
-0.066437 4.250823 -0.000442 -0.553956 0.002298 -0.076006 -0.162901
-0.024804 4.250238 -0.000499 -0.531960 0.002427 -0.076385 -0.158003
0.016532 4.249506 -0.000557 -0.510145 0.002554 -0.076765 -0.153143
0.057567 4.248631 -0.000618 -0.488525 0.002680 -0.077146 -0.148327
0.098297 4.247619 -0.000681 -0.467116 0.002803 -0.077528 -0.143558
0.138718 4.246475 -0.000749 -0.445932 0.002925 -0.077911 -0.138842
0.178826 4.245204 -0.000821 -0.424982 0.003044 -0.078294 -0.134179
0.218614 4.243810 -0.000897 -0.404271 0.003161 -0.078679 -0.129572
0.258076 4.242297 -0.000977 -0.383789 0.003276 -0.079065 -0.125016
0.297206 4.240669 -0.001059 -0.363516 0.003388 -0.079451 -0.120504
0.336026 4.238924 -0.001143 -0.343430 0.003500 -0.079838 -0.116036
0.374528 4.237066 -0.001226 -0.323511 0.003612 -0.080225 -0.111603
0.412709 4.235097 -0.001309 -0.303749 0.003723 -0.080613 -0.107205
0.450562 4.233023 -0.001392 -0.284150 0.003834 -0.081001 -0.102839
0.488085 4.230845 -0.001474 -0.264721 0.003945 -0.081389 -0.098509
0.525276 4.228570 -0.001557 -0.245474 0.004055 -0.081777 -0.094219
0.562132 4.226200 -0.001642 -0.226424 0.004164 -0.082167 -0.089972
0.598652 4.223741 -0.001728 -0.207583 0.004271 -0.082557 -0.085772
0.634834 4.221195 -0.001818 -0.188963 0.004377 -0.082947 -0.081623
0.670675 4.218567 -0.001911 -0.170572 0.004480 -0.083338 -0.077527
0.706172 4.215861 -0.002007 -0.152412 0.004581 -0.083731 -0.073483
0.741321 4.213078 -0.002106 -0.134478 0.004680 -0.084124 -0.069490
0.776121 4.210220 -0.002207 -0.116750 0.004778 -0.084517 -0.065541
0.810588 4.207287 -0.002309 -0.099206 0.004875 -0.084911 -0.061635
0.844721 4.204279 -0.002410 -0.081829 0.004972 -0.085306 -0.057765
0.878515 4.201199 -0.002510 -0.064611 0.005068 -0.085700 -0.053929
0.911969 4.198050 -0.002610 -0.047554 0.005165 -0.086095 -0.050126
0.945082 4.194835 -0.002709 -0.030667 0.005261 -0.086490 -0.046359
0.977852 4.191556 -0.002808 -0.013958 0.005356 -0.086885 -0.042631
1.010281 4.188218 -0.002908 0.002562 0.005451 -0.087281 -0.038945
1.042366 4.184824 -0.003009 0.018881 0.005544 -0.087677 -0.035304
1.074108 4.181376 -0.003113 0.034989 0.005635 -0.088074 -0.031710
1.105507 4.177878 -0.003219 0.050882 0.005725 -0.088471 -0.028167
1.136561 4.174333 -0.003328 0.066556 0.005813 -0.088869 -0.024673
1.167269 4.170741 -0.003439 0.082018 0.005899 -0.089268 -0.021227
1.197631 4.167105 -0.003551 0.097286 0.005984 -0.089667 -0.017823
1.227660 4.163421 -0.003663 0.112379 0.006069 -0.090066 -0.014458
1.257358 4.159692 -0.003774 0.127317 0.006153 -0.090465 -0.011128
1.286722 4.155917 -0.003884 0.142104 0.006237 -0.090864 -0.007828
1.315752 4.152101 -0.003992 0.156741 0.006322 -0.091264 -0.004561
1.344449 4.148244 -0.004099 0.171221 0.006406 -0.091663 -0.001326
1.372813 4.144350 -0.004206 0.185538 0.006489 -0.092063 0.001874
1.400844 4.140422 -0.004314 0.199681 0.006572 -0.092462 0.005036
1.428544 4.136461 -0.004421 0.213641 0.006654 -0.092862 0.008157
1.455913 4.132472 -0.004530 0.227411 0.006735 -0.093262 0.011234
1.482953 4.128456 -0.004641 0.240982 0.006814 -0.093662 0.014266
1.509665 4.124416 -0.004754 0.254350 0.006891 -0.094063 0.017251
1.536047 4.120354 -0.004868 0.267515 0.006967 -0.094464 0.020188
1.562102 4.116271 -0.004985 0.280481 0.007042 -0.094865 0.023081
1.587829 4.112168 -0.005102 0.293264 0.007115 -0.095266 0.025934
1.613241 4.108042 -0.005219 0.305885 0.007187 -0.095667 0.028750
1.638339 4.103894 -0.005335 0.318359 0.007260 -0.096067 0.031534
1.663123 4.099724 -0.005450 0.330692 0.007332 -0.096467 0.034288
1.687593 4.095535 -0.005563 0.342882 0.007404 -0.096867 0.037011
1.711752 4.091329 -0.005676 0.354926 0.007476 -0.097267 0.039703
1.735600 4.087107 -0.005787 0.366816 0.007548 -0.097666 0.042362
1.759140 4.082872 -0.005899 0.378546 0.007619 -0.098065 0.044985
1.782372 4.078627 -0.006011 0.390108 0.007689 -0.098464 0.047571
1.805299 4.074373 -0.006124 0.401495 0.007757 -0.098862 0.050117
1.827921 4.070112 -0.006238 0.412704 0.007825 -0.099261 0.052621
1.850242 4.065846 -0.006354 0.423734 0.007891 -0.099658 0.055085
1.872260 4.061577 -0.006470 0.434588 0.007955 -0.100056 0.057509
1.893979 4.057304 -0.006587 0.445281 0.008019 -0.100453 0.059898
1.915409 4.053025 -0.006703 0.455831 0.008083 -0.100849 0.062254
1.936550 4.048740 -0.006818 0.466251 0.008146 -0.101244 0.064582
1.957405 4.044450 -0.006931 0.476546 0.008209 -0.101639 0.066884
1.977975 4.040157 -0.007043 0.486715 0.008272 -0.102032 0.069160
1.998261 4.035862 -0.007153 0.496755 0.008335 -0.102425 0.071407
2.018266 4.031567 -0.007263 0.506661 0.008398 -0.102817 0.073626
2.037992 4.027274 -0.007372 0.516425 0.008460 -0.103208 0.075813
2.057441 4.022986 -0.007481 0.526042 0.008521 -0.103598 0.077968
2.076615 4.018703 -0.007590 0.535507 0.008581 -0.103986 0.080087
2.095516 4.014428 -0.007700 0.544816 0.008640 -0.104374 0.082171
2.114146 4.010162 -0.007811 0.553970 0.008698 -0.104761 0.084220
2.132508 4.005906 -0.007923 0.562970 0.008755 -0.105147 0.086234
2.150602 4.001661 -0.008034 0.571830 0.008811 -0.105532 0.088217
2.168438 3.997423 -0.008144 0.580567 0.008867 -0.105915 0.090173
2.186016 3.993193 -0.008253 0.589192 0.008922 -0.106297 0.092104
2.203340 3.988971 -0.008360 0.597710 0.008978 -0.106677 0.094013
2.220411 3.984760 -0.008465 0.606120 0.009033 -0.107055 0.095899
2.237232 3.980560 -0.008569 0.614419 0.009089 -0.107432 0.097762
2.253804 3.976373 -0.008672 0.622603 0.009144 -0.107807 0.099600
2.270130 3.972200 -0.008774 0.630668 0.009199 -0.108181 0.101412
2.286211 3.968045 -0.008875 0.638608 0.009253 -0.108553 0.103197
2.302052 3.963907 -0.008977 0.646418 0.009306 -0.108923 0.104951
2.317652 3.959790 -0.009078 0.654095 0.009358 -0.109291 0.106675
2.333016 3.955694 -0.009180 0.661636 0.009409 -0.109657 0.108368
2.348144 3.951621 -0.009283 0.669039 0.009459 -0.110022 0.110029
2.363040 3.947571 -0.009386 0.676310 0.009508 -0.110385 0.111659
2.377705 3.943545 -0.009489 0.683458 0.009556 -0.110745 0.113263
2.392145 3.939540 -0.009590 0.690498 0.009604 -0.111104 0.114842
2.406364 3.935556 -0.009690 0.697441 0.009652 -0.111460 0.116399
2.420363 3.931594 -0.009789 0.704289 0.009699 -0.111813 0.117937
2.434144 3.927656 -0.009886 0.711044 0.009747 -0.112164 0.119455
2.447709 3.923741 -0.009982 0.717702 0.009794 -0.112513 0.120952
2.461062 3.919853 -0.010076 0.724259 0.009841 -0.112860 0.122427
2.474204 3.915991 -0.010170 0.730713 0.009887 -0.113203 0.123880
2.487137 3.912158 -0.010263 0.737059 0.009932 -0.113544 0.125308
2.499864 3.908355 -0.010356 0.743294 0.009977 -0.113883 0.126710
2.512386 3.904583 -0.010450 0.749415 0.010021 -0.114219 0.128086
2.524708 3.900844 -0.010543 0.755422 0.010064 -0.114552 0.129436
2.536829 3.897137 -0.010636 0.761317 0.010106 -0.114883 0.130761
2.548754 3.893464 -0.010729 0.767109 0.010147 -0.115211 0.132063
2.560485 3.889821 -0.010821 0.772811 0.010188 -0.115535 0.133344
2.572027 3.886210 -0.010911 0.778431 0.010229 -0.115857 0.134608
2.583381 3.882630 -0.010999 0.783972 0.010270 -0.116175 0.135855
2.594548 3.879084 -0.011086 0.789434 0.010310 -0.116491 0.137085
2.605532 3.875570 -0.011172 0.794815 0.010350 -0.116803 0.138297
2.616334 3.872092 -0.011256 0.800111 0.010390 -0.117111 0.139492
2.626956 3.868650 -0.011340 0.805320 0.010429 -0.117417 0.140666
2.637401 3.865245 -0.011423 0.810439 0.010468 -0.117719 0.141821
2.647671 3.861879 -0.011506 0.815465 0.010505 -0.118018 0.142954
2.657767 3.858553 -0.011588 0.820396 0.010542 -0.118313 0.144066
2.667693 3.855266 -0.011670 0.825232 0.010579 -0.118605 0.145155
2.677449 3.852021 -0.011752 0.829975 0.010614 -0.118893 0.146223
2.687037 3.848817 -0.011834 0.834630 0.010649 -0.119178 0.147272
2.696463 3.845653 -0.011914 0.839211 0.010683 -0.119459 0.148304
2.705726 3.842529 -0.011993 0.843723 0.010717 -0.119737 0.149321
2.714830 3.839444 -0.012070 0.848168 0.010751 -0.120010 0.150324
2.723775 3.836400 -0.012146 0.852547 0.010785 -0.120280 0.151313
2.732565 3.833398 -0.012220 0.856859 0.010818 -0.120545 0.152288
2.741201 3.830439 -0.012293 0.861100 0.010851 -0.120807 0.153247
2.749684 3.827524 -0.012365 0.865269 0.010883 -0.121064 0.154190
2.758016 3.824654 -0.012437 0.869364 0.010915 -0.121318 0.155116
2.766199 3.821829 -0.012507 0.873381 0.010946 -0.121567 0.156025
2.774234 3.819052 -0.012578 0.877319 0.010977 -0.121813 0.156915
2.782124 3.816322 -0.012647 0.881177 0.011006 -0.122054 0.157787
2.789869 3.813640 -0.012717 0.884954 0.011035 -0.122291 0.158640
2.797472 3.811008 -0.012786 0.888652 0.011063 -0.122523 0.159475
2.804934 3.808424 -0.012855 0.892276 0.011091 -0.122752 0.160293
2.812258 3.805889 -0.012923 0.895836 0.011118 -0.122976 0.161096
2.819444 3.803401 -0.012989 0.899335 0.011144 -0.123195 0.161887
2.826495 3.800962 -0.013054 0.902777 0.011170 -0.123410 0.162664
2.833412 3.798571 -0.013118 0.906161 0.011196 -0.123620 0.163430
2.840197 3.796230 -0.013180 0.909485 0.011222 -0.123826 0.164182
2.846850 3.793939 -0.013241 0.912749 0.011247 -0.124027 0.164921
2.853374 3.791699 -0.013302 0.915951 0.011271 -0.124224 0.165646
2.859769 3.789511 -0.013361 0.919089 0.011295 -0.124415 0.166356
2.866036 3.787376 -0.013420 0.922161 0.011319 -0.124602 0.167052
2.872178 3.785293 -0.013478 0.925167 0.011341 -0.124784 0.167732
2.878195 3.783265 -0.013536 0.928106 0.011363 -0.124962 0.168397
2.884089 3.781291 -0.013593 0.930979 0.011384 -0.125135 0.169046
2.889860 3.779371 -0.013650 0.933790 0.011405 -0.125303 0.169682
2.895510 3.777504 -0.013706 0.936545 0.011425 -0.125465 0.170305
2.901040 3.775691 -0.013760 0.939247 0.011444 -0.125623 0.170916
2.906452 3.773932 -0.013813 0.941899 0.011463 -0.125776 0.171517
2.911745 3.772227 -0.013864 0.944499 0.011482 -0.125924 0.172106
2.916922 3.770577 -0.013915 0.947048 0.011501 -0.126066 0.172684
2.921983 3.768983 -0.013964 0.949543 0.011518 -0.126204 0.173250
2.926928 3.767444 -0.014013 0.951985 0.011536 -0.126336 0.173804
2.931759 3.765962 -0.014060 0.954371 0.011553 -0.126463 0.174346
2.936477 3.764537 -0.014107 0.956702 0.011569 -0.126585 0.174875
2.941081 3.763169 -0.014153 0.958975 0.011584 -0.126702 0.175390
2.945574 3.761859 -0.014198 0.961192 0.011599 -0.126814 0.175893
2.949954 3.760608 -0.014243 0.963352 0.011613 -0.126920 0.176383
2.954224 3.759415 -0.014286 0.965457 0.011627 -0.127022 0.176861
2.958383 3.758280 -0.014329 0.967511 0.011640 -0.127117 0.177327
2.962433 3.757204 -0.014370 0.969517 0.011653 -0.127208 0.177783
2.966373 3.756185 -0.014411 0.971476 0.011665 -0.127293 0.178228
2.970204 3.755225 -0.014450 0.973387 0.011677 -0.127372 0.178663
2.973927 3.754324 -0.014488 0.975249 0.011688 -0.127447 0.179087
2.977541 3.753483 -0.014525 0.977063 0.011699 -0.127515 0.179500
2.981048 3.752701 -0.014560 0.978829 0.011709 -0.127579 0.179903
2.984447 3.751979 -0.014595 0.980544 0.011719 -0.127637 0.180294
2.987738 3.751317 -0.014629 0.982209 0.011728 -0.127689 0.180674
2.990922 3.750716 -0.014662 0.983823 0.011737 -0.127736 0.181043
2.993998 3.750177 -0.014694 0.985386 0.011745 -0.127777 0.181400
2.996967 3.749699 -0.014725 0.986898 0.011753 -0.127813 0.181746
2.999829 3.749282 -0.014755 0.988359 0.011760 -0.127844 0.182080
3.002584 3.748927 -0.014784 0.989768 0.011766 -0.127869 0.182403
3.005231 3.748634 -0.014812 0.991129 0.011772 -0.127888 0.182715
3.007771 3.748402 -0.014839 0.992440 0.011777 -0.127902 0.183016
3.010203 3.748233 -0.014865 0.993703 0.011782 -0.127910 0.183306
3.012527 3.748126 -0.014890 0.994917 0.011786 -0.127912 0.183585
3.014743 3.748081 -0.014914 0.996083 0.011790 -0.127909 0.183854
3.016852 3.748098 -0.014937 0.997199 0.011793 -0.127901 0.184111
3.018852 3.748179 -0.014959 0.998266 0.011796 -0.127886 0.184358
3.020743 3.748322 -0.014979 0.999284 0.011798 -0.127866 0.184594
3.022525 3.748528 -0.014999 1.000252 0.011800 -0.127841 0.184819
3.024198 3.748797 -0.015018 1.001171 0.011801 -0.127810 0.185033
3.025761 3.749130 -0.015035 1.002039 0.011802 -0.127773 0.185235
3.027213 3.749526 -0.015052 1.002857 0.011802 -0.127731 0.185427
3.028555 3.749985 -0.015067 1.003625 0.011802 -0.127683 0.185607
3.029785 3.750509 -0.015082 1.004342 0.011801 -0.127630 0.185777
3.030904 3.751096 -0.015095 1.005009 0.011800 -0.127571 0.185935
3.031911 3.751746 -0.015107 1.005624 0.011798 -0.127506 0.186081
3.032804 3.752461 -0.015119 1.006189 0.011795 -0.127436 0.186217
3.033584 3.753239 -0.015129 1.006702 0.011792 -0.127360 0.186341
3.034250 3.754081 -0.015138 1.007164 0.011789 -0.127278 0.186454
3.034802 3.754987 -0.015146 1.007575 0.011785 -0.127191 0.186555
3.035237 3.755957 -0.015153 1.007934 0.011780 -0.127099 0.186646
3.035557 3.756991 -0.015159 1.008240 0.011775 -0.127001 0.186724
3.035761 3.758089 -0.015163 1.008495 0.011770 -0.126897 0.186792
3.035846 3.759251 -0.015167 1.008698 0.011764 -0.126788 0.186848
3.035814 3.760476 -0.015170 1.008849 0.011757 -0.126674 0.186892
3.035663 3.761765 -0.015171 1.008947 0.011750 -0.126554 0.186925
3.035392 3.763118 -0.015171 1.008992 0.011743 -0.126428 0.186947
3.035001 3.764535 -0.015171 1.008984 0.011735 -0.126297 0.186957
3.034489 3.766014 -0.015169 1.008923 0.011727 -0.126161 0.186955
3.033854 3.767558 -0.015165 1.008809 0.011718 -0.126019 0.186942
3.033097 3.769164 -0.015161 1.008641 0.011708 -0.125872 0.186917
3.032217 3.770833 -0.015156 1.008420 0.011699 -0.125720 0.186880
3.031212 3.772566 -0.015149 1.008145 0.011688 -0.125562 0.186832
3.030081 3.774361 -0.015142 1.007815 0.011678 -0.125399 0.186772
3.028825 3.776219 -0.015133 1.007431 0.011667 -0.125230 0.186701
3.027442 3.778139 -0.015123 1.006993 0.011655 -0.125057 0.186617
3.025930 3.780121 -0.015112 1.006499 0.011643 -0.124878 0.186522
3.024291 3.782165 -0.015099 1.005951 0.011631 -0.124694 0.186415
3.022522 3.784270 -0.015086 1.005347 0.011618 -0.124505 0.186296
3.020622 3.786437 -0.015071 1.004688 0.011605 -0.124311 0.186165
3.018591 3.788665 -0.015055 1.003973 0.011591 -0.124112 0.186023
3.016428 3.790954 -0.015038 1.003202 0.011577 -0.123908 0.185868
3.014133 3.793303 -0.015020 1.002375 0.011563 -0.123699 0.185701
3.011703 3.795712 -0.015000 1.001491 0.011548 -0.123485 0.185522
3.009139 3.798182 -0.014979 1.000551 0.011532 -0.123267 0.185331
3.006439 3.800710 -0.014957 0.999554 0.011517 -0.123043 0.185128
3.003603 3.803297 -0.014934 0.998499 0.011501 -0.122815 0.184913
3.000629 3.805943 -0.014910 0.997388 0.011485 -0.122582 0.184686
2.997518 3.808647 -0.014884 0.996219 0.011468 -0.122344 0.184446
2.994268 3.811408 -0.014858 0.994992 0.011451 -0.122102 0.184194
2.990879 3.814227 -0.014830 0.993707 0.011434 -0.121855 0.183930
2.987349 3.817102 -0.014800 0.992364 0.011416 -0.121604 0.183654
2.983678 3.820033 -0.014770 0.990963 0.011398 -0.121349 0.183365
2.979865 3.823020 -0.014738 0.989504 0.011380 -0.121089 0.183064
2.975910 3.826062 -0.014705 0.987986 0.011361 -0.120825 0.182751
2.971811 3.829158 -0.014671 0.986409 0.011342 -0.120557 0.182426
2.967569 3.832308 -0.014636 0.984774 0.011323 -0.120284 0.182088
2.963183 3.835511 -0.014599 0.983079 0.011304 -0.120008 0.181737
2.958651 3.838767 -0.014562 0.981326 0.011284 -0.119728 0.181375
2.953974 3.842074 -0.014522 0.979513 0.011264 -0.119444 0.181000
2.949151 3.845432 -0.014482 0.977641 0.011244 -0.119156 0.180613
2.944181 3.848841 -0.014441 0.975710 0.011224 -0.118865 0.180213
2.939065 3.852299 -0.014398 0.973720 0.011203 -0.118570 0.179801
2.933801 3.855806 -0.014354 0.971671 0.011182 -0.118271 0.179377
2.928390 3.859361 -0.014309 0.969562 0.011161 -0.117970 0.178941
2.922830 3.862963 -0.014262 0.967394 0.011140 -0.117664 0.178492
2.917123 3.866612 -0.014214 0.965168 0.011119 -0.117356 0.178032
2.911267 3.870306 -0.014165 0.962882 0.011098 -0.117045 0.177559
2.905264 3.874044 -0.014115 0.960538 0.011076 -0.116731 0.177074
2.899112 3.877826 -0.014064 0.958135 0.011054 -0.116414 0.176577
2.892811 3.881651 -0.014011 0.955673 0.011032 -0.116094 0.176068
2.886363 3.885518 -0.013957 0.953153 0.011011 -0.115771 0.175547
2.879766 3.889426 -0.013902 0.950575 0.010989 -0.115446 0.175015
2.873022 3.893374 -0.013846 0.947940 0.010967 -0.115119 0.174470
2.866131 3.897360 -0.013788 0.945247 0.010945 -0.114790 0.173915
2.859092 3.901385 -0.013729 0.942497 0.010922 -0.114458 0.173347
2.851908 3.905446 -0.013669 0.939691 0.010900 -0.114124 0.172768
2.844578 3.909543 -0.013608 0.936828 0.010878 -0.113789 0.172178
2.837102 3.913675 -0.013545 0.933910 0.010856 -0.113451 0.171577
2.829483 3.917841 -0.013482 0.930937 0.010834 -0.113112 0.170965
2.821721 3.922039 -0.013417 0.927908 0.010812 -0.112772 0.170341
2.813816 3.926269 -0.013351 0.924826 0.010790 -0.112430 0.169707
2.805771 3.930530 -0.013284 0.921691 0.010768 -0.112087 0.169063
2.797585 3.934819 -0.013215 0.918502 0.010746 -0.111743 0.168408
2.789262 3.939137 -0.013146 0.915262 0.010725 -0.111398 0.167743
2.780802 3.943482 -0.013075 0.911970 0.010703 -0.111052 0.167067
2.772206 3.947854 -0.013003 0.908628 0.010681 -0.110706 0.166382
2.763478 3.952250 -0.012930 0.905236 0.010660 -0.110359 0.165687
2.754618 3.956670 -0.012856 0.901795 0.010639 -0.110012 0.164983
2.745628 3.961113 -0.012781 0.898307 0.010618 -0.109664 0.164270
2.736512 3.965577 -0.012704 0.894772 0.010597 -0.109317 0.163547
2.727271 3.970062 -0.012627 0.891191 0.010577 -0.108969 0.162816
2.717907 3.974566 -0.012549 0.887565 0.010556 -0.108622 0.162076
2.708424 3.979089 -0.012469 0.883895 0.010536 -0.108275 0.161328
2.698823 3.983629 -0.012389 0.880183 0.010516 -0.107928 0.160571
2.689109 3.988185 -0.012308 0.876429 0.010496 -0.107582 0.159807
2.679284 3.992757 -0.012226 0.872635 0.010477 -0.107237 0.159036
2.669351 3.997342 -0.012143 0.868802 0.010458 -0.106892 0.158257
2.659314 4.001941 -0.012059 0.864932 0.010439 -0.106549 0.157471
2.649176 4.006551 -0.011974 0.861025 0.010420 -0.106207 0.156678
2.638941 4.011173 -0.011889 0.857082 0.010401 -0.105866 0.155878
2.628613 4.015804 -0.011802 0.853106 0.010383 -0.105527 0.155073
2.618195 4.020445 -0.011716 0.849097 0.010365 -0.105189 0.154261
2.607693 4.025094 -0.011628 0.845057 0.010347 -0.104853 0.153444
2.597110 4.029750 -0.011540 0.840988 0.010329 -0.104519 0.152621
2.586451 4.034412 -0.011452 0.836890 0.010312 -0.104186 0.151792
2.575721 4.039079 -0.011363 0.832765 0.010295 -0.103856 0.150959
2.564923 4.043750 -0.011274 0.828614 0.010278 -0.103528 0.150121
2.554064 4.048424 -0.011185 0.824439 0.010261 -0.103202 0.149279
2.543148 4.053101 -0.011096 0.820241 0.010244 -0.102878 0.148432
2.532180 4.057779 -0.011007 0.816021 0.010228 -0.102557 0.147581
2.521166 4.062457 -0.010917 0.811782 0.010211 -0.102239 0.146726
2.510110 4.067135 -0.010828 0.807523 0.010194 -0.101923 0.145867
2.499019 4.071810 -0.010739 0.803247 0.010178 -0.101610 0.145005
2.487899 4.076482 -0.010651 0.798955 0.010161 -0.101301 0.144139
2.476753 4.081150 -0.010563 0.794649 0.010145 -0.100994 0.143271
2.465589 4.085813 -0.010476 0.790329 0.010128 -0.100690 0.142399
2.454413 4.090469 -0.010389 0.785997 0.010111 -0.100389 0.141524
2.443229 4.095117 -0.010304 0.781655 0.010094 -0.100092 0.140647
2.432044 4.099755 -0.010219 0.777303 0.010077 -0.099798 0.139768
2.420864 4.104381 -0.010136 0.772944 0.010060 -0.099508 0.138886
2.409695 4.108995 -0.010053 0.768580 0.010042 -0.099222 0.138002
2.398541 4.113593 -0.009972 0.764211 0.010024 -0.098939 0.137116
2.387411 4.118175 -0.009893 0.759841 0.010006 -0.098660 0.136229
2.376308 4.122737 -0.009815 0.755470 0.009987 -0.098385 0.135342
2.365239 4.127277 -0.009739 0.751103 0.009967 -0.098114 0.134453
2.354209 4.131792 -0.009665 0.746741 0.009948 -0.097847 0.133565
2.343224 4.136279 -0.009592 0.742388 0.009928 -0.097585 0.132678
2.332290 4.140736 -0.009521 0.738048 0.009907 -0.097327 0.131793
2.321411 4.145158 -0.009452 0.733727 0.009886 -0.097073 0.130911
2.310593 4.149542 -0.009384 0.729428 0.009865 -0.096825 0.130033
2.299840 4.153884 -0.009318 0.725159 0.009844 -0.096581 0.129162
2.289158 4.158179 -0.009253 0.720929 0.009822 -0.096343 0.128300
2.278550 4.162422 -0.009188 0.716745 0.009801 -0.096109 0.127449
2.268021 4.166608 -0.009124 0.712620 0.009780 -0.095882 0.126612
2.257575 4.170732 -0.009060 0.708566 0.009760 -0.095660 0.125793
2.247214 4.174789 -0.008994 0.704598 0.009741 -0.095443 0.124998
2.236943 4.178771 -0.008927 0.700734 0.009723 -0.095233 0.124230
2.226764 4.182674 -0.008857 0.696995 0.009708 -0.095029 0.123497
2.216678 4.186491 -0.008782 0.693401 0.009695 -0.094831 0.122804
2.206689 4.190217 -0.008702 0.689976 0.009685 -0.094640 0.122159
2.196798 4.193846 -0.008615 0.686742 0.009680 -0.094455 0.121568
2.187008 4.197374 -0.008520 0.683716 0.009679 -0.094277 0.121035
2.177325 4.200799 -0.008415 0.680905 0.009683 -0.094106 0.120562
2.167756 4.204120 -0.008303 0.678294 0.009692 -0.093942 0.120141
2.158311 4.207343 -0.008185 0.675831 0.009704 -0.093785 0.119754
2.148974 4.210484 -0.008067 0.673434 0.009717 -0.093639 0.119387
2.139762 4.213557 -0.007954 0.671021 0.009729 -0.093505 0.119012
2.130695 4.216580 -0.007852 0.668526 0.009737 -0.093386 0.118610
2.121729 4.219587 -0.007759 0.665949 0.009741 -0.093275 0.118184
2.112777 4.222611 -0.007668 0.663364 0.009744 -0.093154 0.117751
2.103878 4.225661 -0.007585 0.660719 0.009743 -0.093032 0.117303
2.095067 4.228735 -0.007511 0.658000 0.009738 -0.092913 0.116831
2.086362 4.231825 -0.007446 0.655225 0.009729 -0.092797 0.116340
2.077774 4.234925 -0.007386 0.652426 0.009718 -0.092686 0.115839
2.069304 4.238028 -0.007331 0.649639 0.009706 -0.092579 0.115338
2.060954 4.241127 -0.007278 0.646898 0.009693 -0.092476 0.114846
2.052723 4.244213 -0.007225 0.644227 0.009680 -0.092377 0.114369
2.044612 4.247282 -0.007171 0.641634 0.009668 -0.092280 0.113910
2.036623 4.250325 -0.007118 0.639098 0.009657 -0.092187 0.113457
2.028759 4.253336 -0.007071 0.636539 0.009643 -0.092104 0.113000
2.021023 4.256309 -0.007032 0.633932 0.009626 -0.092032 0.112527
2.013414 4.259239 -0.007001 0.631279 0.009606 -0.091970 0.112038
2.005933 4.262123 -0.006975 0.628597 0.009585 -0.091917 0.111536
1.998580 4.264959 -0.006955 0.625907 0.009561 -0.091873 0.111027
1.991356 4.267745 -0.006938 0.623234 0.009537 -0.091837 0.110520
1.984260 4.270481 -0.006923 0.620605 0.009512 -0.091809 0.110021
1.977294 4.273168 -0.006909 0.618046 0.009488 -0.091789 0.109539
1.970455 4.275805 -0.006894 0.615580 0.009465 -0.091775 0.109080
1.963744 4.278394 -0.006877 0.613229 0.009443 -0.091767 0.108651
1.957158 4.280934 -0.006856 0.611007 0.009424 -0.091765 0.108255
1.950693 4.283425 -0.006832 0.608912 0.009406 -0.091767 0.107890
1.944352 4.285865 -0.006805 0.606918 0.009391 -0.091772 0.107544
1.938135 4.288253 -0.006782 0.604936 0.009374 -0.091788 0.107204
1.932043 4.290586 -0.006766 0.602935 0.009355 -0.091816 0.106857
1.926074 4.292865 -0.006755 0.600915 0.009333 -0.091852 0.106500
1.920224 4.295090 -0.006749 0.598889 0.009310 -0.091898 0.106138
1.914492 4.297266 -0.006747 0.596874 0.009287 -0.091950 0.105775
1.908874 4.299396 -0.006746 0.594892 0.009262 -0.092009 0.105418
1.903368 4.301484 -0.006746 0.592967 0.009238 -0.092074 0.105073
1.897970 4.303534 -0.006745 0.591121 0.009214 -0.092144 0.104747
1.892678 4.305551 -0.006743 0.589374 0.009192 -0.092218 0.104448
1.887487 4.307538 -0.006736 0.587746 0.009172 -0.092294 0.104180
1.882391 4.309500 -0.006726 0.586247 0.009153 -0.092372 0.103945
1.877386 4.311438 -0.006711 0.584877 0.009138 -0.092451 0.103743
1.872470 4.313351 -0.006691 0.583605 0.009124 -0.092529 0.103559
1.867647 4.315238 -0.006676 0.582339 0.009108 -0.092615 0.103381
1.862916 4.317097 -0.006667 0.581048 0.009090 -0.092708 0.103194
1.858272 4.318929 -0.006663 0.579728 0.009071 -0.092806 0.102996
1.853712 4.320739 -0.006662 0.578391 0.009049 -0.092909 0.102790
1.849229 4.322530 -0.006665 0.577053 0.009026 -0.093014 0.102580
1.844820 4.324308 -0.006669 0.575733 0.009003 -0.093122 0.102372
1.840480 4.326079 -0.006674 0.574449 0.008979 -0.093231 0.102173
1.836203 4.327850 -0.006678 0.573223 0.008955 -0.093340 0.101987
1.831986 4.329626 -0.006680 0.572073 0.008933 -0.093449 0.101822
1.827822 4.331413 -0.006678 0.571018 0.008912 -0.093555 0.101684
1.823705 4.333217 -0.006673 0.570072 0.008893 -0.093658 0.101575
1.819627 4.335041 -0.006662 0.569247 0.008876 -0.093758 0.101500
1.815582 4.336887 -0.006644 0.568541 0.008861 -0.093852 0.101457
1.811568 4.338754 -0.006621 0.567925 0.008849 -0.093939 0.101431
1.807593 4.340637 -0.006603 0.567302 0.008835 -0.094029 0.101410
1.803658 4.342533 -0.006589 0.566641 0.008818 -0.094120 0.101378
1.799756 4.344445 -0.006579 0.565943 0.008800 -0.094212 0.101334
1.795882 4.346374 -0.006572 0.565218 0.008780 -0.094302 0.101281
1.792030 4.348326 -0.006567 0.564483 0.008758 -0.094390 0.101223
1.788193 4.350306 -0.006563 0.563754 0.008736 -0.094475 0.101166
1.784365 4.352321 -0.006558 0.563051 0.008714 -0.094556 0.101116
1.780540 4.354377 -0.006551 0.562390 0.008693 -0.094632 0.101078
1.776711 4.356479 -0.006542 0.561790 0.008672 -0.094702 0.101059
1.772871 4.358632 -0.006528 0.561265 0.008653 -0.094764 0.101061
1.769012 4.360840 -0.006509 0.560828 0.008635 -0.094818 0.101090
1.765123 4.363104 -0.006484 0.560480 0.008620 -0.094863 0.101143
1.761207 4.365420 -0.006452 0.560198 0.008607 -0.094897 0.101209
1.757278 4.367780 -0.006426 0.559879 0.008592 -0.094930 0.101272
1.753339 4.370180 -0.006404 0.559498 0.008574 -0.094961 0.101319
1.749385 4.372620 -0.006385 0.559059 0.008554 -0.094989 0.101350
1.745407 4.375102 -0.006370 0.558574 0.008533 -0.095013 0.101366
1.741399 4.377632 -0.006355 0.558058 0.008510 -0.095031 0.101375
1.737355 4.380213 -0.006341 0.557528 0.008486 -0.095043 0.101379
1.733268 4.382853 -0.006327 0.556998 0.008462 -0.095048 0.101385
1.729131 4.385555 -0.006310 0.556486 0.008439 -0.095045 0.101398
1.724938 4.388325 -0.006291 0.556005 0.008416 -0.095034 0.101421
1.720680 4.391168 -0.006268 0.555570 0.008394 -0.095012 0.101461
1.716347 4.394085 -0.006239 0.555193 0.008374 -0.094979 0.101520
1.711932 4.397076 -0.006204 0.554880 0.008357 -0.094935 0.101600
1.707434 4.400136 -0.006162 0.554612 0.008342 -0.094878 0.101687
1.702882 4.403254 -0.006126 0.554282 0.008323 -0.094818 0.101765
1.698280 4.406422 -0.006093 0.553870 0.008303 -0.094755 0.101823
1.693623 4.409640 -0.006065 0.553383 0.008280 -0.094686 0.101861
1.688902 4.412909 -0.006038 0.552834 0.008256 -0.094612 0.101881
1.684111 4.416233 -0.006013 0.552238 0.008230 -0.094531 0.101889
1.679243 4.419615 -0.005988 0.551607 0.008204 -0.094443 0.101889
1.674294 4.423061 -0.005962 0.550953 0.008177 -0.094347 0.101885
1.669257 4.426575 -0.005935 0.550288 0.008151 -0.094242 0.101880
1.664127 4.430162 -0.005906 0.549622 0.008125 -0.094128 0.101879
1.658897 4.433825 -0.005874 0.548966 0.008099 -0.094004 0.101884
1.653559 4.437569 -0.005838 0.548331 0.008074 -0.093869 0.101900
1.648103 4.441393 -0.005797 0.547729 0.008051 -0.093722 0.101930
1.642519 4.445297 -0.005750 0.547169 0.008030 -0.093562 0.101976
1.636810 4.449273 -0.005695 0.546640 0.008012 -0.093389 0.102028
1.631020 4.453305 -0.005646 0.546030 0.007991 -0.093213 0.102067
1.625155 4.457387 -0.005601 0.545327 0.007967 -0.093033 0.102083
1.619208 4.461517 -0.005560 0.544543 0.007942 -0.092848 0.102077
1.613172 4.465694 -0.005519 0.543692 0.007915 -0.092657 0.102054
1.607038 4.469922 -0.005480 0.542787 0.007887 -0.092459 0.102017
1.600802 4.474203 -0.005440 0.541839 0.007859 -0.092254 0.101971
1.594457 4.478542 -0.005400 0.540858 0.007830 -0.092042 0.101919
1.587999 4.482942 -0.005358 0.539852 0.007802 -0.091821 0.101864
1.581421 4.487407 -0.005314 0.538829 0.007774 -0.091591 0.101808
1.574714 4.491938 -0.005267 0.537800 0.007747 -0.091352 0.101756
1.567869 4.496536 -0.005216 0.536779 0.007721 -0.091102 0.101712
1.560874 4.501199 -0.005159 0.535780 0.007697 -0.090842 0.101680
1.553733 4.505920 -0.005094 0.534797 0.007676 -0.090569 0.101650
1.546507 4.510680 -0.005035 0.533720 0.007652 -0.090295 0.101604
1.539200 4.515473 -0.004981 0.532544 0.007625 -0.090018 0.101531
1.531807 4.520295 -0.004930 0.531286 0.007597 -0.089738 0.101437
1.524317 4.525147 -0.004879 0.529960 0.007567 -0.089453 0.101325
1.516724 4.530032 -0.004829 0.528580 0.007538 -0.089163 0.101200
1.509022 4.534951 -0.004779 0.527153 0.007508 -0.088868 0.101065
1.501208 4.539908 -0.004727 0.525685 0.007478 -0.088568 0.100922
1.493277 4.544905 -0.004675 0.524181 0.007448 -0.088261 0.100773
1.485224 4.549944 -0.004621 0.522646 0.007419 -0.087947 0.100619
1.477040 4.555029 -0.004565 0.521088 0.007390 -0.087626 0.100464
1.468716 4.560157 -0.004506 0.519522 0.007362 -0.087298 0.100314
1.460239 4.565328 -0.004442 0.517966 0.007335 -0.086961 0.100171
1.451613 4.570532 -0.004369 0.516422 0.007313 -0.086614 0.100032
1.442913 4.575752 -0.004303 0.514779 0.007287 -0.086268 0.099873
1.434146 4.580981 -0.004241 0.513042 0.007259 -0.085922 0.099689
1.425302 4.586216 -0.004182 0.511231 0.007229 -0.085574 0.099484
1.416372 4.591456 -0.004123 0.509362 0.007200 -0.085225 0.099265
1.407350 4.596704 -0.004063 0.507446 0.007170 -0.084873 0.099034
1.398233 4.601961 -0.004003 0.505487 0.007140 -0.084518 0.098795
1.389017 4.607229 -0.003943 0.503489 0.007111 -0.084160 0.098547
1.379702 4.612511 -0.003882 0.501452 0.007081 -0.083799 0.098291
1.370284 4.617808 -0.003820 0.499376 0.007052 -0.083434 0.098028
1.360761 4.623122 -0.003757 0.497263 0.007023 -0.083065 0.097759
1.351125 4.628453 -0.003694 0.495120 0.006994 -0.082692 0.097485
1.341367 4.633802 -0.003628 0.492959 0.006965 -0.082315 0.097213
1.331474 4.639166 -0.003557 0.490802 0.006939 -0.081932 0.096948
1.321447 4.644538 -0.003479 0.488661 0.006916 -0.081543 0.096687
1.311377 4.649900 -0.003407 0.486426 0.006890 -0.081157 0.096406
1.301269 4.655246 -0.003340 0.484111 0.006862 -0.080773 0.096102
1.291112 4.660574 -0.003274 0.481739 0.006834 -0.080390 0.095782
1.280895 4.665884 -0.003208 0.479327 0.006805 -0.080007 0.095452
1.270614 4.671177 -0.003142 0.476883 0.006777 -0.079624 0.095115
1.260264 4.676456 -0.003074 0.474412 0.006749 -0.079241 0.094772
1.249844 4.681722 -0.003007 0.471913 0.006722 -0.078858 0.094423
1.239353 4.686977 -0.002938 0.469386 0.006695 -0.078473 0.094070
1.228787 4.692223 -0.002868 0.466835 0.006668 -0.078088 0.093713
1.218142 4.697460 -0.002798 0.464264 0.006642 -0.077702 0.093354
1.207406 4.702689 -0.002725 0.461689 0.006617 -0.077314 0.093000
1.196567 4.707909 -0.002647 0.459137 0.006594 -0.076924 0.092658
1.185626 4.713115 -0.002560 0.456628 0.006576 -0.076530 0.092328
1.174684 4.718291 -0.002480 0.454060 0.006555 -0.076141 0.091987
1.163751 4.723433 -0.002401 0.451449 0.006533 -0.075756 0.091630
1.152833 4.728540 -0.002323 0.448798 0.006511 -0.075375 0.091257
1.141906 4.733615 -0.002247 0.446108 0.006489 -0.074996 0.090872
1.130918 4.738661 -0.002170 0.443390 0.006467 -0.074617 0.090483
1.119893 4.743679 -0.002096 0.440617 0.006444 -0.074241 0.090081
1.108840 4.748671 -0.002024 0.437789 0.006420 -0.073865 0.089663
1.097761 4.753638 -0.001955 0.434911 0.006395 -0.073491 0.089232
1.086656 4.758581 -0.001886 0.431991 0.006370 -0.073118 0.088789
1.075518 4.763501 -0.001819 0.429042 0.006344 -0.072746 0.088340
1.064341 4.768398 -0.001750 0.426082 0.006319 -0.072374 0.087889
1.053116 4.773270 -0.001679 0.423132 0.006296 -0.072003 0.087444
1.041854 4.778114 -0.001602 0.420199 0.006276 -0.071632 0.086999
1.030611 4.782916 -0.001531 0.417201 0.006252 -0.071265 0.086541
1.019403 4.787673 -0.001466 0.414144 0.006227 -0.070903 0.086063
1.008223 4.792383 -0.001402 0.411051 0.006201 -0.070545 0.085573
0.997061 4.797046 -0.001339 0.407939 0.006176 -0.070191 0.085075
0.985913 4.801663 -0.001276 0.404817 0.006151 -0.069841 0.084574
0.974776 4.806236 -0.001213 0.401687 0.006126 -0.069493 0.084070
0.963650 4.810763 -0.001149 0.398551 0.006102 -0.069150 0.083563
0.952536 4.815246 -0.001086 0.395406 0.006078 -0.068809 0.083054
0.941432 4.819685 -0.001023 0.392252 0.006054 -0.068472 0.082542
0.930337 4.824080 -0.000961 0.389089 0.006030 -0.068137 0.082027
0.919246 4.828432 -0.000898 0.385919 0.006007 -0.067806 0.081511
0.908152 4.832740 -0.000835 0.382754 0.005984 -0.067477 0.080998
0.897044 4.837002 -0.000769 0.379611 0.005963 -0.067151 0.080493
0.885928 4.841216 -0.000697 0.376503 0.005946 -0.066827 0.079994
0.874873 4.845371 -0.000632 0.373349 0.005925 -0.066509 0.079485
0.863886 4.849463 -0.000570 0.370161 0.005903 -0.066196 0.078962
0.852958 4.853493 -0.000509 0.366960 0.005882 -0.065890 0.078432
0.842079 4.857460 -0.000449 0.363759 0.005861 -0.065588 0.077899
0.831246 4.861365 -0.000389 0.360561 0.005840 -0.065292 0.077366
0.820456 4.865209 -0.000328 0.357366 0.005820 -0.065000 0.076831
0.809709 4.868991 -0.000268 0.354171 0.005800 -0.064714 0.076295
0.799004 4.872713 -0.000209 0.350975 0.005780 -0.064432 0.075758
0.788340 4.876374 -0.000150 0.347775 0.005761 -0.064155 0.075217
0.777714 4.879975 -0.000092 0.344573 0.005741 -0.063882 0.074676
0.767116 4.883516 -0.000034 0.341376 0.005722 -0.063613 0.074136
0.756537 4.886996 0.000027 0.338203 0.005705 -0.063349 0.073604
0.745979 4.890412 0.000092 0.335067 0.005690 -0.063089 0.073079
0.735511 4.893757 0.000151 0.331897 0.005673 -0.062836 0.072544
0.725136 4.897030 0.000207 0.328709 0.005656 -0.062589 0.071999
0.714844 4.900229 0.000262 0.325522 0.005638 -0.062349 0.071449
0.704628 4.903355 0.000317 0.322344 0.005621 -0.062114 0.070899
0.694482 4.906409 0.000372 0.319178 0.005605 -0.061886 0.070350
0.684406 4.909391 0.000427 0.316023 0.005589 -0.061664 0.069802
0.674399 4.912301 0.000481 0.312875 0.005573 -0.061447 0.069253
0.664461 4.915140 0.000535 0.309733 0.005558 -0.061236 0.068703
0.654589 4.917908 0.000588 0.306592 0.005543 -0.061031 0.068151
0.644782 4.920605 0.000640 0.303455 0.005528 -0.060832 0.067598
0.635032 4.923231 0.000692 0.300326 0.005513 -0.060638 0.067047
0.625330 4.925785 0.000744 0.297222 0.005499 -0.060449 0.066502
0.615674 4.928267 0.000801 0.294157 0.005488 -0.060265 0.065965
0.606129 4.930671 0.000853 0.291072 0.005475 -0.060089 0.065420
0.596697 4.932995 0.000902 0.287981 0.005462 -0.059919 0.064867
0.587365 4.935240 0.000951 0.284902 0.005449 -0.059757 0.064314
0.578128 4.937405 0.000999 0.281841 0.005436 -0.059601 0.063761
0.568983 4.939491 0.001048 0.278799 0.005425 -0.059452 0.063212
0.559927 4.941499 0.001096 0.275776 0.005413 -0.059309 0.062664
0.550962 4.943428 0.001144 0.272769 0.005402 -0.059173 0.062117
0.542086 4.945279 0.001191 0.269774 0.005392 -0.059043 0.061570
0.533300 4.947051 0.001237 0.266789 0.005381 -0.058919 0.061023
0.524603 4.948744 0.001282 0.263812 0.005371 -0.058802 0.060475
0.515992 4.950360 0.001326 0.260842 0.005361 -0.058691 0.059926
0.507463 4.951896 0.001370 0.257885 0.005351 -0.058587 0.059378
0.499005 4.953354 0.001414 0.254953 0.005342 -0.058488 0.058836
0.490618 4.954732 0.001461 0.252059 0.005335 -0.058396 0.058301
0.482356 4.956026 0.001504 0.249156 0.005327 -0.058311 0.057760
0.474217 4.957236 0.001544 0.246258 0.005318 -0.058234 0.057215
0.466192 4.958361 0.001585 0.243378 0.005310 -0.058163 0.056669
0.458275 4.959402 0.001624 0.240520 0.005302 -0.058100 0.056126
0.450464 4.960359 0.001664 0.237685 0.005295 -0.058043 0.055586
0.442757 4.961231 0.001703 0.234873 0.005289 -0.057994 0.055048
0.435154 4.962019 0.001742 0.232079 0.005283 -0.057952 0.054512
0.427653 4.962722 0.001781 0.229303 0.005277 -0.057916 0.053977
0.420255 4.963340 0.001818 0.226543 0.005272 -0.057888 0.053442
0.412956 4.963873 0.001855 0.223797 0.005267 -0.057866 0.052909
0.405754 4.964320 0.001891 0.221071 0.005262 -0.057851 0.052378
0.398640 4.964682 0.001928 0.218373 0.005258 -0.057844 0.051853
0.391614 4.964958 0.001967 0.215713 0.005256 -0.057843 0.051335
0.384715 4.965145 0.002003 0.213059 0.005253 -0.057849 0.050814
0.377943 4.965242 0.002037 0.210420 0.005250 -0.057863 0.050293
0.371291 4.965250 0.002072 0.207809 0.005248 -0.057885 0.049775
0.364755 4.965167 0.002106 0.205228 0.005247 -0.057915 0.049261
0.358333 4.964995 0.002141 0.202680 0.005247 -0.057951 0.048753
0.352024 4.964732 0.002177 0.200165 0.005247 -0.057996 0.048250
0.345828 4.964379 0.002212 0.197683 0.005249 -0.058047 0.047753
0.339747 4.963934 0.002248 0.195236 0.005251 -0.058106 0.047262
0.333779 4.963398 0.002284 0.192823 0.005254 -0.058173 0.046778
0.327925 4.962771 0.002320 0.190449 0.005258 -0.058247 0.046301
0.322184 4.962052 0.002357 0.188119 0.005263 -0.058329 0.045834
0.316554 4.961240 0.002396 0.185843 0.005270 -0.058418 0.045379
0.311033 4.960336 0.002438 0.183633 0.005278 -0.058515 0.044940
0.305650 4.959338 0.002480 0.181474 0.005288 -0.058619 0.044512
0.300407 4.958246 0.002524 0.179381 0.005299 -0.058731 0.044099
0.295301 4.957060 0.002570 0.177370 0.005313 -0.058852 0.043706
0.290334 4.955779 0.002620 0.175454 0.005328 -0.058980 0.043337
0.285510 4.954404 0.002675 0.173647 0.005347 -0.059115 0.042996
0.280833 4.952936 0.002734 0.171966 0.005369 -0.059259 0.042690
0.276310 4.951373 0.002799 0.170431 0.005395 -0.059410 0.042424
0.271949 4.949717 0.002872 0.169067 0.005425 -0.059570 0.042206
0.267761 4.947968 0.002954 0.167908 0.005460 -0.059737 0.042046
0.263761 4.946127 0.003047 0.166991 0.005501 -0.059913 0.041956
0.259974 4.944193 0.003153 0.166359 0.005549 -0.060098 0.041947
0.256464 4.942167 0.003275 0.166030 0.005607 -0.060292 0.042013
0.253438 4.940048 0.003413 0.165866 0.005674 -0.060497 0.042066
0.251710 4.937827 0.003415 0.164929 0.005680 -0.060708 0.041867
0.250308 4.935513 0.003433 0.164290 0.005695 -0.060923 0.041731
