-0.000000
-0.002082
-0.003289
-0.003868
-0.004149
-0.004242
-0.004209
-0.004072
-0.003871
-0.003636
-0.003387
-0.003135
-0.002889
-0.002652
-0.002419
-0.002198
-0.001980
-0.001760
-0.001560
-0.001372
-0.001195
-0.001031
-0.000882
-0.000749
-0.000634
-0.000538
-0.000462
-0.000393
-0.000334
-0.000272
-0.000210
-0.000146
-0.000084
-0.000026
0.000026
0.000071
0.000110
0.000140
0.000162
0.000174
0.000178
0.000181
0.000176
0.000171
0.000166
0.000162
0.000156
0.000148
0.000138
0.000124
0.000104
0.000079
0.000048
0.000011
-0.000026
-0.000067
-0.000106
-0.000143
-0.000178
-0.000211
-0.000245
-0.000280
-0.000317
-0.000358
-0.000403
-0.000454
-0.000509
-0.000562
-0.000618
-0.000672
-0.000721
-0.000767
-0.000811
-0.000854
-0.000897
-0.000941
-0.000987
-0.001037
-0.001090
-0.001149
-0.001211
-0.001272
-0.001336
-0.001396
-0.001452
-0.001505
-0.001556
-0.001606
-0.001656
-0.001707
-0.001761
-0.001818
-0.001880
-0.001945
-0.002009
-0.002074
-0.002136
-0.002193
-0.002247
-0.002298
-0.002348
-0.002398
-0.002449
-0.002502
-0.002558
-0.002619
-0.002682
-0.002744
-0.002807
-0.002866
-0.002920
-0.002970
-0.003017
-0.003062
-0.003106
-0.003151
-0.003197
-0.003245
-0.003297
-0.003354
-0.003413
-0.003471
-0.003530
-0.003585
-0.003636
-0.003683
-0.003728
-0.003771
-0.003813
-0.003857
-0.003902
-0.003950
-0.004003
-0.004058
-0.004111
-0.004165
-0.004216
-0.004261
-0.004303
-0.004342
-0.004379
-0.004416
-0.004453
-0.004493
-0.004535
-0.004580
-0.004628
-0.004674
-0.004720
-0.004763
-0.004801
-0.004834
-0.004864
-0.004892
-0.004919
-0.004946
-0.004974
-0.005004
-0.005038
-0.005075
-0.005115
-0.005152
-0.005191
-0.005226
-0.005257
-0.005284
-0.005308
-0.005330
-0.005352
-0.005375
-0.005399
-0.005426
-0.005456
-0.005489
-0.005519
-0.005550
-0.005578
-0.005601
-0.005621
-0.005637
-0.005651
-0.005665
-0.005680
-0.005696
-0.005714
-0.005736
-0.005759
-0.005780
-0.005802
-0.005821
-0.005834
-0.005844
-0.005850
-0.005854
-0.005857
-0.005859
-0.005863
-0.005869
-0.005878
-0.005890
-0.005904
-0.005916
-0.005930
-0.005940
-0.005946
-0.005949
-0.005949
-0.005947
-0.005945
-0.005943
-0.005943
-0.005945
-0.005951
-0.005959
-0.005964
-0.005970
-0.005974
-0.005973
-0.005968
-0.005961
-0.005953
-0.005943
-0.005935
-0.005927
-0.005923
-0.005921
-0.005921
-0.005918
-0.005917
-0.005912
-0.005904
-0.005891
-0.005876
-0.005859
-0.005840
-0.005822
-0.005806
-0.005791
-0.005779
-0.005771
-0.005764
-0.005756
-0.005750
-0.005741
-0.005728
-0.005713
-0.005695
-0.005676
-0.005657
-0.005638
-0.005622
-0.005609
-0.005598
-0.005590
-0.005579
-0.005571
-0.005560
-0.005546
-0.005529
-0.005510
-0.005490
-0.005469
-0.005450
-0.005433
-0.005419
-0.005408
-0.005399
-0.005387
-0.005378
-0.005367
-0.005353
-0.005336
-0.005317
-0.005297
-0.005276
-0.005257
-0.005240
-0.005225
-0.005214
-0.005207
-0.005203
-0.005197
-0.005195
-0.005191
-0.005185
-0.005177
-0.005168
-0.005160
-0.005152
-0.005146
-0.005143
-0.005144
-0.005149
-0.005157
-0.005163
-0.005173
-0.005183
-0.005191
-0.005197
-0.005203
-0.005209
-0.005216
-0.005226
-0.005239
-0.005256
-0.005278
-0.005302
-0.005325
-0.005353
-0.005380
-0.005405
-0.005428
-0.005451
-0.005474
-0.005498
-0.005524
-0.005553
-0.005584
-0.005620
-0.005660
-0.005702
-0.005741
-0.005783
-0.005823
-0.005860
-0.005894
-0.005924
-0.005953
-0.005979
-0.006003
-0.006026
-0.006047
-0.006066
-0.006084
-0.006101
-0.006116
-0.006130
-0.006142
-0.006152
-0.006160
-0.006166
-0.006169
-0.006169
-0.006166
-0.006160
-0.006151
-0.006144
-0.006149
-0.006141
-0.006130
-0.006120
-0.006111
-0.006104
-0.006097
-0.006091
-0.006084
-0.006077
-0.006067
-0.006056
-0.006043
-0.006033
-0.006035
-0.006025
-0.006011
-0.005999
-0.005988
-0.005978
-0.005968
-0.005959
-0.005948
-0.005936
-0.005922
-0.005907
-0.005895
-0.005895
-0.005882
-0.005866
-0.005851
-0.005838
-0.005825
-0.005813
-0.005800
-0.005787
-0.005772
-0.005755
-0.005737
-0.005721
-0.005718
-0.005702
-0.005683
-0.005664
-0.005647
-0.005632
-0.005617
-0.005602
-0.005586
-0.005569
-0.005549
-0.005527
-0.005503
-0.005481
-0.005472
-0.005448
-0.005422
-0.005396
-0.005370
-0.005346
-0.005322
-0.005298
-0.005272
-0.005244
-0.005214
-0.005183
-0.005153
-0.005137
-0.005107
-0.005074
-0.005041
-0.005010
-0.004980
-0.004951
-0.004921
-0.004890
-0.004858
-0.004824
-0.004788
-0.004755
-0.004735
-0.004702
-0.004666
-0.004631
-0.004598
-0.004567
-0.004538
-0.004508
-0.004478
-0.004446
-0.004413
-0.004378
-0.004341
-0.004307
-0.004287
-0.004252
-0.004216
-0.004180
-0.004147
-0.004116
-0.004086
-0.004056
-0.004026
-0.003996
-0.003964
-0.003933
-0.003905
-0.003892
-0.003867
-0.003841
-0.003819
-0.003801
-0.003787
-0.003777
-0.003771
-0.003768
-0.003768
-0.003770
-0.003775
-0.003781
-0.003789
-0.003798
-0.003808
-0.003820
-0.003832
-0.003846
-0.003860
-0.003875
-0.003890
-0.003906
-0.003922
-0.003939
-0.003956
-0.003974
-0.003991
-0.004009
-0.004027
-0.004046
-0.004064
-0.004083
-0.004102
-0.004121
-0.004139
-0.004158
-0.004177
-0.004197
-0.004216
-0.004235
-0.004254
-0.004273
-0.004292
-0.004311
-0.004330
-0.004349
-0.004368
-0.004387
-0.004406
-0.004425
-0.004443
-0.004462
-0.004480
-0.004499
-0.004517
-0.004535
-0.004553
-0.004571
-0.004589
-0.004607
-0.004624
-0.004642
-0.004659
-0.004676
-0.004693
-0.004710
-0.004727
-0.004743
-0.004759
-0.004776
-0.004792
-0.004808
-0.004823
-0.004839
-0.004854
-0.004869
-0.004884
-0.004899
-0.004914
-0.004928
-0.004942
-0.004956
-0.004970
-0.004984
-0.004997
-0.005011
-0.005024
-0.005037
-0.005050
-0.005062
-0.005075
-0.005087
-0.005099
-0.005111
-0.005122
-0.005134
-0.005145
-0.005156
-0.005167
-0.005178
-0.005188
-0.005199
-0.005209
-0.005219
-0.005228
-0.005238
-0.005248
-0.005257
-0.005266
-0.005275
-0.005284
-0.005292
-0.005301
-0.005309
-0.005317
-0.005325
-0.005333
-0.005340
-0.005348
-0.005355
-0.005362
-0.005369
-0.005376
-0.005383
-0.005389
-0.005396
-0.005402
-0.005408
-0.005414
-0.005420
-0.005425
-0.005431
-0.005436
-0.005442
-0.005447
-0.005452
-0.005457
-0.005462
-0.005466
-0.005471
-0.005475
-0.005480
-0.005484
-0.005488
-0.005492
-0.005496
-0.005500
-0.005503
-0.005507
-0.005511
-0.005514
-0.005517
-0.005520
-0.005524
-0.005527
-0.005529
-0.005532
-0.005535
-0.005538
-0.005540
-0.005543
-0.005545
-0.005548
-0.005550
-0.005552
-0.005554
-0.005556
-0.005558
-0.005560
-0.005562
-0.005564
-0.005566
-0.005567
-0.005569
-0.005571
-0.005572
-0.005573
-0.005575
-0.005576
-0.005577
-0.005579
-0.005580
-0.005581
-0.005582
-0.005583
-0.005584
-0.005585
-0.005586
-0.005587
-0.005587
-0.005588
-0.005589
-0.005590
-0.005590
-0.005591
-0.005591
-0.005592
-0.005592
-0.005593
-0.005593
-0.005593
-0.005594
-0.005594
-0.005594
-0.005595
-0.005595
-0.005595
-0.005595
-0.005595
-0.005595
-0.005595
-0.005595
-0.005595
-0.005595
-0.005595
-0.005595
-0.005594
-0.005594
-0.005594
-0.005594
-0.005593
-0.005593
-0.005593
-0.005592
-0.005592
-0.005591
-0.005591
-0.005590
-0.005589
-0.005589
-0.005588
-0.005587
-0.005587
-0.005586
-0.005585
-0.005584
-0.005583
-0.005582
-0.005581
-0.005580
-0.005579
-0.005578
-0.005576
-0.005575
-0.005574
-0.005572
-0.005571
-0.005569
-0.005568
-0.005566
-0.005565
-0.005563
-0.005561
-0.005559
-0.005558
-0.005556
-0.005554
-0.005551
-0.005549
-0.005547
-0.005545
-0.005542
-0.005540
-0.005538
-0.005535
-0.005532
-0.005530
-0.005527
-0.005524
-0.005521
-0.005518
-0.005515
-0.005511
-0.005508
-0.005504
-0.005501
-0.005497
-0.005494
-0.005490
-0.005486
-0.005482
-0.005478
-0.005473
-0.005469
-0.005464
-0.005460
-0.005455
-0.005450
-0.005445
-0.005440
-0.005435
-0.005430
-0.005424
-0.005419
-0.005413
-0.005407
-0.005401
-0.005395
-0.005389
-0.005382
-0.005376
-0.005369
-0.005362
-0.005355
-0.005348
-0.005341
-0.005333
-0.005326
-0.005318
-0.005310
-0.005302
-0.005294
-0.005285
-0.005277
-0.005268
-0.005259
-0.005250
-0.005241
-0.005231
-0.005221
-0.005212
-0.005202
-0.005192
-0.005181
-0.005171
-0.005160
-0.005149
-0.005138
-0.005127
-0.005115
-0.005104
-0.005092
-0.005080
-0.005068
-0.005055
-0.005043
-0.005030
-0.005017
-0.005004
-0.004990
-0.004977
-0.004963
-0.004949
-0.004935
-0.004921
-0.004906
-0.004892
-0.004877
-0.004862
-0.004847
-0.004831
-0.004816
-0.004800
-0.004784
-0.004768
-0.004752
-0.004735
-0.004719
-0.004702
-0.004685
-0.004668
-0.004651
-0.004633
-0.004616
-0.004598
-0.004580
-0.004562
-0.004544
-0.004526
-0.004507
-0.004489
-0.004470
-0.004452
-0.004433
-0.004414
-0.004395
-0.004376
-0.004357
-0.004338
-0.004318
-0.004299
-0.004280
-0.004260
-0.004241
-0.004221
-0.004202
-0.004182
-0.004163
-0.004143
-0.004124
-0.004105
-0.004085
-0.004066
-0.004047
-0.004028
-0.004009
-0.003990
-0.003972
-0.003953
-0.003935
-0.003917
-0.003900
-0.003883
-0.003866
-0.003850
-0.003834
-0.003818
-0.003804
-0.003790
-0.003777
-0.003765
-0.003754
-0.003744
-0.003736
-0.003729
-0.003725
-0.003722
-0.003722
-0.003724
-0.003730
-0.003739
-0.003752
-0.003770
-0.003792
-0.003817
-0.003841
-0.003854
-0.003881
-0.003912
-0.003944
-0.003974
-0.004003
-0.004032
-0.004062
-0.004093
-0.004127
-0.004162
-0.004199
-0.004233
-0.004254
-0.004289
-0.004326
-0.004362
-0.004397
-0.004430
-0.004461
-0.004493
-0.004525
-0.004559
-0.004594
-0.004630
-0.004663
-0.004682
-0.004714
-0.004749
-0.004781
-0.004811
-0.004839
-0.004866
-0.004892
-0.004918
-0.004944
-0.004973
-0.005002
-0.005033
-0.005061
-0.005075
-0.005103
-0.005132
-0.005161
-0.005187
-0.005211
-0.005235
-0.005257
-0.005281
-0.005305
-0.005330
-0.005356
-0.005379
-0.005388
-0.005410
-0.005434
-0.005457
-0.005477
-0.005495
-0.005512
-0.005529
-0.005546
-0.005563
-0.005582
-0.005601
-0.005617
-0.005618
-0.005633
-0.005650
-0.005664
-0.005677
-0.005687
-0.005696
-0.005704
-0.005713
-0.005722
-0.005732
-0.005744
-0.005757
-0.005767
-0.005764
-0.005775
-0.005788
-0.005799
-0.005810
-0.005818
-0.005826
-0.005834
-0.005843
-0.005853
-0.005865
-0.005877
-0.005887
-0.005884
-0.005894
-0.005907
-0.005918
-0.005928
-0.005937
-0.005945
-0.005952
-0.005960
-0.005969
-0.005980
-0.005990
-0.005998
-0.005992
-0.005998
-0.006006
-0.006011
-0.006012
-0.006011
-0.006007
-0.005999
-0.005990
-0.005978
-0.005965
-0.005950
-0.005933
-0.005916
-0.005897
-0.005877
-0.005856
-0.005833
-0.005809
-0.005784
-0.005756
-0.005726
-0.005693
-0.005657
-0.005618
-0.005575
-0.005530
-0.005488
-0.005444
-0.005402
-0.005364
-0.005329
-0.005297
-0.005267
-0.005239
-0.005211
-0.005183
-0.005153
-0.005123
-0.005091
-0.005065
-0.005037
-0.005012
-0.004993
-0.004977
-0.004966
-0.004957
-0.004950
-0.004943
-0.004937
-0.004930
-0.004921
-0.004910
-0.004897
-0.004889
-0.004878
-0.004870
-0.004867
-0.004867
-0.004869
-0.004874
-0.004879
-0.004884
-0.004887
-0.004889
-0.004889
-0.004886
-0.004887
-0.004886
-0.004888
-0.004894
-0.004902
-0.004913
-0.004926
-0.004939
-0.004952
-0.004963
-0.004971
-0.004977
-0.004981
-0.004988
-0.004993
-0.005000
-0.005012
-0.005026
-0.005043
-0.005061
-0.005080
-0.005099
-0.005116
-0.005131
-0.005142
-0.005150
-0.005156
-0.005163
-0.005168
-0.005175
-0.005185
-0.005197
-0.005212
-0.005227
-0.005242
-0.005256
-0.005267
-0.005275
-0.005280
-0.005282
-0.005286
-0.005287
-0.005291
-0.005298
-0.005307
-0.005318
-0.005330
-0.005342
-0.005352
-0.005360
-0.005365
-0.005366
-0.005365
-0.005365
-0.005363
-0.005363
-0.005367
-0.005374
-0.005383
-0.005393
-0.005403
-0.005412
-0.005420
-0.005424
-0.005425
-0.005421
-0.005414
-0.005408
-0.005400
-0.005394
-0.005391
-0.005390
-0.005391
-0.005393
-0.005395
-0.005394
-0.005392
-0.005385
-0.005374
-0.005361
-0.005348
-0.005333
-0.005321
-0.005312
-0.005306
-0.005301
-0.005298
-0.005293
-0.005288
-0.005280
-0.005268
-0.005253
-0.005234
-0.005216
-0.005197
-0.005180
-0.005167
-0.005157
-0.005150
-0.005143
-0.005137
-0.005130
-0.005121
-0.005109
-0.005093
-0.005073
-0.005048
-0.005025
-0.005000
-0.004977
-0.004958
-0.004941
-0.004927
-0.004913
-0.004899
-0.004884
-0.004866
-0.004844
-0.004818
-0.004788
-0.004760
-0.004730
-0.004702
-0.004679
-0.004658
-0.004640
-0.004623
-0.004605
-0.004587
-0.004565
-0.004541
-0.004512
-0.004479
-0.004448
-0.004415
-0.004386
-0.004361
-0.004340
-0.004321
-0.004304
-0.004287
-0.004269
-0.004250
-0.004227
-0.004201
-0.004171
-0.004136
-0.004103
-0.004068
-0.004036
-0.004008
-0.003984
-0.003961
-0.003940
-0.003919
-0.003897
-0.003872
-0.003844
-0.003811
-0.003775
-0.003740
-0.003703
-0.003671
-0.003642
-0.003618
-0.003595
-0.003574
-0.003553
-0.003531
-0.003507
-0.003479
-0.003447
-0.003412
-0.003378
-0.003343
-0.003312
-0.003286
-0.003263
-0.003244
-0.003226
-0.003210
-0.003192
-0.003174
-0.003152
-0.003127
-0.003098
-0.003064
-0.003032
-0.002999
-0.002969
-0.002944
-0.002923
-0.002904
-0.002887
-0.002870
-0.002852
-0.002832
-0.002809
-0.002781
-0.002749
-0.002720
-0.002689
-0.002663
-0.002641
-0.002624
-0.002609
-0.002596
-0.002583
-0.002570
-0.002555
-0.002536
-0.002514
-0.002489
-0.002465
-0.002441
-0.002422
-0.002408
-0.002399
-0.002394
-0.002391
-0.002389
-0.002388
-0.002386
-0.002382
-0.002376
-0.002366
-0.002353
-0.002343
-0.002332
-0.002327
-0.002329
-0.002335
-0.002346
-0.002360
-0.002376
-0.002393
-0.002411
-0.002427
-0.002441
-0.002455
-0.002473
-0.002493
-0.002521
-0.002558
-0.002602
-0.002654
-0.002711
-0.002774
-0.002842
-0.002912
-0.002986
-0.003062
-0.003141
-0.003229
-0.003325
-0.003433
-0.003555
-0.003692
-0.003841
-0.004004
-0.004179
-0.004366
-0.004564
-0.004774
-0.004995
-0.005227
-0.005470
-0.005731
-0.006007
-0.006304
-0.006621
-0.006956
-0.007303
-0.007658
-0.008008
-0.008339
-0.008629
-0.008840
-0.008917
-0.008775
-0.008641
-0.008617
