1.747000 5.290000 -30.052007 -8.279026 0.000000 0.000000 -0.000000
1.703702 5.236710 -29.592525 -8.166290 -0.012233 -0.037406 -0.011945
1.626413 5.168208 -29.133767 -7.998815 -0.016668 -0.069432 -0.009151
1.537993 5.093158 -28.676511 -7.808578 -0.018843 -0.091731 -0.001552
1.451475 5.014944 -28.220709 -7.609560 -0.019769 -0.107965 0.007683
1.373559 4.935194 -27.766319 -7.408147 -0.020097 -0.120655 0.017455
1.306961 4.854753 -27.313319 -7.207262 -0.020096 -0.130728 0.027049
1.252425 4.774110 -26.861683 -7.008437 -0.019915 -0.138742 0.036175
1.209525 4.693454 -26.411379 -6.812278 -0.019637 -0.145167 0.044807
1.177362 4.612911 -25.962377 -6.619103 -0.019304 -0.150295 0.052980
1.154861 4.532576 -25.514649 -6.429095 -0.018937 -0.154343 0.060745
1.140918 4.452534 -25.068167 -6.242375 -0.018549 -0.157473 0.068146
1.134476 4.372856 -24.622903 -6.059030 -0.018146 -0.159808 0.075219
1.134561 4.293612 -24.178832 -5.879132 -0.017734 -0.161449 0.081990
1.140282 4.214862 -23.735928 -5.702742 -0.017314 -0.162480 0.088477
1.150778 4.136651 -23.294167 -5.529858 -0.016884 -0.162962 0.094710
1.165303 4.059028 -22.853525 -5.360496 -0.016443 -0.162946 0.100701
1.183147 3.982030 -22.413977 -5.194619 -0.015989 -0.162497 0.106452
1.203859 3.905702 -21.975505 -5.032346 -0.015514 -0.161481 0.111899
1.227054 3.830095 -21.538083 -4.873679 -0.015035 -0.160094 0.117109
1.252315 3.755231 -21.101687 -4.718542 -0.014557 -0.158455 0.122135
1.279256 3.681138 -20.666294 -4.566866 -0.014083 -0.156613 0.127004
1.307532 3.607834 -20.231881 -4.418583 -0.013613 -0.154606 0.131739
1.336839 3.535338 -19.798428 -4.273630 -0.013146 -0.152463 0.136356
1.366916 3.463666 -19.365912 -4.131946 -0.012681 -0.150207 0.140867
1.397545 3.392831 -18.934312 -3.993484 -0.012220 -0.147856 0.145276
1.428549 3.322848 -18.503606 -3.858217 -0.011762 -0.145428 0.149577
1.459800 3.253733 -18.073776 -3.726166 -0.011313 -0.142948 0.153750
1.491038 3.185489 -17.644798 -3.597251 -0.010870 -0.140426 0.157819
1.522177 3.118134 -17.216656 -3.471514 -0.010452 -0.137881 0.161758
1.553148 3.051701 -16.790701 -3.348960 -0.010121 -0.135318 0.165551
1.583754 2.986305 -16.375192 -3.229353 -0.009706 -0.132772 0.169267
1.613967 2.921930 -15.969999 -3.112691 -0.009296 -0.130230 0.172890
1.643743 2.858554 -15.574866 -2.998931 -0.008893 -0.127694 0.176414
1.673040 2.796155 -15.189540 -2.888012 -0.008497 -0.125163 0.179840
1.701816 2.734711 -14.813776 -2.779870 -0.008107 -0.122641 0.183171
1.730034 2.674200 -14.447332 -2.674435 -0.007722 -0.120128 0.186411
1.757665 2.614604 -14.089975 -2.571642 -0.007343 -0.117625 0.189563
1.784684 2.555905 -13.741477 -2.471428 -0.006969 -0.115134 0.192631
1.811074 2.498086 -13.401616 -2.373737 -0.006599 -0.112655 0.195613
1.836825 2.441133 -13.070178 -2.278527 -0.006235 -0.110190 0.198506
1.861931 2.385034 -12.746955 -2.185771 -0.005878 -0.107742 0.201305
1.886329 2.329764 -12.431738 -2.095396 -0.005525 -0.105313 0.204019
1.910017 2.275313 -12.124331 -2.007377 -0.005179 -0.102904 0.206645
1.932995 2.221669 -11.824539 -1.921675 -0.004840 -0.100517 0.209176
1.955262 2.168821 -11.532173 -1.838241 -0.004509 -0.098153 0.211614
1.976814 2.116758 -11.247047 -1.757019 -0.004183 -0.095809 0.213960
1.997648 2.065470 -10.968982 -1.677951 -0.003864 -0.093488 0.216219
2.017761 2.014947 -10.697799 -1.600978 -0.003550 -0.091188 0.218394
2.037150 1.965180 -10.433326 -1.526043 -0.003242 -0.088910 0.220490
2.055816 1.916162 -10.175396 -1.453089 -0.002938 -0.086653 0.222510
2.073761 1.867884 -9.923846 -1.382067 -0.002639 -0.084418 0.224457
2.090992 1.820341 -9.678517 -1.312931 -0.002344 -0.082205 0.226331
2.107522 1.773526 -9.439255 -1.245653 -0.002054 -0.080014 0.228127
2.123363 1.727433 -9.205913 -1.180215 -0.001770 -0.077847 0.229841
2.138469 1.682047 -8.978339 -1.116558 -0.001491 -0.075705 0.231483
2.152854 1.637362 -8.756394 -1.054667 -0.001217 -0.073588 0.233048
2.166532 1.593372 -8.539937 -0.994516 -0.000951 -0.071497 0.234531
2.179515 1.550073 -8.328835 -0.936065 -0.000690 -0.069433 0.235933
2.191810 1.507460 -8.122952 -0.879271 -0.000436 -0.067394 0.237255
2.203425 1.465526 -7.922159 -0.824086 -0.000187 -0.065381 0.238503
2.214366 1.424267 -7.726329 -0.770461 0.000057 -0.063393 0.239680
2.224640 1.383680 -7.535337 -0.718351 0.000296 -0.061431 0.240790
2.234254 1.343758 -7.349064 -0.667709 0.000531 -0.059495 0.241838
2.243220 1.304499 -7.167390 -0.618496 0.000761 -0.057583 0.242826
2.251550 1.265897 -6.990204 -0.570677 0.000988 -0.055697 0.243754
2.259264 1.227951 -6.817394 -0.524233 0.001211 -0.053837 0.244618
2.266380 1.190654 -6.648855 -0.479157 0.001426 -0.052005 0.245412
2.272855 1.153992 -6.484478 -0.435401 0.001639 -0.050198 0.246148
2.278709 1.117962 -6.324161 -0.392958 0.001846 -0.048419 0.246819
2.283961 1.082558 -6.167806 -0.351811 0.002047 -0.046668 0.247423
2.288625 1.047776 -6.015316 -0.311933 0.002242 -0.044944 0.247957
2.292713 1.013612 -5.866593 -0.273287 0.002431 -0.043247 0.248426
2.296237 0.980063 -5.721544 -0.235836 0.002615 -0.041578 0.248832
2.299204 0.947123 -5.580078 -0.199541 0.002795 -0.039935 0.249180
2.301624 0.914790 -5.442104 -0.164364 0.002970 -0.038320 0.249474
2.303507 0.883058 -5.307536 -0.130267 0.003141 -0.036732 0.249719
2.304863 0.851924 -5.176289 -0.097214 0.003309 -0.035170 0.249918
2.305705 0.821384 -5.048280 -0.065175 0.003473 -0.033636 0.250073
2.306048 0.791434 -4.923430 -0.034125 0.003634 -0.032128 0.250185
2.305914 0.762069 -4.801661 -0.004052 0.003791 -0.030648 0.250248
2.305321 0.733284 -4.682901 0.025041 0.003942 -0.029196 0.250259
2.304230 0.705065 -4.567070 0.053197 0.004091 -0.027769 0.250226
2.302658 0.677405 -4.454099 0.080414 0.004235 -0.026370 0.250146
2.300627 0.650299 -4.343919 0.106700 0.004374 -0.024998 0.250014
2.298152 0.623742 -4.236461 0.132077 0.004508 -0.023653 0.249829
2.295246 0.597731 -4.131658 0.156575 0.004637 -0.022335 0.249595
2.291920 0.572260 -4.029442 0.180224 0.004762 -0.021043 0.249315
2.288184 0.547324 -3.929750 0.203056 0.004883 -0.019777 0.248993
2.284047 0.522920 -3.832519 0.225104 0.005000 -0.018538 0.248635
2.279521 0.499042 -3.737686 0.246397 0.005114 -0.017325 0.248242
2.274618 0.475687 -3.645192 0.266961 0.005225 -0.016138 0.247819
2.269353 0.452849 -3.554980 0.286816 0.005334 -0.014978 0.247365
2.263748 0.430523 -3.466995 0.305967 0.005439 -0.013843 0.246875
2.257819 0.408703 -3.381184 0.324407 0.005539 -0.012735 0.246345
2.251527 0.387372 -3.297489 0.342172 0.005637 -0.011651 0.245785
2.244889 0.366523 -3.215861 0.359256 0.005731 -0.010592 0.245189
2.237924 0.346151 -3.136251 0.375663 0.005820 -0.009558 0.244554
2.230648 0.326251 -3.058608 0.391408 0.005905 -0.008548 0.243880
2.223073 0.306817 -2.982883 0.406516 0.005986 -0.007563 0.243169
2.215209 0.287844 -2.909029 0.421013 0.006063 -0.006601 0.242424
2.207064 0.269327 -2.836999 0.434926 0.006137 -0.005664 0.241650
2.198648 0.251262 -2.766747 0.448281 0.006208 -0.004750 0.240850
2.189969 0.233643 -2.698229 0.461103 0.006277 -0.003861 0.240029
2.181040 0.216467 -2.631400 0.473414 0.006343 -0.002994 0.239189
2.171876 0.199726 -2.566221 0.485227 0.006407 -0.002151 0.238329
2.162494 0.183417 -2.502650 0.496544 0.006468 -0.001332 0.237446
2.152911 0.167530 -2.440653 0.507352 0.006525 -0.000537 0.236532
2.143084 0.152051 -2.380184 0.517685 0.006580 0.000238 0.235600
2.133031 0.136970 -2.321209 0.527530 0.006632 0.000991 0.234643
2.122767 0.122282 -2.263693 0.536887 0.006680 0.001724 0.233658
2.112308 0.107982 -2.207600 0.545768 0.006725 0.002436 0.232643
2.101663 0.094064 -2.152895 0.554190 0.006765 0.003127 0.231601
2.090841 0.080523 -2.099542 0.562175 0.006803 0.003797 0.230534
2.079848 0.067355 -2.047508 0.569747 0.006838 0.004447 0.229448
2.068693 0.054555 -1.996759 0.576926 0.006870 0.005078 0.228346
2.057381 0.042117 -1.947263 0.583736 0.006900 0.005688 0.227231
2.045920 0.030038 -1.898989 0.590197 0.006929 0.006278 0.226106
2.034321 0.018311 -1.851905 0.596324 0.006957 0.006848 0.224975
2.022596 0.006934 -1.805983 0.602128 0.006983 0.007398 0.223835
2.010762 -0.004102 -1.761196 0.607604 0.007006 0.007929 0.222683
1.998831 -0.014802 -1.717518 0.612739 0.007027 0.008440 0.221512
1.986762 -0.025184 -1.674917 0.617560 0.007046 0.008934 0.220334
1.974566 -0.035256 -1.633369 0.622054 0.007063 0.009411 0.219143
1.962259 -0.045022 -1.592850 0.626216 0.007078 0.009873 0.217934
1.949855 -0.054489 -1.553334 0.630055 0.007089 0.010317 0.216706
1.937360 -0.063661 -1.514796 0.633587 0.007098 0.010746 0.215463
1.924782 -0.072542 -1.477212 0.636829 0.007104 0.011158 0.214206
1.912127 -0.081137 -1.440558 0.639802 0.007109 0.011555 0.212940
1.899401 -0.089449 -1.404809 0.642525 0.007112 0.011936 0.211668
1.886608 -0.097484 -1.369942 0.645015 0.007114 0.012300 0.210394
1.873759 -0.105244 -1.335937 0.647288 0.007115 0.012649 0.209120
1.860863 -0.112736 -1.302770 0.649350 0.007115 0.012982 0.207844
1.847936 -0.119963 -1.270424 0.651196 0.007114 0.013299 0.206562
1.834989 -0.126934 -1.238881 0.652807 0.007109 0.013601 0.205269
1.821977 -0.133665 -1.208115 0.654213 0.007105 0.013890 0.203975
1.808910 -0.140162 -1.178110 0.655396 0.007098 0.014167 0.202675
1.795803 -0.146431 -1.148850 0.656349 0.007090 0.014432 0.201364
1.782666 -0.152477 -1.120315 0.657080 0.007079 0.014686 0.200041
1.769506 -0.158303 -1.092487 0.657600 0.007066 0.014927 0.198709
1.756329 -0.163913 -1.065349 0.657925 0.007051 0.015156 0.197370
1.743138 -0.169311 -1.038882 0.658074 0.007036 0.015374 0.196028
1.729938 -0.174499 -1.013070 0.658063 0.007019 0.015580 0.194686
1.716733 -0.179482 -0.987896 0.657907 0.007001 0.015774 0.193347
1.703531 -0.184262 -0.963343 0.657619 0.006983 0.015956 0.192014
1.690340 -0.188843 -0.939396 0.657201 0.006965 0.016126 0.190684
1.677174 -0.193231 -0.916042 0.656647 0.006945 0.016284 0.189353
1.664042 -0.197432 -0.893269 0.655938 0.006923 0.016430 0.188016
1.650897 -0.201460 -0.871058 0.655099 0.006901 0.016569 0.186683
1.637748 -0.205323 -0.849396 0.654111 0.006878 0.016699 0.185348
1.624607 -0.209026 -0.828273 0.652966 0.006854 0.016821 0.184007
1.611484 -0.212571 -0.807674 0.651666 0.006827 0.016936 0.182658
1.598383 -0.215963 -0.787588 0.650223 0.006799 0.017043 0.181303
1.585309 -0.219203 -0.767999 0.648649 0.006770 0.017142 0.179945
1.572264 -0.222294 -0.748897 0.646959 0.006739 0.017233 0.178587
1.559250 -0.225238 -0.730267 0.645169 0.006708 0.017316 0.177232
1.546271 -0.228039 -0.712098 0.643292 0.006677 0.017391 0.175883
1.533328 -0.230698 -0.694377 0.641342 0.006646 0.017458 0.174543
1.520428 -0.233217 -0.677094 0.639329 0.006615 0.017516 0.173214
1.507578 -0.235600 -0.660237 0.637252 0.006584 0.017566 0.171894
1.494790 -0.237850 -0.643798 0.635103 0.006552 0.017608 0.170578
1.482070 -0.239974 -0.627769 0.632862 0.006518 0.017641 0.169260
1.469372 -0.241985 -0.612134 0.630552 0.006486 0.017670 0.167951
1.456703 -0.243889 -0.596887 0.628155 0.006453 0.017695 0.166645
1.444072 -0.245691 -0.582018 0.625660 0.006419 0.017716 0.165338
1.431488 -0.247392 -0.567520 0.623068 0.006383 0.017732 0.164029
1.418954 -0.248995 -0.553382 0.620390 0.006347 0.017744 0.162718
1.406475 -0.250500 -0.539595 0.617637 0.006310 0.017751 0.161408
1.394051 -0.251910 -0.526150 0.614822 0.006272 0.017754 0.160103
1.381685 -0.253227 -0.513038 0.611960 0.006235 0.017752 0.158806
1.369379 -0.254450 -0.500249 0.609062 0.006198 0.017744 0.157519
1.357137 -0.255582 -0.487776 0.606137 0.006161 0.017732 0.156243
1.344967 -0.256625 -0.475611 0.603185 0.006125 0.017714 0.154978
1.332878 -0.257582 -0.463748 0.600196 0.006088 0.017690 0.153718
1.320876 -0.258458 -0.452182 0.597149 0.006049 0.017661 0.152457
1.308913 -0.259265 -0.440899 0.594069 0.006012 0.017630 0.151207
1.296995 -0.260011 -0.429897 0.590935 0.005974 0.017598 0.149963
1.285130 -0.260696 -0.419168 0.587736 0.005936 0.017565 0.148718
1.273326 -0.261323 -0.408707 0.584474 0.005897 0.017530 0.147473
1.261586 -0.261893 -0.398506 0.581155 0.005857 0.017494 0.146227
1.249913 -0.262407 -0.388559 0.577791 0.005817 0.017456 0.144984
1.238307 -0.262864 -0.378859 0.574394 0.005777 0.017416 0.143747
1.226769 -0.263267 -0.369399 0.570978 0.005737 0.017373 0.142519
1.215301 -0.263614 -0.360173 0.567551 0.005697 0.017327 0.141301
1.203908 -0.263908 -0.351174 0.564122 0.005658 0.017279 0.140096
1.192594 -0.264148 -0.342398 0.560690 0.005620 0.017227 0.138901
1.181370 -0.264337 -0.333839 0.557243 0.005581 0.017172 0.137712
1.170239 -0.264480 -0.325496 0.553760 0.005541 0.017114 0.136523
1.159152 -0.264589 -0.317357 0.550264 0.005502 0.017057 0.135345
1.148114 -0.264669 -0.309420 0.546735 0.005463 0.017001 0.134172
1.137134 -0.264721 -0.301681 0.543161 0.005424 0.016945 0.132999
1.126217 -0.264747 -0.294136 0.539540 0.005384 0.016891 0.131825
1.115365 -0.264747 -0.286780 0.535878 0.005343 0.016837 0.130650
1.104581 -0.264721 -0.279607 0.532186 0.005302 0.016783 0.129477
1.093865 -0.264668 -0.272612 0.528474 0.005262 0.016729 0.128309
1.083216 -0.264588 -0.265791 0.524755 0.005221 0.016675 0.127149
1.072635 -0.264482 -0.259138 0.521038 0.005181 0.016620 0.125999
1.062123 -0.264347 -0.252649 0.517334 0.005142 0.016563 0.124862
1.051682 -0.264186 -0.246319 0.513648 0.005103 0.016506 0.123738
1.041319 -0.263997 -0.240146 0.509978 0.005066 0.016446 0.122625
1.031041 -0.263782 -0.234125 0.506311 0.005028 0.016385 0.121519
1.020852 -0.263546 -0.228258 0.502626 0.004989 0.016322 0.120415
1.010702 -0.263300 -0.222532 0.498947 0.004952 0.016262 0.119322
1.000595 -0.263047 -0.216949 0.495252 0.004915 0.016204 0.118236
0.990538 -0.262789 -0.211504 0.491530 0.004879 0.016148 0.117151
0.980538 -0.262526 -0.206196 0.487779 0.004841 0.016095 0.116066
0.970596 -0.262258 -0.201021 0.484004 0.004804 0.016043 0.114983
0.960714 -0.261984 -0.195975 0.480215 0.004767 0.015993 0.113902
0.950891 -0.261703 -0.191054 0.476422 0.004730 0.015943 0.112827
0.941130 -0.261414 -0.186255 0.472637 0.004693 0.015894 0.111761
0.931429 -0.261115 -0.181574 0.468869 0.004657 0.015846 0.110706
0.921793 -0.260807 -0.177007 0.465122 0.004622 0.015797 0.109662
0.912227 -0.260489 -0.172554 0.461394 0.004588 0.015747 0.108628
0.902737 -0.260162 -0.168211 0.457674 0.004554 0.015697 0.107600
0.893327 -0.259829 -0.163979 0.453941 0.004518 0.015645 0.106571
0.883947 -0.259502 -0.159849 0.450218 0.004484 0.015597 0.105553
0.874600 -0.259183 -0.155821 0.446485 0.004451 0.015553 0.104540
0.865293 -0.258873 -0.151894 0.442730 0.004418 0.015513 0.103528
0.856033 -0.258572 -0.148065 0.438950 0.004384 0.015475 0.102515
0.846820 -0.258279 -0.144333 0.435151 0.004350 0.015440 0.101503
0.837656 -0.257992 -0.140693 0.431342 0.004317 0.015407 0.100492
0.828542 -0.257711 -0.137144 0.427532 0.004283 0.015375 0.099486
0.819477 -0.257433 -0.133683 0.423733 0.004251 0.015345 0.098488
0.810462 -0.257158 -0.130307 0.419952 0.004218 0.015316 0.097499
0.801501 -0.256883 -0.127013 0.416194 0.004187 0.015287 0.096520
0.792598 -0.256608 -0.123801 0.412457 0.004157 0.015258 0.095549
0.783760 -0.256335 -0.120669 0.408727 0.004126 0.015229 0.094582
0.774990 -0.256065 -0.117617 0.404985 0.004094 0.015200 0.093614
0.766237 -0.255809 -0.114639 0.401253 0.004064 0.015174 0.092654
0.757505 -0.255570 -0.111734 0.397512 0.004034 0.015153 0.091699
0.748800 -0.255348 -0.108902 0.393747 0.004004 0.015136 0.090742
0.740128 -0.255142 -0.106142 0.389957 0.003975 0.015122 0.089783
0.731490 -0.254952 -0.103451 0.386146 0.003944 0.015111 0.088822
0.722887 -0.254774 -0.100828 0.382321 0.003914 0.015103 0.087862
0.714320 -0.254609 -0.098270 0.378493 0.003884 0.015097 0.086903
0.705788 -0.254452 -0.095776 0.374672 0.003854 0.015093 0.085950
0.697291 -0.254303 -0.093342 0.370867 0.003826 0.015090 0.085005
0.688831 -0.254159 -0.090968 0.367085 0.003798 0.015087 0.084070
0.680408 -0.254018 -0.088652 0.363332 0.003771 0.015085 0.083145
0.672029 -0.253881 -0.086391 0.359603 0.003744 0.015083 0.082228
0.663701 -0.253746 -0.084188 0.355887 0.003718 0.015080 0.081315
0.655425 -0.253618 -0.082042 0.352161 0.003691 0.015076 0.080400
0.647152 -0.253504 -0.079946 0.348451 0.003665 0.015077 0.079495
0.638885 -0.253407 -0.077901 0.344737 0.003640 0.015081 0.078595
0.630630 -0.253328 -0.075907 0.341005 0.003616 0.015089 0.077695
0.622392 -0.253265 -0.073964 0.337253 0.003591 0.015100 0.076792
0.614175 -0.253217 -0.072069 0.333485 0.003566 0.015114 0.075889
0.605980 -0.253181 -0.070222 0.329711 0.003541 0.015130 0.074986
0.597807 -0.253155 -0.068421 0.325938 0.003517 0.015148 0.074087
0.589657 -0.253137 -0.066664 0.322178 0.003493 0.015167 0.073193
0.581532 -0.253125 -0.064949 0.318437 0.003470 0.015186 0.072308
0.573434 -0.253116 -0.063275 0.314721 0.003448 0.015206 0.071431
0.565369 -0.253110 -0.061643 0.311026 0.003426 0.015225 0.070560
0.557344 -0.253106 -0.060051 0.307340 0.003404 0.015243 0.069692
0.549361 -0.253107 -0.058502 0.303644 0.003381 0.015260 0.068821
0.541372 -0.253121 -0.056988 0.299963 0.003360 0.015281 0.067958
0.533378 -0.253151 -0.055510 0.296277 0.003340 0.015306 0.067099
0.525388 -0.253196 -0.054070 0.292574 0.003319 0.015334 0.066240
0.517405 -0.253255 -0.052666 0.288851 0.003299 0.015365 0.065379
0.509435 -0.253327 -0.051297 0.285114 0.003278 0.015398 0.064515
0.501478 -0.253408 -0.049963 0.281370 0.003258 0.015433 0.063652
0.493535 -0.253496 -0.048661 0.277628 0.003237 0.015469 0.062792
0.485609 -0.253589 -0.047392 0.273900 0.003218 0.015505 0.061937
0.477701 -0.253684 -0.046152 0.270191 0.003199 0.015542 0.061090
0.469814 -0.253779 -0.044942 0.266507 0.003180 0.015578 0.060250
0.461954 -0.253873 -0.043762 0.262845 0.003163 0.015613 0.059417
0.454130 -0.253965 -0.042611 0.259193 0.003144 0.015647 0.058585
0.446342 -0.254058 -0.041492 0.255531 0.003125 0.015679 0.057750
0.438543 -0.254159 -0.040397 0.251884 0.003107 0.015715 0.056923
0.430736 -0.254272 -0.039329 0.248235 0.003090 0.015753 0.056100
0.422927 -0.254395 -0.038287 0.244569 0.003073 0.015794 0.055276
0.415124 -0.254527 -0.037272 0.240885 0.003056 0.015838 0.054449
0.407329 -0.254666 -0.036282 0.237187 0.003039 0.015883 0.053620
0.399546 -0.254810 -0.035318 0.233483 0.003022 0.015930 0.052792
0.391775 -0.254956 -0.034377 0.229783 0.003005 0.015977 0.051965
0.384018 -0.255100 -0.033459 0.226096 0.002988 0.016024 0.051144
0.376277 -0.255241 -0.032563 0.222433 0.002972 0.016070 0.050330
0.368554 -0.255376 -0.031687 0.218801 0.002957 0.016116 0.049527
0.360854 -0.255502 -0.030832 0.215204 0.002942 0.016159 0.048733
0.353183 -0.255619 -0.029996 0.211640 0.002928 0.016201 0.047948
0.345549 -0.255726 -0.029181 0.208097 0.002914 0.016240 0.047168
0.337956 -0.255825 -0.028389 0.204557 0.002899 0.016276 0.046387
0.330355 -0.255923 -0.027613 0.201044 0.002886 0.016314 0.045616
0.322750 -0.256024 -0.026854 0.197542 0.002873 0.016355 0.044853
0.315150 -0.256126 -0.026114 0.194039 0.002861 0.016396 0.044092
0.307561 -0.256228 -0.025392 0.190533 0.002849 0.016439 0.043332
0.299989 -0.256329 -0.024689 0.187027 0.002837 0.016482 0.042574
0.292436 -0.256425 -0.024002 0.183532 0.002825 0.016525 0.041819
0.284907 -0.256514 -0.023331 0.180057 0.002813 0.016568 0.041070
0.277404 -0.256594 -0.022676 0.176612 0.002802 0.016609 0.040330
0.269931 -0.256662 -0.022036 0.173205 0.002792 0.016648 0.039601
0.262494 -0.256716 -0.021409 0.169842 0.002782 0.016685 0.038883
0.255100 -0.256754 -0.020797 0.166520 0.002773 0.016719 0.038175
0.247758 -0.256778 -0.020200 0.163229 0.002764 0.016750 0.037473
0.240473 -0.256789 -0.019621 0.159951 0.002753 0.016777 0.036773
0.233197 -0.256794 -0.019051 0.156713 0.002744 0.016806 0.036086
0.225935 -0.256796 -0.018494 0.153499 0.002737 0.016835 0.035409
0.218696 -0.256794 -0.017950 0.150297 0.002729 0.016865 0.034736
0.211489 -0.256789 -0.017419 0.147106 0.002722 0.016896 0.034068
0.204320 -0.256777 -0.016901 0.143931 0.002714 0.016926 0.033403
0.197193 -0.256757 -0.016395 0.140781 0.002707 0.016956 0.032745
0.190112 -0.256726 -0.015901 0.137665 0.002700 0.016984 0.032097
0.183082 -0.256683 -0.015417 0.134595 0.002694 0.017010 0.031460
0.176108 -0.256624 -0.014944 0.131580 0.002688 0.017034 0.030837
0.169197 -0.256550 -0.014480 0.128623 0.002684 0.017055 0.030228
0.162356 -0.256458 -0.014027 0.125723 0.002679 0.017072 0.029632
0.155597 -0.256349 -0.013584 0.122869 0.002675 0.017085 0.029045
0.148923 -0.256227 -0.013155 0.120043 0.002668 0.017095 0.028463
0.142290 -0.256098 -0.012732 0.117274 0.002664 0.017105 0.027897
0.135701 -0.255965 -0.012318 0.114544 0.002661 0.017116 0.027343
0.129169 -0.255828 -0.011913 0.111842 0.002659 0.017127 0.026797
0.122700 -0.255688 -0.011518 0.109164 0.002656 0.017139 0.026256
0.116304 -0.255543 -0.011133 0.106516 0.002653 0.017150 0.025723
0.109984 -0.255392 -0.010757 0.103906 0.002650 0.017160 0.025198
0.103745 -0.255232 -0.010389 0.101343 0.002647 0.017169 0.024684
0.097594 -0.255062 -0.010029 0.098838 0.002645 0.017176 0.024183
0.091533 -0.254880 -0.009677 0.096398 0.002644 0.017180 0.023699
0.085569 -0.254686 -0.009331 0.094032 0.002643 0.017182 0.023231
0.079708 -0.254478 -0.008992 0.091741 0.002642 0.017180 0.022780
0.073961 -0.254256 -0.008660 0.089521 0.002642 0.017175 0.022345
0.068338 -0.254021 -0.008337 0.087358 0.002642 0.017166 0.021918
0.062841 -0.253777 -0.008025 0.085230 0.002640 0.017154 0.021497
0.057426 -0.253532 -0.007718 0.083163 0.002639 0.017142 0.021090
0.052095 -0.253288 -0.007416 0.081135 0.002639 0.017131 0.020694
0.046856 -0.253048 -0.007123 0.079133 0.002638 0.017122 0.020302
0.041715 -0.252811 -0.006838 0.077149 0.002637 0.017113 0.019914
0.036676 -0.252578 -0.006562 0.075184 0.002636 0.017106 0.019527
0.031741 -0.252347 -0.006294 0.073240 0.002633 0.017099 0.019141
0.026911 -0.252119 -0.006034 0.071320 0.002630 0.017093 0.018758
0.022191 -0.251891 -0.005781 0.069425 0.002626 0.017088 0.018378
0.017581 -0.251663 -0.005537 0.067557 0.002622 0.017081 0.018002
0.013081 -0.251434 -0.005300 0.065719 0.002616 0.017074 0.017630
0.008692 -0.251205 -0.005070 0.063911 0.002610 0.017066 0.017262
0.004414 -0.250973 -0.004848 0.062135 0.002604 0.017057 0.016898
0.000246 -0.250740 -0.004633 0.060389 0.002596 0.017047 0.016539
-0.003813 -0.250504 -0.004424 0.058672 0.002588 0.017036 0.016184
-0.007765 -0.250265 -0.004223 0.056984 0.002579 0.017023 0.015833
-0.011610 -0.250024 -0.004029 0.055321 0.002569 0.017009 0.015485
-0.015350 -0.249780 -0.003842 0.053680 0.002558 0.016994 0.015139
-0.018989 -0.249534 -0.003662 0.052056 0.002546 0.016977 0.014794
-0.022529 -0.249286 -0.003489 0.050446 0.002533 0.016959 0.014449
-0.025974 -0.249035 -0.003323 0.048844 0.002518 0.016940 0.014102
-0.029328 -0.248784 -0.003165 0.047249 0.002502 0.016919 0.013754
-0.032598 -0.248531 -0.003013 0.045659 0.002486 0.016898 0.013404
-0.035794 -0.248277 -0.002868 0.044078 0.002468 0.016875 0.013056
-0.038928 -0.248022 -0.002727 0.042522 0.002450 0.016852 0.012714
-0.042016 -0.247765 -0.002588 0.041018 0.002433 0.016828 0.012387
-0.045057 -0.247504 -0.002446 0.039592 0.002419 0.016803 0.012079
-0.047949 -0.247235 -0.002317 0.038164 0.002402 0.016776 0.011767
-0.050691 -0.246956 -0.002195 0.036759 0.002382 0.016746 0.011453
-0.053301 -0.246667 -0.002079 0.035402 0.002362 0.016714 0.011146
-0.055791 -0.246368 -0.001966 0.034105 0.002342 0.016680 0.010850
-0.058173 -0.246060 -0.001857 0.032870 0.002322 0.016644 0.010568
-0.060456 -0.245745 -0.001750 0.031692 0.002302 0.016606 0.010298
-0.062646 -0.245424 -0.001647 0.030561 0.002282 0.016567 0.010038
-0.064751 -0.245098 -0.001548 0.029469 0.002262 0.016528 0.009786
-0.066779 -0.244769 -0.001452 0.028407 0.002242 0.016487 0.009540
-0.068739 -0.244438 -0.001361 0.027369 0.002221 0.016445 0.009299
-0.070641 -0.244106 -0.001272 0.026354 0.002201 0.016404 0.009064
-0.072501 -0.243774 -0.001186 0.025373 0.002181 0.016362 0.008839
-0.074335 -0.243442 -0.001099 0.024449 0.002162 0.016320 0.008632
-0.076145 -0.243109 -0.001007 0.023605 0.002148 0.016279 0.008445
-0.077828 -0.242771 -0.000926 0.022756 0.002130 0.016235 0.008254
-0.079387 -0.242429 -0.000851 0.021926 0.002110 0.016191 0.008061
-0.080838 -0.242081 -0.000779 0.021137 0.002090 0.016146 0.007875
-0.082196 -0.241731 -0.000710 0.020399 0.002070 0.016100 0.007698
-0.083473 -0.241377 -0.000642 0.019711 0.002050 0.016053 0.007533
-0.084679 -0.241023 -0.000577 0.019066 0.002031 0.016006 0.007377
-0.085822 -0.240670 -0.000513 0.018455 0.002012 0.015959 0.007228
-0.086911 -0.240319 -0.000452 0.017868 0.001993 0.015913 0.007085
-0.087956 -0.239971 -0.000393 0.017298 0.001974 0.015866 0.006946
-0.088967 -0.239629 -0.000337 0.016745 0.001955 0.015821 0.006811
-0.089961 -0.239293 -0.000281 0.016216 0.001936 0.015776 0.006686
-0.090954 -0.238962 -0.000224 0.015734 0.001920 0.015732 0.006576
-0.091948 -0.238637 -0.000161 0.015323 0.001908 0.015689 0.006485
-0.092841 -0.238314 -0.000108 0.014897 0.001892 0.015646 0.006388
-0.093635 -0.237994 -0.000059 0.014479 0.001875 0.015603 0.006287
-0.094346 -0.237676 -0.000013 0.014091 0.001857 0.015560 0.006191
-0.094990 -0.237362 0.000032 0.013742 0.001840 0.015517 0.006102
-0.095578 -0.237052 0.000076 0.013432 0.001823 0.015475 0.006021
-0.096121 -0.236748 0.000118 0.013152 0.001807 0.015433 0.005948
-0.096625 -0.236451 0.000159 0.012894 0.001791 0.015393 0.005880
-0.097101 -0.236163 0.000199 0.012648 0.001775 0.015353 0.005814
-0.097556 -0.235885 0.000237 0.012407 0.001759 0.015315 0.005750
-0.098002 -0.235617 0.000273 0.012169 0.001743 0.015278 0.005688
-0.098455 -0.235361 0.000309 0.011943 0.001728 0.015243 0.005632
-0.098931 -0.235117 0.000348 0.011753 0.001715 0.015209 0.005590
-0.099431 -0.234883 0.000392 0.011622 0.001706 0.015177 0.005564
-0.099853 -0.234657 0.000428 0.011464 0.001694 0.015145 0.005530
-0.100199 -0.234439 0.000460 0.011305 0.001680 0.015114 0.005490
-0.100485 -0.234229 0.000490 0.011166 0.001666 0.015084 0.005452
-0.100726 -0.234027 0.000519 0.011058 0.001653 0.015055 0.005420
-0.100933 -0.233834 0.000548 0.010979 0.001640 0.015027 0.005395
-0.101115 -0.233651 0.000577 0.010921 0.001627 0.015001 0.005376
-0.101279 -0.233479 0.000605 0.010876 0.001615 0.014975 0.005359
-0.101432 -0.233319 0.000631 0.010833 0.001603 0.014951 0.005342
-0.101581 -0.233172 0.000656 0.010780 0.001591 0.014929 0.005324
-0.101735 -0.233039 0.000679 0.010712 0.001578 0.014908 0.005302
-0.101905 -0.232921 0.000700 0.010627 0.001566 0.014889 0.005277
-0.102106 -0.232817 0.000721 0.010534 0.001554 0.014872 0.005253
-0.102352 -0.232727 0.000745 0.010456 0.001543 0.014857 0.005238
-0.102648 -0.232651 0.000774 0.010419 0.001536 0.014843 0.005234
-0.102888 -0.232586 0.000796 0.010337 0.001526 0.014830 0.005218
-0.103076 -0.232531 0.000812 0.010234 0.001514 0.014819 0.005192
-0.103227 -0.232486 0.000827 0.010135 0.001502 0.014809 0.005163
-0.103356 -0.232452 0.000842 0.010047 0.001490 0.014800 0.005136
-0.103475 -0.232428 0.000856 0.009970 0.001478 0.014792 0.005112
-0.103592 -0.232415 0.000869 0.009897 0.001467 0.014785 0.005088
-0.103715 -0.232415 0.000882 0.009819 0.001455 0.014780 0.005063
-0.103852 -0.232427 0.000894 0.009725 0.001444 0.014776 0.005035
-0.104011 -0.232453 0.000904 0.009608 0.001432 0.014774 0.005002
-0.104203 -0.232492 0.000913 0.009468 0.001420 0.014774 0.004965
-0.104444 -0.232544 0.000922 0.009313 0.001409 0.014775 0.004927
-0.104749 -0.232609 0.000934 0.009166 0.001399 0.014777 0.004897
-0.105122 -0.232685 0.000952 0.009051 0.001393 0.014781 0.004877
-0.105456 -0.232772 0.000962 0.008885 0.001384 0.014786 0.004843
-0.105757 -0.232867 0.000969 0.008691 0.001373 0.014792 0.004797
-0.106039 -0.232972 0.000974 0.008494 0.001361 0.014800 0.004748
-0.106318 -0.233084 0.000978 0.008301 0.001350 0.014808 0.004699
-0.106604 -0.233205 0.000983 0.008112 0.001339 0.014817 0.004651
-0.106907 -0.233336 0.000988 0.007920 0.001329 0.014828 0.004603
-0.107233 -0.233475 0.000992 0.007714 0.001318 0.014839 0.004552
-0.107591 -0.233625 0.000995 0.007486 0.001308 0.014852 0.004496
-0.107989 -0.233785 0.000997 0.007227 0.001297 0.014866 0.004434
-0.108437 -0.233954 0.000998 0.006938 0.001286 0.014882 0.004366
-0.108950 -0.234134 0.001000 0.006627 0.001276 0.014898 0.004296
-0.109545 -0.234322 0.001005 0.006317 0.001267 0.014916 0.004233
-0.110223 -0.234518 0.001016 0.006033 0.001262 0.014934 0.004178
-0.110881 -0.234721 0.001020 0.005693 0.001253 0.014953 0.004108
-0.111521 -0.234930 0.001020 0.005321 0.001243 0.014973 0.004027
-0.112160 -0.235143 0.001019 0.004940 0.001232 0.014994 0.003941
-0.112811 -0.235361 0.001019 0.004562 0.001222 0.015015 0.003855
-0.113485 -0.235584 0.001019 0.004184 0.001213 0.015037 0.003770
-0.114191 -0.235812 0.001019 0.003799 0.001203 0.015060 0.003684
-0.114934 -0.236045 0.001020 0.003399 0.001194 0.015084 0.003595
-0.115722 -0.236283 0.001019 0.002971 0.001185 0.015108 0.003501
-0.116560 -0.236527 0.001018 0.002507 0.001175 0.015134 0.003398
-0.117456 -0.236776 0.001016 0.002000 0.001165 0.015159 0.003285
-0.118420 -0.237031 0.001012 0.001449 0.001155 0.015186 0.003164
-0.119467 -0.237291 0.001009 0.000863 0.001145 0.015213 0.003038
-0.120612 -0.237554 0.001008 0.000266 0.001136 0.015241 0.002915
-0.121859 -0.237822 0.001015 -0.000315 0.001131 0.015268 0.002799
-0.123101 -0.238091 0.001013 -0.000963 0.001122 0.015297 0.002665
-0.124342 -0.238362 0.001009 -0.001652 0.001111 0.015326 0.002517
-0.125597 -0.238633 0.001003 -0.002357 0.001101 0.015355 0.002363
-0.126880 -0.238906 0.000998 -0.003069 0.001090 0.015385 0.002208
-0.128203 -0.239178 0.000994 -0.003788 0.001080 0.015415 0.002051
-0.129571 -0.239451 0.000990 -0.004520 0.001071 0.015446 0.001893
-0.130993 -0.239724 0.000986 -0.005274 0.001061 0.015476 0.001730
-0.132473 -0.239999 0.000982 -0.006058 0.001052 0.015508 0.001561
-0.134019 -0.240274 0.000978 -0.006877 0.001042 0.015539 0.001386
-0.135642 -0.240549 0.000974 -0.007732 0.001032 0.015571 0.001204
-0.137354 -0.240825 0.000971 -0.008611 0.001023 0.015603 0.001021
-0.139169 -0.241100 0.000972 -0.009488 0.001016 0.015634 0.000845
-0.141091 -0.241373 0.000980 -0.010336 0.001013 0.015666 0.000680
-0.143012 -0.241645 0.000983 -0.011234 0.001007 0.015698 0.000503
-0.144935 -0.241913 0.000984 -0.012152 0.000999 0.015731 0.000317
-0.146874 -0.242178 0.000985 -0.013063 0.000993 0.015763 0.000133
-0.148840 -0.242439 0.000989 -0.013953 0.000988 0.015796 -0.000045
-0.150842 -0.242696 0.000996 -0.014819 0.000984 0.015829 -0.000215
-0.152885 -0.242949 0.001006 -0.015662 0.000981 0.015862 -0.000376
-0.154972 -0.243197 0.001017 -0.016487 0.000980 0.015895 -0.000531
-0.157105 -0.243442 0.001032 -0.017298 0.000980 0.015928 -0.000680
-0.159285 -0.243682 0.001048 -0.018102 0.000981 0.015961 -0.000824
-0.161513 -0.243918 0.001066 -0.018901 0.000982 0.015993 -0.000965
-0.163790 -0.244149 0.001086 -0.019702 0.000985 0.016026 -0.001104
-0.166115 -0.244376 0.001106 -0.020506 0.000988 0.016059 -0.001242
-0.168488 -0.244598 0.001128 -0.021318 0.000992 0.016091 -0.001381
-0.170909 -0.244815 0.001151 -0.022141 0.000996 0.016123 -0.001520
-0.173378 -0.245028 0.001174 -0.022975 0.001000 0.016155 -0.001661
-0.175893 -0.245235 0.001198 -0.023823 0.001004 0.016187 -0.001804
-0.178454 -0.245437 0.001222 -0.024686 0.001009 0.016218 -0.001949
-0.181060 -0.245633 0.001247 -0.025566 0.001014 0.016249 -0.002097
-0.183709 -0.245823 0.001272 -0.026463 0.001019 0.016280 -0.002249
-0.186402 -0.246008 0.001297 -0.027379 0.001024 0.016310 -0.002404
-0.189136 -0.246187 0.001322 -0.028312 0.001029 0.016339 -0.002563
-0.191910 -0.246359 0.001347 -0.029264 0.001034 0.016368 -0.002725
-0.194723 -0.246525 0.001372 -0.030235 0.001039 0.016397 -0.002892
-0.197574 -0.246684 0.001397 -0.031224 0.001044 0.016424 -0.003062
-0.200461 -0.246836 0.001422 -0.032232 0.001049 0.016452 -0.003236
-0.203382 -0.246981 0.001447 -0.033258 0.001054 0.016478 -0.003414
-0.206336 -0.247120 0.001472 -0.034303 0.001058 0.016504 -0.003596
-0.209322 -0.247251 0.001496 -0.035365 0.001063 0.016529 -0.003782
-0.212338 -0.247374 0.001520 -0.036444 0.001067 0.016553 -0.003972
-0.215382 -0.247490 0.001544 -0.037541 0.001071 0.016577 -0.004166
-0.218454 -0.247599 0.001568 -0.038653 0.001075 0.016599 -0.004363
-0.221550 -0.247699 0.001591 -0.039782 0.001079 0.016621 -0.004564
-0.224670 -0.247793 0.001614 -0.040925 0.001082 0.016642 -0.004769
-0.227812 -0.247878 0.001637 -0.042083 0.001086 0.016662 -0.004977
-0.230974 -0.247955 0.001659 -0.043255 0.001089 0.016682 -0.005188
-0.234156 -0.248025 0.001681 -0.044441 0.001092 0.016700 -0.005402
-0.237354 -0.248086 0.001703 -0.045639 0.001094 0.016718 -0.005620
-0.240569 -0.248140 0.001724 -0.046849 0.001097 0.016734 -0.005840
-0.243797 -0.248185 0.001745 -0.048070 0.001099 0.016750 -0.006063
-0.247039 -0.248223 0.001766 -0.049302 0.001102 0.016765 -0.006289
-0.250291 -0.248252 0.001786 -0.050544 0.001104 0.016778 -0.006517
-0.253553 -0.248274 0.001806 -0.051796 0.001105 0.016791 -0.006748
-0.256824 -0.248288 0.001825 -0.053056 0.001107 0.016804 -0.006980
-0.260101 -0.248294 0.001844 -0.054324 0.001108 0.016815 -0.007215
-0.263384 -0.248292 0.001863 -0.055599 0.001109 0.016825 -0.007452
-0.266670 -0.248283 0.001881 -0.056881 0.001110 0.016834 -0.007691
-0.269959 -0.248266 0.001899 -0.058170 0.001111 0.016843 -0.007932
-0.273250 -0.248241 0.001917 -0.059463 0.001112 0.016850 -0.008174
-0.276540 -0.248209 0.001934 -0.060761 0.001112 0.016857 -0.008417
-0.279829 -0.248169 0.001951 -0.062064 0.001112 0.016862 -0.008662
-0.283115 -0.248123 0.001967 -0.063370 0.001112 0.016867 -0.008908
-0.286398 -0.248069 0.001983 -0.064679 0.001112 0.016871 -0.009155
-0.289675 -0.248008 0.001999 -0.065990 0.001112 0.016875 -0.009403
-0.292946 -0.247940 0.002014 -0.067303 0.001111 0.016877 -0.009652
-0.296209 -0.247865 0.002029 -0.068617 0.001110 0.016878 -0.009902
-0.299464 -0.247784 0.002044 -0.069932 0.001110 0.016879 -0.010152
-0.302710 -0.247696 0.002058 -0.071247 0.001109 0.016879 -0.010402
-0.305944 -0.247602 0.002072 -0.072561 0.001107 0.016878 -0.010653
-0.309167 -0.247502 0.002085 -0.073875 0.001106 0.016876 -0.010905
-0.312378 -0.247396 0.002098 -0.075187 0.001105 0.016874 -0.011156
-0.315574 -0.247284 0.002111 -0.076497 0.001103 0.016871 -0.011407
-0.318756 -0.247166 0.002123 -0.077805 0.001101 0.016867 -0.011659
-0.321922 -0.247043 0.002135 -0.079109 0.001099 0.016862 -0.011910
-0.325072 -0.246914 0.002147 -0.080411 0.001097 0.016857 -0.012161
-0.328205 -0.246780 0.002158 -0.081709 0.001095 0.016851 -0.012412
-0.331319 -0.246641 0.002170 -0.083002 0.001093 0.016844 -0.012662
-0.334415 -0.246498 0.002180 -0.084291 0.001090 0.016837 -0.012911
-0.337490 -0.246349 0.002191 -0.085575 0.001088 0.016829 -0.013160
-0.340546 -0.246196 0.002201 -0.086853 0.001085 0.016821 -0.013409
-0.343580 -0.246039 0.002210 -0.088126 0.001082 0.016812 -0.013656
-0.346593 -0.245877 0.002220 -0.089392 0.001079 0.016802 -0.013903
-0.349583 -0.245712 0.002229 -0.090652 0.001076 0.016792 -0.014148
-0.352550 -0.245543 0.002238 -0.091905 0.001073 0.016781 -0.014393
-0.355493 -0.245370 0.002246 -0.093151 0.001070 0.016770 -0.014637
-0.358412 -0.245194 0.002254 -0.094390 0.001067 0.016759 -0.014879
-0.361306 -0.245014 0.002262 -0.095620 0.001063 0.016747 -0.015120
-0.364175 -0.244832 0.002270 -0.096843 0.001060 0.016734 -0.015360
-0.367019 -0.244646 0.002277 -0.098057 0.001056 0.016721 -0.015599
-0.369836 -0.244458 0.002284 -0.099263 0.001053 0.016708 -0.015836
-0.372626 -0.244267 0.002291 -0.100459 0.001049 0.016694 -0.016072
-0.375389 -0.244074 0.002298 -0.101647 0.001045 0.016679 -0.016306
-0.378125 -0.243879 0.002304 -0.102825 0.001041 0.016665 -0.016538
-0.380833 -0.243682 0.002310 -0.103994 0.001037 0.016650 -0.016769
-0.383512 -0.243482 0.002316 -0.105153 0.001033 0.016635 -0.016999
-0.386163 -0.243281 0.002321 -0.106302 0.001029 0.016619 -0.017226
-0.388786 -0.243079 0.002327 -0.107440 0.001025 0.016603 -0.017452
-0.391379 -0.242875 0.002332 -0.108569 0.001021 0.016587 -0.017676
-0.393942 -0.242669 0.002336 -0.109686 0.001017 0.016571 -0.017898
-0.396477 -0.242463 0.002341 -0.110794 0.001013 0.016554 -0.018118
-0.398981 -0.242255 0.002345 -0.111890 0.001008 0.016538 -0.018337
-0.401455 -0.242047 0.002349 -0.112975 0.001004 0.016521 -0.018553
-0.403900 -0.241838 0.002353 -0.114049 0.001000 0.016503 -0.018767
-0.406314 -0.241629 0.002357 -0.115112 0.000995 0.016486 -0.018980
-0.408697 -0.241419 0.002360 -0.116164 0.000991 0.016468 -0.019190
-0.411050 -0.241209 0.002364 -0.117204 0.000987 0.016451 -0.019398
-0.413372 -0.240999 0.002367 -0.118233 0.000982 0.016433 -0.019604
-0.415664 -0.240789 0.002370 -0.119249 0.000978 0.016415 -0.019808
-0.417925 -0.240579 0.002372 -0.120255 0.000973 0.016397 -0.020010
-0.420154 -0.240369 0.002375 -0.121248 0.000969 0.016379 -0.020210
-0.422353 -0.240160 0.002377 -0.122230 0.000964 0.016361 -0.020407
-0.424521 -0.239951 0.002379 -0.123199 0.000960 0.016342 -0.020602
-0.426659 -0.239743 0.002381 -0.124157 0.000955 0.016324 -0.020795
-0.428765 -0.239535 0.002383 -0.125102 0.000951 0.016306 -0.020986
-0.430840 -0.239328 0.002385 -0.126036 0.000946 0.016287 -0.021175
-0.432885 -0.239122 0.002386 -0.126957 0.000942 0.016269 -0.021361
-0.434899 -0.238917 0.002388 -0.127867 0.000937 0.016250 -0.021545
-0.436882 -0.238713 0.002389 -0.128764 0.000933 0.016232 -0.021727
-0.438835 -0.238511 0.002390 -0.129649 0.000928 0.016214 -0.021906
-0.440757 -0.238309 0.002391 -0.130522 0.000924 0.016195 -0.022084
-0.442648 -0.238109 0.002392 -0.131383 0.000919 0.016177 -0.022258
-0.444510 -0.237911 0.002392 -0.132232 0.000915 0.016159 -0.022431
-0.446341 -0.237714 0.002393 -0.133068 0.000910 0.016141 -0.022601
-0.448142 -0.237518 0.002393 -0.133893 0.000906 0.016122 -0.022769
-0.449914 -0.237324 0.002393 -0.134705 0.000901 0.016104 -0.022935
-0.451656 -0.237132 0.002394 -0.135506 0.000897 0.016086 -0.023099
-0.453368 -0.236942 0.002394 -0.136294 0.000892 0.016069 -0.023260
-0.455051 -0.236753 0.002394 -0.137071 0.000888 0.016051 -0.023418
-0.456705 -0.236567 0.002393 -0.137835 0.000884 0.016033 -0.023575
-0.458329 -0.236382 0.002393 -0.138588 0.000879 0.016016 -0.023729
-0.459925 -0.236199 0.002393 -0.139329 0.000875 0.015998 -0.023881
-0.461493 -0.236019 0.002392 -0.140058 0.000871 0.015981 -0.024031
-0.463032 -0.235840 0.002392 -0.140775 0.000867 0.015964 -0.024178
-0.464543 -0.235664 0.002391 -0.141480 0.000862 0.015947 -0.024323
-0.466027 -0.235490 0.002390 -0.142175 0.000858 0.015930 -0.024466
-0.467482 -0.235318 0.002389 -0.142857 0.000854 0.015913 -0.024607
-0.468910 -0.235148 0.002388 -0.143528 0.000850 0.015897 -0.024745
-0.470312 -0.234981 0.002387 -0.144188 0.000846 0.015880 -0.024882
-0.471686 -0.234816 0.002386 -0.144836 0.000842 0.015864 -0.025016
-0.473034 -0.234653 0.002385 -0.145473 0.000838 0.015848 -0.025148
-0.474355 -0.234493 0.002384 -0.146099 0.000834 0.015832 -0.025277
-0.475650 -0.234335 0.002383 -0.146714 0.000830 0.015816 -0.025405
-0.476920 -0.234179 0.002381 -0.147318 0.000826 0.015801 -0.025530
-0.478164 -0.234026 0.002380 -0.147912 0.000822 0.015785 -0.025653
-0.479382 -0.233875 0.002378 -0.148494 0.000818 0.015770 -0.025774
-0.480576 -0.233727 0.002377 -0.149066 0.000815 0.015755 -0.025893
-0.481745 -0.233581 0.002375 -0.149627 0.000811 0.015740 -0.026010
-0.482890 -0.233437 0.002374 -0.150177 0.000807 0.015726 -0.026125
-0.484010 -0.233296 0.002372 -0.150718 0.000804 0.015712 -0.026238
-0.485107 -0.233158 0.002370 -0.151248 0.000800 0.015697 -0.026349
-0.486181 -0.233022 0.002369 -0.151767 0.000796 0.015683 -0.026457
-0.487231 -0.232888 0.002367 -0.152277 0.000793 0.015670 -0.026564
-0.488258 -0.232757 0.002365 -0.152777 0.000789 0.015656 -0.026669
-0.489262 -0.232628 0.002363 -0.153267 0.000786 0.015643 -0.026772
-0.490245 -0.232502 0.002361 -0.153747 0.000783 0.015630 -0.026873
-0.491205 -0.232378 0.002360 -0.154217 0.000779 0.015617 -0.026971
-0.492143 -0.232257 0.002358 -0.154678 0.000776 0.015604 -0.027068
-0.493061 -0.232138 0.002356 -0.155129 0.000773 0.015592 -0.027164
-0.493957 -0.232021 0.002354 -0.155571 0.000769 0.015579 -0.027257
-0.494832 -0.231907 0.002352 -0.156004 0.000766 0.015567 -0.027348
-0.495686 -0.231795 0.002350 -0.156428 0.000763 0.015555 -0.027438
-0.496521 -0.231686 0.002348 -0.156843 0.000760 0.015544 -0.027525
-0.497336 -0.231579 0.002346 -0.157249 0.000757 0.015532 -0.027611
-0.498130 -0.231474 0.002344 -0.157646 0.000754 0.015521 -0.027696
-0.498906 -0.231371 0.002342 -0.158034 0.000751 0.015510 -0.027778
-0.499663 -0.231271 0.002340 -0.158414 0.000748 0.015499 -0.027859
-0.500401 -0.231173 0.002337 -0.158785 0.000745 0.015489 -0.027938
-0.501120 -0.231078 0.002335 -0.159148 0.000743 0.015478 -0.028015
-0.501821 -0.230984 0.002333 -0.159503 0.000740 0.015468 -0.028090
-0.502504 -0.230893 0.002331 -0.159850 0.000737 0.015458 -0.028164
-0.503170 -0.230804 0.002329 -0.160188 0.000735 0.015448 -0.028237
-0.503819 -0.230717 0.002327 -0.160519 0.000732 0.015439 -0.028307
-0.504450 -0.230632 0.002325 -0.160842 0.000730 0.015429 -0.028377
-0.505065 -0.230549 0.002323 -0.161157 0.000727 0.015420 -0.028444
-0.505663 -0.230469 0.002321 -0.161465 0.000725 0.015411 -0.028510
-0.506245 -0.230390 0.002319 -0.161765 0.000722 0.015403 -0.028574
-0.506811 -0.230313 0.002317 -0.162058 0.000720 0.015394 -0.028637
-0.507361 -0.230239 0.002315 -0.162343 0.000718 0.015386 -0.028699
-0.507896 -0.230166 0.002313 -0.162621 0.000715 0.015378 -0.028759
-0.508415 -0.230095 0.002311 -0.162892 0.000713 0.015370 -0.028817
-0.508920 -0.230026 0.002309 -0.163157 0.000711 0.015362 -0.028874
-0.509410 -0.229959 0.002307 -0.163414 0.000709 0.015354 -0.028930
-0.509885 -0.229894 0.002305 -0.163664 0.000707 0.015347 -0.028984
-0.510347 -0.229831 0.002303 -0.163908 0.000705 0.015340 -0.029037
-0.510794 -0.229770 0.002301 -0.164145 0.000703 0.015333 -0.029088
-0.511227 -0.229710 0.002299 -0.164375 0.000701 0.015326 -0.029138
-0.511647 -0.229652 0.002298 -0.164599 0.000699 0.015319 -0.029187
-0.512054 -0.229596 0.002296 -0.164817 0.000697 0.015313 -0.029234
-0.512448 -0.229541 0.002294 -0.165028 0.000695 0.015307 -0.029280
-0.512829 -0.229488 0.002292 -0.165234 0.000693 0.015301 -0.029325
-0.513197 -0.229437 0.002290 -0.165433 0.000692 0.015295 -0.029368
-0.513552 -0.229387 0.002289 -0.165626 0.000690 0.015289 -0.029411
-0.513896 -0.229339 0.002287 -0.165813 0.000688 0.015283 -0.029452
-0.514227 -0.229292 0.002285 -0.165994 0.000687 0.015278 -0.029491
-0.514546 -0.229247 0.002284 -0.166170 0.000685 0.015273 -0.029530
-0.514854 -0.229203 0.002282 -0.166339 0.000684 0.015268 -0.029567
-0.515150 -0.229161 0.002280 -0.166503 0.000682 0.015263 -0.029603
-0.515435 -0.229121 0.002279 -0.166662 0.000681 0.015258 -0.029638
-0.515708 -0.229081 0.002277 -0.166814 0.000680 0.015254 -0.029672
-0.515970 -0.229044 0.002276 -0.166962 0.000678 0.015249 -0.029705
-0.516222 -0.229007 0.002274 -0.167104 0.000677 0.015245 -0.029736
-0.516463 -0.228972 0.002273 -0.167240 0.000676 0.015241 -0.029766
-0.516693 -0.228938 0.002272 -0.167372 0.000675 0.015237 -0.029795
-0.516912 -0.228906 0.002270 -0.167498 0.000673 0.015233 -0.029823
-0.517122 -0.228875 0.002269 -0.167619 0.000672 0.015230 -0.029850
-0.517321 -0.228845 0.002268 -0.167735 0.000671 0.015226 -0.029876
-0.517510 -0.228816 0.002266 -0.167845 0.000670 0.015223 -0.029901
-0.517689 -0.228789 0.002265 -0.167951 0.000669 0.015220 -0.029925
-0.517858 -0.228763 0.002264 -0.168052 0.000668 0.015217 -0.029947
-0.518017 -0.228738 0.002263 -0.168147 0.000667 0.015214 -0.029969
-0.518167 -0.228714 0.002262 -0.168238 0.000667 0.015212 -0.029989
-0.518307 -0.228691 0.002261 -0.168324 0.000666 0.015209 -0.030009
-0.518437 -0.228670 0.002260 -0.168405 0.000665 0.015207 -0.030027
-0.518558 -0.228650 0.002259 -0.168481 0.000664 0.015204 -0.030045
-0.518669 -0.228631 0.002258 -0.168552 0.000664 0.015202 -0.030061
-0.518772 -0.228613 0.002257 -0.168619 0.000663 0.015200 -0.030076
-0.518865 -0.228596 0.002256 -0.168681 0.000662 0.015199 -0.030091
-0.518948 -0.228580 0.002256 -0.168738 0.000662 0.015197 -0.030104
-0.519023 -0.228566 0.002255 -0.168791 0.000661 0.015196 -0.030116
-0.519088 -0.228552 0.002254 -0.168838 0.000661 0.015194 -0.030127
-0.519145 -0.228540 0.002253 -0.168881 0.000660 0.015193 -0.030138
-0.519192 -0.228529 0.002253 -0.168920 0.000660 0.015192 -0.030147
-0.519230 -0.228519 0.002252 -0.168954 0.000660 0.015191 -0.030155
-0.519259 -0.228510 0.002252 -0.168983 0.000659 0.015190 -0.030162
-0.519279 -0.228502 0.002251 -0.169007 0.000659 0.015189 -0.030169
-0.519290 -0.228495 0.002251 -0.169027 0.000659 0.015189 -0.030174
-0.519292 -0.228489 0.002250 -0.169042 0.000658 0.015189 -0.030178
-0.519285 -0.228485 0.002250 -0.169053 0.000658 0.015188 -0.030181
-0.519269 -0.228481 0.002249 -0.169059 0.000658 0.015188 -0.030184
-0.519243 -0.228479 0.002249 -0.169060 0.000658 0.015188 -0.030185
-0.519209 -0.228477 0.002249 -0.169056 0.000658 0.015189 -0.030185
-0.519165 -0.228477 0.002249 -0.169048 0.000658 0.015189 -0.030184
-0.519112 -0.228478 0.002249 -0.169035 0.000658 0.015189 -0.030183
-0.519050 -0.228480 0.002248 -0.169018 0.000658 0.015190 -0.030180
-0.518979 -0.228483 0.002248 -0.168995 0.000658 0.015191 -0.030176
-0.518898 -0.228487 0.002248 -0.168968 0.000659 0.015192 -0.030171
-0.518807 -0.228493 0.002248 -0.168936 0.000659 0.015193 -0.030165
-0.518707 -0.228499 0.002248 -0.168900 0.000659 0.015194 -0.030158
-0.518598 -0.228507 0.002248 -0.168858 0.000659 0.015195 -0.030150
-0.518478 -0.228516 0.002248 -0.168811 0.000660 0.015197 -0.030141
-0.518349 -0.228526 0.002248 -0.168760 0.000660 0.015199 -0.030131
-0.518210 -0.228538 0.002249 -0.168704 0.000660 0.015200 -0.030120
-0.518061 -0.228550 0.002249 -0.168642 0.000661 0.015202 -0.030108
-0.517902 -0.228564 0.002249 -0.168576 0.000661 0.015204 -0.030095
-0.517733 -0.228580 0.002249 -0.168504 0.000662 0.015207 -0.030080
-0.517553 -0.228596 0.002250 -0.168428 0.000662 0.015209 -0.030065
-0.517363 -0.228614 0.002250 -0.168346 0.000663 0.015212 -0.030048
-0.517162 -0.228633 0.002250 -0.168259 0.000664 0.015214 -0.030031
-0.516950 -0.228653 0.002251 -0.168166 0.000664 0.015217 -0.030012
-0.516728 -0.228675 0.002251 -0.168068 0.000665 0.015220 -0.029992
-0.516494 -0.228698 0.002252 -0.167965 0.000666 0.015224 -0.029971
-0.516249 -0.228723 0.002252 -0.167857 0.000667 0.015227 -0.029949
-0.515993 -0.228749 0.002253 -0.167742 0.000668 0.015231 -0.029926
-0.515725 -0.228776 0.002253 -0.167623 0.000669 0.015234 -0.029901
-0.515445 -0.228805 0.002254 -0.167497 0.000670 0.015238 -0.029876
-0.515154 -0.228836 0.002255 -0.167366 0.000671 0.015242 -0.029849
-0.514850 -0.228868 0.002255 -0.167229 0.000672 0.015246 -0.029821
-0.514534 -0.228901 0.002256 -0.167086 0.000673 0.015251 -0.029791
-0.514206 -0.228936 0.002257 -0.166937 0.000674 0.015255 -0.029761
-0.513865 -0.228973 0.002257 -0.166783 0.000675 0.015260 -0.029729
-0.513511 -0.229011 0.002258 -0.166622 0.000676 0.015265 -0.029696
-0.513144 -0.229051 0.002259 -0.166455 0.000677 0.015270 -0.029661
-0.512764 -0.229093 0.002260 -0.166281 0.000679 0.015276 -0.029626
-0.512370 -0.229136 0.002261 -0.166102 0.000680 0.015281 -0.029589
-0.511962 -0.229181 0.002261 -0.165915 0.000682 0.015287 -0.029550
-0.511541 -0.229228 0.002262 -0.165723 0.000683 0.015292 -0.029511
-0.511105 -0.229277 0.002263 -0.165524 0.000684 0.015298 -0.029470
-0.510655 -0.229327 0.002264 -0.165318 0.000686 0.015305 -0.029427
-0.510190 -0.229380 0.002265 -0.165105 0.000688 0.015311 -0.029383
-0.509710 -0.229434 0.002266 -0.164885 0.000689 0.015318 -0.029338
-0.509215 -0.229490 0.002267 -0.164659 0.000691 0.015324 -0.029292
-0.508705 -0.229548 0.002268 -0.164425 0.000693 0.015331 -0.029244
-0.508179 -0.229608 0.002269 -0.164184 0.000694 0.015339 -0.029194
-0.507637 -0.229670 0.002270 -0.163936 0.000696 0.015346 -0.029143
-0.507079 -0.229734 0.002271 -0.163681 0.000698 0.015354 -0.029091
-0.506504 -0.229799 0.002272 -0.163418 0.000700 0.015361 -0.029037
-0.505913 -0.229867 0.002273 -0.163148 0.000702 0.015369 -0.028981
-0.505304 -0.229938 0.002274 -0.162870 0.000704 0.015378 -0.028924
-0.504679 -0.230010 0.002275 -0.162584 0.000706 0.015386 -0.028865
-0.504036 -0.230084 0.002276 -0.162291 0.000708 0.015395 -0.028805
-0.503375 -0.230161 0.002277 -0.161989 0.000710 0.015403 -0.028743
-0.502696 -0.230239 0.002278 -0.161680 0.000712 0.015412 -0.028680
-0.501999 -0.230320 0.002279 -0.161362 0.000714 0.015421 -0.028615
-0.501283 -0.230403 0.002280 -0.161036 0.000716 0.015431 -0.028548
-0.500548 -0.230488 0.002281 -0.160702 0.000719 0.015441 -0.028480
-0.499794 -0.230576 0.002282 -0.160360 0.000721 0.015450 -0.028410
-0.499020 -0.230666 0.002283 -0.160008 0.000723 0.015460 -0.028338
-0.498227 -0.230758 0.002283 -0.159648 0.000726 0.015471 -0.028264
-0.497414 -0.230852 0.002284 -0.159280 0.000728 0.015481 -0.028189
-0.496580 -0.230949 0.002285 -0.158902 0.000731 0.015492 -0.028112
-0.495725 -0.231048 0.002286 -0.158516 0.000733 0.015503 -0.028033
-0.494850 -0.231149 0.002287 -0.158120 0.000736 0.015514 -0.027952
-0.493953 -0.231253 0.002288 -0.157716 0.000739 0.015525 -0.027870
-0.493035 -0.231359 0.002289 -0.157302 0.000741 0.015536 -0.027786
-0.492095 -0.231467 0.002289 -0.156879 0.000744 0.015548 -0.027700
-0.491133 -0.231578 0.002290 -0.156446 0.000747 0.015560 -0.027612
-0.490149 -0.231691 0.002291 -0.156004 0.000750 0.015572 -0.027522
-0.489142 -0.231807 0.002291 -0.155552 0.000752 0.015584 -0.027430
-0.488112 -0.231925 0.002292 -0.155090 0.000755 0.015597 -0.027336
-0.487059 -0.232045 0.002293 -0.154619 0.000758 0.015610 -0.027241
-0.485982 -0.232168 0.002293 -0.154137 0.000761 0.015623 -0.027143
-0.484882 -0.232293 0.002294 -0.153646 0.000764 0.015636 -0.027044
-0.483757 -0.232421 0.002294 -0.153144 0.000767 0.015649 -0.026942
-0.482608 -0.232551 0.002295 -0.152633 0.000770 0.015662 -0.026839
-0.481435 -0.232683 0.002295 -0.152111 0.000773 0.015676 -0.026733
-0.480237 -0.232817 0.002295 -0.151578 0.000777 0.015690 -0.026626
-0.479013 -0.232954 0.002295 -0.151035 0.000780 0.015704 -0.026517
-0.477764 -0.233093 0.002295 -0.150482 0.000783 0.015718 -0.026405
-0.476490 -0.233235 0.002296 -0.149918 0.000786 0.015732 -0.026291
-0.475189 -0.233379 0.002296 -0.149344 0.000789 0.015747 -0.026176
-0.473863 -0.233525 0.002296 -0.148758 0.000793 0.015762 -0.026058
-0.472510 -0.233673 0.002295 -0.148162 0.000796 0.015777 -0.025938
-0.471130 -0.233823 0.002295 -0.147555 0.000799 0.015792 -0.025817
-0.469724 -0.233976 0.002295 -0.146937 0.000803 0.015807 -0.025693
-0.468291 -0.234130 0.002295 -0.146308 0.000806 0.015822 -0.025566
-0.466830 -0.234287 0.002294 -0.145668 0.000810 0.015838 -0.025438
-0.465342 -0.234446 0.002294 -0.145017 0.000813 0.015853 -0.025308
-0.463826 -0.234607 0.002293 -0.144355 0.000817 0.015869 -0.025176
-0.462282 -0.234769 0.002292 -0.143682 0.000820 0.015885 -0.025041
-0.460710 -0.234934 0.002291 -0.142997 0.000824 0.015901 -0.024905
-0.459110 -0.235100 0.002291 -0.142301 0.000827 0.015917 -0.024766
-0.457481 -0.235269 0.002289 -0.141594 0.000831 0.015933 -0.024625
-0.455824 -0.235439 0.002288 -0.140876 0.000834 0.015949 -0.024482
-0.454138 -0.235610 0.002287 -0.140146 0.000838 0.015965 -0.024337
-0.452423 -0.235784 0.002286 -0.139405 0.000842 0.015982 -0.024189
-0.450680 -0.235958 0.002284 -0.138653 0.000845 0.015998 -0.024040
-0.448907 -0.236135 0.002283 -0.137889 0.000849 0.016015 -0.023888
-0.447105 -0.236312 0.002281 -0.137114 0.000853 0.016032 -0.023735
-0.445273 -0.236491 0.002279 -0.136327 0.000856 0.016048 -0.023579
-0.443412 -0.236671 0.002277 -0.135529 0.000860 0.016065 -0.023421
-0.441522 -0.236853 0.002275 -0.134720 0.000863 0.016081 -0.023261
-0.439602 -0.237035 0.002272 -0.133900 0.000867 0.016098 -0.023099
-0.437652 -0.237218 0.002270 -0.133068 0.000871 0.016115 -0.022935
-0.435673 -0.237403 0.002267 -0.132225 0.000874 0.016132 -0.022769
-0.433664 -0.237588 0.002265 -0.131371 0.000878 0.016148 -0.022601
-0.431625 -0.237773 0.002262 -0.130505 0.000882 0.016165 -0.022431
-0.429557 -0.237959 0.002259 -0.129629 0.000885 0.016181 -0.022258
-0.427459 -0.238146 0.002256 -0.128742 0.000889 0.016198 -0.022084
-0.425332 -0.238333 0.002252 -0.127843 0.000892 0.016214 -0.021908
-0.423175 -0.238520 0.002249 -0.126934 0.000896 0.016231 -0.021730
-0.420988 -0.238708 0.002245 -0.126014 0.000900 0.016247 -0.021550
-0.418772 -0.238895 0.002241 -0.125084 0.000903 0.016263 -0.021368
-0.416527 -0.239082 0.002237 -0.124142 0.000906 0.016279 -0.021184
-0.414253 -0.239269 0.002232 -0.123191 0.000910 0.016295 -0.020998
-0.411949 -0.239456 0.002228 -0.122229 0.000913 0.016311 -0.020811
-0.409617 -0.239642 0.002223 -0.121257 0.000917 0.016326 -0.020622
-0.407256 -0.239827 0.002218 -0.120275 0.000920 0.016342 -0.020431
-0.404867 -0.240012 0.002213 -0.119282 0.000923 0.016357 -0.020238
-0.402449 -0.240195 0.002208 -0.118281 0.000927 0.016372 -0.020044
-0.400003 -0.240378 0.002202 -0.117269 0.000930 0.016387 -0.019848
-0.397530 -0.240559 0.002197 -0.116248 0.000933 0.016401 -0.019650
-0.395029 -0.240739 0.002191 -0.115218 0.000936 0.016415 -0.019451
-0.392501 -0.240917 0.002184 -0.114179 0.000939 0.016429 -0.019251
-0.389946 -0.241094 0.002178 -0.113132 0.000942 0.016443 -0.019049
-0.387364 -0.241269 0.002171 -0.112075 0.000945 0.016456 -0.018845
-0.384757 -0.241441 0.002164 -0.111010 0.000948 0.016469 -0.018640
-0.382123 -0.241612 0.002157 -0.109938 0.000950 0.016482 -0.018434
-0.379465 -0.241780 0.002150 -0.108857 0.000953 0.016494 -0.018227
-0.376781 -0.241946 0.002142 -0.107769 0.000956 0.016506 -0.018019
-0.374073 -0.242109 0.002134 -0.106673 0.000958 0.016517 -0.017809
-0.371342 -0.242269 0.002126 -0.105570 0.000960 0.016528 -0.017599
-0.368587 -0.242426 0.002118 -0.104461 0.000963 0.016539 -0.017387
-0.365809 -0.242580 0.002109 -0.103345 0.000965 0.016549 -0.017175
-0.363009 -0.242730 0.002100 -0.102224 0.000967 0.016559 -0.016961
-0.360187 -0.242877 0.002091 -0.101096 0.000969 0.016568 -0.016747
-0.357344 -0.243021 0.002081 -0.099963 0.000971 0.016577 -0.016533
-0.354481 -0.243160 0.002072 -0.098825 0.000973 0.016585 -0.016317
-0.351599 -0.243295 0.002062 -0.097682 0.000974 0.016592 -0.016101
-0.348697 -0.243426 0.002051 -0.096535 0.000976 0.016600 -0.015885
-0.345777 -0.243553 0.002041 -0.095384 0.000977 0.016606 -0.015668
-0.342840 -0.243675 0.002030 -0.094230 0.000979 0.016612 -0.015452
-0.339886 -0.243792 0.002018 -0.093072 0.000980 0.016617 -0.015235
-0.336916 -0.243905 0.002007 -0.091912 0.000981 0.016622 -0.015017
-0.333931 -0.244012 0.001995 -0.090750 0.000982 0.016626 -0.014800
-0.330933 -0.244114 0.001983 -0.089586 0.000982 0.016629 -0.014583
-0.327921 -0.244211 0.001971 -0.088421 0.000983 0.016631 -0.014367
-0.324897 -0.244302 0.001958 -0.087255 0.000983 0.016633 -0.014150
-0.321862 -0.244387 0.001945 -0.086089 0.000984 0.016634 -0.013934
-0.318816 -0.244467 0.001931 -0.084923 0.000984 0.016635 -0.013719
-0.315762 -0.244540 0.001918 -0.083758 0.000984 0.016635 -0.013504
-0.312699 -0.244607 0.001904 -0.082595 0.000984 0.016633 -0.013290
-0.309629 -0.244668 0.001889 -0.081433 0.000983 0.016632 -0.013077
-0.306554 -0.244722 0.001875 -0.080274 0.000983 0.016629 -0.012865
-0.303474 -0.244770 0.001860 -0.079118 0.000982 0.016625 -0.012654
-0.300390 -0.244811 0.001844 -0.077965 0.000981 0.016621 -0.012444
-0.297304 -0.244845 0.001829 -0.076817 0.000980 0.016616 -0.012236
-0.294217 -0.244872 0.001813 -0.075673 0.000978 0.016610 -0.012029
-0.291130 -0.244892 0.001797 -0.074535 0.000977 0.016603 -0.011824
-0.288045 -0.244905 0.001780 -0.073404 0.000975 0.016596 -0.011621
-0.284963 -0.244911 0.001763 -0.072278 0.000973 0.016587 -0.011419
-0.281885 -0.244909 0.001746 -0.071161 0.000971 0.016578 -0.011220
-0.278812 -0.244900 0.001728 -0.070051 0.000969 0.016568 -0.011023
-0.275747 -0.244883 0.001711 -0.068951 0.000966 0.016556 -0.010828
-0.272690 -0.244859 0.001692 -0.067859 0.000963 0.016544 -0.010635
-0.269643 -0.244827 0.001674 -0.066778 0.000960 0.016531 -0.010446
-0.266608 -0.244787 0.001655 -0.065708 0.000957 0.016518 -0.010259
-0.263585 -0.244740 0.001636 -0.064649 0.000954 0.016503 -0.010074
-0.260577 -0.244685 0.001617 -0.063602 0.000950 0.016487 -0.009893
-0.257585 -0.244622 0.001597 -0.062569 0.000946 0.016471 -0.009715
-0.254611 -0.244551 0.001577 -0.061549 0.000942 0.016453 -0.009541
-0.251655 -0.244473 0.001557 -0.060543 0.000938 0.016435 -0.009370
-0.248721 -0.244387 0.001537 -0.059552 0.000934 0.016416 -0.009202
-0.245809 -0.244293 0.001516 -0.058577 0.000929 0.016396 -0.009038
-0.242920 -0.244192 0.001495 -0.057618 0.000924 0.016375 -0.008878
-0.240058 -0.244083 0.001474 -0.056676 0.000919 0.016354 -0.008722
-0.237223 -0.243967 0.001452 -0.055752 0.000914 0.016331 -0.008570
-0.234416 -0.243843 0.001431 -0.054846 0.000908 0.016308 -0.008422
-0.231640 -0.243712 0.001409 -0.053959 0.000902 0.016284 -0.008278
-0.228896 -0.243574 0.001387 -0.053091 0.000897 0.016260 -0.008139
-0.226186 -0.243428 0.001365 -0.052243 0.000891 0.016234 -0.008004
-0.223511 -0.243276 0.001343 -0.051415 0.000884 0.016208 -0.007874
-0.220873 -0.243117 0.001320 -0.050607 0.000878 0.016181 -0.007748
-0.218273 -0.242951 0.001298 -0.049821 0.000872 0.016154 -0.007627
-0.215714 -0.242779 0.001276 -0.049056 0.000865 0.016126 -0.007510
-0.213195 -0.242600 0.001254 -0.048312 0.000858 0.016097 -0.007398
-0.210720 -0.242415 0.001231 -0.047590 0.000852 0.016068 -0.007290
-0.208288 -0.242224 0.001209 -0.046889 0.000845 0.016038 -0.007187
-0.205903 -0.242028 0.001188 -0.046209 0.000838 0.016008 -0.007088
-0.203564 -0.241825 0.001166 -0.045549 0.000831 0.015977 -0.006993
-0.201272 -0.241618 0.001145 -0.044910 0.000825 0.015946 -0.006902
-0.199030 -0.241405 0.001125 -0.044290 0.000818 0.015915 -0.006815
-0.196838 -0.241187 0.001105 -0.043687 0.000812 0.015883 -0.006731
-0.194696 -0.240965 0.001085 -0.043102 0.000806 0.015852 -0.006649
-0.192606 -0.240738 0.001067 -0.042531 0.000800 0.015819 -0.006570
-0.190568 -0.240506 0.001049 -0.041974 0.000794 0.015787 -0.006492
-0.188583 -0.240270 0.001033 -0.041426 0.000789 0.015755 -0.006415
-0.186650 -0.240030 0.001018 -0.040886 0.000785 0.015723 -0.006338
-0.184770 -0.239786 0.001005 -0.040350 0.000781 0.015690 -0.006260
-0.182941 -0.239538 0.000994 -0.039812 0.000779 0.015658 -0.006179
-0.181165 -0.239286 0.000985 -0.039270 0.000777 0.015625 -0.006094
-0.179438 -0.239031 0.000979 -0.038717 0.000776 0.015593 -0.006004
-0.177760 -0.238772 0.000975 -0.038148 0.000777 0.015560 -0.005908
-0.176127 -0.238509 0.000974 -0.037560 0.000779 0.015528 -0.005804
-0.174534 -0.238242 0.000976 -0.036950 0.000782 0.015496 -0.005693
-0.172973 -0.237972 0.000981 -0.036323 0.000787 0.015464 -0.005576
-0.171432 -0.237699 0.000986 -0.035691 0.000792 0.015432 -0.005459
-0.169897 -0.237423 0.000990 -0.035082 0.000796 0.015401 -0.005351
-0.168366 -0.237146 0.000989 -0.034526 0.000797 0.015370 -0.005255
-0.166944 -0.236868 0.000995 -0.033943 0.000802 0.015339 -0.005149
-0.165632 -0.236590 0.001006 -0.033361 0.000809 0.015308 -0.005037
-0.164412 -0.236312 0.001018 -0.032806 0.000817 0.015278 -0.004926
-0.163273 -0.236034 0.001030 -0.032289 0.000824 0.015247 -0.004823
-0.162204 -0.235758 0.001042 -0.031810 0.000832 0.015217 -0.004726
-0.161198 -0.235483 0.001055 -0.031363 0.000839 0.015188 -0.004637
-0.160249 -0.235209 0.001068 -0.030940 0.000847 0.015158 -0.004551
-0.159350 -0.234936 0.001082 -0.030532 0.000855 0.015130 -0.004469
-0.158493 -0.234664 0.001096 -0.030133 0.000863 0.015101 -0.004387
-0.157669 -0.234392 0.001112 -0.029742 0.000872 0.015073 -0.004308
-0.156864 -0.234122 0.001127 -0.029370 0.000881 0.015045 -0.004235
-0.156060 -0.233853 0.001139 -0.029038 0.000888 0.015019 -0.004176
-0.155256 -0.233587 0.001144 -0.028775 0.000891 0.014992 -0.004135
-0.154557 -0.233325 0.001157 -0.028497 0.000898 0.014966 -0.004087
-0.153959 -0.233066 0.001172 -0.028229 0.000906 0.014941 -0.004036
-0.153446 -0.232813 0.001188 -0.027996 0.000915 0.014916 -0.003990
-0.153005 -0.232565 0.001204 -0.027806 0.000923 0.014892 -0.003952
-0.152625 -0.232323 0.001220 -0.027659 0.000932 0.014868 -0.003923
-0.152297 -0.232087 0.001235 -0.027546 0.000939 0.014845 -0.003902
-0.152015 -0.231856 0.001250 -0.027460 0.000947 0.014823 -0.003887
-0.151771 -0.231630 0.001265 -0.027389 0.000955 0.014802 -0.003874
-0.151556 -0.231409 0.001281 -0.027328 0.000963 0.014781 -0.003864
-0.151361 -0.231193 0.001297 -0.027276 0.000971 0.014761 -0.003857
-0.151171 -0.230983 0.001312 -0.027241 0.000979 0.014742 -0.003856
-0.150969 -0.230778 0.001324 -0.027247 0.000986 0.014724 -0.003870
-0.150753 -0.230580 0.001328 -0.027319 0.000988 0.014707 -0.003902
-0.150626 -0.230391 0.001339 -0.027374 0.000994 0.014690 -0.003927
-0.150588 -0.230211 0.001354 -0.027438 0.001001 0.014675 -0.003948
-0.150621 -0.230040 0.001369 -0.027534 0.001009 0.014660 -0.003974
-0.150711 -0.229880 0.001383 -0.027671 0.001016 0.014647 -0.004009
-0.150847 -0.229731 0.001396 -0.027848 0.001023 0.014635 -0.004052
-0.151023 -0.229592 0.001409 -0.028058 0.001029 0.014624 -0.004103
-0.151230 -0.229462 0.001421 -0.028291 0.001036 0.014615 -0.004160
-0.151462 -0.229343 0.001433 -0.028537 0.001042 0.014607 -0.004219
-0.151713 -0.229232 0.001446 -0.028785 0.001049 0.014599 -0.004278
-0.151975 -0.229131 0.001460 -0.029029 0.001056 0.014593 -0.004336
-0.152236 -0.229038 0.001475 -0.029267 0.001064 0.014588 -0.004393
-0.152482 -0.228954 0.001488 -0.029510 0.001071 0.014584 -0.004454
-0.152697 -0.228879 0.001499 -0.029780 0.001077 0.014581 -0.004526
-0.152878 -0.228814 0.001503 -0.030102 0.001079 0.014580 -0.004612
-0.153130 -0.228762 0.001514 -0.030392 0.001085 0.014580 -0.004689
-0.153450 -0.228722 0.001528 -0.030676 0.001093 0.014581 -0.004758
-0.153822 -0.228696 0.001543 -0.030975 0.001101 0.014584 -0.004828
-0.154231 -0.228684 0.001558 -0.031300 0.001110 0.014588 -0.004902
-0.154667 -0.228684 0.001573 -0.031649 0.001118 0.014594 -0.004981
-0.155120 -0.228698 0.001587 -0.032015 0.001126 0.014602 -0.005064
-0.155584 -0.228725 0.001601 -0.032388 0.001134 0.014611 -0.005149
-0.156050 -0.228762 0.001616 -0.032759 0.001142 0.014622 -0.005233
-0.156509 -0.228811 0.001631 -0.033120 0.001151 0.014634 -0.005316
-0.156951 -0.228871 0.001646 -0.033471 0.001160 0.014647 -0.005396
-0.157360 -0.228940 0.001661 -0.033821 0.001168 0.014661 -0.005480
-0.157720 -0.229021 0.001672 -0.034192 0.001176 0.014677 -0.005574
-0.158028 -0.229113 0.001676 -0.034608 0.001179 0.014694 -0.005680
-0.158389 -0.229218 0.001688 -0.034986 0.001186 0.014712 -0.005775
-0.158801 -0.229338 0.001703 -0.035348 0.001195 0.014732 -0.005862
-0.159246 -0.229472 0.001718 -0.035718 0.001205 0.014754 -0.005947
-0.159710 -0.229620 0.001733 -0.036104 0.001215 0.014778 -0.006035
-0.160182 -0.229783 0.001748 -0.036505 0.001224 0.014803 -0.006126
-0.160653 -0.229958 0.001763 -0.036915 0.001233 0.014830 -0.006219
-0.161115 -0.230145 0.001777 -0.037323 0.001243 0.014858 -0.006312
-0.161559 -0.230344 0.001792 -0.037720 0.001253 0.014888 -0.006403
-0.161978 -0.230552 0.001807 -0.038099 0.001263 0.014918 -0.006490
-0.162359 -0.230770 0.001822 -0.038458 0.001273 0.014950 -0.006574
-0.162689 -0.230996 0.001837 -0.038808 0.001283 0.014983 -0.006659
-0.162949 -0.231231 0.001848 -0.039171 0.001291 0.015016 -0.006752
-0.163138 -0.231476 0.001851 -0.039571 0.001296 0.015051 -0.006857
-0.163360 -0.231732 0.001862 -0.039922 0.001305 0.015087 -0.006948
-0.163613 -0.232001 0.001876 -0.040250 0.001315 0.015124 -0.007029
-0.163880 -0.232282 0.001891 -0.040576 0.001326 0.015164 -0.007107
-0.164146 -0.232576 0.001905 -0.040910 0.001336 0.015204 -0.007186
-0.164401 -0.232880 0.001919 -0.041250 0.001347 0.015246 -0.007266
-0.164635 -0.233194 0.001932 -0.041591 0.001357 0.015290 -0.007347
-0.164842 -0.233517 0.001945 -0.041921 0.001368 0.015334 -0.007426
-0.165013 -0.233848 0.001959 -0.042231 0.001378 0.015379 -0.007500
-0.165142 -0.234184 0.001973 -0.042509 0.001390 0.015425 -0.007567
-0.165219 -0.234525 0.001988 -0.042749 0.001401 0.015472 -0.007625
-0.165234 -0.234869 0.002003 -0.042949 0.001414 0.015518 -0.007676
-0.165170 -0.235216 0.002018 -0.043120 0.001426 0.015565 -0.007723
-0.165013 -0.235565 0.002030 -0.043284 0.001436 0.015612 -0.007774
-0.164759 -0.235917 0.002035 -0.043465 0.001444 0.015659 -0.007831
-0.164512 -0.236275 0.002048 -0.043576 0.001455 0.015707 -0.007870
-0.164269 -0.236638 0.002064 -0.043642 0.001468 0.015756 -0.007893
-0.164015 -0.237008 0.002081 -0.043685 0.001482 0.015805 -0.007908
-0.163734 -0.237383 0.002099 -0.043715 0.001496 0.015856 -0.007919
-0.163414 -0.237761 0.002116 -0.043729 0.001510 0.015906 -0.007926
-0.163047 -0.238142 0.002133 -0.043722 0.001524 0.015957 -0.007929
-0.162623 -0.238524 0.002150 -0.043684 0.001538 0.016009 -0.007925
-0.162135 -0.238906 0.002168 -0.043605 0.001553 0.016059 -0.007912
-0.161572 -0.239285 0.002187 -0.043479 0.001568 0.016110 -0.007889
-0.160925 -0.239661 0.002205 -0.043304 0.001584 0.016159 -0.007856
-0.160176 -0.240032 0.002223 -0.043091 0.001599 0.016208 -0.007818
-0.159310 -0.240398 0.002237 -0.042861 0.001612 0.016256 -0.007782
-0.158325 -0.240761 0.002244 -0.042638 0.001622 0.016302 -0.007751
-0.157324 -0.241122 0.002259 -0.042337 0.001636 0.016348 -0.007700
-0.156304 -0.241483 0.002277 -0.041980 0.001651 0.016395 -0.007632
-0.155250 -0.241843 0.002295 -0.041591 0.001667 0.016441 -0.007553
-0.154147 -0.242203 0.002314 -0.041180 0.001683 0.016487 -0.007469
-0.152983 -0.242560 0.002332 -0.040746 0.001699 0.016532 -0.007381
-0.151750 -0.242914 0.002349 -0.040284 0.001715 0.016576 -0.007287
-0.150439 -0.243263 0.002366 -0.039784 0.001730 0.016619 -0.007185
-0.149043 -0.243605 0.002383 -0.039240 0.001746 0.016661 -0.007075
-0.147552 -0.243940 0.002400 -0.038646 0.001761 0.016701 -0.006954
-0.145957 -0.244266 0.002416 -0.038003 0.001777 0.016740 -0.006825
-0.144243 -0.244583 0.002430 -0.037322 0.001791 0.016776 -0.006691
-0.142395 -0.244891 0.002440 -0.036629 0.001804 0.016809 -0.006562
-0.140412 -0.245192 0.002442 -0.035949 0.001812 0.016841 -0.006441
-0.138398 -0.245489 0.002450 -0.035199 0.001823 0.016872 -0.006303
-0.136352 -0.245784 0.002459 -0.034408 0.001836 0.016902 -0.006152
-0.134262 -0.246079 0.002468 -0.033601 0.001848 0.016931 -0.005997
-0.132113 -0.246372 0.002475 -0.032794 0.001860 0.016959 -0.005843
-0.129898 -0.246665 0.002480 -0.031990 0.001870 0.016986 -0.005693
-0.127609 -0.246956 0.002481 -0.031189 0.001878 0.017012 -0.005547
-0.125243 -0.247245 0.002480 -0.030387 0.001886 0.017037 -0.005404
-0.122798 -0.247532 0.002476 -0.029580 0.001892 0.017061 -0.005263
-0.120269 -0.247817 0.002470 -0.028764 0.001897 0.017083 -0.005123
-0.117657 -0.248099 0.002461 -0.027933 0.001901 0.017104 -0.004984
-0.114959 -0.248377 0.002451 -0.027085 0.001904 0.017123 -0.004842
-0.112175 -0.248653 0.002439 -0.026217 0.001906 0.017141 -0.004699
-0.109305 -0.248927 0.002425 -0.025326 0.001908 0.017157 -0.004554
-0.106347 -0.249197 0.002410 -0.024412 0.001909 0.017172 -0.004405
-0.103302 -0.249466 0.002393 -0.023473 0.001909 0.017186 -0.004254
-0.100171 -0.249732 0.002374 -0.022511 0.001908 0.017199 -0.004099
-0.096954 -0.249998 0.002354 -0.021527 0.001907 0.017211 -0.003943
-0.093652 -0.250262 0.002332 -0.020523 0.001904 0.017222 -0.003784
-0.090265 -0.250527 0.002308 -0.019501 0.001902 0.017233 -0.003624
-0.086797 -0.250792 0.002282 -0.018466 0.001898 0.017243 -0.003464
-0.083248 -0.251059 0.002254 -0.017421 0.001893 0.017254 -0.003305
-0.079622 -0.251327 0.002224 -0.016370 0.001887 0.017264 -0.003147
-0.075922 -0.251599 0.002192 -0.015316 0.001881 0.017275 -0.002992
-0.072154 -0.251873 0.002158 -0.014258 0.001873 0.017287 -0.002837
-0.068327 -0.252151 0.002122 -0.013189 0.001865 0.017300 -0.002681
-0.064449 -0.252429 0.002087 -0.012093 0.001857 0.017313 -0.002517
-0.060525 -0.252704 0.002055 -0.010951 0.001851 0.017328 -0.002342
-0.056509 -0.252970 0.002019 -0.009788 0.001843 0.017339 -0.002165
-0.052405 -0.253221 0.001982 -0.008583 0.001835 0.017346 -0.001982
-0.048224 -0.253458 0.001946 -0.007323 0.001826 0.017350 -0.001788
-0.043973 -0.253679 0.001911 -0.006005 0.001818 0.017350 -0.001581
-0.039660 -0.253887 0.001876 -0.004632 0.001811 0.017348 -0.001361
-0.035290 -0.254080 0.001843 -0.003212 0.001803 0.017343 -0.001131
-0.030868 -0.254263 0.001810 -0.001752 0.001796 0.017336 -0.000891
-0.026399 -0.254435 0.001777 -0.000263 0.001789 0.017328 -0.000645
-0.021888 -0.254598 0.001744 0.001247 0.001782 0.017319 -0.000394
-0.017341 -0.254753 0.001711 0.002775 0.001775 0.017310 -0.000138
-0.012769 -0.254902 0.001678 0.004322 0.001768 0.017300 0.000123
-0.008180 -0.255042 0.001647 0.005900 0.001763 0.017291 0.000394
-0.003579 -0.255171 0.001620 0.007525 0.001759 0.017281 0.000679
0.001078 -0.255282 0.001590 0.009171 0.001753 0.017268 0.000968
0.005787 -0.255372 0.001561 0.010856 0.001748 0.017250 0.001262
0.010539 -0.255440 0.001533 0.012590 0.001743 0.017229 0.001568
0.015324 -0.255487 0.001506 0.014375 0.001738 0.017203 0.001887
0.020137 -0.255514 0.001481 0.016207 0.001735 0.017175 0.002217
0.024972 -0.255523 0.001458 0.018078 0.001732 0.017143 0.002558
0.029825 -0.255517 0.001435 0.019977 0.001729 0.017110 0.002905
0.034693 -0.255498 0.001413 0.021894 0.001726 0.017075 0.003258
0.039572 -0.255467 0.001391 0.023817 0.001724 0.017039 0.003611
0.044458 -0.255427 0.001369 0.025739 0.001721 0.017003 0.003965
0.049343 -0.255379 0.001346 0.027654 0.001718 0.016967 0.004317
0.054221 -0.255325 0.001323 0.029564 0.001715 0.016932 0.004670
0.059081 -0.255264 0.001302 0.031481 0.001712 0.016897 0.005027
0.063920 -0.255194 0.001284 0.033422 0.001712 0.016863 0.005393
0.068783 -0.255107 0.001263 0.035360 0.001710 0.016826 0.005756
0.073666 -0.255002 0.001242 0.037312 0.001707 0.016785 0.006120
0.078560 -0.254877 0.001222 0.039291 0.001705 0.016741 0.006490
0.083457 -0.254735 0.001203 0.041297 0.001703 0.016694 0.006867
0.088352 -0.254576 0.001186 0.043325 0.001702 0.016644 0.007250
0.093239 -0.254403 0.001169 0.045368 0.001701 0.016593 0.007638
0.098117 -0.254219 0.001153 0.047415 0.001700 0.016541 0.008027
0.102980 -0.254026 0.001137 0.049455 0.001700 0.016488 0.008415
0.107826 -0.253827 0.001120 0.051481 0.001698 0.016435 0.008799
0.112649 -0.253623 0.001103 0.053487 0.001697 0.016383 0.009180
0.117442 -0.253415 0.001086 0.055475 0.001696 0.016332 0.009558
0.122194 -0.253204 0.001071 0.057455 0.001695 0.016282 0.009938
0.126904 -0.252987 0.001058 0.059446 0.001696 0.016234 0.010324
0.131617 -0.252757 0.001043 0.061422 0.001696 0.016182 0.010704
0.136330 -0.252512 0.001028 0.063399 0.001695 0.016128 0.011083
0.141033 -0.252252 0.001013 0.065391 0.001694 0.016071 0.011464
0.145721 -0.251977 0.001000 0.067398 0.001694 0.016012 0.011850
0.150387 -0.251691 0.000988 0.069416 0.001694 0.015951 0.012240
0.155029 -0.251394 0.000977 0.071436 0.001695 0.015889 0.012631
0.159644 -0.251091 0.000966 0.073449 0.001696 0.015826 0.013021
0.164229 -0.250783 0.000955 0.075445 0.001696 0.015764 0.013408
0.168781 -0.250474 0.000943 0.077415 0.001697 0.015702 0.013789
0.173296 -0.250164 0.000931 0.079355 0.001697 0.015642 0.014164
0.177766 -0.249855 0.000919 0.081266 0.001697 0.015583 0.014534
0.182184 -0.249548 0.000908 0.083161 0.001697 0.015526 0.014903
0.186546 -0.249240 0.000900 0.085058 0.001700 0.015471 0.015277
0.190899 -0.248923 0.000890 0.086933 0.001700 0.015414 0.015643
0.195241 -0.248596 0.000879 0.088803 0.001701 0.015354 0.016006
0.199562 -0.248258 0.000869 0.090682 0.001702 0.015293 0.016372
0.203857 -0.247910 0.000861 0.092571 0.001703 0.015229 0.016741
0.208121 -0.247554 0.000854 0.094468 0.001705 0.015164 0.017113
0.212353 -0.247194 0.000848 0.096364 0.001707 0.015099 0.017486
0.216550 -0.246831 0.000842 0.098250 0.001710 0.015034 0.017857
0.220711 -0.246468 0.000837 0.100115 0.001712 0.014969 0.018224
0.224834 -0.246107 0.000830 0.101950 0.001714 0.014906 0.018584
0.228918 -0.245752 0.000823 0.103746 0.001716 0.014844 0.018935
0.232958 -0.245403 0.000815 0.105499 0.001717 0.014784 0.019276
0.236948 -0.245063 0.000806 0.107213 0.001718 0.014726 0.019609
0.240881 -0.244731 0.000797 0.108899 0.001719 0.014672 0.019939
0.244753 -0.244405 0.000792 0.110577 0.001722 0.014620 0.020270
0.248612 -0.244077 0.000784 0.112223 0.001723 0.014567 0.020592
0.252456 -0.243744 0.000775 0.113856 0.001724 0.014513 0.020908
0.256276 -0.243407 0.000767 0.115489 0.001724 0.014457 0.021223
0.260066 -0.243066 0.000759 0.117124 0.001726 0.014400 0.021540
0.263822 -0.242724 0.000753 0.118757 0.001728 0.014343 0.021858
0.267542 -0.242383 0.000747 0.120380 0.001730 0.014286 0.022173
0.271226 -0.242045 0.000742 0.121984 0.001732 0.014230 0.022485
0.274870 -0.241713 0.000736 0.123558 0.001733 0.014175 0.022790
0.278473 -0.241389 0.000729 0.125094 0.001735 0.014122 0.023086
0.282033 -0.241075 0.000721 0.126587 0.001736 0.014072 0.023373
0.285541 -0.240773 0.000712 0.128041 0.001736 0.014024 0.023651
0.288991 -0.240481 0.000704 0.129466 0.001737 0.013980 0.023926
0.292380 -0.240199 0.000699 0.130884 0.001740 0.013938 0.024203
0.295755 -0.239916 0.000692 0.132269 0.001741 0.013896 0.024469
0.299114 -0.239632 0.000683 0.133642 0.001742 0.013852 0.024731
0.302448 -0.239345 0.000676 0.135015 0.001743 0.013807 0.024992
0.305752 -0.239057 0.000669 0.136390 0.001745 0.013762 0.025255
0.309022 -0.238770 0.000664 0.137765 0.001747 0.013716 0.025518
0.312257 -0.238486 0.000660 0.139129 0.001749 0.013672 0.025780
0.315454 -0.238208 0.000655 0.140473 0.001752 0.013628 0.026038
0.318613 -0.237937 0.000650 0.141788 0.001754 0.013586 0.026289
0.321733 -0.237676 0.000644 0.143065 0.001756 0.013545 0.026531
0.324809 -0.237427 0.000637 0.144299 0.001757 0.013508 0.026763
0.327835 -0.237191 0.000630 0.145493 0.001758 0.013473 0.026988
0.330805 -0.236967 0.000623 0.146659 0.001760 0.013442 0.027209
0.333715 -0.236754 0.000619 0.147818 0.001763 0.013414 0.027431
0.336612 -0.236542 0.000613 0.148948 0.001764 0.013385 0.027644
0.339494 -0.236328 0.000606 0.150068 0.001766 0.013355 0.027854
0.342353 -0.236114 0.000600 0.151192 0.001768 0.013324 0.028064
0.345182 -0.235899 0.000596 0.152323 0.001770 0.013292 0.028276
0.347980 -0.235687 0.000593 0.153456 0.001773 0.013261 0.028491
0.350744 -0.235477 0.000591 0.154585 0.001777 0.013230 0.028705
0.353474 -0.235274 0.000589 0.155699 0.001781 0.013200 0.028916
0.356169 -0.235079 0.000587 0.156788 0.001784 0.013172 0.029122
0.358829 -0.234895 0.000584 0.157843 0.001787 0.013145 0.029320
0.361453 -0.234723 0.000580 0.158854 0.001790 0.013121 0.029506
0.364036 -0.234565 0.000574 0.159818 0.001792 0.013100 0.029682
0.366575 -0.234422 0.000568 0.160737 0.001794 0.013083 0.029848
0.369059 -0.234294 0.000561 0.161624 0.001795 0.013069 0.030009
0.371487 -0.234179 0.000558 0.162501 0.001799 0.013058 0.030171
0.373907 -0.234067 0.000551 0.163344 0.001800 0.013047 0.030322
0.376314 -0.233956 0.000544 0.164177 0.001802 0.013034 0.030469
0.378700 -0.233845 0.000538 0.165010 0.001803 0.013022 0.030615
0.381061 -0.233735 0.000533 0.165848 0.001806 0.013009 0.030763
0.383392 -0.233630 0.000529 0.166684 0.001809 0.012996 0.030911
0.385692 -0.233529 0.000525 0.167512 0.001812 0.012984 0.031058
0.387960 -0.233436 0.000522 0.168320 0.001815 0.012974 0.031201
0.390195 -0.233353 0.000518 0.169098 0.001818 0.012965 0.031337
0.392396 -0.233281 0.000513 0.169838 0.001820 0.012959 0.031463
0.394560 -0.233222 0.000507 0.170534 0.001822 0.012956 0.031580
0.396680 -0.233177 0.000499 0.171188 0.001823 0.012955 0.031687
0.398748 -0.233146 0.000492 0.171813 0.001824 0.012958 0.031790
0.400761 -0.233127 0.000488 0.172430 0.001828 0.012964 0.031895
0.402766 -0.233109 0.000481 0.173018 0.001829 0.012970 0.031990
0.404759 -0.233091 0.000474 0.173597 0.001831 0.012974 0.032081
0.406733 -0.233072 0.000467 0.174180 0.001832 0.012978 0.032173
0.408681 -0.233054 0.000462 0.174770 0.001835 0.012981 0.032267
0.410599 -0.233037 0.000459 0.175361 0.001838 0.012985 0.032363
0.412487 -0.233025 0.000456 0.175945 0.001841 0.012990 0.032457
0.414343 -0.233018 0.000453 0.176511 0.001845 0.012995 0.032548
0.416167 -0.233019 0.000449 0.177049 0.001848 0.013003 0.032632
0.417958 -0.233030 0.000445 0.177550 0.001850 0.013012 0.032708
0.419711 -0.233052 0.000439 0.178009 0.001852 0.013024 0.032773
0.421422 -0.233087 0.000432 0.178426 0.001854 0.013038 0.032830
0.423081 -0.233133 0.000425 0.178816 0.001856 0.013056 0.032883
0.424684 -0.233190 0.000422 0.179201 0.001859 0.013077 0.032938
0.426280 -0.233246 0.000415 0.179558 0.001861 0.013097 0.032984
0.427864 -0.233299 0.000409 0.179911 0.001863 0.013115 0.033028
0.429427 -0.233349 0.000404 0.180272 0.001865 0.013133 0.033073
0.430964 -0.233398 0.000401 0.180645 0.001868 0.013151 0.033123
0.432471 -0.233447 0.000399 0.181025 0.001872 0.013168 0.033175
0.433947 -0.233497 0.000398 0.181403 0.001877 0.013186 0.033228
0.435391 -0.233551 0.000398 0.181769 0.001881 0.013204 0.033279
0.436805 -0.233610 0.000398 0.182112 0.001886 0.013224 0.033325
0.438186 -0.233676 0.000396 0.182423 0.001890 0.013246 0.033363
0.439535 -0.233751 0.000393 0.182692 0.001893 0.013269 0.033390
0.440848 -0.233836 0.000388 0.182914 0.001896 0.013295 0.033406
0.442120 -0.233933 0.000382 0.183091 0.001898 0.013323 0.033412
0.443341 -0.234041 0.000376 0.183237 0.001899 0.013355 0.033414
0.444507 -0.234157 0.000373 0.183374 0.001903 0.013389 0.033416
0.445666 -0.234271 0.000366 0.183481 0.001905 0.013423 0.033409
0.446813 -0.234382 0.000360 0.183582 0.001906 0.013455 0.033399
0.447938 -0.234488 0.000355 0.183690 0.001908 0.013486 0.033390
0.449037 -0.234592 0.000351 0.183806 0.001911 0.013517 0.033384
0.450106 -0.234694 0.000348 0.183926 0.001914 0.013548 0.033380
0.451143 -0.234796 0.000347 0.184039 0.001918 0.013579 0.033375
0.452149 -0.234899 0.000345 0.184136 0.001922 0.013611 0.033367
0.453121 -0.235006 0.000343 0.184205 0.001925 0.013644 0.033353
0.454061 -0.235119 0.000339 0.184237 0.001928 0.013678 0.033329
0.454963 -0.235237 0.000334 0.184225 0.001930 0.013715 0.033295
0.455823 -0.235363 0.000327 0.184172 0.001931 0.013753 0.033252
0.456632 -0.235495 0.000321 0.184089 0.001933 0.013794 0.033206
0.457383 -0.235632 0.000317 0.184001 0.001935 0.013838 0.033161
0.458125 -0.235763 0.000311 0.183885 0.001937 0.013879 0.033107
0.458854 -0.235886 0.000304 0.183767 0.001938 0.013920 0.033051
0.459558 -0.236001 0.000300 0.183657 0.001940 0.013959 0.032998
0.460234 -0.236109 0.000297 0.183560 0.001942 0.013997 0.032948
0.460877 -0.236210 0.000295 0.183467 0.001946 0.014035 0.032901
0.461486 -0.236307 0.000294 0.183371 0.001949 0.014073 0.032854
0.462061 -0.236402 0.000293 0.183259 0.001953 0.014111 0.032805
0.462602 -0.236494 0.000292 0.183121 0.001956 0.014149 0.032749
0.463108 -0.236587 0.000289 0.182948 0.001959 0.014189 0.032685
0.463576 -0.236680 0.000285 0.182733 0.001961 0.014229 0.032611
0.464000 -0.236775 0.000280 0.182478 0.001962 0.014272 0.032528
0.464372 -0.236872 0.000274 0.182195 0.001963 0.014316 0.032442
0.464684 -0.236967 0.000272 0.181908 0.001966 0.014362 0.032359
0.464986 -0.237051 0.000267 0.181598 0.001967 0.014405 0.032269
0.465272 -0.237121 0.000262 0.181290 0.001968 0.014447 0.032177
0.465533 -0.237177 0.000259 0.180996 0.001970 0.014487 0.032089
0.465762 -0.237220 0.000259 0.180719 0.001973 0.014526 0.032007
0.465958 -0.237250 0.000260 0.180453 0.001977 0.014563 0.031930
0.466119 -0.237270 0.000262 0.180189 0.001981 0.014600 0.031854
0.466245 -0.237280 0.000264 0.179918 0.001985 0.014636 0.031778
0.466338 -0.237282 0.000267 0.179628 0.001989 0.014672 0.031697
0.466398 -0.237276 0.000268 0.179309 0.001993 0.014709 0.031610
0.466423 -0.237264 0.000268 0.178951 0.001996 0.014745 0.031513
0.466413 -0.237246 0.000266 0.178549 0.001997 0.014782 0.031406
0.466361 -0.237224 0.000262 0.178105 0.001998 0.014820 0.031290
0.466258 -0.237195 0.000258 0.177632 0.001999 0.014859 0.031169
0.466098 -0.237159 0.000256 0.177154 0.002001 0.014899 0.031051
0.465929 -0.237104 0.000252 0.176653 0.002001 0.014937 0.030926
0.465747 -0.237028 0.000248 0.176153 0.002001 0.014972 0.030799
0.465540 -0.236931 0.000246 0.175669 0.002002 0.015004 0.030676
0.465304 -0.236813 0.000246 0.175201 0.002004 0.015035 0.030559
0.465037 -0.236675 0.000247 0.174743 0.002006 0.015064 0.030446
0.464737 -0.236517 0.000249 0.174287 0.002009 0.015091 0.030334
0.464406 -0.236341 0.000251 0.173820 0.002012 0.015117 0.030221
0.464043 -0.236147 0.000252 0.173332 0.002014 0.015142 0.030103
0.463649 -0.235937 0.000252 0.172813 0.002015 0.015167 0.029978
0.463221 -0.235710 0.000251 0.172256 0.002015 0.015191 0.029844
0.462755 -0.235466 0.000247 0.171663 0.002015 0.015214 0.029702
0.462240 -0.235206 0.000244 0.171046 0.002014 0.015238 0.029558
0.461671 -0.234925 0.000243 0.170431 0.002014 0.015261 0.029418
0.461096 -0.234615 0.000239 0.169798 0.002013 0.015281 0.029272
0.460510 -0.234271 0.000237 0.169173 0.002012 0.015297 0.029126
0.459902 -0.233895 0.000235 0.168570 0.002012 0.015309 0.028987
0.459268 -0.233484 0.000236 0.167990 0.002012 0.015319 0.028854
0.458606 -0.233041 0.000239 0.167425 0.002014 0.015326 0.028727
0.457916 -0.232565 0.000242 0.166867 0.002015 0.015330 0.028603
0.457198 -0.232057 0.000246 0.166305 0.002016 0.015332 0.028479
0.456453 -0.231517 0.000249 0.165727 0.002017 0.015331 0.028352
0.455683 -0.230946 0.000251 0.165124 0.002017 0.015329 0.028219
0.454884 -0.230344 0.000251 0.164490 0.002016 0.015324 0.028079
0.454053 -0.229709 0.000249 0.163825 0.002014 0.015317 0.027932
0.453180 -0.229042 0.000247 0.163143 0.002011 0.015309 0.027785
0.452259 -0.228339 0.000248 0.162469 0.002010 0.015299 0.027644
0.451339 -0.227590 0.000246 0.161787 0.002008 0.015284 0.027499
0.450413 -0.226792 0.000245 0.161121 0.002005 0.015264 0.027356
0.449473 -0.225944 0.000247 0.160488 0.002003 0.015240 0.027223
0.448514 -0.225045 0.000250 0.159887 0.002002 0.015211 0.027099
0.447534 -0.224096 0.000256 0.159313 0.002002 0.015178 0.026983
0.446534 -0.223097 0.000262 0.158757 0.002002 0.015140 0.026874
0.445515 -0.222047 0.000269 0.158210 0.002002 0.015098 0.026768
0.444480 -0.220947 0.000276 0.157660 0.002002 0.015052 0.026662
0.443430 -0.219796 0.000282 0.157099 0.002001 0.015002 0.026553
0.442367 -0.218594 0.000286 0.156516 0.001999 0.014949 0.026439
0.441288 -0.217341 0.000288 0.155906 0.001996 0.014892 0.026318
0.440191 -0.216035 0.000288 0.155270 0.001991 0.014831 0.026192
0.439065 -0.214676 0.000287 0.154621 0.001986 0.014766 0.026066
0.437903 -0.213259 0.000289 0.153987 0.001981 0.014698 0.025947
0.436757 -0.211775 0.000288 0.153351 0.001975 0.014623 0.025825
0.435620 -0.210222 0.000287 0.152739 0.001969 0.014542 0.025708
0.434482 -0.208596 0.000289 0.152166 0.001964 0.014454 0.025600
0.433339 -0.206898 0.000292 0.151631 0.001959 0.014360 0.025504
0.432190 -0.205126 0.000297 0.151130 0.001955 0.014259 0.025417
0.431035 -0.203281 0.000303 0.150651 0.001951 0.014153 0.025337
0.429878 -0.201362 0.000309 0.150186 0.001946 0.014040 0.025260
0.428719 -0.199369 0.000314 0.149722 0.001941 0.013922 0.025185
0.427561 -0.197300 0.000318 0.149251 0.001935 0.013797 0.025107
0.426401 -0.195155 0.000319 0.148765 0.001927 0.013667 0.025026
0.425237 -0.192933 0.000319 0.148265 0.001918 0.013530 0.024942
0.424059 -0.190632 0.000317 0.147764 0.001908 0.013388 0.024861
0.422859 -0.188248 0.000318 0.147289 0.001899 0.013240 0.024789
0.421690 -0.185773 0.000317 0.146824 0.001888 0.013083 0.024718
0.420542 -0.183202 0.000316 0.146395 0.001878 0.012918 0.024654
0.419408 -0.180535 0.000318 0.146016 0.001868 0.012744 0.024602
0.418283 -0.177769 0.000321 0.145688 0.001858 0.012562 0.024564
0.417167 -0.174906 0.000326 0.145403 0.001849 0.012372 0.024539
0.416060 -0.171943 0.000332 0.145153 0.001840 0.012173 0.024522
0.414965 -0.168880 0.000337 0.144926 0.001830 0.011967 0.024512
0.413883 -0.165718 0.000342 0.144713 0.001820 0.011752 0.024504
0.412817 -0.162454 0.000346 0.144502 0.001808 0.011529 0.024497
0.411765 -0.159089 0.000347 0.144288 0.001795 0.011298 0.024489
0.410724 -0.155621 0.000346 0.144071 0.001780 0.011060 0.024481
0.409683 -0.152049 0.000344 0.143863 0.001765 0.010813 0.024477
0.408637 -0.148370 0.000345 0.143693 0.001750 0.010558 0.024486
0.407634 -0.144575 0.000343 0.143545 0.001733 0.010293 0.024498
0.406669 -0.140662 0.000342 0.143446 0.001717 0.010018 0.024520
0.405730 -0.136630 0.000343 0.143410 0.001701 0.009732 0.024557
0.404814 -0.132477 0.000347 0.143437 0.001686 0.009437 0.024611
0.403921 -0.128205 0.000352 0.143523 0.001671 0.009132 0.024680
0.403051 -0.123813 0.000358 0.143656 0.001656 0.008818 0.024761
0.402206 -0.119301 0.000365 0.143829 0.001641 0.008494 0.024852
0.401388 -0.114671 0.000371 0.144029 0.001625 0.008160 0.024950
0.400601 -0.109921 0.000376 0.144247 0.001608 0.007817 0.025051
0.399844 -0.105054 0.000379 0.144474 0.001589 0.007465 0.025153
0.399116 -0.100068 0.000379 0.144703 0.001569 0.007104 0.025254
0.398415 -0.094966 0.000378 0.144935 0.001547 0.006735 0.025355
0.397728 -0.089747 0.000374 0.145182 0.001524 0.006356 0.025461
0.397048 -0.084409 0.000373 0.145473 0.001501 0.005969 0.025581
0.396426 -0.078948 0.000370 0.145791 0.001477 0.005572 0.025704
0.395851 -0.073363 0.000367 0.146164 0.001453 0.005166 0.025837
0.395314 -0.067655 0.000366 0.146604 0.001429 0.004750 0.025985
0.394810 -0.061827 0.000368 0.147113 0.001406 0.004324 0.026151
0.394338 -0.055880 0.000371 0.147681 0.001383 0.003890 0.026330
0.393897 -0.049819 0.000374 0.148300 0.001359 0.003448 0.026522
0.393488 -0.043647 0.000378 0.148957 0.001336 0.002998 0.026722
0.393113 -0.037367 0.000381 0.149642 0.001311 0.002540 0.026927
0.392772 -0.030984 0.000382 0.150343 0.001286 0.002076 0.027133
0.392463 -0.024503 0.000382 0.151052 0.001259 0.001605 0.027339
0.392180 -0.017927 0.000379 0.151770 0.001230 0.001129 0.027546
0.391912 -0.011263 0.000375 0.152507 0.001201 0.000647 0.027759
0.391649 -0.004514 0.000374 0.153291 0.001173 0.000161 0.027983
0.391441 0.002320 0.000371 0.154105 0.001143 -0.000330 0.028210
0.391276 0.009232 0.000370 0.154975 0.001114 -0.000825 0.028447
0.391143 0.016216 0.000371 0.155915 0.001085 -0.001324 0.028698
0.391036 0.023262 0.000374 0.156921 0.001058 -0.001825 0.028964
0.390953 0.030361 0.000380 0.157987 0.001032 -0.002327 0.029242
0.390892 0.037503 0.000387 0.159100 0.001006 -0.002829 0.029530
0.390854 0.044675 0.000395 0.160249 0.000980 -0.003330 0.029823
0.390837 0.051865 0.000403 0.161421 0.000954 -0.003828 0.030117
0.390842 0.059060 0.000410 0.162604 0.000928 -0.004321 0.030410
0.390864 0.066245 0.000416 0.163790 0.000901 -0.004809 0.030699
0.390898 0.073404 0.000421 0.164977 0.000874 -0.005290 0.030984
0.390931 0.080522 0.000426 0.166176 0.000847 -0.005761 0.031270
0.390951 0.087583 0.000435 0.167412 0.000822 -0.006222 0.031562
0.391006 0.094571 0.000443 0.168670 0.000797 -0.006670 0.031852
0.391085 0.101469 0.000453 0.169973 0.000773 -0.007103 0.032144
0.391176 0.108254 0.000468 0.171334 0.000753 -0.007520 0.032445
0.391270 0.114902 0.000487 0.172750 0.000735 -0.007917 0.032753
0.391366 0.121387 0.000510 0.174212 0.000719 -0.008292 0.033066
0.391460 0.127681 0.000536 0.175708 0.000706 -0.008641 0.033380
0.391554 0.133753 0.000564 0.177225 0.000695 -0.008962 0.033691
0.391646 0.139573 0.000595 0.178749 0.000686 -0.009251 0.033994
0.391735 0.145105 0.000627 0.180267 0.000680 -0.009505 0.034285
0.391822 0.150313 0.000660 0.181766 0.000675 -0.009719 0.034560
0.391901 0.155160 0.000694 0.183237 0.000672 -0.009890 0.034816
0.391968 0.159607 0.000728 0.184676 0.000671 -0.010015 0.035051
0.392009 0.163611 0.000765 0.186093 0.000672 -0.010089 0.035271
0.392013 0.167133 0.000807 0.187514 0.000679 -0.010110 0.035482
0.392030 0.170135 0.000851 0.188920 0.000689 -0.010074 0.035672
0.392046 0.172573 0.000899 0.190336 0.000703 -0.009981 0.035848
0.392053 0.174410 0.000953 0.191774 0.000722 -0.009828 0.036016
0.392044 0.175608 0.001012 0.193230 0.000746 -0.009619 0.036175
0.392019 0.176139 0.001075 0.194695 0.000775 -0.009357 0.036326
0.391981 0.175988 0.001140 0.196154 0.000806 -0.009053 0.036466
0.391937 0.175163 0.001204 0.197587 0.000837 -0.008725 0.036594
0.391898 0.173704 0.001261 0.198971 0.000865 -0.008403 0.036709
0.391882 0.171704 0.001303 0.200265 0.000885 -0.008133 0.036809
0.391916 0.169331 0.001320 0.201413 0.000888 -0.007988 0.036892
0.392032 0.166868 0.001291 0.202331 0.000860 -0.008077 0.036959
0.392238 0.164767 0.001195 0.202941 0.000785 -0.008554 0.037033
0.392348 0.163751 0.001097 0.203357 0.000701 -0.009431 0.037294
0.392659 0.165495 0.001098 0.203602 0.000702 -0.009393 0.037296
