1.747000 -5.290000 30.052007 -8.279026 0.000000 -0.000000 0.000000
1.800775 -5.288017 29.601196 -8.350518 -0.066381 -0.079845 -0.004544
1.864666 -5.276743 29.149475 -8.441962 -0.142579 -0.132325 -0.020097
1.923130 -5.259175 28.698152 -8.537289 -0.221325 -0.170391 -0.037840
1.968757 -5.236032 28.247606 -8.632608 -0.301511 -0.199725 -0.054770
1.998510 -5.207261 27.798052 -8.727761 -0.382528 -0.223907 -0.070091
2.011737 -5.172944 27.349559 -8.822927 -0.464165 -0.244363 -0.083764
2.009128 -5.133140 26.902164 -8.918639 -0.546322 -0.262060 -0.095848
1.991799 -5.088075 26.455881 -9.015096 -0.628964 -0.277516 -0.106439
1.961168 -5.037944 26.010714 -9.112607 -0.712084 -0.291163 -0.115619
1.918741 -4.982932 25.566662 -9.211500 -0.795698 -0.303306 -0.123486
1.865987 -4.923222 25.123717 -9.312086 -0.879840 -0.314167 -0.130134
1.804271 -4.858997 24.681867 -9.414628 -0.964549 -0.323913 -0.135644
1.734814 -4.790450 24.241099 -9.519300 -1.049871 -0.332665 -0.140064
1.658644 -4.717799 23.801399 -9.626120 -1.135848 -0.340512 -0.143380
1.576447 -4.641338 23.362732 -9.734514 -1.221769 -0.347445 -0.146131
1.489023 -4.561278 22.925081 -9.844414 -1.307684 -0.353499 -0.148273
1.397145 -4.477823 22.488418 -9.955782 -1.393655 -0.358568 -0.149853
1.301682 -4.391108 22.052737 -10.069004 -1.479725 -0.362900 -0.150925
1.203318 -4.301238 21.618025 -10.184383 -1.565938 -0.366630 -0.151542
1.102632 -4.208356 21.184266 -10.302098 -1.652344 -0.369822 -0.151750
1.000158 -4.112610 20.751444 -10.422305 -1.738994 -0.372545 -0.151583
0.896371 -4.014150 20.319540 -10.545141 -1.825938 -0.374855 -0.151068
0.791695 -3.913131 19.888539 -10.670724 -1.913230 -0.376801 -0.150224
0.686498 -3.809707 19.458422 -10.799147 -2.000921 -0.378425 -0.149058
0.581091 -3.704040 19.029171 -10.930468 -2.089065 -0.379768 -0.147566
0.475718 -3.596293 18.600770 -11.064683 -2.177707 -0.380878 -0.145715
0.370509 -3.486624 18.173225 -11.201651 -2.266763 -0.382044 -0.143422
0.265168 -3.374578 17.754574 -11.340859 -2.355778 -0.382636 -0.141233
0.159739 -3.260156 17.346160 -11.482166 -2.444718 -0.382814 -0.139066
0.054362 -3.143479 16.947823 -11.625528 -2.533607 -0.382661 -0.136871
-0.050777 -3.024661 16.559339 -11.770982 -2.622497 -0.382206 -0.134634
-0.155533 -2.903813 16.180490 -11.918560 -2.711440 -0.381476 -0.132336
-0.259768 -2.781042 15.811061 -12.068311 -2.800490 -0.380493 -0.129963
-0.363351 -2.656452 15.450839 -12.220294 -2.889699 -0.379281 -0.127506
-0.466160 -2.530141 15.099616 -12.374575 -2.979123 -0.377858 -0.124957
-0.568079 -2.402205 14.757192 -12.531217 -3.068815 -0.376245 -0.122307
-0.669006 -2.272736 14.423368 -12.690280 -3.158829 -0.374459 -0.119543
-0.768848 -2.141824 14.097956 -12.851816 -3.249221 -0.372520 -0.116650
-0.867529 -2.009560 13.780771 -13.015852 -3.340043 -0.370443 -0.113604
-0.965005 -1.876036 13.471634 -13.182369 -3.431350 -0.368243 -0.110361
-1.061303 -1.741351 13.170376 -13.351234 -3.523192 -0.365920 -0.106829
-1.156681 -1.605673 12.876591 -13.521764 -3.614849 -0.363449 -0.103476
-1.251175 -1.469090 12.590116 -13.693828 -3.706371 -0.360829 -0.100213
-1.344758 -1.331678 12.310791 -13.867407 -3.797814 -0.358071 -0.096993
-1.437380 -1.193502 12.038457 -14.042532 -3.889230 -0.355187 -0.093789
-1.528984 -1.054625 11.772961 -14.219254 -3.980676 -0.352191 -0.090583
-1.619511 -0.915107 11.514152 -14.397634 -4.072207 -0.349098 -0.087359
-1.708903 -0.775002 11.261884 -14.577737 -4.163878 -0.345919 -0.084102
-1.797105 -0.634367 11.016016 -14.759627 -4.255744 -0.342669 -0.080797
-1.884065 -0.493254 10.776410 -14.943366 -4.347863 -0.339359 -0.077428
-1.969736 -0.351714 10.542933 -15.129007 -4.440288 -0.336001 -0.073974
-2.054085 -0.209797 10.315457 -15.316582 -4.533076 -0.332605 -0.070407
-2.137104 -0.067556 10.093857 -15.506077 -4.626281 -0.329180 -0.066678
-2.218853 0.074949 9.878013 -15.697364 -4.719957 -0.325718 -0.062695
-2.299618 0.217600 9.667569 -15.889779 -4.813381 -0.322204 -0.058924
-2.379459 0.360344 9.462410 -16.083198 -4.906606 -0.318631 -0.055273
-2.458373 0.503139 9.262425 -16.277609 -4.999688 -0.315004 -0.051693
-2.536332 0.645951 9.067504 -16.473051 -5.092681 -0.311333 -0.048156
-2.613300 0.788747 8.877543 -16.669581 -5.185643 -0.307627 -0.044640
-2.689235 0.931497 8.692437 -16.867266 -5.278629 -0.303895 -0.041127
-2.764097 1.074172 8.512086 -17.066179 -5.371697 -0.300147 -0.037602
-2.837845 1.216744 8.336393 -17.266392 -5.464903 -0.296391 -0.034047
-2.910441 1.359189 8.165265 -17.467973 -5.558304 -0.292637 -0.030444
-2.981852 1.501481 7.998610 -17.670982 -5.651956 -0.288892 -0.026771
-3.052056 1.643595 7.836341 -17.875459 -5.745916 -0.285163 -0.022997
-3.121056 1.785506 7.678374 -18.081397 -5.840240 -0.281454 -0.019075
-3.188920 1.927180 7.524620 -18.288679 -5.934982 -0.277750 -0.014913
-3.255938 2.068529 7.374765 -18.496660 -6.029418 -0.274050 -0.010975
-3.322177 2.209523 7.228726 -18.705225 -6.123603 -0.270342 -0.007170
-3.387642 2.350143 7.086427 -18.914373 -6.217592 -0.266629 -0.003450
-3.452310 2.490374 6.947794 -19.124147 -6.311442 -0.262914 0.000214
-3.516151 2.630204 6.812758 -19.334614 -6.405211 -0.259206 0.003845
-3.579129 2.769620 6.681248 -19.545850 -6.498955 -0.255511 0.007459
-3.641210 2.908613 6.553198 -19.757935 -6.592732 -0.251836 0.011075
-3.702356 3.047172 6.428544 -19.970951 -6.686599 -0.248187 0.014708
-3.762531 3.185289 6.307222 -20.184980 -6.780613 -0.244571 0.018376
-3.821703 3.322957 6.189172 -20.400098 -6.874832 -0.240994 0.022095
-3.879841 3.460168 6.074337 -20.616373 -6.969314 -0.237461 0.025890
-3.936928 3.596916 5.962661 -20.833851 -7.064115 -0.233976 0.029791
-3.992969 3.733193 5.854088 -21.052533 -7.159293 -0.230538 0.033846
-4.048035 3.868982 5.748557 -21.272308 -7.254904 -0.227127 0.038146
-4.102411 4.004214 5.645783 -21.492554 -7.350220 -0.223759 0.042226
-4.156165 4.138874 5.545709 -21.713165 -7.445298 -0.220417 0.046176
-4.209303 4.272958 5.448285 -21.934143 -7.540195 -0.217098 0.050044
-4.261805 4.406465 5.353466 -22.155539 -7.634967 -0.213807 0.053860
-4.313640 4.539395 5.261210 -22.377423 -7.729674 -0.210548 0.057648
-4.364777 4.671749 5.171473 -22.599876 -7.824373 -0.207325 0.061426
-4.415179 4.803528 5.084214 -22.822981 -7.919122 -0.204143 0.065213
-4.464812 4.934736 4.999395 -23.046823 -8.013979 -0.201008 0.069026
-4.513643 5.065374 4.916979 -23.271481 -8.109001 -0.197923 0.072886
-4.561642 5.195448 4.836928 -23.497026 -8.204248 -0.194893 0.076815
-4.608791 5.324960 4.759209 -23.723509 -8.299777 -0.191918 0.080845
-4.655097 5.453912 4.683785 -23.950931 -8.395647 -0.188994 0.085024
-4.700628 5.582299 4.610608 -24.179190 -8.491915 -0.186098 0.089442
-4.745662 5.710058 4.539419 -24.407683 -8.587850 -0.183261 0.093634
-4.790265 5.837184 4.470174 -24.636308 -8.683509 -0.180462 0.097689
-4.834441 5.963680 4.402843 -24.865073 -8.778952 -0.177697 0.101654
-4.878171 6.089553 4.337396 -25.094031 -8.874235 -0.174967 0.105561
-4.921425 6.214810 4.273810 -25.323254 -8.969418 -0.172275 0.109432
-4.964168 6.339460 4.212059 -25.552828 -9.064559 -0.169624 0.113287
-5.006365 6.463511 4.152119 -25.782839 -9.159715 -0.167020 0.117146
-5.047980 6.586972 4.093970 -26.013373 -9.254946 -0.164464 0.121025
-5.088979 6.709854 4.037589 -26.244515 -9.350310 -0.161960 0.124945
-5.129332 6.832166 3.982957 -26.476337 -9.445866 -0.159510 0.128931
-5.169022 6.953918 3.930053 -26.708891 -9.541671 -0.157114 0.133013
-5.208053 7.075117 3.878853 -26.942183 -9.637785 -0.154764 0.137240
-5.246492 7.195763 3.829316 -27.176113 -9.734267 -0.152433 0.141697
-5.284608 7.315797 3.781209 -27.410099 -9.830382 -0.150171 0.145924
-5.322465 7.435217 3.734494 -27.644047 -9.926189 -0.147951 0.150004
-5.360066 7.554031 3.689152 -27.877964 -10.021747 -0.145767 0.153986
-5.397392 7.672249 3.645167 -28.111907 -10.117114 -0.143618 0.157900
-5.434412 7.789885 3.602528 -28.345951 -10.212349 -0.141508 0.161769
-5.471089 7.906949 3.561223 -28.580184 -10.307510 -0.139438 0.165614
-5.507387 8.023454 3.521240 -28.814698 -10.402657 -0.137412 0.169452
-5.543269 8.139414 3.482570 -29.049583 -10.497846 -0.135431 0.173299
-5.578696 8.254842 3.445203 -29.284933 -10.593138 -0.133500 0.177176
-5.613635 8.369750 3.409131 -29.520831 -10.688590 -0.131620 0.181100
-5.648055 8.484155 3.374345 -29.757354 -10.784261 -0.129791 0.185097
-5.681937 8.598068 3.340836 -29.994553 -10.880211 -0.128012 0.189197
-5.715285 8.711500 3.308588 -30.232437 -10.976498 -0.126272 0.193450
-5.748164 8.824450 3.277566 -30.470907 -11.073184 -0.124540 0.197937
-5.780831 8.936863 3.247558 -30.709406 -11.169529 -0.122884 0.202199
-5.813349 9.048736 3.218532 -30.947842 -11.265594 -0.121275 0.206319
-5.845719 9.160080 3.190476 -31.186222 -11.361438 -0.119705 0.210344
-5.877920 9.270907 3.163385 -31.424603 -11.457119 -0.118171 0.214306
-5.909921 9.381233 3.137257 -31.663060 -11.552698 -0.116673 0.218228
-5.941685 9.491071 3.112089 -31.901678 -11.648232 -0.115215 0.222131
-5.973174 9.600437 3.087882 -32.140546 -11.743780 -0.113797 0.226034
-6.004349 9.709347 3.064635 -32.379754 -11.839402 -0.112421 0.229957
-6.035176 9.817816 3.042348 -32.619385 -11.935156 -0.111090 0.233921
-6.065622 9.925861 3.021021 -32.859512 -12.031101 -0.109801 0.237951
-6.095667 10.033495 3.000649 -33.100187 -12.127297 -0.108552 0.242078
-6.125316 10.140729 2.981223 -33.341416 -12.223804 -0.107329 0.246352
-6.154629 10.247563 2.962710 -33.583103 -12.320682 -0.106099 0.250850
-6.183853 10.353938 2.944916 -33.824712 -12.417191 -0.104947 0.255118
-6.213048 10.459852 2.927814 -34.066153 -12.513391 -0.103842 0.259235
-6.242214 10.565315 2.911395 -34.307434 -12.609342 -0.102773 0.263249
-6.271330 10.670341 2.895660 -34.548609 -12.705103 -0.101735 0.267190
-6.300362 10.774944 2.880614 -34.789751 -12.800734 -0.100730 0.271084
-6.329274 10.879140 2.866261 -35.030946 -12.896293 -0.099757 0.274951
-6.358026 10.982946 2.852606 -35.272282 -12.991839 -0.098819 0.278812
-6.386580 11.086378 2.839658 -35.513847 -13.087431 -0.097916 0.282686
-6.414897 11.189453 2.827420 -35.755724 -13.183129 -0.097049 0.286595
-6.442947 11.292186 2.815899 -35.997986 -13.278991 -0.096215 0.290563
-6.470709 11.394594 2.805096 -36.240682 -13.375076 -0.095411 0.294624
-6.498185 11.496684 2.795000 -36.483815 -13.471447 -0.094620 0.298825
-6.525437 11.598454 2.785581 -36.727296 -13.568162 -0.093806 0.303240
-6.552698 11.699844 2.776665 -36.970608 -13.664480 -0.093073 0.307420
-6.580026 11.800850 2.768224 -37.213663 -13.760461 -0.092387 0.311440
-6.607422 11.901479 2.760254 -37.456470 -13.856164 -0.091735 0.315346
-6.634864 12.001744 2.752757 -37.699082 -13.951649 -0.091111 0.319169
-6.662318 12.101662 2.745743 -37.941572 -14.046976 -0.090515 0.322934
-6.689746 12.201247 2.739222 -38.184026 -14.142204 -0.089947 0.326663
-6.717108 12.300516 2.733204 -38.426534 -14.237390 -0.089409 0.330374
-6.744362 12.399485 2.727701 -38.669186 -14.332594 -0.088900 0.334086
-6.771470 12.498172 2.722723 -38.912072 -14.427874 -0.088422 0.337818
-6.798392 12.596592 2.718282 -39.155274 -14.523290 -0.087975 0.341593
-6.825098 12.694763 2.714385 -39.398863 -14.618901 -0.087555 0.345435
-6.851567 12.792697 2.711037 -39.642887 -14.714767 -0.087155 0.349376
-6.877801 12.890403 2.708228 -39.887349 -14.810948 -0.086758 0.353463
-6.903859 12.987874 2.705928 -40.132159 -14.907505 -0.086326 0.357768
-6.929963 13.085049 2.703983 -40.376825 -15.003693 -0.085981 0.361844
-6.956168 13.181920 2.702367 -40.621260 -15.099572 -0.085686 0.365765
-6.982476 13.278494 2.701074 -40.865471 -15.195203 -0.085427 0.369576
-7.008863 13.374782 2.700112 -41.109505 -15.290645 -0.085196 0.373309
-7.035297 13.470800 2.699491 -41.353433 -15.385958 -0.084992 0.376990
-7.061738 13.566565 2.699226 -41.597336 -15.481201 -0.084813 0.380640
-7.088147 13.662092 2.699331 -41.841297 -15.576432 -0.084661 0.384281
-7.114484 13.757398 2.699821 -42.085400 -15.671710 -0.084533 0.387933
-7.140710 13.852501 2.700708 -42.329724 -15.767095 -0.084429 0.391619
-7.166795 13.947415 2.702004 -42.574335 -15.862646 -0.084345 0.395365
-7.192717 14.042154 2.703712 -42.819277 -15.958422 -0.084272 0.399204
-7.218479 14.136723 2.705826 -43.064549 -16.054485 -0.084191 0.403181
-7.244136 14.231112 2.708314 -43.310064 -16.150895 -0.084063 0.407366
-7.269899 14.325259 2.711041 -43.555349 -16.246906 -0.084024 0.411317
-7.295823 14.419151 2.713979 -43.800319 -16.342577 -0.084039 0.415105
-7.321908 14.512794 2.717125 -44.044978 -16.437969 -0.084090 0.418774
-7.348131 14.606198 2.720486 -44.289370 -16.533143 -0.084169 0.422357
-7.374458 14.699378 2.724075 -44.533562 -16.628156 -0.084272 0.425880
-7.400852 14.792350 2.727909 -44.777632 -16.723069 -0.084399 0.429364
-7.427272 14.885129 2.732004 -45.021662 -16.817939 -0.084548 0.432832
-7.453677 14.977733 2.736376 -45.265731 -16.912826 -0.084718 0.436304
-7.480032 15.070177 2.741042 -45.509915 -17.007789 -0.084906 0.439804
-7.506303 15.162476 2.746012 -45.754276 -17.102886 -0.085109 0.443358
-7.532471 15.254642 2.751291 -45.998857 -17.198178 -0.085314 0.446998
-7.558538 15.346676 2.756871 -46.243654 -17.293725 -0.085502 0.450769
-7.584557 15.438566 2.762723 -46.488582 -17.389588 -0.085633 0.454737
-7.610731 15.530247 2.768725 -46.733187 -17.485018 -0.085859 0.458466
-7.637112 15.621705 2.774853 -46.977389 -17.580074 -0.086143 0.462024
-7.663699 15.712942 2.781101 -47.221187 -17.674819 -0.086466 0.465452
-7.690470 15.803966 2.787478 -47.464625 -17.769310 -0.086819 0.468784
-7.717394 15.894791 2.793998 -47.707769 -17.863606 -0.087199 0.472044
-7.744431 15.985432 2.800678 -47.950695 -17.957767 -0.087601 0.475256
-7.771540 16.075905 2.807537 -48.193484 -18.051851 -0.088027 0.478438
-7.798681 16.166225 2.814595 -48.436218 -18.145916 -0.088473 0.481613
-7.825813 16.256410 2.821868 -48.678977 -18.240020 -0.088940 0.484800
-7.852901 16.346474 2.829374 -48.921835 -18.334222 -0.089423 0.488022
-7.879912 16.436430 2.837125 -49.164851 -18.428581 -0.089916 0.491304
-7.906826 16.526290 2.845124 -49.408064 -18.523157 -0.090408 0.494680
-7.933648 16.616051 2.853364 -49.651470 -18.618010 -0.090877 0.498192
-7.960427 16.705700 2.861814 -49.894984 -18.713199 -0.091283 0.501903
-7.987358 16.795168 2.870372 -50.138171 -18.807974 -0.091792 0.505383
-8.014490 16.884439 2.879012 -50.380951 -18.902396 -0.092368 0.508696
-8.041824 16.973513 2.887730 -50.623321 -18.996523 -0.092989 0.511885
-8.069338 17.062398 2.896533 -50.865320 -19.090416 -0.093646 0.514983
-8.097001 17.151105 2.905435 -51.107005 -19.184132 -0.094333 0.518014
-8.124775 17.239651 2.914453 -51.348445 -19.277731 -0.095045 0.521003
-8.152622 17.328049 2.923607 -51.589714 -19.371270 -0.095781 0.523971
-8.180503 17.416316 2.932916 -51.830884 -19.464808 -0.096537 0.526940
-8.208383 17.504467 2.942394 -52.072020 -19.558403 -0.097308 0.529935
-8.236230 17.592514 2.952056 -52.313177 -19.652113 -0.098087 0.532982
-8.264026 17.680465 2.961903 -52.554387 -19.745998 -0.098861 0.536111
-8.291774 17.768318 2.971927 -52.795642 -19.840118 -0.099607 0.539367
-8.319524 17.856053 2.982101 -53.036858 -19.934532 -0.100287 0.542809
-8.347460 17.943603 2.992333 -53.277617 -20.028489 -0.101077 0.546015
-8.375631 18.030949 3.002601 -53.517836 -20.122046 -0.101942 0.549044
-8.404037 18.118087 3.012900 -53.757511 -20.215265 -0.102860 0.551939
-8.432659 18.205025 3.023235 -53.996675 -20.308203 -0.103819 0.554732
-8.461464 18.291772 3.033621 -54.235380 -20.400920 -0.104813 0.557450
-8.490419 18.378344 3.044076 -54.473692 -20.493472 -0.105836 0.560114
-8.519483 18.464755 3.054618 -54.711676 -20.585918 -0.106886 0.562748
-8.548621 18.551019 3.065267 -54.949401 -20.678314 -0.107957 0.565374
-8.577797 18.637150 3.076037 -55.186928 -20.770720 -0.109046 0.568016
-8.606983 18.723160 3.086941 -55.424306 -20.863192 -0.110142 0.570700
-8.636160 18.809054 3.097981 -55.661563 -20.955789 -0.111231 0.573456
-8.665332 18.894827 3.109147 -55.898687 -21.048571 -0.112292 0.576327
-8.694548 18.980458 3.120415 -56.135596 -21.141596 -0.113285 0.579370
-8.723986 19.065878 3.131705 -56.371886 -21.234111 -0.114399 0.582167
-8.753692 19.151064 3.142996 -56.607477 -21.326172 -0.115599 0.584777
-8.783668 19.236011 3.154282 -56.842360 -21.417841 -0.116862 0.587239
-8.813896 19.320724 3.165569 -57.076564 -21.509173 -0.118177 0.589585
-8.844346 19.405211 3.176872 -57.310141 -21.600226 -0.119535 0.591840
-8.874982 19.489487 3.188206 -57.543151 -21.691058 -0.120931 0.594026
-8.905768 19.573565 3.199593 -57.775659 -21.781725 -0.122363 0.596165
-8.936666 19.657460 3.211053 -58.007734 -21.872284 -0.123825 0.598277
-8.967639 19.741185 3.222603 -58.239439 -21.962790 -0.125315 0.600385
-8.998655 19.824754 3.234260 -58.470832 -22.053301 -0.126826 0.602510
-9.029685 19.908177 3.246035 -58.701957 -22.143873 -0.128348 0.604679
-9.060714 19.991457 3.257928 -58.932838 -22.234564 -0.129867 0.606920
-9.091746 20.074586 3.269931 -59.163459 -22.325432 -0.131359 0.609275
-9.122830 20.157542 3.282020 -59.393737 -22.416534 -0.132787 0.611798
-9.154137 20.240254 3.294128 -59.623280 -22.507115 -0.134351 0.614077
-9.185713 20.322697 3.306234 -59.852005 -22.597232 -0.136014 0.616168
-9.217562 20.404864 3.318332 -60.079899 -22.686941 -0.137756 0.618111
-9.249667 20.486757 3.330426 -60.306983 -22.776300 -0.139562 0.619935
-9.282000 20.568386 3.342529 -60.533297 -22.865365 -0.141423 0.621667
-9.314531 20.649762 3.354657 -60.758892 -22.954192 -0.143332 0.623330
-9.347224 20.730897 3.366826 -60.983821 -23.042836 -0.145284 0.624945
-9.380047 20.811804 3.379054 -61.208137 -23.131353 -0.147273 0.626535
-9.412968 20.892496 3.391356 -61.431888 -23.219798 -0.149292 0.628124
-9.445963 20.972979 3.403739 -61.655109 -23.308227 -0.151330 0.629736
-9.479017 21.053257 3.416206 -61.877814 -23.396696 -0.153371 0.631402
-9.512137 21.133319 3.428745 -62.099982 -23.485262 -0.155391 0.633161
-9.545370 21.213138 3.441335 -62.321525 -23.573980 -0.157354 0.635064
-9.578883 21.292645 3.453918 -62.542061 -23.662094 -0.159469 0.636708
-9.612721 21.371813 3.466475 -62.761503 -23.749657 -0.161701 0.638143
-9.646891 21.450630 3.479000 -62.979830 -23.836726 -0.164028 0.639410
-9.681378 21.529099 3.491495 -63.197056 -23.923357 -0.166436 0.640538
-9.716156 21.607226 3.503971 -63.413213 -24.009603 -0.168914 0.641551
-9.751196 21.685021 3.516443 -63.628342 -24.095519 -0.171454 0.642473
-9.786468 21.762496 3.528927 -63.842488 -24.181159 -0.174052 0.643325
-9.821940 21.839662 3.541438 -64.055696 -24.266576 -0.176699 0.644130
-9.857585 21.916529 3.553990 -64.268004 -24.351825 -0.179389 0.644908
-9.893380 21.993103 3.566589 -64.479439 -24.436958 -0.182109 0.645686
-9.929314 22.069384 3.579236 -64.690007 -24.522030 -0.184844 0.646493
-9.965395 22.145360 3.591920 -64.899681 -24.607096 -0.187570 0.647364
-10.001672 22.221001 3.604621 -65.108368 -24.692208 -0.190251 0.648350
-10.038307 22.296237 3.617289 -65.315693 -24.776608 -0.193106 0.649051
-10.075348 22.371037 3.629905 -65.521565 -24.860346 -0.196101 0.649517
-10.112804 22.445389 3.642464 -65.725956 -24.943478 -0.199214 0.649785
-10.150662 22.519292 3.654966 -65.928873 -25.026055 -0.202430 0.649881
-10.188901 22.592751 3.667421 -66.130340 -25.108131 -0.205739 0.649831
-10.227494 22.665775 3.679844 -66.330391 -25.189755 -0.209134 0.649654
-10.266413 22.738374 3.692250 -66.529065 -25.270981 -0.212610 0.649372
-10.305629 22.810560 3.704655 -66.726401 -25.351857 -0.216160 0.649003
-10.345113 22.882344 3.717074 -66.922437 -25.432436 -0.219778 0.648568
-10.384843 22.953733 3.729519 -67.117201 -25.512768 -0.223457 0.648087
-10.424799 23.024734 3.741997 -67.310711 -25.592903 -0.227185 0.647584
-10.464975 23.095342 3.754504 -67.502962 -25.672893 -0.230947 0.647085
-10.505380 23.165544 3.767031 -67.693918 -25.752789 -0.234717 0.646625
-10.546068 23.235310 3.779557 -67.883478 -25.832640 -0.238463 0.646252
-10.587199 23.304565 3.792038 -68.071267 -25.911685 -0.242412 0.645570
-10.628826 23.373278 3.804457 -68.257185 -25.989970 -0.246530 0.644626
-10.670958 23.441435 3.816805 -68.441192 -26.067547 -0.250796 0.643456
-10.713591 23.509033 3.829080 -68.623278 -26.144465 -0.255193 0.642085
-10.756708 23.576074 3.841289 -68.803451 -26.220773 -0.259711 0.640537
-10.800288 23.642566 3.853442 -68.981727 -26.296519 -0.264341 0.638833
-10.844309 23.708517 3.865550 -69.158125 -26.371750 -0.269076 0.636991
-10.888751 23.773936 3.877623 -69.332665 -26.446514 -0.273908 0.635031
-10.933595 23.838830 3.889670 -69.505356 -26.520858 -0.278830 0.632975
-10.978828 23.903201 3.901694 -69.676200 -26.594829 -0.283828 0.630843
-11.024447 23.967044 3.913690 -69.845176 -26.668474 -0.288886 0.628661
-11.070470 24.030345 3.925644 -70.012233 -26.741841 -0.293980 0.626463
-11.116950 24.093070 3.937538 -70.177260 -26.814975 -0.299078 0.624293
-11.164052 24.155145 3.949330 -70.339873 -26.887110 -0.304415 0.621759
-11.211832 24.216536 3.961002 -70.499960 -26.958288 -0.309958 0.618906
-11.260305 24.277227 3.972542 -70.657465 -27.028556 -0.315685 0.615767
-11.309473 24.337213 3.983946 -70.812364 -27.097959 -0.321580 0.612367
-11.359325 24.396496 3.995216 -70.964646 -27.166542 -0.327633 0.608725
-11.409848 24.455081 4.006359 -71.114311 -27.234346 -0.333834 0.604861
-11.461027 24.512977 4.017383 -71.261360 -27.301416 -0.340177 0.600792
-11.512848 24.570189 4.028293 -71.405794 -27.367793 -0.346654 0.596536
-11.565301 24.626725 4.039093 -71.547606 -27.433520 -0.353256 0.592110
-11.618380 24.682584 4.049785 -71.686780 -27.498638 -0.359973 0.587535
-11.672089 24.737761 4.060358 -71.823278 -27.563188 -0.366786 0.582832
-11.726454 24.792239 4.070797 -71.957032 -27.627214 -0.373675 0.578033
-11.781536 24.845984 4.081081 -72.087916 -27.690754 -0.380607 0.573177
-11.837504 24.898919 4.091168 -72.215537 -27.753035 -0.387824 0.567874
-11.894421 24.951009 4.101039 -72.339769 -27.814094 -0.395296 0.562166
-11.952314 25.002238 4.110678 -72.460537 -27.873972 -0.403002 0.556081
-12.011189 25.052599 4.120077 -72.577801 -27.932708 -0.410927 0.549640
-12.071049 25.102092 4.129233 -72.691534 -27.990337 -0.419061 0.542859
-12.131888 25.150724 4.138148 -72.801717 -28.046898 -0.427396 0.535752
-12.193700 25.198501 4.146827 -72.908339 -28.102426 -0.435928 0.528334
-12.256481 25.245431 4.155272 -73.011386 -28.156955 -0.444652 0.520615
-12.320226 25.291522 4.163487 -73.110842 -28.210520 -0.453561 0.512608
-12.384934 25.336777 4.171469 -73.206684 -28.263156 -0.462649 0.504326
-12.450613 25.381197 4.179212 -73.298878 -28.314897 -0.471907 0.495781
-12.517278 25.424775 4.186702 -73.387369 -28.365774 -0.481320 0.486992
-12.584963 25.467491 4.193917 -73.472074 -28.415823 -0.490867 0.477981
-12.653744 25.509307 4.200830 -73.552851 -28.465074 -0.500519 0.468781
-12.723800 25.550146 4.207401 -73.629295 -28.512743 -0.510527 0.459002
-12.795210 25.589970 4.213605 -73.701261 -28.558861 -0.520864 0.448677
-12.868016 25.628758 4.219423 -73.768662 -28.603458 -0.531512 0.437828
-12.942242 25.666502 4.224843 -73.831437 -28.646562 -0.542458 0.426468
-13.017903 25.703200 4.229862 -73.889545 -28.688201 -0.553698 0.414606
-13.095009 25.738855 4.234478 -73.942959 -28.728402 -0.565228 0.402248
-13.173570 25.773472 4.238693 -73.991657 -28.767190 -0.577050 0.389399
-13.253590 25.807059 4.242512 -74.035625 -28.804590 -0.589165 0.376059
-13.335076 25.839623 4.245940 -74.074852 -28.840625 -0.601576 0.362229
-13.418035 25.871172 4.248983 -74.109327 -28.875318 -0.614289 0.347907
-13.502473 25.901716 4.251648 -74.139042 -28.908690 -0.627308 0.333091
-13.588398 25.931262 4.253944 -74.163988 -28.940763 -0.640641 0.317778
-13.675821 25.959818 4.255876 -74.184160 -28.971555 -0.654293 0.301964
-13.764750 25.987391 4.257454 -74.199550 -29.001088 -0.668274 0.285643
-13.855199 26.013989 4.258686 -74.210150 -29.029378 -0.682591 0.268809
-13.947178 26.039617 4.259580 -74.215955 -29.056444 -0.697254 0.251454
-14.040701 26.064282 4.260144 -74.216959 -29.082303 -0.712273 0.233571
-14.135781 26.087991 4.260388 -74.213159 -29.106970 -0.727658 0.215149
-14.232431 26.110748 4.260324 -74.204552 -29.130460 -0.743423 0.196177
-14.330662 26.132560 4.259961 -74.191139 -29.152790 -0.759580 0.176644
-14.430486 26.153434 4.259314 -74.172928 -29.173971 -0.776146 0.156533
-14.531907 26.173377 4.258399 -74.149933 -29.194016 -0.793138 0.135828
-14.634925 26.192401 4.257233 -74.122183 -29.212939 -0.810578 0.114508
-14.739525 26.210522 4.255837 -74.089728 -29.230750 -0.828491 0.092544
-14.845665 26.227759 4.254227 -74.052658 -29.247459 -0.846909 0.069897
-14.953245 26.244146 4.252401 -74.011142 -29.263079 -0.865869 0.046502
-15.061977 26.259732 4.250291 -73.965777 -29.277829 -0.884902 0.022983
-15.171761 26.274549 4.247894 -73.916730 -29.291721 -0.904044 -0.000725
-15.282560 26.288618 4.245226 -73.864089 -29.304763 -0.923329 -0.024665
-15.394362 26.301952 4.242307 -73.807901 -29.316962 -0.942786 -0.048869
-15.507172 26.314559 4.239155 -73.748187 -29.328325 -0.962439 -0.073363
-15.621004 26.326446 4.235787 -73.684958 -29.338859 -0.982312 -0.098171
-15.735875 26.337615 4.232217 -73.618213 -29.348570 -1.002426 -0.123318
-15.851803 26.348068 4.228459 -73.547951 -29.357464 -1.022803 -0.148826
-15.968808 26.357807 4.224526 -73.474168 -29.365545 -1.043464 -0.174719
-16.086906 26.366837 4.220435 -73.396867 -29.372820 -1.064434 -0.201022
-16.206104 26.375162 4.216200 -73.316060 -29.379290 -1.085738 -0.227765
-16.326400 26.382794 4.211842 -73.231780 -29.384961 -1.107407 -0.254982
-16.447763 26.389750 4.207373 -73.144100 -29.389834 -1.129477 -0.282720
-16.570099 26.396056 4.202789 -73.053168 -29.393914 -1.151989 -0.311051
-16.693131 26.401764 4.198020 -72.959571 -29.397416 -1.174475 -0.339355
-16.816766 26.406902 4.193060 -72.863457 -29.400341 -1.196975 -0.367702
-16.940975 26.411486 4.187925 -72.764895 -29.402693 -1.219527 -0.396142
-17.065757 26.415527 4.182632 -72.663910 -29.404471 -1.242163 -0.424711
-17.191126 26.419029 4.177197 -72.560507 -29.405675 -1.264911 -0.453441
-17.317101 26.421995 4.171635 -72.454677 -29.406307 -1.287796 -0.482360
-17.443707 26.424425 4.165958 -72.346403 -29.406366 -1.310844 -0.511498
-17.570967 26.426318 4.160179 -72.235668 -29.405852 -1.334079 -0.540881
-17.698905 26.427677 4.154313 -72.122457 -29.404764 -1.357528 -0.570539
-17.827534 26.428503 4.148372 -72.006765 -29.403100 -1.381219 -0.600504
-17.956858 26.428805 4.142375 -71.888610 -29.400860 -1.405184 -0.630816
-18.086852 26.428597 4.136332 -71.768045 -29.398040 -1.429462 -0.661524
-18.217430 26.427905 4.130238 -71.645204 -29.394641 -1.454097 -0.692702
-18.348313 26.426781 4.124022 -71.520667 -29.390871 -1.478618 -0.723733
-18.479416 26.425250 4.117678 -71.394567 -29.386730 -1.503072 -0.754690
-18.610714 26.423328 4.111218 -71.266957 -29.382214 -1.527495 -0.785624
-18.742213 26.421023 4.104659 -71.137846 -29.377320 -1.551922 -0.816576
-18.873930 26.418336 4.098015 -71.007221 -29.372045 -1.576381 -0.847578
-19.005892 26.415267 4.091297 -70.875058 -29.366384 -1.600899 -0.878661
-19.138126 26.411815 4.084518 -70.741324 -29.360333 -1.625502 -0.909854
-19.270663 26.407976 4.077686 -70.605986 -29.353889 -1.650216 -0.941188
-19.403529 26.403749 4.070814 -70.469013 -29.347046 -1.675068 -0.972693
-19.536743 26.399135 4.063915 -70.330387 -29.339800 -1.700086 -1.004404
-19.670313 26.394140 4.057002 -70.190108 -29.332145 -1.725304 -1.036359
-19.804218 26.388777 4.050086 -70.048217 -29.324077 -1.750761 -1.068611
-19.938375 26.383069 4.043161 -69.904838 -29.315592 -1.776502 -1.101236
-20.072504 26.377070 4.036156 -69.760548 -29.306895 -1.802057 -1.133615
-20.206523 26.370807 4.029063 -69.615468 -29.297982 -1.827471 -1.165824
-20.340412 26.364292 4.021896 -69.469640 -29.288848 -1.852785 -1.197915
-20.474178 26.357530 4.014668 -69.323059 -29.279485 -1.878031 -1.229928
-20.607844 26.350521 4.007390 -69.175700 -29.269888 -1.903239 -1.261897
-20.741439 26.343264 4.000072 -69.027521 -29.260050 -1.928434 -1.293853
-20.874997 26.335752 3.992723 -68.878476 -29.249964 -1.953641 -1.325825
-21.008553 26.327981 3.985349 -68.728513 -29.239624 -1.978886 -1.357841
-21.142142 26.319946 3.977958 -68.577583 -29.229023 -2.004192 -1.389932
-21.275792 26.311642 3.970560 -68.425642 -29.218154 -2.029586 -1.422128
-21.409529 26.303068 3.963164 -68.272658 -29.207009 -2.055097 -1.454462
-21.543360 26.294227 3.955782 -68.118620 -29.195581 -2.080757 -1.486975
-21.677268 26.285130 3.948427 -67.963561 -29.183863 -2.106606 -1.519720
-21.811171 26.275800 3.941088 -67.807597 -29.171848 -2.132690 -1.552776
-21.944785 26.266292 3.933700 -67.651311 -29.159740 -2.158539 -1.585518
-22.078028 26.256632 3.926255 -67.494822 -29.147532 -2.184199 -1.618027
-22.210881 26.246829 3.918767 -67.338165 -29.135217 -2.209712 -1.650355
-22.343351 26.236887 3.911248 -67.181329 -29.122786 -2.235110 -1.682542
-22.475463 26.226803 3.903710 -67.024284 -29.110231 -2.260423 -1.714624
-22.607245 26.216572 3.896164 -66.866986 -29.097542 -2.285679 -1.746633
-22.738730 26.206188 3.888616 -66.709385 -29.084713 -2.310902 -1.778597
-22.869952 26.195643 3.881077 -66.551432 -29.071735 -2.336119 -1.810548
-23.000938 26.184932 3.873555 -66.393079 -29.058598 -2.361355 -1.842517
-23.131714 26.174050 3.866061 -66.234294 -29.045294 -2.386641 -1.874538
-23.262287 26.162999 3.858607 -66.075065 -29.031815 -2.412010 -1.906653
-23.392639 26.151787 3.851205 -65.915422 -29.018150 -2.437501 -1.938914
-23.522687 26.140436 3.843847 -65.755483 -29.004294 -2.463162 -1.971402
-23.652141 26.129003 3.836470 -65.595843 -28.990448 -2.488522 -2.003490
-23.780918 26.117512 3.829070 -65.436625 -28.976605 -2.513628 -2.035259
-23.908996 26.105971 3.821659 -65.277860 -28.962755 -2.538523 -2.066763
-24.036385 26.094381 3.814250 -65.119538 -28.948889 -2.563237 -2.098042
-24.163107 26.082738 3.806855 -64.961628 -28.934999 -2.587802 -2.129129
-24.289191 26.071034 3.799482 -64.804084 -28.921074 -2.612243 -2.160057
-24.414668 26.059261 3.792141 -64.646856 -28.907106 -2.636586 -2.190854
-24.539570 26.047410 3.784839 -64.489893 -28.893085 -2.660854 -2.221551
-24.663927 26.035473 3.777585 -64.333148 -28.879003 -2.685075 -2.252177
-24.787759 26.023445 3.770389 -64.176589 -28.864849 -2.709276 -2.282768
-24.911076 26.011325 3.763263 -64.020203 -28.850615 -2.733490 -2.313361
-25.033857 25.999119 3.756218 -63.864024 -28.836291 -2.757756 -2.344012
-25.156016 25.986850 3.749249 -63.708173 -28.821869 -2.782123 -2.374800
-25.277256 25.974578 3.742298 -63.553263 -28.807551 -2.806118 -2.405095
-25.397490 25.962325 3.735359 -63.399420 -28.793330 -2.829789 -2.434978
-25.516697 25.950097 3.728446 -63.246679 -28.779195 -2.853176 -2.464502
-25.634884 25.937896 3.721571 -63.095032 -28.765138 -2.876311 -2.493704
-25.752072 25.925715 3.714745 -62.944447 -28.751149 -2.899221 -2.522619
-25.868288 25.913545 3.707977 -62.794880 -28.737218 -2.921932 -2.551275
-25.983564 25.901377 3.701272 -62.646280 -28.723337 -2.944465 -2.579700
-26.097933 25.889200 3.694637 -62.498593 -28.709497 -2.966843 -2.607919
-26.211425 25.877004 3.688078 -62.351770 -28.695689 -2.989089 -2.635960
-26.324067 25.864779 3.681603 -62.205766 -28.681904 -3.011225 -2.663851
-26.435880 25.852520 3.675221 -62.060551 -28.668132 -3.033279 -2.691624
-26.546869 25.840224 3.668944 -61.916120 -28.654365 -3.055280 -2.719317
-26.657010 25.827897 3.662783 -61.772510 -28.640592 -3.077268 -2.746981
-26.766214 25.815560 3.656734 -61.629855 -28.626808 -3.099291 -2.774697
-26.874173 25.803278 3.650744 -61.488791 -28.613214 -3.120874 -2.801830
-26.980798 25.791071 3.644810 -61.349454 -28.599802 -3.142064 -2.828460
-27.086062 25.778947 3.638945 -61.211890 -28.586564 -3.162901 -2.854639
-27.189967 25.766903 3.633162 -61.076100 -28.573490 -3.183415 -2.880404
-27.292531 25.754934 3.627472 -60.942065 -28.560573 -3.203633 -2.905785
-27.393775 25.743030 3.621885 -60.809750 -28.547802 -3.223577 -2.930810
-27.493727 25.731182 3.616407 -60.679118 -28.535170 -3.243268 -2.955506
-27.592411 25.719379 3.611046 -60.550132 -28.522670 -3.262730 -2.979896
-27.689849 25.707613 3.605809 -60.422760 -28.510291 -3.281982 -3.004009
-27.786057 25.695877 3.600708 -60.296985 -28.498027 -3.301051 -3.027872
-27.881035 25.684169 3.595753 -60.172811 -28.485868 -3.319964 -3.051522
-27.974756 25.672498 3.590956 -60.050288 -28.473807 -3.338759 -3.075009
-28.067123 25.660885 3.586314 -59.929563 -28.461838 -3.357482 -3.098411
-28.157821 25.649399 3.581778 -59.811295 -28.450163 -3.375654 -3.121087
-28.246753 25.638064 3.577344 -59.695632 -28.438776 -3.393324 -3.143114
-28.333891 25.626889 3.573024 -59.582628 -28.427669 -3.410525 -3.164542
-28.419232 25.615876 3.568830 -59.472291 -28.416836 -3.427284 -3.185402
-28.502791 25.605021 3.564770 -59.364605 -28.406268 -3.443624 -3.205719
-28.584589 25.594319 3.560849 -59.259537 -28.395958 -3.459561 -3.225516
-28.664651 25.583765 3.557071 -59.157047 -28.385900 -3.475111 -3.244810
-28.743005 25.573351 3.553436 -59.057090 -28.376089 -3.490286 -3.263618
-28.819679 25.563072 3.549944 -58.959617 -28.366516 -3.505099 -3.281955
-28.894704 25.552923 3.546593 -58.864577 -28.357177 -3.519561 -3.299834
-28.968109 25.542899 3.543383 -58.771916 -28.348066 -3.533681 -3.317269
-29.039924 25.532995 3.540311 -58.681583 -28.339177 -3.547470 -3.334272
-29.110179 25.523208 3.537375 -58.593524 -28.330504 -3.560936 -3.350855
-29.178904 25.513534 3.534571 -58.507686 -28.322043 -3.574087 -3.367029
-29.246127 25.503969 3.531897 -58.424017 -28.313788 -3.586932 -3.382805
-29.311877 25.494513 3.529349 -58.342464 -28.305734 -3.599479 -3.398193
-29.376183 25.485162 3.526925 -58.262977 -28.297876 -3.611735 -3.413202
-29.439072 25.475914 3.524621 -58.185504 -28.290209 -3.623707 -3.427844
-29.500573 25.466769 3.522434 -58.109996 -28.282729 -3.635403 -3.442126
-29.560712 25.457723 3.520360 -58.036404 -28.275431 -3.646829 -3.456058
-29.619516 25.448777 3.518396 -57.964680 -28.268311 -3.657992 -3.469649
-29.677011 25.439929 3.516539 -57.894777 -28.261364 -3.668897 -3.482906
-29.733224 25.431179 3.514786 -57.826649 -28.254585 -3.679551 -3.495839
-29.788179 25.422525 3.513132 -57.760252 -28.247972 -3.689960 -3.508454
-29.841902 25.413966 3.511576 -57.695541 -28.241519 -3.700130 -3.520760
-29.894416 25.405503 3.510113 -57.632473 -28.235224 -3.710067 -3.532765
-29.945747 25.397134 3.508741 -57.571005 -28.229081 -3.719775 -3.544475
-29.995917 25.388860 3.507456 -57.511099 -28.223088 -3.729260 -3.555897
-30.044951 25.380679 3.506256 -57.452712 -28.217240 -3.738527 -3.567039
-30.092871 25.372592 3.505136 -57.395806 -28.211535 -3.747581 -3.577908
-30.139699 25.364598 3.504096 -57.340342 -28.205968 -3.756428 -3.588509
-30.185459 25.356697 3.503130 -57.286284 -28.200536 -3.765071 -3.598849
-30.230170 25.348888 3.502238 -57.233596 -28.195236 -3.773516 -3.608936
-30.273855 25.341171 3.501415 -57.182241 -28.190065 -3.781766 -3.618773
-30.316535 25.333547 3.500659 -57.132186 -28.185020 -3.789827 -3.628369
-30.358230 25.326013 3.499968 -57.083396 -28.180097 -3.797703 -3.637727
-30.398960 25.318572 3.499340 -57.035839 -28.175293 -3.805398 -3.646855
-30.438745 25.311221 3.498770 -56.989482 -28.170607 -3.812916 -3.655757
-30.477606 25.303962 3.498258 -56.944296 -28.166034 -3.820260 -3.664439
-30.515560 25.296793 3.497801 -56.900249 -28.161572 -3.827436 -3.672907
-30.552626 25.289714 3.497396 -56.857311 -28.157218 -3.834446 -3.681165
-30.588824 25.282725 3.497042 -56.815455 -28.152970 -3.841295 -3.689218
-30.624171 25.275826 3.496736 -56.774652 -28.148825 -3.847986 -3.697071
-30.658684 25.269016 3.496475 -56.734874 -28.144781 -3.854523 -3.704730
-30.692382 25.262295 3.496259 -56.696095 -28.140835 -3.860909 -3.712198
-30.725281 25.255662 3.496085 -56.658289 -28.136984 -3.867147 -3.719480
-30.757399 25.249118 3.495951 -56.621431 -28.133227 -3.873241 -3.726582
-30.788751 25.242662 3.495856 -56.585496 -28.129561 -3.879194 -3.733506
-30.819353 25.236293 3.495797 -56.550460 -28.125985 -3.885010 -3.740257
-30.849223 25.230011 3.495772 -56.516300 -28.122494 -3.890690 -3.746840
-30.878374 25.223815 3.495781 -56.482993 -28.119089 -3.896240 -3.753259
-30.906824 25.217706 3.495822 -56.450518 -28.115766 -3.901660 -3.759516
-30.934585 25.211682 3.495892 -56.418851 -28.112524 -3.906955 -3.765618
-30.961674 25.205744 3.495991 -56.387973 -28.109360 -3.912126 -3.771566
-30.988104 25.199890 3.496116 -56.357863 -28.106274 -3.917178 -3.777365
-31.013890 25.194120 3.496267 -56.328502 -28.103262 -3.922112 -3.783018
-31.039045 25.188433 3.496443 -56.299869 -28.100323 -3.926931 -3.788529
-31.063583 25.182830 3.496641 -56.271946 -28.097455 -3.931637 -3.793901
-31.087518 25.177309 3.496861 -56.244714 -28.094657 -3.936234 -3.799138
-31.110863 25.171870 3.497101 -56.218156 -28.091927 -3.940724 -3.804243
-31.133629 25.166512 3.497360 -56.192255 -28.089263 -3.945109 -3.809219
-31.155831 25.161235 3.497637 -56.166993 -28.086664 -3.949391 -3.814069
-31.177480 25.156038 3.497931 -56.142353 -28.084128 -3.953573 -3.818796
-31.198588 25.150921 3.498241 -56.118320 -28.081653 -3.957657 -3.823403
-31.219168 25.145882 3.498566 -56.094879 -28.079238 -3.961645 -3.827893
-31.239230 25.140921 3.498905 -56.072013 -28.076882 -3.965539 -3.832270
-31.258787 25.136038 3.499256 -56.049708 -28.074584 -3.969342 -3.836535
-31.277849 25.131231 3.499619 -56.027950 -28.072340 -3.973056 -3.840691
-31.296427 25.126501 3.499994 -56.006725 -28.070152 -3.976682 -3.844741
-31.314532 25.121846 3.500379 -55.986018 -28.068016 -3.980222 -3.848688
-31.332175 25.117266 3.500773 -55.965817 -28.065933 -3.983679 -3.852534
-31.349366 25.112760 3.501176 -55.946109 -28.063900 -3.987054 -3.856282
-31.366115 25.108327 3.501587 -55.926880 -28.061916 -3.990349 -3.859933
-31.382432 25.103967 3.502005 -55.908119 -28.059980 -3.993567 -3.863491
-31.398327 25.099679 3.502430 -55.889814 -28.058092 -3.996708 -3.866957
-31.413808 25.095462 3.502860 -55.871953 -28.056249 -3.999774 -3.870334
-31.428887 25.091315 3.503296 -55.854525 -28.054451 -4.002768 -3.873625
-31.443571 25.087239 3.503736 -55.837518 -28.052697 -4.005690 -3.876830
-31.457869 25.083231 3.504180 -55.820922 -28.050985 -4.008543 -3.879952
-31.471791 25.079291 3.504628 -55.804727 -28.049315 -4.011327 -3.882994
-31.485345 25.075419 3.505079 -55.788922 -28.047686 -4.014045 -3.885957
-31.498540 25.071613 3.505532 -55.773498 -28.046096 -4.016699 -3.888842
-31.511383 25.067874 3.505987 -55.758444 -28.044545 -4.019288 -3.891653
-31.523883 25.064199 3.506444 -55.743751 -28.043031 -4.021816 -3.894391
-31.536047 25.060589 3.506902 -55.729411 -28.041554 -4.024282 -3.897058
-31.547884 25.057043 3.507360 -55.715414 -28.040114 -4.026690 -3.899654
-31.559401 25.053560 3.507819 -55.701752 -28.038708 -4.029039 -3.902183
-31.570606 25.050138 3.508278 -55.688416 -28.037337 -4.031332 -3.904646
-31.581506 25.046779 3.508736 -55.675397 -28.035998 -4.033570 -3.907044
-31.592107 25.043480 3.509193 -55.662689 -28.034693 -4.035753 -3.909379
-31.602418 25.040240 3.509649 -55.650283 -28.033419 -4.037883 -3.911653
-31.612444 25.037060 3.510103 -55.638172 -28.032177 -4.039962 -3.913867
-31.622193 25.033938 3.510556 -55.626347 -28.030964 -4.041991 -3.916023
-31.631671 25.030874 3.511007 -55.614803 -28.029781 -4.043970 -3.918121
-31.640885 25.027867 3.511456 -55.603532 -28.028627 -4.045900 -3.920164
-31.649840 25.024916 3.511901 -55.592528 -28.027501 -4.047784 -3.922153
-31.658544 25.022020 3.512345 -55.581783 -28.026403 -4.049622 -3.924089
-31.667002 25.019178 3.512785 -55.571291 -28.025332 -4.051414 -3.925973
-31.675220 25.016391 3.513222 -55.561046 -28.024286 -4.053163 -3.927807
-31.683203 25.013657 3.513655 -55.551041 -28.023266 -4.054869 -3.929593
-31.690959 25.010975 3.514085 -55.541272 -28.022271 -4.056533 -3.931330
-31.698491 25.008344 3.514511 -55.531732 -28.021301 -4.058156 -3.933021
-31.705806 25.005765 3.514934 -55.522415 -28.020354 -4.059738 -3.934667
-31.712909 25.003235 3.515352 -55.513316 -28.019430 -4.061282 -3.936268
-31.719805 25.000755 3.515766 -55.504430 -28.018529 -4.062788 -3.937826
-31.726499 24.998324 3.516175 -55.495752 -28.017650 -4.064256 -3.939342
-31.732996 24.995941 3.516581 -55.487275 -28.016793 -4.065687 -3.940817
-31.739302 24.993605 3.516981 -55.478996 -28.015957 -4.067083 -3.942252
-31.745420 24.991315 3.517377 -55.470910 -28.015141 -4.068444 -3.943648
-31.751356 24.989071 3.517768 -55.463012 -28.014345 -4.069772 -3.945007
-31.757114 24.986873 3.518155 -55.455297 -28.013569 -4.071065 -3.946328
-31.762698 24.984719 3.518536 -55.447761 -28.012811 -4.072327 -3.947613
-31.768114 24.982609 3.518913 -55.440400 -28.012073 -4.073557 -3.948863
-31.773365 24.980542 3.519284 -55.433210 -28.011353 -4.074755 -3.950078
-31.778455 24.978517 3.519651 -55.426186 -28.010650 -4.075924 -3.951260
-31.783390 24.976534 3.520012 -55.419324 -28.009965 -4.077063 -3.952410
-31.788171 24.974592 3.520368 -55.412621 -28.009297 -4.078173 -3.953528
-31.792805 24.972690 3.520719 -55.406073 -28.008645 -4.079255 -3.954615
-31.797294 24.970829 3.521065 -55.399676 -28.008009 -4.080309 -3.955671
-31.801642 24.969006 3.521405 -55.393427 -28.007389 -4.081337 -3.956699
-31.805853 24.967222 3.521740 -55.387322 -28.006785 -4.082338 -3.957697
-31.809930 24.965475 3.522070 -55.381358 -28.006195 -4.083314 -3.958668
-31.813878 24.963766 3.522395 -55.375531 -28.005620 -4.084264 -3.959612
-31.817699 24.962094 3.522714 -55.369839 -28.005060 -4.085190 -3.960529
-31.821396 24.960457 3.523028 -55.364278 -28.004513 -4.086092 -3.961420
-31.824974 24.958856 3.523337 -55.358845 -28.003980 -4.086971 -3.962286
-31.828435 24.957289 3.523640 -55.353537 -28.003460 -4.087827 -3.963128
-31.831783 24.955757 3.523939 -55.348352 -28.002954 -4.088661 -3.963946
-31.835020 24.954258 3.524232 -55.343287 -28.002460 -4.089473 -3.964740
-31.838150 24.952793 3.524519 -55.338338 -28.001978 -4.090264 -3.965512
-31.841176 24.951359 3.524802 -55.333503 -28.001509 -4.091034 -3.966262
-31.844099 24.949958 3.525080 -55.328780 -28.001051 -4.091784 -3.966990
-31.846924 24.948587 3.525352 -55.324167 -28.000605 -4.092514 -3.967697
-31.849653 24.947248 3.525619 -55.319660 -28.000170 -4.093225 -3.968384
-31.852289 24.945938 3.525881 -55.315257 -27.999746 -4.093917 -3.969050
-31.854834 24.944659 3.526138 -55.310957 -27.999333 -4.094591 -3.969698
-31.857290 24.943408 3.526391 -55.306756 -27.998930 -4.095246 -3.970326
-31.859661 24.942186 3.526638 -55.302653 -27.998538 -4.095884 -3.970937
-31.861949 24.940992 3.526880 -55.298646 -27.998156 -4.096505 -3.971529
-31.864155 24.939826 3.527118 -55.294732 -27.997783 -4.097109 -3.972104
-31.866284 24.938686 3.527350 -55.290909 -27.997420 -4.097697 -3.972661
-31.868336 24.937573 3.527578 -55.287176 -27.997067 -4.098269 -3.973202
-31.870313 24.936487 3.527802 -55.283531 -27.996722 -4.098826 -3.973728
-31.872219 24.935425 3.528020 -55.279971 -27.996387 -4.099367 -3.974237
-31.874056 24.934389 3.528234 -55.276495 -27.996060 -4.099893 -3.974731
-31.875824 24.933378 3.528444 -55.273102 -27.995742 -4.100405 -3.975210
-31.877527 24.932390 3.528649 -55.269789 -27.995432 -4.100903 -3.975674
-31.879166 24.931427 3.528849 -55.266555 -27.995130 -4.101386 -3.976125
-31.880743 24.930486 3.529046 -55.263398 -27.994836 -4.101857 -3.976561
-31.882261 24.929569 3.529238 -55.260316 -27.994550 -4.102314 -3.976984
-31.883720 24.928674 3.529425 -55.257309 -27.994271 -4.102758 -3.977394
-31.885123 24.927801 3.529609 -55.254375 -27.994000 -4.103190 -3.977791
-31.886471 24.926949 3.529788 -55.251512 -27.993737 -4.103609 -3.978176
-31.887767 24.926118 3.529963 -55.248719 -27.993480 -4.104017 -3.978549
-31.889011 24.925309 3.530135 -55.245994 -27.993230 -4.104412 -3.978910
-31.890205 24.924519 3.530302 -55.243336 -27.992987 -4.104797 -3.979259
-31.891352 24.923750 3.530466 -55.240745 -27.992751 -4.105170 -3.979597
-31.892452 24.923000 3.530625 -55.238218 -27.992521 -4.105532 -3.979924
-31.893506 24.922269 3.530781 -55.235754 -27.992298 -4.105883 -3.980241
-31.894517 24.921557 3.530934 -55.233353 -27.992081 -4.106224 -3.980547
-31.895486 24.920864 3.531082 -55.231013 -27.991870 -4.106555 -3.980843
-31.896414 24.920189 3.531227 -55.228733 -27.991665 -4.106876 -3.981130
-31.897303 24.919531 3.531369 -55.226512 -27.991466 -4.107187 -3.981406
-31.898153 24.918891 3.531507 -55.224349 -27.991272 -4.107489 -3.981673
-31.898967 24.918268 3.531641 -55.222243 -27.991084 -4.107781 -3.981931
-31.899744 24.917662 3.531773 -55.220193 -27.990902 -4.108064 -3.982181
-31.900488 24.917072 3.531901 -55.218198 -27.990725 -4.108338 -3.982421
-31.901197 24.916499 3.532026 -55.216257 -27.990553 -4.108604 -3.982653
-31.901875 24.915941 3.532147 -55.214369 -27.990387 -4.108861 -3.982877
-31.902521 24.915399 3.532266 -55.212534 -27.990225 -4.109110 -3.983093
-31.903137 24.914872 3.532381 -55.210750 -27.990069 -4.109351 -3.983300
-31.903725 24.914360 3.532494 -55.209017 -27.989917 -4.109583 -3.983501
-31.904284 24.913862 3.532604 -55.207333 -27.989770 -4.109808 -3.983693
-31.904816 24.913379 3.532710 -55.205699 -27.989628 -4.110025 -3.983878
-31.905321 24.912911 3.532814 -55.204114 -27.989491 -4.110235 -3.984057
-31.905802 24.912456 3.532915 -55.202576 -27.989358 -4.110438 -3.984228
-31.906258 24.912015 3.533013 -55.201085 -27.989229 -4.110633 -3.984392
-31.906691 24.911587 3.533109 -55.199640 -27.989105 -4.110821 -3.984550
-31.907101 24.911173 3.533202 -55.198241 -27.988985 -4.111003 -3.984701
-31.907489 24.910771 3.533293 -55.196887 -27.988870 -4.111177 -3.984845
-31.907856 24.910382 3.533380 -55.195578 -27.988758 -4.111345 -3.984984
-31.908202 24.910006 3.533466 -55.194313 -27.988651 -4.111507 -3.985116
-31.908529 24.909642 3.533549 -55.193091 -27.988547 -4.111662 -3.985243
-31.908836 24.909290 3.533629 -55.191912 -27.988448 -4.111811 -3.985363
-31.909126 24.908950 3.533708 -55.190775 -27.988352 -4.111954 -3.985478
-31.909397 24.908622 3.533784 -55.189681 -27.988260 -4.112090 -3.985587
-31.909652 24.908305 3.533857 -55.188627 -27.988172 -4.112221 -3.985691
-31.909890 24.908000 3.533929 -55.187615 -27.988088 -4.112346 -3.985789
-31.910112 24.907706 3.533998 -55.186643 -27.988008 -4.112465 -3.985882
-31.910319 24.907423 3.534065 -55.185712 -27.987931 -4.112579 -3.985969
-31.910510 24.907151 3.534130 -55.184820 -27.987857 -4.112687 -3.986052
-31.910688 24.906890 3.534192 -55.183967 -27.987787 -4.112789 -3.986129
-31.910851 24.906639 3.534253 -55.183154 -27.987721 -4.112886 -3.986202
-31.911001 24.906398 3.534312 -55.182379 -27.987658 -4.112978 -3.986270
-31.911137 24.906168 3.534368 -55.181642 -27.987599 -4.113065 -3.986332
-31.911261 24.905949 3.534423 -55.180944 -27.987542 -4.113146 -3.986390
-31.911373 24.905739 3.534476 -55.180283 -27.987490 -4.113222 -3.986444
-31.911473 24.905539 3.534527 -55.179660 -27.987440 -4.113293 -3.986493
-31.911561 24.905350 3.534576 -55.179074 -27.987394 -4.113360 -3.986537
-31.911637 24.905170 3.534623 -55.178525 -27.987351 -4.113421 -3.986577
-31.911703 24.905000 3.534668 -55.178013 -27.987311 -4.113477 -3.986612
-31.911758 24.904839 3.534711 -55.177537 -27.987275 -4.113529 -3.986643
-31.911802 24.904688 3.534753 -55.177098 -27.987241 -4.113575 -3.986670
-31.911836 24.904546 3.534793 -55.176695 -27.987211 -4.113617 -3.986692
-31.911859 24.904414 3.534831 -55.176329 -27.987184 -4.113654 -3.986710
-31.911873 24.904291 3.534867 -55.175998 -27.987160 -4.113687 -3.986724
-31.911877 24.904178 3.534901 -55.175703 -27.987139 -4.113714 -3.986733
-31.911871 24.904074 3.534934 -55.175444 -27.987121 -4.113737 -3.986738
-31.911856 24.903978 3.534965 -55.175220 -27.987107 -4.113756 -3.986740
-31.911831 24.903893 3.534994 -55.175032 -27.987095 -4.113769 -3.986737
-31.911797 24.903816 3.535022 -55.174880 -27.987087 -4.113779 -3.986729
-31.911753 24.903748 3.535048 -55.174763 -27.987081 -4.113783 -3.986718
-31.911700 24.903690 3.535072 -55.174682 -27.987079 -4.113783 -3.986702
-31.911638 24.903641 3.535094 -55.174636 -27.987079 -4.113778 -3.986683
-31.911567 24.903601 3.535115 -55.174626 -27.987083 -4.113769 -3.986659
-31.911486 24.903570 3.535134 -55.174651 -27.987090 -4.113755 -3.986631
-31.911396 24.903548 3.535151 -55.174711 -27.987100 -4.113737 -3.986599
-31.911296 24.903535 3.535167 -55.174807 -27.987113 -4.113713 -3.986563
-31.911187 24.903532 3.535181 -55.174939 -27.987129 -4.113686 -3.986522
-31.911068 24.903538 3.535193 -55.175107 -27.987148 -4.113653 -3.986477
-31.910939 24.903553 3.535204 -55.175310 -27.987170 -4.113616 -3.986428
-31.910800 24.903577 3.535212 -55.175550 -27.987195 -4.113574 -3.986375
-31.910651 24.903611 3.535219 -55.175825 -27.987224 -4.113527 -3.986318
-31.910492 24.903654 3.535225 -55.176137 -27.987256 -4.113476 -3.986256
-31.910322 24.903706 3.535228 -55.176485 -27.987290 -4.113420 -3.986189
-31.910141 24.903768 3.535230 -55.176870 -27.987329 -4.113359 -3.986119
-31.909949 24.903840 3.535230 -55.177291 -27.987370 -4.113292 -3.986044
-31.909746 24.903922 3.535228 -55.177750 -27.987414 -4.113221 -3.985964
-31.909531 24.904013 3.535224 -55.178246 -27.987462 -4.113145 -3.985880
-31.909304 24.904114 3.535218 -55.178779 -27.987513 -4.113064 -3.985791
-31.909064 24.904226 3.535211 -55.179350 -27.987568 -4.112978 -3.985697
-31.908812 24.904347 3.535201 -55.179959 -27.987626 -4.112887 -3.985598
-31.908547 24.904479 3.535190 -55.180606 -27.987687 -4.112790 -3.985495
-31.908268 24.904621 3.535177 -55.181292 -27.987751 -4.112688 -3.985387
-31.907975 24.904773 3.535162 -55.182017 -27.987820 -4.112581 -3.985274
-31.907668 24.904936 3.535144 -55.182782 -27.987891 -4.112468 -3.985155
-31.907346 24.905110 3.535125 -55.183586 -27.987967 -4.112349 -3.985032
-31.907008 24.905295 3.535104 -55.184430 -27.988046 -4.112225 -3.984903
-31.906654 24.905490 3.535080 -55.185315 -27.988128 -4.112095 -3.984769
-31.906284 24.905697 3.535055 -55.186240 -27.988215 -4.111959 -3.984629
-31.905896 24.905916 3.535027 -55.187207 -27.988305 -4.111818 -3.984484
-31.905491 24.906146 3.534997 -55.188216 -27.988399 -4.111670 -3.984333
-31.905067 24.906388 3.534965 -55.189267 -27.988497 -4.111516 -3.984176
-31.904624 24.906642 3.534930 -55.190361 -27.988598 -4.111356 -3.984013
-31.904161 24.906907 3.534893 -55.191499 -27.988704 -4.111189 -3.983845
-31.903678 24.907186 3.534854 -55.192680 -27.988814 -4.111016 -3.983670
-31.903174 24.907477 3.534812 -55.193906 -27.988928 -4.110836 -3.983488
-31.902648 24.907780 3.534768 -55.195177 -27.989047 -4.110650 -3.983301
-31.902098 24.908097 3.534722 -55.196493 -27.989169 -4.110457 -3.983106
-31.901526 24.908427 3.534673 -55.197856 -27.989296 -4.110256 -3.982905
-31.900928 24.908770 3.534621 -55.199266 -27.989428 -4.110048 -3.982697
-31.900306 24.909127 3.534567 -55.200724 -27.989564 -4.109833 -3.982482
-31.899657 24.909498 3.534510 -55.202230 -27.989704 -4.109611 -3.982259
-31.898981 24.909883 3.534450 -55.203785 -27.989850 -4.109381 -3.982029
-31.898276 24.910283 3.534388 -55.205390 -27.990000 -4.109143 -3.981792
-31.897543 24.910697 3.534322 -55.207046 -27.990155 -4.108897 -3.981547
-31.896779 24.911127 3.534254 -55.208753 -27.990315 -4.108643 -3.981293
-31.895984 24.911572 3.534183 -55.210513 -27.990480 -4.108380 -3.981032
-31.895157 24.912032 3.534109 -55.212325 -27.990650 -4.108109 -3.980762
-31.894296 24.912508 3.534032 -55.214192 -27.990826 -4.107829 -3.980483
-31.893401 24.913001 3.533952 -55.216114 -27.991007 -4.107541 -3.980196
-31.892469 24.913510 3.533868 -55.218092 -27.991194 -4.107243 -3.979900
-31.891501 24.914036 3.533782 -55.220126 -27.991386 -4.106936 -3.979594
-31.890494 24.914579 3.533692 -55.222219 -27.991584 -4.106619 -3.979279
-31.889447 24.915140 3.533599 -55.224371 -27.991787 -4.106292 -3.978954
-31.888360 24.915719 3.533503 -55.226582 -27.991997 -4.105956 -3.978619
-31.887230 24.916315 3.533403 -55.228855 -27.992213 -4.105609 -3.978274
-31.886057 24.916931 3.533299 -55.231190 -27.992435 -4.105252 -3.977918
-31.884838 24.917565 3.533192 -55.233589 -27.992664 -4.104884 -3.977552
-31.883572 24.918219 3.533082 -55.236052 -27.992899 -4.104505 -3.977174
-31.882258 24.918892 3.532968 -55.238581 -27.993141 -4.104115 -3.976785
-31.880895 24.919585 3.532850 -55.241178 -27.993389 -4.103713 -3.976385
-31.879480 24.920299 3.532728 -55.243843 -27.993645 -4.103300 -3.975972
-31.878012 24.921034 3.532603 -55.246577 -27.993908 -4.102874 -3.975548
-31.876489 24.921790 3.532473 -55.249384 -27.994178 -4.102437 -3.975110
-31.874909 24.922568 3.532340 -55.252262 -27.994455 -4.101986 -3.974660
-31.873272 24.923368 3.532203 -55.255215 -27.994741 -4.101523 -3.974196
-31.871574 24.924190 3.532062 -55.258244 -27.995034 -4.101046 -3.973719
-31.869814 24.925036 3.531916 -55.261350 -27.995335 -4.100556 -3.973227
-31.867990 24.925905 3.531767 -55.264535 -27.995644 -4.100052 -3.972722
-31.866100 24.926797 3.531613 -55.267801 -27.995961 -4.099534 -3.972201
-31.864143 24.927715 3.531455 -55.271149 -27.996287 -4.099001 -3.971666
-31.862115 24.928657 3.531293 -55.274581 -27.996622 -4.098453 -3.971115
-31.860015 24.929624 3.531126 -55.278098 -27.996966 -4.097890 -3.970548
-31.857841 24.930617 3.530955 -55.281704 -27.997319 -4.097312 -3.969965
-31.855590 24.931636 3.530779 -55.285399 -27.997681 -4.096717 -3.969364
-31.853261 24.932682 3.530599 -55.289185 -27.998053 -4.096106 -3.968747
-31.850851 24.933756 3.530415 -55.293065 -27.998435 -4.095478 -3.968112
-31.848357 24.934857 3.530226 -55.297041 -27.998827 -4.094833 -3.967459
-31.845777 24.935986 3.530032 -55.301115 -27.999229 -4.094170 -3.966787
-31.843108 24.937145 3.529833 -55.305288 -27.999642 -4.093489 -3.966096
-31.840349 24.938332 3.529630 -55.309564 -28.000065 -4.092790 -3.965385
-31.837495 24.939550 3.529422 -55.313944 -28.000500 -4.092072 -3.964655
-31.834546 24.940798 3.529210 -55.318431 -28.000946 -4.091334 -3.963903
-31.831497 24.942077 3.528992 -55.323028 -28.001403 -4.090577 -3.963130
-31.828346 24.943388 3.528770 -55.327736 -28.001873 -4.089799 -3.962336
-31.825091 24.944731 3.528543 -55.332559 -28.002354 -4.089001 -3.961519
-31.821728 24.946106 3.528311 -55.337499 -28.002848 -4.088181 -3.960679
-31.818254 24.947515 3.528074 -55.342558 -28.003355 -4.087339 -3.959816
-31.814666 24.948958 3.527832 -55.347741 -28.003875 -4.086475 -3.958929
-31.810961 24.950435 3.527586 -55.353048 -28.004408 -4.085588 -3.958016
-31.807136 24.951947 3.527334 -55.358485 -28.004955 -4.084677 -3.957079
-31.803187 24.953496 3.527078 -55.364053 -28.005516 -4.083743 -3.956115
-31.799111 24.955080 3.526816 -55.369755 -28.006091 -4.082784 -3.955124
-31.794905 24.956702 3.526550 -55.375595 -28.006681 -4.081800 -3.954106
-31.790565 24.958361 3.526279 -55.381577 -28.007286 -4.080790 -3.953060
-31.786088 24.960058 3.526003 -55.387703 -28.007907 -4.079753 -3.951984
-31.781469 24.961794 3.525722 -55.393976 -28.008543 -4.078690 -3.950879
-31.776705 24.963570 3.525436 -55.400402 -28.009196 -4.077599 -3.949744
-31.771793 24.965386 3.525146 -55.406983 -28.009865 -4.076479 -3.948577
-31.766727 24.967243 3.524851 -55.413722 -28.010551 -4.075331 -3.947378
-31.761505 24.969141 3.524551 -55.420625 -28.011255 -4.074153 -3.946146
-31.756121 24.971082 3.524246 -55.427695 -28.011976 -4.072944 -3.944881
-31.750573 24.973065 3.523937 -55.434935 -28.012716 -4.071705 -3.943580
-31.744854 24.975092 3.523623 -55.442351 -28.013475 -4.070433 -3.942245
-31.738962 24.977164 3.523305 -55.449946 -28.014252 -4.069129 -3.940872
-31.732892 24.979280 3.522982 -55.457726 -28.015050 -4.067792 -3.939463
-31.726638 24.981442 3.522655 -55.465693 -28.015867 -4.066420 -3.938015
-31.720197 24.983650 3.522324 -55.473854 -28.016705 -4.065013 -3.936527
-31.713563 24.985906 3.521989 -55.482213 -28.017565 -4.063571 -3.934999
-31.706732 24.988209 3.521649 -55.490776 -28.018446 -4.062091 -3.933430
-31.699698 24.990561 3.521306 -55.499546 -28.019349 -4.060575 -3.931819
-31.692457 24.992963 3.520960 -55.508529 -28.020275 -4.059019 -3.930163
-31.685003 24.995414 3.520609 -55.517731 -28.021224 -4.057425 -3.928463
-31.677330 24.997916 3.520255 -55.527157 -28.022197 -4.055790 -3.926718
-31.669434 25.000470 3.519898 -55.536813 -28.023195 -4.054114 -3.924925
-31.661309 25.003076 3.519538 -55.546705 -28.024217 -4.052396 -3.923084
-31.652949 25.005735 3.519175 -55.556838 -28.025265 -4.050635 -3.921193
-31.644348 25.008447 3.518810 -55.567219 -28.026340 -4.048829 -3.919252
-31.635500 25.011214 3.518441 -55.577854 -28.027442 -4.046979 -3.917259
-31.626400 25.014037 3.518071 -55.588750 -28.028571 -4.045082 -3.915213
-31.617040 25.016915 3.517699 -55.599913 -28.029728 -4.043138 -3.913112
-31.607415 25.019851 3.517324 -55.611350 -28.030915 -4.041145 -3.910954
-31.597519 25.022843 3.516949 -55.623068 -28.032131 -4.039102 -3.908740
-31.587344 25.025895 3.516572 -55.635074 -28.033378 -4.037009 -3.906466
-31.576883 25.029005 3.516194 -55.647376 -28.034655 -4.034864 -3.904132
-31.566131 25.032175 3.515816 -55.659981 -28.035965 -4.032666 -3.901736
-31.555080 25.035406 3.515437 -55.672898 -28.037308 -4.030414 -3.899276
-31.543722 25.038698 3.515059 -55.686133 -28.038684 -4.028105 -3.896751
-31.532051 25.042053 3.514681 -55.699696 -28.040094 -4.025740 -3.894160
-31.520058 25.045470 3.514304 -55.713595 -28.041540 -4.023317 -3.891500
-31.507737 25.048952 3.513928 -55.727838 -28.043022 -4.020834 -3.888770
-31.495080 25.052497 3.513554 -55.742435 -28.044541 -4.018289 -3.885967
-31.482077 25.056108 3.513182 -55.757395 -28.046098 -4.015683 -3.883091
-31.468723 25.059785 3.512813 -55.772727 -28.047694 -4.013013 -3.880140
-31.455007 25.063529 3.512447 -55.788440 -28.049329 -4.010277 -3.877111
-31.440922 25.067341 3.512084 -55.804546 -28.051006 -4.007474 -3.874002
-31.426458 25.071220 3.511726 -55.821054 -28.052724 -4.004603 -3.870812
-31.411608 25.075169 3.511372 -55.837974 -28.054485 -4.001662 -3.867538
-31.396362 25.079188 3.511024 -55.855317 -28.056290 -3.998649 -3.864179
-31.380711 25.083277 3.510681 -55.873096 -28.058140 -3.995563 -3.860732
-31.364646 25.087438 3.510346 -55.891320 -28.060036 -3.992402 -3.857194
-31.348156 25.091671 3.510017 -55.910001 -28.061979 -3.989165 -3.853565
-31.331233 25.095976 3.509697 -55.929152 -28.063971 -3.985849 -3.849842
-31.313866 25.100356 3.509385 -55.948785 -28.066013 -3.982452 -3.846021
-31.296045 25.104809 3.509082 -55.968913 -28.068105 -3.978974 -3.842101
-31.277760 25.109337 3.508790 -55.989549 -28.070250 -3.975411 -3.838079
-31.259000 25.113941 3.508509 -56.010705 -28.072447 -3.971763 -3.833954
-31.239754 25.118622 3.508240 -56.032397 -28.074700 -3.968026 -3.829721
-31.220012 25.123379 3.507983 -56.054637 -28.077009 -3.964200 -3.825379
-31.199762 25.128214 3.507741 -56.077441 -28.079375 -3.960281 -3.820924
-31.178992 25.133128 3.507513 -56.100823 -28.081800 -3.956269 -3.816354
-31.157692 25.138121 3.507300 -56.124798 -28.084286 -3.952160 -3.811667
-31.135848 25.143193 3.507105 -56.149383 -28.086833 -3.947952 -3.806859
-31.113450 25.148346 3.506927 -56.174594 -28.089444 -3.943644 -3.801927
-31.090484 25.153580 3.506768 -56.200446 -28.092120 -3.939233 -3.796868
-31.066937 25.158896 3.506629 -56.226958 -28.094862 -3.934716 -3.791679
-31.042798 25.164293 3.506512 -56.254146 -28.097673 -3.930091 -3.786357
-31.018052 25.169774 3.506417 -56.282029 -28.100553 -3.925356 -3.780899
-30.992687 25.175338 3.506345 -56.310625 -28.103506 -3.920508 -3.775300
-30.966689 25.180985 3.506299 -56.339953 -28.106532 -3.915544 -3.769559
-30.940043 25.186717 3.506280 -56.370033 -28.109633 -3.910462 -3.763670
-30.912736 25.192535 3.506288 -56.400883 -28.112811 -3.905259 -3.757631
-30.884753 25.198437 3.506326 -56.432526 -28.116068 -3.899933 -3.751438
-30.856079 25.204426 3.506395 -56.464982 -28.119407 -3.894480 -3.745087
-30.826699 25.210501 3.506496 -56.498273 -28.122829 -3.888898 -3.738574
-30.796599 25.216664 3.506631 -56.532420 -28.126335 -3.883184 -3.731896
-30.765761 25.222913 3.506803 -56.567447 -28.129929 -3.877334 -3.725047
-30.734171 25.229251 3.507012 -56.603378 -28.133613 -3.871345 -3.718024
-30.701812 25.235676 3.507260 -56.640236 -28.137388 -3.865215 -3.710824
-30.668667 25.242191 3.507550 -56.678045 -28.141257 -3.858940 -3.703440
-30.634720 25.248794 3.507882 -56.716833 -28.145222 -3.852516 -3.695869
-30.599953 25.255487 3.508261 -56.756623 -28.149286 -3.845941 -3.688107
-30.564349 25.262269 3.508686 -56.797444 -28.153451 -3.839211 -3.680148
-30.527890 25.269142 3.509160 -56.839323 -28.157720 -3.832321 -3.671988
-30.490558 25.276105 3.509687 -56.882287 -28.162096 -3.825270 -3.663621
-30.452334 25.283158 3.510266 -56.926366 -28.166580 -3.818052 -3.655044
-30.413199 25.290303 3.510902 -56.971590 -28.171175 -3.810664 -3.646249
-30.373135 25.297539 3.511597 -57.017989 -28.175885 -3.803103 -3.637234
-30.332121 25.304866 3.512352 -57.065595 -28.180713 -3.795363 -3.627991
-30.290137 25.312286 3.513170 -57.114438 -28.185660 -3.787441 -3.618515
-30.247164 25.319797 3.514054 -57.164553 -28.190731 -3.779333 -3.608801
-30.203180 25.327401 3.515007 -57.215974 -28.195928 -3.771034 -3.598843
-30.158164 25.335097 3.516031 -57.268734 -28.201255 -3.762540 -3.588634
-30.112096 25.342886 3.517129 -57.322870 -28.206714 -3.753847 -3.578169
-30.064952 25.350768 3.518304 -57.378418 -28.212309 -3.744949 -3.567441
-30.016712 25.358743 3.519559 -57.435415 -28.218044 -3.735842 -3.556444
-29.967352 25.366813 3.520896 -57.493900 -28.223922 -3.726521 -3.545172
-29.916849 25.374976 3.522318 -57.553911 -28.229946 -3.716981 -3.533617
-29.865179 25.383234 3.523830 -57.615490 -28.236120 -3.707217 -3.521772
-29.812320 25.391587 3.525433 -57.678678 -28.242448 -3.697223 -3.509630
-29.758245 25.400035 3.527131 -57.743516 -28.248934 -3.686994 -3.497185
-29.702932 25.408579 3.528928 -57.810049 -28.255581 -3.676525 -3.484428
-29.646355 25.417220 3.530826 -57.878319 -28.262394 -3.665809 -3.471351
-29.588487 25.425958 3.532829 -57.948373 -28.269377 -3.654840 -3.457948
-29.529304 25.434794 3.534940 -58.020257 -28.276535 -3.643613 -3.444208
-29.468778 25.443730 3.537162 -58.094017 -28.283871 -3.632122 -3.430124
-29.406883 25.452766 3.539499 -58.169702 -28.291390 -3.620359 -3.415688
-29.343592 25.461904 3.541954 -58.247362 -28.299096 -3.608317 -3.400890
-29.278876 25.471145 3.544531 -58.327045 -28.306995 -3.595991 -3.385720
-29.212708 25.480491 3.547232 -58.408803 -28.315091 -3.583372 -3.370170
-29.145059 25.489945 3.550062 -58.492688 -28.323389 -3.570453 -3.354229
-29.075899 25.499509 3.553022 -58.578752 -28.331895 -3.557226 -3.337887
-29.005200 25.509185 3.556116 -58.667048 -28.340613 -3.543683 -3.321133
-28.932932 25.518978 3.559347 -58.757628 -28.349548 -3.529816 -3.303956
-28.859065 25.528891 3.562717 -58.850547 -28.358707 -3.515615 -3.286344
-28.783568 25.538928 3.566229 -58.945857 -28.368095 -3.501071 -3.268284
-28.706412 25.549093 3.569883 -59.043612 -28.377718 -3.486173 -3.249763
-28.627566 25.559394 3.573682 -59.143863 -28.387582 -3.470911 -3.230768
-28.547003 25.569834 3.577626 -59.246660 -28.397692 -3.455273 -3.211283
-28.464692 25.580421 3.581712 -59.352047 -28.408056 -3.439246 -3.191292
-28.380609 25.591160 3.585940 -59.460067 -28.418679 -3.422814 -3.170777
-28.294733 25.602057 3.590303 -59.570751 -28.429570 -3.405960 -3.149715
-28.207049 25.613114 3.594793 -59.684116 -28.440735 -3.388663 -3.128083
-28.117559 25.624331 3.599399 -59.800155 -28.452182 -3.370895 -3.105846
-28.026290 25.635698 3.604109 -59.918813 -28.463918 -3.352622 -3.082956
-27.933340 25.647190 3.608925 -60.039945 -28.475950 -3.333795 -3.059337
-27.839024 25.658741 3.613898 -60.162887 -28.488075 -3.314895 -3.035628
-27.743438 25.670326 3.619029 -60.287495 -28.500300 -3.295873 -3.011752
-27.646609 25.681940 3.624309 -60.413720 -28.512632 -3.276694 -2.987658
-27.548536 25.693582 3.629725 -60.541555 -28.525080 -3.257327 -2.963310
-27.449203 25.705261 3.635267 -60.671020 -28.537652 -3.237749 -2.938680
-27.348589 25.716984 3.640926 -60.802147 -28.550357 -3.217937 -2.913739
-27.246667 25.728762 3.646697 -60.934973 -28.563203 -3.197869 -2.888464
-27.143412 25.740604 3.652572 -61.069536 -28.576198 -3.177525 -2.862827
-27.038799 25.752521 3.658541 -61.205870 -28.589350 -3.156881 -2.836801
-26.932813 25.764519 3.664594 -61.343994 -28.602669 -3.135911 -2.810356
-26.825450 25.776599 3.670717 -61.483909 -28.616164 -3.114584 -2.783453
-26.716736 25.788755 3.676897 -61.625568 -28.629843 -3.092860 -2.756041
-26.606761 25.800966 3.683137 -61.768834 -28.643715 -3.070692 -2.728039
-26.495832 25.813167 3.689489 -61.913069 -28.657576 -3.048554 -2.700083
-26.384040 25.825339 3.695958 -62.058140 -28.671435 -3.026398 -2.672090
-26.271407 25.837476 3.702533 -62.204006 -28.685301 -3.004185 -2.644010
-26.157928 25.849579 3.709200 -62.350673 -28.699184 -2.981882 -2.615804
-26.043584 25.861656 3.715949 -62.498169 -28.713091 -2.959465 -2.587438
-25.928348 25.873716 3.722772 -62.646534 -28.727033 -2.936907 -2.558885
-25.812191 25.885769 3.729662 -62.795817 -28.741019 -2.914185 -2.530115
-25.695083 25.897824 3.736610 -62.946062 -28.755057 -2.891276 -2.501101
-25.576996 25.909891 3.743609 -63.097312 -28.769157 -2.868155 -2.471813
-25.457911 25.921976 3.750646 -63.249596 -28.783329 -2.844794 -2.442217
-25.337821 25.934079 3.757708 -63.402922 -28.797581 -2.821160 -2.412276
-25.216748 25.946192 3.764783 -63.557253 -28.811925 -2.797213 -2.381935
-25.094777 25.958295 3.771875 -63.712463 -28.826366 -2.772905 -2.351113
-24.972208 25.970325 3.779042 -63.867936 -28.840703 -2.748708 -2.320443
-24.849125 25.982262 3.786290 -64.023551 -28.854945 -2.724576 -2.289842
-24.725548 25.994098 3.793607 -64.179276 -28.869101 -2.700467 -2.259258
-24.601469 26.005833 3.800983 -64.335123 -28.883180 -2.676351 -2.228652
-24.476864 26.017475 3.808408 -64.491130 -28.897191 -2.652199 -2.197989
-24.351704 26.029029 3.815874 -64.647345 -28.911143 -2.627986 -2.167241
-24.225954 26.040505 3.823375 -64.803824 -28.925047 -2.603690 -2.136380
-24.099579 26.051912 3.830905 -64.960625 -28.938910 -2.579286 -2.105376
-23.972546 26.063259 3.838458 -65.117803 -28.952741 -2.554750 -2.074201
-23.844823 26.074553 3.846024 -65.275406 -28.966550 -2.530057 -2.042825
-23.716388 26.085798 3.853594 -65.433469 -28.980347 -2.505179 -2.011215
-23.587231 26.096992 3.861155 -65.592005 -28.994139 -2.480082 -1.979330
-23.457372 26.108127 3.868694 -65.750981 -29.007937 -2.454727 -1.947116
-23.326894 26.119179 3.876218 -65.910278 -29.021747 -2.429064 -1.914495
-23.196086 26.130090 3.883788 -66.069298 -29.035368 -2.403567 -1.882092
-23.065031 26.140838 3.891413 -66.227925 -29.048807 -2.378187 -1.849827
-22.933747 26.151413 3.899082 -66.386128 -29.062073 -2.352884 -1.817647
-22.802226 26.161816 3.906782 -66.543920 -29.075174 -2.327625 -1.785512
-22.670443 26.172049 3.914502 -66.701336 -29.088120 -2.302381 -1.753386
-22.538368 26.182118 3.922234 -66.858420 -29.100919 -2.277126 -1.721238
-22.405969 26.192030 3.929969 -67.015223 -29.113579 -2.251833 -1.689039
-22.273211 26.201793 3.937700 -67.171796 -29.126108 -2.226478 -1.656757
-22.140066 26.211410 3.945415 -67.328181 -29.138516 -2.201032 -1.624361
-22.006511 26.220885 3.953104 -67.484410 -29.150810 -2.175468 -1.591816
-21.872535 26.230213 3.960752 -67.640492 -29.162999 -2.149750 -1.559082
-21.738159 26.239386 3.968348 -67.796393 -29.175091 -2.123838 -1.526105
-21.603463 26.248379 3.975898 -67.951991 -29.187092 -2.097686 -1.492806
-21.468733 26.257135 3.983468 -68.106703 -29.198799 -2.071763 -1.459809
-21.334050 26.265632 3.991066 -68.260409 -29.210217 -2.046023 -1.427033
-21.199433 26.273859 3.998681 -68.413077 -29.221355 -2.020425 -1.394426
-21.064871 26.281813 4.006301 -68.564715 -29.232220 -1.994937 -1.361947
-20.930343 26.289497 4.013913 -68.715352 -29.242820 -1.969529 -1.329562
-20.795818 26.296913 4.021508 -68.865029 -29.253161 -1.944174 -1.297239
-20.661265 26.304067 4.029076 -69.013792 -29.263250 -1.918846 -1.264948
-20.526652 26.310962 4.036609 -69.161683 -29.273094 -1.893519 -1.232657
-20.391948 26.317603 4.044095 -69.308741 -29.282700 -1.868167 -1.200337
-20.257134 26.323988 4.051523 -69.454991 -29.292075 -1.842759 -1.167952
-20.122199 26.330113 4.058877 -69.600436 -29.301224 -1.817262 -1.135462
-19.987165 26.335965 4.066147 -69.745035 -29.310155 -1.791637 -1.102815
-19.852113 26.341518 4.073338 -69.888666 -29.318871 -1.765837 -1.069933
-19.717324 26.346719 4.080521 -70.030749 -29.327166 -1.740332 -1.037438
-19.582880 26.351542 4.087702 -70.171164 -29.335046 -1.715078 -1.005252
-19.448800 26.355974 4.094873 -70.309871 -29.342515 -1.690034 -0.973323
-19.315077 26.360012 4.102018 -70.446872 -29.349578 -1.665170 -0.941612
-19.181690 26.363653 4.109127 -70.582188 -29.356241 -1.640455 -0.910086
-19.048609 26.366900 4.116189 -70.715854 -29.362507 -1.615865 -0.878715
-18.915803 26.369755 4.123195 -70.847910 -29.368382 -1.591374 -0.847469
-18.783240 26.372221 4.130138 -70.978395 -29.373869 -1.566959 -0.816321
-18.650889 26.374302 4.137007 -71.107347 -29.378973 -1.542595 -0.785242
-18.518721 26.375996 4.143791 -71.234794 -29.383696 -1.518256 -0.754202
-18.386717 26.377303 4.150477 -71.360751 -29.388042 -1.493914 -0.723168
-18.254873 26.378214 4.157050 -71.485209 -29.392015 -1.469535 -0.692102
-18.123212 26.378713 4.163497 -71.608119 -29.395617 -1.445082 -0.660952
-17.991817 26.378775 4.169825 -71.729345 -29.398850 -1.420510 -0.629645
-17.860968 26.378346 4.176105 -71.848310 -29.401505 -1.396290 -0.598800
-17.730750 26.377402 4.182344 -71.964879 -29.403581 -1.372376 -0.568341
-17.601188 26.375926 4.188528 -72.078997 -29.405081 -1.348732 -0.538219
-17.472278 26.373912 4.194643 -72.190648 -29.406006 -1.325325 -0.508397
-17.344005 26.371356 4.200672 -72.299838 -29.406358 -1.302126 -0.478840
-17.216347 26.368257 4.206604 -72.406579 -29.406137 -1.279110 -0.449520
-17.089279 26.364614 4.212424 -72.510890 -29.405344 -1.256252 -0.420410
-16.962776 26.360429 4.218120 -72.612786 -29.403978 -1.233527 -0.391480
-16.836819 26.355698 4.223677 -72.712277 -29.402038 -1.210908 -0.362703
-16.711393 26.350416 4.229079 -72.809358 -29.399526 -1.188369 -0.334046
-16.586500 26.344575 4.234308 -72.904001 -29.396439 -1.165876 -0.305473
-16.462168 26.338157 4.239349 -72.996138 -29.392776 -1.143393 -0.276935
-16.338490 26.331134 4.244207 -73.085618 -29.388533 -1.120879 -0.248361
-16.215743 26.323455 4.248951 -73.171854 -29.383498 -1.098801 -0.220369
-16.094021 26.315093 4.253586 -73.254693 -29.377665 -1.077117 -0.192890
-15.973354 26.306032 4.258096 -73.334063 -29.371031 -1.055793 -0.165874
-15.853747 26.296260 4.262463 -73.409927 -29.363594 -1.034796 -0.139288
-15.735192 26.285772 4.266669 -73.482269 -29.355348 -1.014101 -0.113101
-15.617673 26.274565 4.270696 -73.551085 -29.346290 -0.993682 -0.087288
-15.501174 26.262635 4.274530 -73.616371 -29.336413 -0.973516 -0.061823
-15.385678 26.249979 4.278155 -73.678122 -29.325713 -0.953580 -0.036682
-15.271173 26.236592 4.281551 -73.736327 -29.314183 -0.933851 -0.011839
-15.157654 26.222465 4.284702 -73.790963 -29.301816 -0.914303 0.012732
-15.045131 26.207587 4.287586 -73.841982 -29.288606 -0.894906 0.037065
-14.933642 26.191936 4.290185 -73.889296 -29.274545 -0.875626 0.061204
-14.823284 26.175482 4.292503 -73.932737 -29.259622 -0.856426 0.085213
-14.714345 26.158172 4.294607 -73.971707 -29.243618 -0.837775 0.108470
-14.606925 26.139978 4.296500 -74.006039 -29.226521 -0.819635 0.131040
-14.501064 26.120876 4.298164 -74.035642 -29.208322 -0.801975 0.152963
-14.396775 26.100854 4.299580 -74.060467 -29.189008 -0.784768 0.174268
-14.294059 26.079899 4.300730 -74.080487 -29.168570 -0.767994 0.194977
-14.192907 26.058004 4.301597 -74.095687 -29.146994 -0.751633 0.215106
-14.093308 26.035163 4.302169 -74.106061 -29.124267 -0.735670 0.234673
-13.995249 26.011370 4.302433 -74.111608 -29.100375 -0.720091 0.253688
-13.898714 25.986618 4.302379 -74.112332 -29.075304 -0.704884 0.272165
-13.803690 25.960903 4.301998 -74.108237 -29.049037 -0.690038 0.290113
-13.710162 25.934219 4.301280 -74.099329 -29.021559 -0.675541 0.307541
-13.618115 25.906558 4.300218 -74.085615 -28.992852 -0.661385 0.324457
-13.527536 25.877915 4.298804 -74.067101 -28.962899 -0.647561 0.340868
-13.438413 25.848281 4.297029 -74.043795 -28.931681 -0.634061 0.356779
-13.350735 25.817650 4.294885 -74.015704 -28.899177 -0.620877 0.372197
-13.264491 25.786012 4.292364 -73.982836 -28.865369 -0.608003 0.387123
-13.179672 25.753361 4.289460 -73.945198 -28.830234 -0.595432 0.401563
-13.096269 25.719686 4.286163 -73.902799 -28.793751 -0.583160 0.415516
-13.014276 25.684981 4.282468 -73.855649 -28.755898 -0.571181 0.428985
-12.933684 25.649235 4.278369 -73.803760 -28.716649 -0.559493 0.441969
-12.854488 25.612443 4.273860 -73.747147 -28.675981 -0.548094 0.454465
-12.776679 25.574598 4.268939 -73.685830 -28.633867 -0.536983 0.466470
-12.700248 25.535696 4.263608 -73.619837 -28.590281 -0.526164 0.477977
-12.625182 25.495741 4.257872 -73.549207 -28.545196 -0.515642 0.488979
-12.551457 25.454739 4.251744 -73.473998 -28.498580 -0.505430 0.499460
-12.479035 25.412711 4.245244 -73.394298 -28.450405 -0.495546 0.509402
-12.407840 25.369695 4.238397 -73.310249 -28.400641 -0.486018 0.518768
-12.337692 25.325769 4.231243 -73.222257 -28.350068 -0.476596 0.527952
-12.268518 25.280970 4.223810 -73.130464 -28.298658 -0.467307 0.536916
-12.200282 25.235317 4.216116 -73.034958 -28.246375 -0.458174 0.545639
-12.132966 25.188818 4.208176 -72.935795 -28.193186 -0.449211 0.554101
-12.066564 25.141472 4.199996 -72.833011 -28.139058 -0.440429 0.562288
-12.001076 25.093276 4.191576 -72.726633 -28.083955 -0.431834 0.570186
-11.936503 25.044224 4.182915 -72.616682 -28.027842 -0.423434 0.577783
-11.872851 24.994309 4.174011 -72.503175 -27.970685 -0.415236 0.585065
-11.810121 24.943527 4.164863 -72.386135 -27.912447 -0.407246 0.592016
-11.748312 24.891878 4.155475 -72.265590 -27.853090 -0.399476 0.598620
-11.687415 24.839368 4.145854 -72.141586 -27.792577 -0.391941 0.604856
-11.627403 24.786015 4.136017 -72.014196 -27.730867 -0.384662 0.610697
-11.568212 24.731853 4.125985 -71.883550 -27.667925 -0.377670 0.616101
-11.509673 24.676960 4.115799 -71.750039 -27.604522 -0.370721 0.621458
-11.451724 24.621370 4.105478 -71.613789 -27.540621 -0.363848 0.626726
-11.394340 24.565099 4.095041 -71.474870 -27.476180 -0.357072 0.631878
-11.337515 24.508155 4.084493 -71.333317 -27.411156 -0.350410 0.636892
-11.281254 24.450534 4.073836 -71.189144 -27.345510 -0.343873 0.641747
-11.225567 24.392232 4.063064 -71.042356 -27.279200 -0.337469 0.646427
-11.170470 24.333239 4.052168 -70.892948 -27.212183 -0.331204 0.650917
-11.115978 24.273548 4.041139 -70.740912 -27.144418 -0.325083 0.655200
-11.062106 24.213148 4.029967 -70.586241 -27.075863 -0.319114 0.659259
-11.008870 24.152035 4.018644 -70.428931 -27.006473 -0.313304 0.663077
-10.956279 24.090206 4.007166 -70.268988 -26.936205 -0.307663 0.666633
-10.904332 24.027667 3.995536 -70.106434 -26.865014 -0.302206 0.669904
-10.853014 23.964432 3.983765 -69.941322 -26.792853 -0.296955 0.672857
-10.802268 23.900536 3.971872 -69.773763 -26.719680 -0.291944 0.675449
-10.751931 23.836054 3.959896 -69.604137 -26.646261 -0.286934 0.678070
-10.701949 23.771019 3.947858 -69.432553 -26.572550 -0.281960 0.680676
-10.652303 23.705446 3.935769 -69.259063 -26.498501 -0.277046 0.683235
-10.602997 23.639341 3.923635 -69.083685 -26.424066 -0.272207 0.685720
-10.554042 23.572700 3.911451 -68.906417 -26.349197 -0.267456 0.688111
-10.505458 23.505516 3.899210 -68.727246 -26.273847 -0.262802 0.690386
-10.457264 23.437781 3.886899 -68.546155 -26.197970 -0.258251 0.692528
-10.409483 23.369486 3.874507 -68.363121 -26.121517 -0.253812 0.694515
-10.362135 23.300624 3.862025 -68.178129 -26.044440 -0.249493 0.696328
-10.315235 23.231192 3.849444 -67.991171 -25.966691 -0.245304 0.697944
-10.268790 23.161192 3.836767 -67.802254 -25.888220 -0.241263 0.699336
-10.222788 23.090640 3.824001 -67.611419 -25.808976 -0.237390 0.700469
-10.177178 23.019566 3.811163 -67.418766 -25.728911 -0.233720 0.701297
-10.131798 22.948045 3.798299 -67.224671 -25.648787 -0.230024 0.702213
-10.086596 22.876107 3.785427 -67.029233 -25.568555 -0.226337 0.703169
-10.041561 22.803766 3.772559 -66.832492 -25.488164 -0.222683 0.704132
-9.996700 22.731024 3.759695 -66.634452 -25.407561 -0.219079 0.705073
-9.952029 22.657878 3.746830 -66.435097 -25.326697 -0.215535 0.705970
-9.907574 22.584318 3.733953 -66.234401 -25.245520 -0.212062 0.706800
-9.863358 22.510334 3.721050 -66.032331 -25.163978 -0.208666 0.707542
-9.819410 22.435916 3.708106 -65.828853 -25.082022 -0.205355 0.708177
-9.775754 22.361056 3.695107 -65.623937 -24.999600 -0.202135 0.708682
-9.732409 22.285748 3.682046 -65.417560 -24.916659 -0.199019 0.709033
-9.689387 22.209994 3.668919 -65.209719 -24.833147 -0.196021 0.709202
-9.646679 22.133807 3.655735 -65.000442 -24.749010 -0.193164 0.709153
-9.604236 22.057214 3.642510 -64.789821 -24.664197 -0.190481 0.708836
-9.561896 21.980290 3.629294 -64.578230 -24.579466 -0.187754 0.708650
-9.519609 21.903062 3.616107 -64.365763 -24.494765 -0.185018 0.708545
-9.477365 21.825543 3.602959 -64.152444 -24.410040 -0.182296 0.708485
-9.435176 21.747734 3.589849 -63.938268 -24.325237 -0.179604 0.708442
-9.393063 21.669627 3.576769 -63.723205 -24.240303 -0.176954 0.708391
-9.351053 21.591213 3.563705 -63.507214 -24.155183 -0.174353 0.708311
-9.309178 21.512479 3.550638 -63.290246 -24.069825 -0.171807 0.708182
-9.267469 21.433414 3.537551 -63.072251 -23.984176 -0.169321 0.707983
-9.225958 21.354006 3.524424 -62.853178 -23.898182 -0.166899 0.707694
-9.184674 21.274243 3.511241 -62.632981 -23.811788 -0.164550 0.707293
-9.143642 21.194120 3.497991 -62.411625 -23.724942 -0.162282 0.706755
-9.102876 21.113635 3.484667 -62.189095 -23.637587 -0.160109 0.706051
-9.062371 21.032800 3.471277 -61.965408 -23.549667 -0.158054 0.705145
-9.022080 20.951642 3.457837 -61.740650 -23.461129 -0.156151 0.703982
-8.981835 20.870232 3.444406 -61.515202 -23.372728 -0.154191 0.702969
-8.941590 20.788597 3.431005 -61.289151 -23.284411 -0.152210 0.702052
-8.901337 20.706747 3.417641 -61.062516 -23.196120 -0.150231 0.701194
-8.861090 20.624681 3.404315 -60.835283 -23.107799 -0.148271 0.700364
-8.820874 20.542390 3.391015 -60.607415 -23.019393 -0.146340 0.699538
-8.780718 20.459865 3.377725 -60.378864 -22.930846 -0.144445 0.698692
-8.740656 20.377092 3.364429 -60.149576 -22.842102 -0.142593 0.697805
-8.700721 20.294060 3.351106 -59.919498 -22.753107 -0.140788 0.696854
-8.660945 20.210756 3.337740 -59.688578 -22.663805 -0.139038 0.695816
-8.621354 20.127174 3.324317 -59.456775 -22.574139 -0.137352 0.694665
-8.581966 20.043310 3.310831 -59.224068 -22.484053 -0.135743 0.693372
-8.542776 19.959173 3.297288 -58.990470 -22.393489 -0.134233 0.691897
-8.503739 19.874789 3.283706 -58.756066 -22.302391 -0.132860 0.690184
-8.464682 19.790227 3.270152 -58.521246 -22.211513 -0.131421 0.688643
-8.425558 19.705513 3.256648 -58.286095 -22.120799 -0.129954 0.687221
-8.386361 19.620655 3.243203 -58.050628 -22.030191 -0.128484 0.685875
-8.347108 19.535648 3.229812 -57.814825 -21.939631 -0.127025 0.684577
-8.307826 19.450485 3.216465 -57.578641 -21.849063 -0.125588 0.683301
-8.268547 19.365152 3.203145 -57.342022 -21.758429 -0.124178 0.682022
-8.229305 19.279638 3.189830 -57.104907 -21.667673 -0.122801 0.680718
-8.190138 19.193929 3.176502 -56.867235 -21.576739 -0.121461 0.679368
-8.151079 19.108013 3.163142 -56.628947 -21.485569 -0.120164 0.677948
-8.112156 19.021881 3.149734 -56.389995 -21.394107 -0.118919 0.676432
-8.073389 18.935529 3.136272 -56.150353 -21.302294 -0.117737 0.674789
-8.034774 18.848964 3.122758 -55.910028 -21.210073 -0.116642 0.672979
-7.996266 18.762209 3.109213 -55.669102 -21.117385 -0.115668 0.670943
-7.957687 18.675335 3.095714 -55.427977 -21.024983 -0.114626 0.669099
-7.918987 18.588363 3.082283 -55.186738 -20.932811 -0.113555 0.667389
-7.880164 18.501301 3.068930 -54.945393 -20.840809 -0.112476 0.665771
-7.841235 18.414143 3.055648 -54.703915 -20.748918 -0.111406 0.664216
-7.802228 18.326881 3.042424 -54.462253 -20.657081 -0.110351 0.662698
-7.763179 18.239500 3.029240 -54.220342 -20.565240 -0.109317 0.661193
-7.724126 18.151989 3.016073 -53.978112 -20.473339 -0.108307 0.659681
-7.685107 18.064333 3.002900 -53.735490 -20.381321 -0.107325 0.658141
-7.646163 17.976519 2.989701 -53.492403 -20.289127 -0.106372 0.656551
-7.607329 17.888535 2.976452 -53.248784 -20.196701 -0.105453 0.654890
-7.568638 17.800372 2.963138 -53.004578 -20.103984 -0.104574 0.653132
-7.530109 17.712026 2.949749 -52.759748 -20.010919 -0.103747 0.651245
-7.491743 17.623501 2.936287 -52.514300 -19.917446 -0.102993 0.649189
-7.453491 17.534819 2.922772 -52.268314 -19.823507 -0.102347 0.646902
-7.415169 17.446050 2.909295 -52.022207 -19.729852 -0.101633 0.644808
-7.376729 17.357215 2.895878 -51.776065 -19.636424 -0.100889 0.642845
-7.338168 17.268319 2.882528 -51.529894 -19.543163 -0.100136 0.640973
-7.299504 17.179355 2.869239 -51.283661 -19.450009 -0.099390 0.639158
-7.260770 17.090315 2.855994 -51.037312 -19.356905 -0.098656 0.637375
-7.222001 17.001184 2.842775 -50.790781 -19.263792 -0.097939 0.635601
-7.183238 16.911952 2.829558 -50.543994 -19.170612 -0.097242 0.633813
-7.144519 16.822604 2.816322 -50.296879 -19.077308 -0.096568 0.631989
-7.105884 16.733129 2.803046 -50.049367 -18.983822 -0.095920 0.630106
-7.067364 16.643516 2.789710 -49.801399 -18.890095 -0.095303 0.628137
-7.028984 16.553762 2.776304 -49.552937 -18.796068 -0.094729 0.626052
-6.990742 16.463869 2.762829 -49.303984 -18.701681 -0.094217 0.623806
-6.952592 16.373858 2.749305 -49.054622 -18.606876 -0.093804 0.621337
-6.914341 16.283796 2.735834 -48.805287 -18.512402 -0.093325 0.619072
-6.875939 16.193703 2.722440 -48.556064 -18.418201 -0.092817 0.616948
-6.837386 16.103583 2.709128 -48.306958 -18.324211 -0.092304 0.614922
-6.798701 16.013428 2.695888 -48.057934 -18.230374 -0.091796 0.612962
-6.759919 15.923228 2.682705 -47.808932 -18.136631 -0.091301 0.611040
-6.721078 15.832971 2.669558 -47.559881 -18.042924 -0.090821 0.609134
-6.682218 15.742646 2.656423 -47.310706 -17.949194 -0.090358 0.607222
-6.643380 15.652239 2.643277 -47.061329 -17.855384 -0.089914 0.605282
-6.604606 15.561740 2.630099 -46.811676 -17.761435 -0.089491 0.603292
-6.565930 15.471138 2.616869 -46.561685 -17.667289 -0.089094 0.601224
-6.527375 15.380429 2.603573 -46.311314 -17.572887 -0.088731 0.599047
-6.488943 15.289615 2.590212 -46.060563 -17.478168 -0.088422 0.596717
-6.450586 15.198713 2.576804 -45.809515 -17.383075 -0.088203 0.594167
-6.412104 15.107792 2.563465 -45.558624 -17.288354 -0.087921 0.591833
-6.373444 15.016870 2.550220 -45.307976 -17.193946 -0.087616 0.589647
-6.334608 14.925948 2.537070 -45.057573 -17.099792 -0.087308 0.587566
-6.295618 14.835019 2.524005 -44.807375 -17.005833 -0.087007 0.585557
-6.256508 14.744073 2.511006 -44.557318 -16.912008 -0.086718 0.583594
-6.217319 14.653101 2.498053 -44.307324 -16.818262 -0.086442 0.581656
-6.178093 14.562090 2.485121 -44.057311 -16.724534 -0.086182 0.579722
-6.138877 14.471029 2.472188 -43.807193 -16.630768 -0.085935 0.577771
-6.099712 14.379908 2.459228 -43.556885 -16.536905 -0.085703 0.575784
-6.060642 14.288718 2.446219 -43.306309 -16.442887 -0.085487 0.573738
-6.021704 14.197449 2.433141 -43.055396 -16.348656 -0.085289 0.571609
-5.982923 14.106097 2.419978 -42.804100 -16.254153 -0.085116 0.569364
-5.944304 14.014663 2.406727 -42.552417 -16.159318 -0.084986 0.566959
-5.905797 13.923164 2.393407 -42.300432 -16.064092 -0.084934 0.564324
-5.867192 13.831668 2.380147 -42.048620 -15.969221 -0.084824 0.561900
-5.828438 13.740191 2.366972 -41.797071 -15.874647 -0.084693 0.559616
-5.789537 13.648733 2.353879 -41.545785 -15.780308 -0.084561 0.557428
-5.750513 13.557288 2.340856 -41.294717 -15.686146 -0.084435 0.555302
-5.711404 13.465847 2.327883 -41.043803 -15.592103 -0.084320 0.553212
-5.672251 13.374400 2.314940 -40.792965 -15.498120 -0.084217 0.551137
-5.633100 13.282939 2.302001 -40.542119 -15.404139 -0.084125 0.549054
-5.593995 13.191454 2.289044 -40.291182 -15.310101 -0.084044 0.546944
-5.554980 13.099936 2.276046 -40.040075 -15.215950 -0.083974 0.544782
-5.516093 13.008378 2.262985 -39.788728 -15.121626 -0.083917 0.542545
-5.477364 12.916775 2.249845 -39.537094 -15.027071 -0.083879 0.540200
-5.438797 12.825128 2.236619 -39.285168 -14.932225 -0.083876 0.537700
-5.400343 12.733452 2.223325 -39.033038 -14.837029 -0.083941 0.534973
-5.361784 12.641815 2.210106 -38.781200 -14.742229 -0.083953 0.532464
-5.323067 12.550229 2.196983 -38.529748 -14.647764 -0.083951 0.530099
-5.284197 12.458696 2.183953 -38.278679 -14.553575 -0.083950 0.527832
-5.245201 12.367208 2.171000 -38.027949 -14.459603 -0.083958 0.525631
-5.206117 12.275760 2.158104 -37.777488 -14.365791 -0.083976 0.523469
-5.166990 12.184342 2.145242 -37.527217 -14.272079 -0.084005 0.521324
-5.127865 12.092947 2.132393 -37.277052 -14.178410 -0.084043 0.519175
-5.088790 12.001568 2.119532 -37.026907 -14.084727 -0.084091 0.517003
-5.049810 11.910198 2.106637 -36.776699 -13.990971 -0.084146 0.514784
-5.010966 11.818831 2.093687 -36.526359 -13.897085 -0.084210 0.512495
-4.972288 11.727464 2.080662 -36.275836 -13.803010 -0.084287 0.510102
-4.933783 11.636098 2.067555 -36.025123 -13.708688 -0.084390 0.507559
-4.895401 11.544745 2.054378 -35.774311 -13.614059 -0.084553 0.504791
-4.856915 11.453473 2.041291 -35.523919 -13.519868 -0.084669 0.502246
-4.818273 11.362293 2.028311 -35.274040 -13.426055 -0.084775 0.499849
-4.779480 11.271205 2.015431 -35.024672 -13.332561 -0.084886 0.497552
-4.740565 11.180204 2.002634 -34.775766 -13.239329 -0.085006 0.495323
-4.701569 11.089286 1.989900 -34.527250 -13.146299 -0.085136 0.493137
-4.662539 10.998444 1.977207 -34.279043 -13.053416 -0.085276 0.490972
-4.623521 10.907673 1.964532 -34.031054 -12.960622 -0.085423 0.488811
-4.584567 10.816969 1.951854 -33.783195 -12.867859 -0.085576 0.486633
-4.545725 10.726327 1.939149 -33.535374 -12.775070 -0.085732 0.484420
-4.507043 10.635743 1.926395 -33.287509 -12.682199 -0.085889 0.482151
-4.468563 10.545214 1.913570 -33.039523 -12.589188 -0.086048 0.479802
-4.430319 10.454738 1.900657 -32.791366 -12.495979 -0.086210 0.477341
-4.392320 10.364317 1.887643 -32.543030 -12.402515 -0.086386 0.474721
-4.354517 10.273963 1.874536 -32.294606 -12.308738 -0.086607 0.471863
-4.316672 10.183742 1.861512 -32.046640 -12.215388 -0.086786 0.469221
-4.278735 10.093663 1.848583 -31.799226 -12.122409 -0.086956 0.466715
-4.240712 10.003729 1.835737 -31.552363 -12.029742 -0.087129 0.464296
-4.202637 9.913936 1.822957 -31.306000 -11.937329 -0.087308 0.461932
-4.164552 9.824281 1.810224 -31.060066 -11.845115 -0.087494 0.459599
-4.126505 9.734761 1.797514 -30.814481 -11.753041 -0.087684 0.457275
-4.088548 9.645374 1.784807 -30.569157 -11.661051 -0.087876 0.454941
-4.050730 9.556118 1.772080 -30.324007 -11.569089 -0.088067 0.452576
-4.013101 9.466991 1.759313 -30.078950 -11.477098 -0.088256 0.450160
-3.975705 9.377993 1.746484 -29.833911 -11.385022 -0.088440 0.447668
-3.938580 9.289123 1.733573 -29.588840 -11.292804 -0.088621 0.445070
-3.901735 9.200384 1.720567 -29.343728 -11.200386 -0.088807 0.442316
-3.865124 9.111788 1.707470 -29.098673 -11.107713 -0.089026 0.439324
-3.828498 9.023397 1.694468 -28.854241 -11.015524 -0.089209 0.436552
-3.791810 8.935222 1.681568 -28.610532 -10.923762 -0.089385 0.433915
-3.755068 8.847265 1.668757 -28.367543 -10.832369 -0.089566 0.431366
-3.718307 8.759524 1.656016 -28.125225 -10.741291 -0.089751 0.428872
-3.681574 8.672000 1.643326 -27.883506 -10.650470 -0.089940 0.426408
-3.644917 8.584693 1.630665 -27.642306 -10.559852 -0.090130 0.423954
-3.608388 8.497602 1.618014 -27.401539 -10.469379 -0.090319 0.421490
-3.572042 8.410728 1.605350 -27.161120 -10.378998 -0.090504 0.418998
-3.535928 8.324074 1.592655 -26.920967 -10.288651 -0.090680 0.416456
-3.500093 8.237639 1.579907 -26.681007 -10.198284 -0.090847 0.413841
-3.464576 8.151427 1.567088 -26.441189 -10.107842 -0.091004 0.411122
-3.429389 8.065443 1.554182 -26.201507 -10.017268 -0.091157 0.408250
-3.394485 7.979696 1.541186 -25.962060 -9.926508 -0.091330 0.405140
-3.359609 7.894247 1.528300 -25.723437 -9.836300 -0.091472 0.402252
-3.324712 7.809108 1.515523 -25.485743 -9.746588 -0.091610 0.399500
-3.289805 7.724279 1.502842 -25.248974 -9.657319 -0.091750 0.396835
-3.254926 7.639765 1.490237 -25.013080 -9.568436 -0.091894 0.394225
-3.220122 7.555567 1.477688 -24.777992 -9.479886 -0.092038 0.391647
-3.185444 7.471687 1.465178 -24.543629 -9.391613 -0.092179 0.389081
-3.150946 7.388130 1.452686 -24.309904 -9.303564 -0.092315 0.386509
-3.116682 7.304898 1.440194 -24.076733 -9.215685 -0.092441 0.383913
-3.082708 7.221996 1.427682 -23.844028 -9.127921 -0.092554 0.381277
-3.049075 7.139429 1.415132 -23.611710 -9.040219 -0.092650 0.378579
-3.015834 7.057201 1.402526 -23.379707 -8.952524 -0.092727 0.375799
-2.983022 6.975317 1.389844 -23.147969 -8.864784 -0.092782 0.372904
-2.950657 6.893784 1.377070 -22.916491 -8.776945 -0.092819 0.369847
-2.918690 6.812614 1.364197 -22.685378 -8.688955 -0.092860 0.366540
-2.886859 6.731863 1.351432 -22.455244 -8.601549 -0.092870 0.363444
-2.855115 6.651541 1.338768 -22.226197 -8.514677 -0.092872 0.360470
-2.823472 6.571655 1.326191 -21.998235 -8.428284 -0.092871 0.357570
-2.791969 6.492209 1.313682 -21.771313 -8.342317 -0.092867 0.354713
-2.760655 6.413208 1.301222 -21.545364 -8.256725 -0.092854 0.351874
-2.729584 6.334658 1.288795 -21.320313 -8.171455 -0.092832 0.349035
-2.698810 6.256565 1.276382 -21.096079 -8.086455 -0.092794 0.346176
-2.668388 6.178936 1.263966 -20.872584 -8.001671 -0.092738 0.343281
-2.638372 6.101778 1.251530 -20.649753 -7.917053 -0.092660 0.340328
-2.608813 6.025098 1.239056 -20.427518 -7.832549 -0.092556 0.337296
-2.579750 5.948903 1.226527 -20.205835 -7.748107 -0.092424 0.334154
-2.551201 5.873202 1.213925 -19.984703 -7.663676 -0.092265 0.330854
-2.523121 5.798005 1.201240 -19.764231 -7.579207 -0.092097 0.327306
-2.495236 5.723368 1.188682 -19.545056 -7.495436 -0.091903 0.323971
-2.467498 5.649299 1.176242 -19.327293 -7.412313 -0.091700 0.320760
-2.439925 5.575806 1.163902 -19.110943 -7.329788 -0.091493 0.317622
-2.412554 5.502897 1.151645 -18.895965 -7.247811 -0.091278 0.314528
-2.385436 5.430578 1.139456 -18.682297 -7.166332 -0.091052 0.311456
-2.358624 5.358858 1.127318 -18.469868 -7.085301 -0.090812 0.308384
-2.332173 5.287744 1.115215 -18.258605 -7.004667 -0.090554 0.305297
-2.306137 5.217246 1.103131 -18.048434 -6.924383 -0.090273 0.302175
-2.280572 5.147371 1.091051 -17.839284 -6.844398 -0.089965 0.299001
-2.255525 5.078129 1.078959 -17.631096 -6.764664 -0.089626 0.295753
-2.231039 5.009529 1.066839 -17.423829 -6.685133 -0.089255 0.292400
-2.207129 4.941579 1.054675 -17.217487 -6.605756 -0.088850 0.288895
-2.183748 4.874291 1.042452 -17.012187 -6.526489 -0.088427 0.285146
-2.160614 4.807714 1.030383 -16.808588 -6.448068 -0.087981 0.281617
-2.137681 4.741857 1.018453 -16.606808 -6.370447 -0.087529 0.278214
-2.114961 4.676730 1.006648 -16.406856 -6.293580 -0.087070 0.274891
-2.092493 4.612339 0.994951 -16.208697 -6.217420 -0.086604 0.271617
-2.070326 4.548694 0.983347 -16.012273 -6.141921 -0.086126 0.268372
-2.048512 4.485802 0.971824 -15.817520 -6.067037 -0.085632 0.265136
-2.027103 4.423672 0.960366 -15.624370 -5.992722 -0.085118 0.261894
-2.006153 4.362314 0.948961 -15.432753 -5.918930 -0.084581 0.258631
-1.985715 4.301736 0.937595 -15.242603 -5.845616 -0.084016 0.255330
-1.965841 4.241946 0.926255 -15.053856 -5.772735 -0.083418 0.251973
-1.946577 4.182954 0.914928 -14.866459 -5.700243 -0.082785 0.248541
-1.927961 4.124767 0.903599 -14.680381 -5.628096 -0.082114 0.245003
-1.910007 4.067395 0.892254 -14.495633 -5.556252 -0.081403 0.241315
-1.892665 4.010848 0.880875 -14.312343 -5.484669 -0.080663 0.237383
-1.875644 3.955166 0.869676 -14.131189 -5.414087 -0.079906 0.233671
-1.858890 3.900357 0.858638 -13.952302 -5.344466 -0.079143 0.230086
-1.842416 3.846428 0.847749 -13.775698 -5.275765 -0.078374 0.226580
-1.826257 3.793386 0.836993 -13.601352 -5.207943 -0.077598 0.223126
-1.810456 3.741237 0.826359 -13.429218 -5.140957 -0.076810 0.219703
-1.795061 3.689987 0.815834 -13.259241 -5.074768 -0.076006 0.216294
-1.780121 3.639642 0.805408 -13.091367 -5.009335 -0.075184 0.212882
-1.765683 3.590208 0.795069 -12.925541 -4.944618 -0.074340 0.209452
-1.751794 3.541690 0.784806 -12.761710 -4.880576 -0.073470 0.205988
-1.738495 3.494094 0.774608 -12.599834 -4.817173 -0.072570 0.202470
-1.725819 3.447424 0.764462 -12.439891 -4.754368 -0.071638 0.198869
-1.713774 3.401683 0.754356 -12.281905 -4.692126 -0.070674 0.195141
-1.702303 3.356876 0.744271 -12.126015 -4.630413 -0.069686 0.191194
-1.691104 3.313033 0.734418 -11.972919 -4.569972 -0.068696 0.187489
-1.680117 3.270157 0.724778 -11.822761 -4.510770 -0.067714 0.183937
-1.669348 3.228247 0.715340 -11.675569 -4.452772 -0.066739 0.180490
-1.658825 3.187304 0.706091 -11.531328 -4.395944 -0.065771 0.177122
-1.648583 3.147327 0.697022 -11.390004 -4.340251 -0.064806 0.173814
-1.638662 3.108314 0.688124 -11.251558 -4.285660 -0.063841 0.170550
-1.629103 3.070262 0.679387 -11.115947 -4.232136 -0.062875 0.167317
-1.619943 3.033168 0.670803 -10.983128 -4.179648 -0.061903 0.164100
-1.611221 2.997027 0.662363 -10.853064 -4.128162 -0.060924 0.160884
-1.602968 2.961834 0.654059 -10.725727 -4.077649 -0.059935 0.157652
-1.595207 2.927582 0.645882 -10.601110 -4.028079 -0.058934 0.154378
-1.587936 2.894262 0.637820 -10.479250 -3.979421 -0.057923 0.151018
-1.581087 2.861865 0.629856 -10.360302 -3.931652 -0.056907 0.147483
-1.574344 2.830404 0.622199 -10.244986 -3.885522 -0.055920 0.144235
-1.567636 2.799865 0.614830 -10.133459 -3.841007 -0.054969 0.141185
-1.560957 2.770235 0.607741 -10.025764 -3.798082 -0.054057 0.138289
-1.554323 2.741496 0.600923 -9.921903 -3.756721 -0.053181 0.135524
-1.547759 2.713629 0.594369 -9.821858 -3.716899 -0.052341 0.132873
-1.541291 2.686615 0.588072 -9.725603 -3.678593 -0.051535 0.130324
-1.534948 2.660430 0.582029 -9.633112 -3.641778 -0.050763 0.127865
-1.528756 2.635051 0.576232 -9.544358 -3.606433 -0.050023 0.125486
-1.522741 2.610452 0.570678 -9.459315 -3.572535 -0.049313 0.123178
-1.516926 2.586603 0.565361 -9.377965 -3.540065 -0.048635 0.120930
-1.511330 2.563474 0.560276 -9.300298 -3.509003 -0.047985 0.118726
-1.505963 2.541032 0.555418 -9.226326 -3.479330 -0.047364 0.116545
-1.500810 2.519243 0.550777 -9.156106 -3.451030 -0.046772 0.114347
-1.495789 2.498072 0.546339 -9.089808 -3.424093 -0.046216 0.112046
-1.490571 2.477504 0.542309 -9.028177 -3.399279 -0.045733 0.110110
-1.485076 2.457502 0.538670 -8.971384 -3.376579 -0.045327 0.108453
-1.479287 2.438033 0.535412 -8.919489 -3.355981 -0.044996 0.107040
-1.473215 2.419068 0.532526 -8.872501 -3.337474 -0.044731 0.105853
-1.466881 2.400585 0.529998 -8.830413 -3.321049 -0.044520 0.104884
-1.460312 2.382577 0.527815 -8.793202 -3.306697 -0.044343 0.104132
-1.453541 2.365060 0.525955 -8.760837 -3.294412 -0.044173 0.103598
-1.446606 2.348081 0.524387 -8.733280 -3.284190 -0.043969 0.103287
-1.439555 2.331741 0.523067 -8.710483 -3.276030 -0.043668 0.103208
-1.432449 2.316215 0.521928 -8.692383 -3.269936 -0.043181 0.103372
-1.425377 2.301796 0.520877 -8.678889 -3.265915 -0.042381 0.103809
-1.418505 2.288952 0.519848 -8.669816 -3.263955 -0.041165 0.104587
-1.412266 2.278617 0.519824 -8.664628 -3.263940 -0.040785 0.105908
-1.407479 2.272333 0.520148 -8.662086 -3.263906 -0.041165 0.106502
