-0.000000 0.000000 -0.000000
-0.001892 -0.052784 -0.002568
0.000289 -0.145941 -0.006411
0.004318 -0.262617 -0.010894
0.008547 -0.386876 -0.015672
0.012689 -0.507628 -0.020675
0.016740 -0.619212 -0.025850
0.020815 -0.719148 -0.031170
0.024711 -0.806757 -0.036534
0.028303 -0.882339 -0.041874
0.031516 -0.946690 -0.047146
0.034315 -1.000822 -0.052324
0.036688 -1.045812 -0.057393
0.038637 -1.082715 -0.062347
0.040184 -1.112533 -0.067182
0.041408 -1.136214 -0.071898
0.042338 -1.154658 -0.076504
0.042989 -1.168754 -0.081020
0.043409 -1.179129 -0.085302
0.043641 -1.186154 -0.089380
0.043675 -1.190232 -0.093278
0.043508 -1.191772 -0.097014
0.043141 -1.191161 -0.100600
0.042575 -1.188748 -0.104045
0.041811 -1.184838 -0.107353
0.040848 -1.179694 -0.110525
0.039685 -1.173542 -0.113560
0.038327 -1.166576 -0.116452
0.036953 -1.158996 -0.119202
0.035588 -1.150945 -0.121806
0.034217 -1.142537 -0.124260
0.032800 -1.133867 -0.126565
0.031328 -1.125011 -0.128721
0.029803 -1.116033 -0.130728
0.028224 -1.106984 -0.132590
0.026593 -1.097908 -0.134309
0.024910 -1.088837 -0.135888
0.023173 -1.079800 -0.137331
0.021382 -1.070820 -0.138641
0.019532 -1.061917 -0.139822
0.017622 -1.053106 -0.140877
0.015662 -1.044407 -0.141804
0.013719 -1.035842 -0.142599
0.011802 -1.027423 -0.143262
0.009907 -1.019157 -0.143794
0.008029 -1.011048 -0.144201
0.006164 -1.003096 -0.144484
0.004307 -0.995302 -0.144649
0.002454 -0.987662 -0.144700
0.000598 -0.980175 -0.144641
-0.001264 -0.972837 -0.144476
-0.003139 -0.965645 -0.144209
-0.005033 -0.958596 -0.143844
-0.006953 -0.951689 -0.143384
-0.008890 -0.944924 -0.142828
-0.010782 -0.938313 -0.142170
-0.012621 -0.931856 -0.141411
-0.014413 -0.925552 -0.140552
-0.016166 -0.919395 -0.139596
-0.017886 -0.913379 -0.138548
-0.019580 -0.907500 -0.137411
-0.021255 -0.901750 -0.136190
-0.022916 -0.896124 -0.134888
-0.024571 -0.890615 -0.133510
-0.026226 -0.885217 -0.132059
-0.027890 -0.879926 -0.130538
-0.029569 -0.874738 -0.128950
-0.031256 -0.869655 -0.127296
-0.032889 -0.864686 -0.125566
-0.034462 -0.859831 -0.123761
-0.035979 -0.855088 -0.121882
-0.037450 -0.850452 -0.119932
-0.038881 -0.845918 -0.117915
-0.040279 -0.841480 -0.115834
-0.041650 -0.837131 -0.113694
-0.043000 -0.832866 -0.111497
-0.044336 -0.828680 -0.109249
-0.045663 -0.824566 -0.106952
-0.046990 -0.820519 -0.104611
-0.048325 -0.816535 -0.102228
-0.049673 -0.812612 -0.099806
-0.051028 -0.808751 -0.097343
-0.052328 -0.804963 -0.094831
-0.053568 -0.801250 -0.092269
-0.054753 -0.797610 -0.089658
-0.055892 -0.794038 -0.087001
-0.056992 -0.790531 -0.084301
-0.058062 -0.787083 -0.081562
-0.059108 -0.783690 -0.078787
-0.060139 -0.780345 -0.075981
-0.061160 -0.777046 -0.073146
-0.062181 -0.773786 -0.070286
-0.063210 -0.770563 -0.067405
-0.064253 -0.767376 -0.064503
-0.065305 -0.764227 -0.061581
-0.066303 -0.761127 -0.058626
-0.067242 -0.758079 -0.055639
-0.068127 -0.755081 -0.052619
-0.068968 -0.752131 -0.049570
-0.069773 -0.749224 -0.046495
-0.070550 -0.746357 -0.043397
-0.071305 -0.743525 -0.040280
-0.072046 -0.740723 -0.037147
-0.072781 -0.737948 -0.034003
-0.073518 -0.735195 -0.030849
-0.074266 -0.732463 -0.027690
-0.075030 -0.729750 -0.024527
-0.075805 -0.727060 -0.021357
-0.076528 -0.724403 -0.018170
-0.077194 -0.721784 -0.014964
-0.077807 -0.719202 -0.011739
-0.078376 -0.716654 -0.008498
-0.078910 -0.714136 -0.005244
-0.079415 -0.711646 -0.001980
-0.079898 -0.709178 0.001289
-0.080365 -0.706730 0.004561
-0.080823 -0.704296 0.007832
-0.081281 -0.701873 0.011098
-0.081744 -0.699459 0.014356
-0.082223 -0.697049 0.017603
-0.082721 -0.694646 0.020838
-0.083233 -0.692251 0.024062
-0.083698 -0.689877 0.027290
-0.084108 -0.687528 0.030522
-0.084470 -0.685203 0.033759
-0.084793 -0.682901 0.036998
-0.085083 -0.680618 0.040235
-0.085350 -0.678350 0.043467
-0.085601 -0.676095 0.046691
-0.085844 -0.673848 0.049904
-0.086086 -0.671606 0.053101
-0.086337 -0.669367 0.056279
-0.086605 -0.667128 0.059437
-0.086895 -0.664889 0.062572
-0.087200 -0.662654 0.065688
-0.087461 -0.660436 0.068797
-0.087670 -0.658238 0.071903
-0.087834 -0.656060 0.075005
-0.087960 -0.653901 0.078101
-0.088056 -0.651757 0.081188
-0.088132 -0.649626 0.084262
-0.088195 -0.647504 0.087320
-0.088253 -0.645387 0.090358
-0.088314 -0.643272 0.093373
-0.088386 -0.641157 0.096362
-0.088477 -0.639039 0.099322
-0.088594 -0.636920 0.102252
-0.088727 -0.634802 0.105155
-0.088818 -0.632699 0.108046
-0.088859 -0.630614 0.110928
-0.088856 -0.628547 0.113800
-0.088815 -0.626497 0.116660
-0.088746 -0.624461 0.119505
-0.088656 -0.622435 0.122332
-0.088551 -0.620417 0.125137
-0.088439 -0.618402 0.127917
-0.088328 -0.616388 0.130668
-0.088224 -0.614370 0.133387
-0.088137 -0.612346 0.136070
-0.088073 -0.610315 0.138715
-0.088037 -0.608277 0.141321
-0.088021 -0.606236 0.143891
-0.087968 -0.604204 0.146442
-0.087868 -0.602186 0.148975
-0.087728 -0.600180 0.151491
-0.087554 -0.598187 0.153988
-0.087356 -0.596203 0.156462
-0.087142 -0.594225 0.158911
-0.086920 -0.592249 0.161330
-0.086698 -0.590273 0.163716
-0.086485 -0.588293 0.166066
-0.086288 -0.586307 0.168376
-0.086117 -0.584313 0.170645
-0.085975 -0.582312 0.172871
-0.085855 -0.580307 0.175059
-0.085700 -0.578311 0.177223
-0.085500 -0.576327 0.179368
-0.085262 -0.574357 0.181493
-0.084993 -0.572398 0.183597
-0.084701 -0.570449 0.185676
-0.084396 -0.568505 0.187727
-0.084085 -0.566564 0.189746
-0.083777 -0.564622 0.191730
-0.083479 -0.562675 0.193676
-0.083202 -0.560723 0.195580
-0.082951 -0.558762 0.197440
-0.082732 -0.556794 0.199256
-0.082535 -0.554822 0.201032
-0.082305 -0.552859 0.202782
-0.082032 -0.550908 0.204513
-0.081722 -0.548970 0.206223
-0.081380 -0.547043 0.207910
-0.081016 -0.545125 0.209572
-0.080638 -0.543212 0.211205
-0.080252 -0.541300 0.212806
-0.079866 -0.539388 0.214370
-0.079489 -0.537469 0.215895
-0.079128 -0.535543 0.217377
-0.078790 -0.533605 0.218812
-0.078485 -0.531655 0.220198
-0.078214 -0.529693 0.221537
-0.077970 -0.527723 0.222830
-0.077696 -0.525756 0.224096
-0.077384 -0.523798 0.225336
-0.077038 -0.521847 0.226553
-0.076665 -0.519902 0.227743
-0.076275 -0.517962 0.228904
-0.075876 -0.516023 0.230033
-0.075476 -0.514081 0.231126
-0.075084 -0.512134 0.232179
-0.074708 -0.510178 0.233188
-0.074357 -0.508210 0.234152
-0.074039 -0.506229 0.235067
-0.073757 -0.504237 0.235934
-0.073502 -0.502236 0.236758
-0.073221 -0.500239 0.237553
-0.072903 -0.498248 0.238325
-0.072554 -0.496266 0.239074
-0.072181 -0.494289 0.239797
-0.071792 -0.492317 0.240493
-0.071397 -0.490346 0.241158
-0.071003 -0.488372 0.241788
-0.070620 -0.486392 0.242379
-0.070256 -0.484403 0.242929
-0.069919 -0.482402 0.243434
-0.069616 -0.480390 0.243892
-0.069352 -0.478364 0.244303
-0.069118 -0.476331 0.244674
-0.068858 -0.474301 0.245018
-0.068563 -0.472278 0.245340
-0.068239 -0.470263 0.245642
-0.067890 -0.468254 0.245920
-0.067527 -0.466249 0.246174
-0.067156 -0.464244 0.246399
-0.066786 -0.462236 0.246591
-0.066424 -0.460222 0.246748
-0.066080 -0.458198 0.246865
-0.065760 -0.456161 0.246939
-0.065473 -0.454109 0.246967
-0.065226 -0.452040 0.246948
-0.065022 -0.449955 0.246881
-0.064852 -0.447858 0.246773
-0.064662 -0.445761 0.246638
-0.064444 -0.443666 0.246481
-0.064200 -0.441575 0.246303
-0.063938 -0.439487 0.246103
-0.063668 -0.437399 0.245876
-0.063396 -0.435308 0.245622
-0.063133 -0.433212 0.245335
-0.062887 -0.431106 0.245013
-0.062667 -0.428989 0.244652
-0.062480 -0.426859 0.244250
-0.062336 -0.424713 0.243805
-0.062236 -0.422552 0.243319
-0.062172 -0.420382 0.242796
-0.062091 -0.418213 0.242251
-0.061985 -0.416050 0.241689
-0.061856 -0.413892 0.241112
-0.061713 -0.411739 0.240518
-0.061563 -0.409590 0.239905
-0.061416 -0.407441 0.239269
-0.061281 -0.405289 0.238608
-0.061165 -0.403132 0.237918
-0.061079 -0.400966 0.237196
-0.061029 -0.398790 0.236441
-0.061025 -0.396603 0.235650
-0.061067 -0.394406 0.234825
-0.061148 -0.392203 0.233971
-0.061215 -0.390006 0.233104
-0.061258 -0.387819 0.232228
-0.061280 -0.385642 0.231344
-0.061290 -0.383475 0.230453
-0.061294 -0.381316 0.229551
-0.061300 -0.379163 0.228637
-0.061318 -0.377012 0.227706
-0.061355 -0.374861 0.226757
-0.061420 -0.372707 0.225785
-0.061520 -0.370547 0.224788
-0.061664 -0.368380 0.223765
-0.061859 -0.366204 0.222714
-0.062107 -0.364022 0.221638
-0.062399 -0.361838 0.220540
-0.062683 -0.359663 0.219438
-0.062949 -0.357502 0.218336
-0.063201 -0.355357 0.217236
-0.063446 -0.353227 0.216137
-0.063692 -0.351111 0.215038
-0.063948 -0.349006 0.213936
-0.064222 -0.346911 0.212829
-0.064524 -0.344823 0.211715
-0.064862 -0.342741 0.210591
-0.065245 -0.340662 0.209456
-0.065679 -0.338588 0.208310
-0.066168 -0.336520 0.207154
-0.066702 -0.334463 0.205995
-0.067229 -0.332429 0.204847
-0.067740 -0.330423 0.203717
-0.068238 -0.328447 0.202607
-0.068730 -0.326502 0.201517
-0.069225 -0.324586 0.200446
-0.069730 -0.322698 0.199391
-0.070255 -0.320837 0.198351
-0.070808 -0.319000 0.197325
-0.071397 -0.317186 0.196310
-0.072030 -0.315395 0.195305
-0.072713 -0.313628 0.194311
-0.073450 -0.311885 0.193330
-0.074229 -0.310175 0.192369
-0.074999 -0.308508 0.191443
-0.075749 -0.306890 0.190558
-0.076481 -0.305325 0.189717
-0.077202 -0.303812 0.188920
-0.077917 -0.302352 0.188167
-0.078634 -0.300943 0.187457
-0.079359 -0.299584 0.186787
-0.080101 -0.298275 0.186156
-0.080865 -0.297014 0.185563
-0.081657 -0.295801 0.185007
-0.082482 -0.294636 0.184486
-0.083345 -0.293523 0.184002
-0.084245 -0.292465 0.183557
-0.085166 -0.291472 0.183158
-0.086053 -0.290557 0.182820
-0.086896 -0.289724 0.182549
-0.087695 -0.288977 0.182348
-0.088452 -0.288318 0.182218
-0.089171 -0.287749 0.182158
-0.089857 -0.287272 0.182168
-0.090511 -0.286885 0.182244
-0.091131 -0.286586 0.182387
-0.091718 -0.286373 0.182594
-0.092270 -0.286246 0.182862
-0.092785 -0.286202 0.183192
-0.093261 -0.286243 0.183580
-0.093695 -0.286366 0.184026
-0.094083 -0.286572 0.184528
-0.094422 -0.286860 0.185083
-0.094707 -0.287231 0.185692
-0.094931 -0.287683 0.186351
-0.095089 -0.288216 0.187061
-0.095174 -0.288830 0.187820
-0.095177 -0.289525 0.188625
-0.095090 -0.290300 0.189477
-0.094903 -0.291155 0.190374
-0.094608 -0.292090 0.191313
-0.094198 -0.293102 0.192293
-0.093671 -0.294189 0.193309
-0.093050 -0.295344 0.194358
-0.092437 -0.296554 0.195428
-0.091854 -0.297813 0.196516
-0.091299 -0.299117 0.197619
-0.090761 -0.300467 0.198736
-0.090230 -0.301861 0.199864
-0.089690 -0.303299 0.201004
-0.089130 -0.304782 0.202156
-0.088534 -0.306311 0.203318
-0.087888 -0.307886 0.204492
-0.087180 -0.309506 0.205676
-0.086394 -0.311174 0.206870
-0.085522 -0.312887 0.208072
-0.084557 -0.314643 0.209281
-0.083520 -0.316438 0.210492
-0.082511 -0.318258 0.211697
-0.081549 -0.320098 0.212895
-0.080629 -0.321956 0.214083
-0.079739 -0.323832 0.215260
-0.078864 -0.325725 0.216426
-0.077991 -0.327638 0.217582
-0.077102 -0.329571 0.218727
-0.076182 -0.331526 0.219863
-0.075216 -0.333503 0.220990
-0.074189 -0.335504 0.222107
-0.073088 -0.337529 0.223214
-0.071910 -0.339575 0.224309
-0.070670 -0.341639 0.225391
-0.069471 -0.343708 0.226452
-0.068329 -0.345776 0.227492
-0.067240 -0.347843 0.228509
-0.066191 -0.349909 0.229502
-0.065167 -0.351974 0.230473
-0.064152 -0.354042 0.231422
-0.063130 -0.356112 0.232350
-0.062086 -0.358188 0.233257
-0.061003 -0.360271 0.234145
-0.059866 -0.362361 0.235015
-0.058663 -0.364460 0.235864
-0.057390 -0.366567 0.236694
-0.056062 -0.368677 0.237502
-0.054783 -0.370778 0.238283
-0.053569 -0.372865 0.239037
-0.052415 -0.374937 0.239762
-0.051309 -0.376996 0.240460
-0.050237 -0.379042 0.241131
-0.049183 -0.381078 0.241775
-0.048131 -0.383106 0.242394
-0.047067 -0.385127 0.242990
-0.045974 -0.387145 0.243562
-0.044837 -0.389161 0.244113
-0.043642 -0.391177 0.244642
-0.042377 -0.393193 0.245150
-0.041036 -0.395210 0.245636
-0.039636 -0.397223 0.246099
-0.038282 -0.399219 0.246536
-0.036989 -0.401194 0.246946
-0.035752 -0.403148 0.247329
-0.034558 -0.405082 0.247686
-0.033393 -0.406997 0.248018
-0.032241 -0.408896 0.248325
-0.031086 -0.410781 0.248609
-0.029912 -0.412655 0.248870
-0.028703 -0.414520 0.249111
-0.027445 -0.416377 0.249332
-0.026124 -0.418228 0.249532
-0.024735 -0.420073 0.249712
-0.023295 -0.421907 0.249870
-0.021908 -0.423719 0.250007
-0.020590 -0.425503 0.250120
-0.019336 -0.427259 0.250211
-0.018134 -0.428989 0.250280
-0.016967 -0.430695 0.250327
-0.015822 -0.432379 0.250354
-0.014681 -0.434044 0.250363
-0.013529 -0.435692 0.250354
-0.012352 -0.437326 0.250328
-0.011134 -0.438947 0.250286
-0.009863 -0.440557 0.250228
-0.008533 -0.442155 0.250154
-0.007163 -0.443739 0.250065
-0.005856 -0.445294 0.249959
-0.004630 -0.446817 0.249837
-0.003480 -0.448308 0.249699
-0.002393 -0.449768 0.249545
-0.001356 -0.451198 0.249376
-0.000354 -0.452602 0.249195
0.000627 -0.453982 0.249000
0.001602 -0.455341 0.248795
0.002585 -0.456680 0.248579
0.003591 -0.458003 0.248354
0.004634 -0.459310 0.248120
0.005724 -0.460605 0.247878
0.006866 -0.461886 0.247627
0.008042 -0.463148 0.247368
0.009147 -0.464380 0.247101
0.010163 -0.465577 0.246827
0.011095 -0.466738 0.246545
0.011954 -0.467865 0.246257
0.012753 -0.468959 0.245963
0.013507 -0.470024 0.245665
0.014230 -0.471060 0.245362
0.014935 -0.472072 0.245056
0.015635 -0.473060 0.244748
0.016345 -0.474026 0.244438
0.017074 -0.474972 0.244126
0.017825 -0.475897 0.243813
0.018579 -0.476796 0.243498
0.019228 -0.477657 0.243183
0.019752 -0.478474 0.242869
0.020154 -0.479246 0.242555
0.020441 -0.479975 0.242243
0.020622 -0.480662 0.241932
0.020708 -0.481309 0.241623
0.020708 -0.481917 0.241317
0.020628 -0.482488 0.241014
0.020477 -0.483023 0.240714
0.020259 -0.483525 0.240420
0.019982 -0.483995 0.240130
0.019648 -0.484434 0.239845
0.019264 -0.484843 0.239566
0.018833 -0.485223 0.239293
0.018358 -0.485576 0.239026
0.017843 -0.485903 0.238765
0.017291 -0.486205 0.238511
0.016704 -0.486483 0.238264
0.016086 -0.486738 0.238024
0.015438 -0.486970 0.237790
0.014762 -0.487181 0.237564
0.014062 -0.487372 0.237345
0.013338 -0.487543 0.237133
0.012592 -0.487695 0.236928
0.011826 -0.487829 0.236731
0.011042 -0.487945 0.236541
0.010242 -0.488045 0.236358
0.009426 -0.488128 0.236182
0.008595 -0.488196 0.236013
0.007752 -0.488248 0.235851
0.006897 -0.488286 0.235696
0.006032 -0.488310 0.235548
0.005157 -0.488320 0.235406
0.004274 -0.488318 0.235272
0.003383 -0.488302 0.235144
0.002486 -0.488275 0.235022
0.001583 -0.488236 0.234907
0.000676 -0.488185 0.234798
-0.000236 -0.488124 0.234694
-0.001151 -0.488051 0.234597
-0.002068 -0.487969 0.234506
-0.002987 -0.487877 0.234420
-0.003908 -0.487775 0.234340
-0.004828 -0.487663 0.234266
-0.005749 -0.487543 0.234196
-0.006669 -0.487414 0.234132
-0.007588 -0.487276 0.234072
-0.008505 -0.487130 0.234018
-0.009419 -0.486977 0.233968
-0.010331 -0.486815 0.233922
-0.011240 -0.486646 0.233881
-0.012145 -0.486470 0.233844
-0.013046 -0.486287 0.233811
-0.013942 -0.486097 0.233782
-0.014834 -0.485900 0.233757
-0.015721 -0.485698 0.233736
-0.016602 -0.485488 0.233718
-0.017477 -0.485273 0.233703
-0.018346 -0.485052 0.233692
-0.019208 -0.484826 0.233683
-0.020064 -0.484594 0.233678
-0.020913 -0.484357 0.233675
-0.021755 -0.484114 0.233676
-0.022589 -0.483867 0.233678
-0.023416 -0.483615 0.233684
-0.024234 -0.483358 0.233691
-0.025045 -0.483097 0.233701
-0.025848 -0.482831 0.233713
-0.026642 -0.482562 0.233727
-0.027428 -0.482288 0.233743
-0.028205 -0.482010 0.233760
-0.028973 -0.481729 0.233780
-0.029733 -0.481444 0.233801
-0.030483 -0.481155 0.233823
-0.031224 -0.480863 0.233847
-0.031956 -0.480568 0.233872
-0.032679 -0.480270 0.233898
-0.033393 -0.479969 0.233925
-0.034097 -0.479665 0.233953
-0.034792 -0.479358 0.233983
-0.035477 -0.479049 0.234013
-0.036153 -0.478737 0.234044
-0.036819 -0.478423 0.234075
-0.037475 -0.478106 0.234108
-0.038122 -0.477787 0.234140
-0.038760 -0.477467 0.234174
-0.039387 -0.477144 0.234207
-0.040005 -0.476819 0.234241
-0.040614 -0.476493 0.234276
-0.041213 -0.476165 0.234310
-0.041802 -0.475836 0.234345
-0.042382 -0.475505 0.234380
-0.042952 -0.475173 0.234415
-0.043512 -0.474839 0.234450
-0.044064 -0.474505 0.234485
-0.044606 -0.474169 0.234520
-0.045138 -0.473832 0.234555
-0.045661 -0.473495 0.234589
-0.046175 -0.473157 0.234624
-0.046680 -0.472818 0.234658
-0.047175 -0.472478 0.234692
-0.047662 -0.472138 0.234725
-0.048139 -0.471798 0.234759
-0.048607 -0.471457 0.234792
-0.049067 -0.471116 0.234824
-0.049518 -0.470774 0.234856
-0.049960 -0.470433 0.234888
-0.050393 -0.470091 0.234919
-0.050818 -0.469750 0.234950
-0.051235 -0.469409 0.234980
-0.051643 -0.469068 0.235010
-0.052042 -0.468727 0.235039
-0.052434 -0.468386 0.235067
-0.052817 -0.468046 0.235095
-0.053192 -0.467707 0.235122
-0.053560 -0.467368 0.235149
-0.053919 -0.467029 0.235175
-0.054271 -0.466691 0.235200
-0.054615 -0.466354 0.235225
-0.054952 -0.466018 0.235249
-0.055281 -0.465683 0.235272
-0.055603 -0.465348 0.235295
-0.055918 -0.465015 0.235317
-0.056225 -0.464682 0.235338
-0.056526 -0.464351 0.235359
-0.056819 -0.464021 0.235379
-0.057106 -0.463692 0.235398
-0.057386 -0.463364 0.235416
-0.057659 -0.463038 0.235434
-0.057926 -0.462713 0.235451
-0.058187 -0.462389 0.235468
-0.058441 -0.462067 0.235483
-0.058689 -0.461746 0.235498
-0.058931 -0.461427 0.235512
-0.059166 -0.461110 0.235526
-0.059396 -0.460794 0.235539
-0.059621 -0.460480 0.235551
-0.059839 -0.460168 0.235562
-0.060052 -0.459857 0.235573
-0.060259 -0.459548 0.235583
-0.060461 -0.459242 0.235593
-0.060658 -0.458937 0.235601
-0.060850 -0.458634 0.235609
-0.061036 -0.458333 0.235617
-0.061218 -0.458033 0.235624
-0.061395 -0.457736 0.235630
-0.061566 -0.457442 0.235635
-0.061734 -0.457149 0.235640
-0.061896 -0.456858 0.235644
-0.062054 -0.456570 0.235648
-0.062208 -0.456283 0.235651
-0.062358 -0.455999 0.235654
-0.062503 -0.455718 0.235656
-0.062644 -0.455438 0.235657
-0.062781 -0.455161 0.235658
-0.062914 -0.454886 0.235658
-0.063044 -0.454614 0.235658
-0.063169 -0.454344 0.235657
-0.063291 -0.454077 0.235656
-0.063409 -0.453811 0.235654
-0.063524 -0.453549 0.235652
-0.063635 -0.453289 0.235649
-0.063743 -0.453031 0.235646
-0.063848 -0.452776 0.235642
-0.063950 -0.452523 0.235638
-0.064048 -0.452274 0.235634
-0.064143 -0.452026 0.235629
-0.064236 -0.451781 0.235623
-0.064325 -0.451539 0.235617
-0.064412 -0.451300 0.235611
-0.064496 -0.451063 0.235605
-0.064577 -0.450829 0.235598
-0.064656 -0.450597 0.235590
-0.064732 -0.450368 0.235583
-0.064806 -0.450142 0.235574
-0.064877 -0.449919 0.235566
-0.064946 -0.449698 0.235557
-0.065013 -0.449480 0.235548
-0.065077 -0.449265 0.235539
-0.065140 -0.449052 0.235529
-0.065200 -0.448843 0.235519
-0.065258 -0.448636 0.235509
-0.065314 -0.448432 0.235499
-0.065368 -0.448230 0.235488
-0.065420 -0.448032 0.235477
-0.065470 -0.447836 0.235466
-0.065519 -0.447643 0.235454
-0.065566 -0.447453 0.235442
-0.065611 -0.447266 0.235430
-0.065654 -0.447081 0.235418
-0.065696 -0.446899 0.235406
-0.065736 -0.446720 0.235393
-0.065774 -0.446544 0.235380
-0.065811 -0.446371 0.235367
-0.065847 -0.446201 0.235354
-0.065881 -0.446033 0.235341
-0.065913 -0.445868 0.235327
-0.065944 -0.445706 0.235313
-0.065974 -0.445547 0.235299
-0.066003 -0.445391 0.235285
-0.066030 -0.445237 0.235271
-0.066055 -0.445087 0.235257
-0.066080 -0.444939 0.235242
-0.066103 -0.444794 0.235227
-0.066125 -0.444652 0.235212
-0.066146 -0.444512 0.235197
-0.066165 -0.444375 0.235182
-0.066183 -0.444242 0.235167
-0.066201 -0.444110 0.235151
-0.066216 -0.443982 0.235136
-0.066231 -0.443857 0.235120
-0.066245 -0.443734 0.235104
-0.066257 -0.443614 0.235088
-0.066268 -0.443496 0.235072
-0.066278 -0.443382 0.235055
-0.066287 -0.443270 0.235039
-0.066294 -0.443161 0.235022
-0.066301 -0.443054 0.235005
-0.066306 -0.442951 0.234988
-0.066310 -0.442850 0.234971
-0.066313 -0.442751 0.234954
-0.066314 -0.442656 0.234936
-0.066314 -0.442563 0.234919
-0.066314 -0.442472 0.234901
-0.066311 -0.442384 0.234883
-0.066308 -0.442299 0.234865
-0.066303 -0.442217 0.234847
-0.066297 -0.442137 0.234828
-0.066290 -0.442059 0.234809
-0.066281 -0.441984 0.234790
-0.066271 -0.441912 0.234771
-0.066259 -0.441842 0.234752
-0.066246 -0.441775 0.234733
-0.066231 -0.441710 0.234713
-0.066215 -0.441647 0.234693
-0.066197 -0.441587 0.234673
-0.066178 -0.441530 0.234652
-0.066157 -0.441474 0.234632
-0.066135 -0.441422 0.234611
-0.066110 -0.441371 0.234590
-0.066084 -0.441323 0.234568
-0.066057 -0.441277 0.234546
-0.066027 -0.441234 0.234524
-0.065995 -0.441192 0.234502
-0.065962 -0.441153 0.234479
-0.065926 -0.441116 0.234456
-0.065889 -0.441082 0.234433
-0.065849 -0.441049 0.234409
-0.065808 -0.441019 0.234385
-0.065764 -0.440991 0.234361
-0.065717 -0.440964 0.234336
-0.065669 -0.440940 0.234311
-0.065618 -0.440918 0.234286
-0.065564 -0.440898 0.234260
-0.065509 -0.440880 0.234234
-0.065450 -0.440863 0.234207
-0.065389 -0.440849 0.234180
-0.065325 -0.440837 0.234152
-0.065259 -0.440826 0.234124
-0.065189 -0.440817 0.234096
-0.065117 -0.440810 0.234067
-0.065041 -0.440804 0.234037
-0.064963 -0.440801 0.234007
-0.064881 -0.440798 0.233977
-0.064797 -0.440798 0.233946
-0.064709 -0.440799 0.233914
-0.064617 -0.440801 0.233882
-0.064522 -0.440805 0.233849
-0.064424 -0.440811 0.233816
-0.064321 -0.440818 0.233782
-0.064216 -0.440826 0.233748
-0.064106 -0.440835 0.233713
-0.063992 -0.440846 0.233677
-0.063875 -0.440858 0.233641
-0.063753 -0.440871 0.233604
-0.063627 -0.440885 0.233566
-0.063497 -0.440900 0.233528
-0.063363 -0.440917 0.233489
-0.063224 -0.440934 0.233450
-0.063081 -0.440952 0.233409
-0.062933 -0.440971 0.233368
-0.062780 -0.440991 0.233327
-0.062623 -0.441011 0.233284
-0.062461 -0.441032 0.233241
-0.062293 -0.441054 0.233197
-0.062121 -0.441076 0.233153
-0.061943 -0.441099 0.233107
-0.061760 -0.441122 0.233061
-0.061571 -0.441146 0.233014
-0.061378 -0.441170 0.232966
-0.061178 -0.441194 0.232918
-0.060973 -0.441218 0.232869
-0.060762 -0.441243 0.232819
-0.060545 -0.441267 0.232768
-0.060322 -0.441292 0.232716
-0.060093 -0.441316 0.232664
-0.059857 -0.441340 0.232611
-0.059616 -0.441364 0.232556
-0.059367 -0.441388 0.232502
-0.059113 -0.441411 0.232446
-0.058852 -0.441434 0.232390
-0.058584 -0.441456 0.232332
-0.058309 -0.441477 0.232274
-0.058027 -0.441498 0.232215
-0.057738 -0.441518 0.232156
-0.057442 -0.441537 0.232095
-0.057139 -0.441555 0.232034
-0.056829 -0.441573 0.231972
-0.056511 -0.441589 0.231909
-0.056186 -0.441603 0.231846
-0.055853 -0.441617 0.231782
-0.055512 -0.441629 0.231717
-0.055163 -0.441639 0.231651
-0.054807 -0.441648 0.231585
-0.054442 -0.441655 0.231518
-0.054070 -0.441660 0.231450
-0.053689 -0.441664 0.231381
-0.053300 -0.441665 0.231312
-0.052903 -0.441665 0.231243
-0.052498 -0.441662 0.231172
-0.052084 -0.441657 0.231101
-0.051661 -0.441649 0.231030
-0.051230 -0.441639 0.230958
-0.050790 -0.441626 0.230886
-0.050341 -0.441610 0.230813
-0.049883 -0.441592 0.230739
-0.049417 -0.441571 0.230666
-0.048941 -0.441546 0.230592
-0.048457 -0.441519 0.230517
-0.047963 -0.441488 0.230442
-0.047461 -0.441453 0.230367
-0.046949 -0.441415 0.230292
-0.046428 -0.441373 0.230217
-0.045897 -0.441328 0.230142
-0.045358 -0.441278 0.230066
-0.044809 -0.441225 0.229991
-0.044251 -0.441167 0.229915
-0.043684 -0.441105 0.229840
-0.043107 -0.441038 0.229764
-0.042521 -0.440967 0.229689
-0.041925 -0.440891 0.229615
-0.041320 -0.440810 0.229540
-0.040706 -0.440724 0.229466
-0.040083 -0.440633 0.229393
-0.039450 -0.440536 0.229320
-0.038808 -0.440435 0.229247
-0.038157 -0.440327 0.229176
-0.037496 -0.440214 0.229105
-0.036827 -0.440094 0.229035
-0.036149 -0.439969 0.228966
-0.035461 -0.439837 0.228898
-0.034765 -0.439699 0.228831
-0.034060 -0.439555 0.228765
-0.033346 -0.439403 0.228701
-0.032623 -0.439245 0.228638
-0.031892 -0.439080 0.228576
-0.031153 -0.438907 0.228516
-0.030406 -0.438727 0.228458
-0.029650 -0.438539 0.228402
-0.028887 -0.438344 0.228348
-0.028116 -0.438140 0.228295
-0.027337 -0.437929 0.228245
-0.026551 -0.437709 0.228197
-0.025758 -0.437480 0.228152
-0.024958 -0.437242 0.228109
-0.024152 -0.436996 0.228068
-0.023339 -0.436740 0.228031
-0.022520 -0.436475 0.227996
-0.021695 -0.436200 0.227964
-0.020865 -0.435916 0.227936
-0.020029 -0.435621 0.227911
-0.019189 -0.435316 0.227889
-0.018344 -0.435000 0.227871
-0.017495 -0.434673 0.227857
-0.016642 -0.434335 0.227846
-0.015786 -0.433986 0.227840
-0.014927 -0.433625 0.227837
-0.014066 -0.433252 0.227839
-0.013203 -0.432867 0.227846
-0.012338 -0.432470 0.227857
-0.011473 -0.432059 0.227872
-0.010607 -0.431636 0.227893
-0.009741 -0.431199 0.227918
-0.008877 -0.430748 0.227949
-0.008013 -0.430282 0.227985
-0.007152 -0.429803 0.228027
-0.006294 -0.429308 0.228074
-0.005440 -0.428798 0.228127
-0.004590 -0.428272 0.228185
-0.003745 -0.427730 0.228250
-0.002906 -0.427171 0.228321
-0.002074 -0.426595 0.228398
-0.001250 -0.426002 0.228481
-0.000434 -0.425390 0.228571
0.000371 -0.424760 0.228667
0.001165 -0.424111 0.228770
0.001948 -0.423442 0.228879
0.002717 -0.422753 0.228995
0.003471 -0.422042 0.229119
0.004210 -0.421310 0.229249
0.004931 -0.420556 0.229385
0.005634 -0.419779 0.229529
0.006316 -0.418978 0.229680
0.006976 -0.418152 0.229838
0.007612 -0.417301 0.230002
0.008223 -0.416424 0.230174
0.008806 -0.415520 0.230352
0.009358 -0.414587 0.230537
0.009879 -0.413626 0.230729
0.010364 -0.412634 0.230927
0.010812 -0.411612 0.231132
0.011219 -0.410557 0.231342
0.011582 -0.409468 0.231559
0.011897 -0.408345 0.231781
0.012161 -0.407186 0.232008
0.012369 -0.405990 0.232241
0.012516 -0.404755 0.232477
0.012596 -0.403479 0.232718
0.012604 -0.402162 0.232963
0.012533 -0.400801 0.233210
0.012374 -0.399394 0.233460
0.012118 -0.397941 0.233711
0.011758 -0.396439 0.233964
0.011282 -0.394886 0.234217
0.010682 -0.393282 0.234470
0.009957 -0.391627 0.234724
0.009126 -0.389926 0.234977
0.008297 -0.388192 0.235229
0.007490 -0.386430 0.235478
0.006700 -0.384640 0.235725
0.005919 -0.382821 0.235970
0.005132 -0.380971 0.236212
0.004326 -0.379087 0.236450
0.003488 -0.377168 0.236684
0.002603 -0.375211 0.236913
0.001657 -0.373214 0.237135
0.000636 -0.371174 0.237349
-0.000471 -0.369091 0.237556
-0.001669 -0.366964 0.237755
-0.002941 -0.364798 0.237946
-0.004181 -0.362606 0.238127
-0.005372 -0.360391 0.238299
-0.006518 -0.358154 0.238462
-0.007632 -0.355893 0.238615
-0.008728 -0.353607 0.238758
-0.009820 -0.351293 0.238890
-0.010925 -0.348948 0.239009
-0.012056 -0.346569 0.239115
-0.013229 -0.344155 0.239207
-0.014458 -0.341703 0.239283
-0.015756 -0.339212 0.239344
-0.017128 -0.336682 0.239388
-0.018556 -0.334116 0.239416
-0.019937 -0.331528 0.239428
-0.021252 -0.328921 0.239425
-0.022506 -0.326296 0.239406
-0.023712 -0.323651 0.239371
-0.024884 -0.320985 0.239320
-0.026037 -0.318294 0.239251
-0.027184 -0.315576 0.239164
-0.028342 -0.312829 0.239057
-0.029526 -0.310050 0.238929
-0.030750 -0.307237 0.238779
-0.032028 -0.304387 0.238605
-0.033374 -0.301499 0.238409
-0.034792 -0.298573 0.238188
-0.036265 -0.295614 0.237944
-0.037690 -0.292634 0.237678
-0.039049 -0.289637 0.237391
-0.040348 -0.286623 0.237083
-0.041598 -0.283592 0.236753
-0.042816 -0.280540 0.236402
-0.044017 -0.277466 0.236028
-0.045216 -0.274367 0.235630
-0.046430 -0.271241 0.235206
-0.047673 -0.268085 0.234756
-0.048963 -0.264899 0.234279
-0.050310 -0.261679 0.233773
-0.051721 -0.258428 0.233240
-0.053179 -0.255149 0.232680
-0.054581 -0.251855 0.232096
-0.055910 -0.248549 0.231489
-0.057172 -0.245232 0.230859
-0.058378 -0.241904 0.230207
-0.059546 -0.238562 0.229531
-0.060689 -0.235205 0.228832
-0.061824 -0.231830 0.228107
-0.062967 -0.228435 0.227356
-0.064134 -0.225019 0.226578
-0.065340 -0.221579 0.225771
-0.066598 -0.218114 0.224936
-0.067912 -0.214627 0.224073
-0.069266 -0.211120 0.223184
-0.070557 -0.207606 0.222272
-0.071768 -0.204091 0.221340
-0.072904 -0.200574 0.220389
-0.073977 -0.197056 0.219418
-0.075001 -0.193534 0.218428
-0.075992 -0.190007 0.217418
-0.076965 -0.186474 0.216386
-0.077936 -0.182932 0.215332
-0.078919 -0.179381 0.214255
-0.079931 -0.175817 0.213155
-0.080985 -0.172241 0.212030
-0.082094 -0.168651 0.210881
-0.083262 -0.165050 0.209709
-0.084473 -0.161441 0.208516
-0.085623 -0.157838 0.207308
-0.086697 -0.154246 0.206088
-0.087698 -0.150666 0.204857
-0.088638 -0.147098 0.203615
-0.089533 -0.143541 0.202364
-0.090397 -0.139995 0.201102
-0.091247 -0.136458 0.199829
-0.092098 -0.132928 0.198545
-0.092965 -0.129406 0.197249
-0.093863 -0.125891 0.195941
-0.094804 -0.122383 0.194622
-0.095792 -0.118884 0.193294
-0.096809 -0.115400 0.191959
-0.097754 -0.111943 0.190627
-0.098609 -0.108520 0.189300
-0.099378 -0.105133 0.187980
-0.100073 -0.101783 0.186669
-0.100706 -0.098469 0.185368
-0.101294 -0.095191 0.184076
-0.101849 -0.091950 0.182795
-0.102387 -0.088745 0.181524
-0.102922 -0.085576 0.180264
-0.103466 -0.082444 0.179015
-0.104029 -0.079350 0.177780
-0.104615 -0.076297 0.176560
-0.105201 -0.073292 0.175361
-0.105687 -0.070348 0.174193
-0.106049 -0.067472 0.173059
-0.106290 -0.064667 0.171965
-0.106416 -0.061936 0.170912
-0.106438 -0.059279 0.169902
-0.106363 -0.056697 0.168936
-0.106202 -0.054191 0.168016
-0.105962 -0.051761 0.167144
-0.105651 -0.049409 0.166320
-0.105276 -0.047135 0.165545
-0.104841 -0.044939 0.164822
-0.104353 -0.042824 0.164151
-0.103816 -0.040789 0.163535
-0.103233 -0.038836 0.162975
-0.102608 -0.036965 0.162472
-0.101943 -0.035179 0.162029
-0.101241 -0.033477 0.161647
-0.100501 -0.031860 0.161328
-0.099725 -0.030330 0.161073
-0.098913 -0.028887 0.160885
-0.098062 -0.027533 0.160765
-0.097172 -0.026266 0.160714
-0.096239 -0.025088 0.160735
-0.095260 -0.023998 0.160827
-0.094233 -0.022994 0.160989
-0.093160 -0.022071 0.161220
-0.092052 -0.021224 0.161511
-0.090967 -0.020437 0.161849
-0.089915 -0.019705 0.162226
-0.088897 -0.019023 0.162639
-0.087908 -0.018389 0.163089
-0.086941 -0.017804 0.163574
-0.085989 -0.017266 0.164098
-0.085045 -0.016777 0.164661
-0.084102 -0.016337 0.165265
-0.083152 -0.015945 0.165911
-0.082188 -0.015602 0.166601
-0.081204 -0.015307 0.167333
-0.080198 -0.015055 0.168105
-0.079180 -0.014841 0.168912
-0.078203 -0.014652 0.169736
-0.077277 -0.014481 0.170574
-0.076399 -0.014325 0.171420
-0.075565 -0.014185 0.172277
-0.074765 -0.014059 0.173143
-0.073993 -0.013949 0.174023
-0.073241 -0.013857 0.174916
-0.072500 -0.013783 0.175827
-0.071763 -0.013729 0.176757
-0.071021 -0.013697 0.177708
-0.070267 -0.013687 0.178682
-0.069495 -0.013699 0.179678
-0.068701 -0.013729 0.180695
-0.067895 -0.013774 0.181727
-0.067129 -0.013821 0.182758
-0.066413 -0.013863 0.183782
-0.065745 -0.013900 0.184798
-0.065116 -0.013930 0.185806
-0.064519 -0.013955 0.186807
-0.063945 -0.013977 0.187805
-0.063386 -0.013996 0.188801
-0.062833 -0.014016 0.189798
-0.062277 -0.014038 0.190799
-0.061709 -0.014062 0.191805
-0.061123 -0.014089 0.192818
-0.060514 -0.014118 0.193835
-0.059893 -0.014143 0.194852
-0.059311 -0.014152 0.195852
-0.058778 -0.014141 0.196831
-0.058289 -0.014108 0.197786
-0.057839 -0.014053 0.198719
-0.057418 -0.013978 0.199631
-0.057017 -0.013885 0.200526
-0.056629 -0.013776 0.201407
-0.056244 -0.013653 0.202277
-0.055854 -0.013519 0.203138
-0.055449 -0.013376 0.203993
-0.055024 -0.013223 0.204843
-0.054573 -0.013060 0.205688
-0.054108 -0.012882 0.206521
-0.053680 -0.012678 0.207327
-0.053298 -0.012443 0.208101
-0.052959 -0.012176 0.208842
-0.052658 -0.011878 0.209552
-0.052385 -0.011550 0.210232
-0.052132 -0.011196 0.210886
-0.051892 -0.010818 0.211517
-0.051657 -0.010419 0.212130
-0.051417 -0.010003 0.212727
-0.051166 -0.009572 0.213312
-0.050894 -0.009127 0.213887
-0.050595 -0.008671 0.214455
-0.050267 -0.008202 0.215013
-0.049917 -0.007715 0.215557
-0.049599 -0.007201 0.216072
-0.049322 -0.006653 0.216552
-0.049083 -0.006073 0.216997
-0.048874 -0.005459 0.217408
-0.048688 -0.004816 0.217788
-0.048516 -0.004144 0.218141
-0.048349 -0.003448 0.218470
-0.048178 -0.002730 0.218778
-0.047995 -0.001994 0.219070
-0.047791 -0.001241 0.219349
-0.047559 -0.000472 0.219615
-0.047295 0.000313 0.219868
-0.047008 0.001118 0.220104
-0.046752 0.001955 0.220307
-0.046534 0.002827 0.220471
-0.046352 0.003736 0.220597
-0.046198 0.004680 0.220686
-0.046064 0.005657 0.220741
-0.045941 0.006663 0.220766
-0.045821 0.007697 0.220764
-0.045695 0.008754 0.220741
-0.045555 0.009832 0.220698
-0.045392 0.010928 0.220639
-0.045198 0.012041 0.220567
-0.044971 0.013171 0.220480
-0.044718 0.014323 0.220375
-0.044494 0.015507 0.220234
-0.044309 0.016727 0.220054
-0.044158 0.017985 0.219834
-0.044035 0.019278 0.219576
-0.043932 0.020605 0.219283
-0.043841 0.021961 0.218959
-0.043755 0.023344 0.218609
-0.043665 0.024750 0.218235
-0.043564 0.026175 0.217843
-0.043443 0.027616 0.217435
-0.043296 0.029070 0.217014
-0.043115 0.030537 0.216584
-0.042896 0.032016 0.216143
-0.042647 0.033511 0.215688
-0.042425 0.035034 0.215201
-0.042238 0.036587 0.214678
-0.042082 0.038173 0.214119
-0.041950 0.039789 0.213527
-0.041834 0.041433 0.212904
-0.041725 0.043102 0.212255
-0.041616 0.044791 0.211584
-0.041497 0.046499 0.210894
-0.041360 0.048220 0.210188
-0.041198 0.049954 0.209471
-0.041001 0.051698 0.208745
-0.040767 0.053452 0.208009
-0.040504 0.055221 0.207259
-0.040266 0.057016 0.206479
-0.040064 0.058840 0.205663
-0.039892 0.060694 0.204813
-0.039743 0.062577 0.203931
-0.039609 0.064485 0.203020
-0.039481 0.066416 0.202084
-0.039352 0.068366 0.201127
-0.039213 0.070331 0.200152
-0.039057 0.072308 0.199164
-0.038874 0.074295 0.198165
-0.038657 0.076289 0.197159
-0.038402 0.078291 0.196144
-0.038117 0.080304 0.195118
-0.037859 0.082341 0.194063
-0.037637 0.084404 0.192974
-0.037446 0.086494 0.191854
-0.037280 0.088610 0.190703
-0.037130 0.090748 0.189526
-0.036990 0.092905 0.188326
-0.036851 0.095077 0.187107
-0.036707 0.097261 0.185873
-0.036551 0.099452 0.184628
-0.036376 0.101648 0.183375
-0.036172 0.103845 0.182117
-0.035934 0.106041 0.180858
-0.035657 0.108237 0.179596
-0.035349 0.110436 0.178329
-0.035067 0.112650 0.177039
-0.034821 0.114882 0.175722
-0.034605 0.117133 0.174380
-0.034413 0.119401 0.173014
-0.034235 0.121682 0.171628
-0.034065 0.123975 0.170225
-0.033894 0.126274 0.168810
-0.033714 0.128576 0.167386
-0.033519 0.130877 0.165957
-0.033299 0.133176 0.164525
-0.033046 0.135469 0.163094
-0.032757 0.137756 0.161663
-0.032438 0.140042 0.160229
-0.032148 0.142338 0.158775
-0.031895 0.144648 0.157298
-0.031674 0.146971 0.155798
-0.031476 0.149306 0.154277
-0.031295 0.151650 0.152740
-0.031122 0.153999 0.151190
-0.030950 0.156349 0.149630
-0.030771 0.158697 0.148064
-0.030578 0.161039 0.146495
-0.030362 0.163372 0.144927
-0.030116 0.165694 0.143362
-0.029834 0.168004 0.141801
-0.029526 0.170307 0.140239
-0.029248 0.172614 0.138661
-0.029010 0.174928 0.137063
-0.028806 0.177249 0.135446
-0.028630 0.179576 0.133812
-0.028473 0.181904 0.132166
-0.028329 0.184231 0.130510
-0.028191 0.186552 0.128848
-0.028053 0.188864 0.127183
-0.027909 0.191162 0.125519
-0.027751 0.193442 0.123860
-0.027572 0.195702 0.122207
-0.027365 0.197940 0.120564
-0.027125 0.200154 0.118931
-0.026858 0.202348 0.117304
-0.026626 0.204534 0.115668
-0.026434 0.206715 0.114020
-0.026279 0.208892 0.112360
-0.026153 0.211061 0.110691
-0.026046 0.213220 0.109017
-0.025954 0.215364 0.107340
-0.025867 0.217491 0.105664
-0.025779 0.219595 0.103992
-0.025683 0.221673 0.102328
-0.025571 0.223722 0.100673
-0.025436 0.225739 0.099031
-0.025270 0.227724 0.097402
-0.025082 0.229680 0.095783
-0.024931 0.231618 0.094159
-0.024824 0.233543 0.092527
-0.024757 0.235453 0.090887
-0.024720 0.237346 0.089243
-0.024706 0.239219 0.087597
-0.024708 0.241068 0.085953
-0.024719 0.242888 0.084314
-0.024732 0.244676 0.082683
-0.024740 0.246428 0.081063
-0.024735 0.248139 0.079456
-0.024710 0.249809 0.077866
-0.024658 0.251435 0.076291
-0.024586 0.253021 0.074731
-0.024555 0.254578 0.073170
-0.024572 0.256111 0.071605
-0.024632 0.257617 0.070039
-0.024726 0.259094 0.068473
-0.024848 0.260539 0.066911
-0.024990 0.261948 0.065355
-0.025147 0.263315 0.063808
-0.025314 0.264638 0.062274
-0.025484 0.265912 0.060756
-0.025651 0.267132 0.059256
-0.025808 0.268295 0.057776
-0.025947 0.269397 0.056320
-0.026062 0.270439 0.054887
-0.026160 0.271423 0.053476
-0.026302 0.272361 0.052072
-0.026494 0.273254 0.050674
-0.026730 0.274104 0.049284
-0.027002 0.274906 0.047902
-0.027303 0.275656 0.046533
-0.027625 0.276351 0.045179
-0.027961 0.276986 0.043843
-0.028306 0.277558 0.042528
-0.028652 0.278060 0.041237
-0.028992 0.278491 0.039972
-0.029317 0.278846 0.038735
-0.029621 0.279124 0.037528
-0.029908 0.279329 0.036348
-0.030241 0.279471 0.035183
-0.030626 0.279554 0.034032
-0.031056 0.279576 0.032896
-0.031523 0.279534 0.031778
-0.032018 0.279423 0.030680
-0.032535 0.279241 0.029606
-0.033066 0.278981 0.028558
-0.033606 0.278640 0.027540
-0.034148 0.278213 0.026554
-0.034683 0.277697 0.025604
-0.035203 0.277087 0.024692
-0.035702 0.276382 0.023819
-0.036184 0.275586 0.022982
-0.036711 0.274708 0.022174
-0.037290 0.273753 0.021392
-0.037912 0.272718 0.020639
-0.038571 0.271599 0.019917
-0.039257 0.270394 0.019230
-0.039966 0.269097 0.018581
-0.040690 0.267703 0.017974
-0.041424 0.266209 0.017413
-0.042162 0.264608 0.016901
-0.042897 0.262898 0.016442
-0.043623 0.261073 0.016040
-0.044329 0.259130 0.015697
-0.045010 0.257068 0.015416
-0.045669 0.254889 0.015197
-0.046369 0.252605 0.015032
-0.047114 0.250217 0.014922
-0.047898 0.247725 0.014871
-0.048710 0.245126 0.014881
-0.049542 0.242414 0.014959
-0.050388 0.239587 0.015109
-0.051240 0.236638 0.015336
-0.052090 0.233565 0.015645
-0.052932 0.230363 0.016042
-0.053756 0.227028 0.016533
-0.054554 0.223557 0.017122
-0.055317 0.219948 0.017813
-0.056048 0.216205 0.018610
-0.056810 0.212341 0.019509
-0.057606 0.208357 0.020513
-0.058428 0.204253 0.021629
-0.059266 0.200027 0.022864
-0.060111 0.195676 0.024225
-0.060955 0.191196 0.025721
-0.061790 0.186584 0.027361
-0.062609 0.181837 0.029153
-0.063403 0.176952 0.031107
-0.064163 0.171928 0.033233
-0.064879 0.166762 0.035541
-0.065541 0.161457 0.038040
-0.066153 0.156015 0.040738
-0.066776 0.150454 0.043639
-0.067412 0.144778 0.046752
-0.068053 0.138989 0.050090
-0.068687 0.133088 0.053666
-0.069305 0.127075 0.057494
-0.069899 0.120952 0.061591
-0.070461 0.114719 0.065971
-0.070981 0.108378 0.070653
-0.071453 0.101931 0.075653
-0.071868 0.095381 0.080987
-0.072215 0.088733 0.086674
-0.072483 0.081993 0.092728
-0.072662 0.075169 0.099164
-0.072754 0.068274 0.105992
-0.072821 0.061332 0.113212
-0.072865 0.054361 0.120824
-0.072877 0.047374 0.128818
-0.072847 0.040383 0.137173
-0.072766 0.033404 0.145841
-0.072626 0.026452 0.154742
-0.072418 0.019547 0.163746
-0.072131 0.012708 0.172647
-0.071748 0.005959 0.181130
-0.071235 -0.000677 0.188720
-0.070532 -0.007173 0.194707
-0.069514 -0.013507 0.198043
-0.067858 -0.019666 0.197175
-0.065374 -0.025004 0.188917
